-5.0380179844541155
-5.461380840290596
-6.358910094663934
-7.0532251782357624
-7.823745575858156
-8.060828775126586
-8.060828775126586
-8.060828775126586
-8.060828775126586
-8.060828775126586
-8.060828775126586
-8.58579871636382
-9.068432372017408
-9.068432372017408
-9.068432372017408
-9.068432372017408
-9.068432372017408
-9.068432372017408
-9.068432372017408
-9.068432372017408
-9.491795227853888
-10.076035968908231
-10.076035968908231
-10.076035968908231
-10.076035968908231
-10.076035968908231
-10.076035968908231
-10.076035968908231
-9.212375743001811
-9.068432372017408
-8.331781002861932
-7.95922168972583
-7.0532251782357624
-6.282704780613368
-5.977883524411102
-5.0380179844541155
-5.783136610726321
-6.299639294846827
-7.120963235169599
-8.060828775126586
-8.060828775126586
-9.068432372017408
-9.068432372017408
-9.068432372017408
-9.068432372017408
-9.068432372017408
-9.068432372017408
-9.068432372017408
-9.068432372017408
-9.068432372017408
-9.068432372017408
-8.272510203044826
-7.51892431965589
-6.714534893566578
-6.045621581344939
-6.045621581344939
-6.045621581344939
-6.799207464733874
-7.374980948671487
-8.060828775126586
-8.060828775126586
-8.060828775126586
-8.060828775126586
-8.060828775126586
-8.060828775126586
-8.060828775126586
-8.153968603410611
-9.068432372017408
-8.280977460161555
-7.891483632791993
-6.816141978967333
-5.8085383820765095
-5.0380179844541155
-4.08121793026367
-3.7509949027112155
-3.0228107906724695
-3.0228107906724695
-3.0228107906724695
-3.767929416944675
-4.673925928434743
-5.59685695415827
-6.621395065282552
-7.451186262722054
-8.060828775126586
-8.060828775126586
-8.060828775126586
-8.060828775126586
-8.060828775126586
-8.060828775126586
-8.060828775126586
-8.060828775126586
-8.060828775126586
-8.060828775126586
-8.060828775126586
-7.154832263636517
-6.536722494115256
-6.045621581344939
-6.045621581344939
-6.706067636449848
-7.070159692469221
-8.060828775126586
-8.060828775126586
-8.060828775126586
-8.501126145196524
-9.068432372017408
-9.068432372017408
-9.068432372017408
-9.068432372017408
-9.220843000118542
-10.076035968908231
-10.076035968908231
-10.076035968908231
-10.076035968908231
-10.076035968908231
-9.280113799935648
-9.043030600667219
-8.060828775126586
-7.129430492286328
-6.121826895395506
-5.241232155255626
-5.0380179844541155
-4.402973700699396
-5.0380179844541155
-5.0380179844541155
-5.0380179844541155
-5.977883524411102
-6.536722494115256
-7.0532251782357624
-7.239504834803814
-8.060828775126586
-8.060828775126586
-8.060828775126586
-8.060828775126586
-8.060828775126586
-8.060828775126586
-8.060828775126586
-8.060828775126586
-8.060828775126586
-8.060828775126586
-8.060828775126586
-7.120963235169599
-6.172630438095883
-5.181961355438519
-4.360637415115748
-4.030414387563293
-4.030414387563293
-4.030414387563293
-4.030414387563293
-4.030414387563293
-4.030414387563293
-4.716262214018391
-5.605324211275
-6.739936664916766
-7.6544004335235645
-8.060828775126586
-8.060828775126586
-8.060828775126586
-8.060828775126586
-8.060828775126586
-8.060828775126586
-8.060828775126586
-8.060828775126586
-8.060828775126586
-7.408849977138406
-6.477451694298149
-5.571455182808081
-4.792467528068957
-4.030414387563293
-3.937274559279267
-3.5054444463260572
-4.030414387563293
-4.51304804321688
-5.2073631267887075
-6.045621581344939
-6.909281807251359
-7.0532251782357624
-7.620531405056646
-8.060828775126586
-8.060828775126586
-8.060828775126586
-8.060828775126586
-8.060828775126586
-8.060828775126586
-8.060828775126586
-8.060828775126586
-8.060828775126586
-8.060828775126586
-8.060828775126586
-7.180234034986706
-7.0532251782357624
-6.045621581344939
-6.02868706711148
-5.0380179844541155
-5.36824101200657
-6.045621581344939
-6.731469407800037
-7.0532251782357624
-8.060828775126586
-8.060828775126586
-8.060828775126586
-8.060828775126586
-8.060828775126586
-8.060828775126586
-8.060828775126586
-8.060828775126586
-8.060828775126586
-8.060828775126586
-7.6120641479399165
-6.731469407800037
-5.910145467477265
-5.0380179844541155
-4.800934785185687
-4.030414387563293
-3.8695365023454302
-3.0228107906724695
-2.726456791586933
-2.0152071937816465
-2.480906335201775
-3.0228107906724695
-3.6917241028941086
-4.589253357267447
-5.749267582259403
-6.87541277878444
-7.832212832974886
-8.755143858698412
-9.313982828402567
-10.076035968908231
-9.88975631234018
-9.068432372017408
-9.068432372017408
-8.179370374760799
-7.476588034072242
-6.604460551049093
-5.833940153426699
-5.0380179844541155
-5.0380179844541155
-5.0380179844541155
-5.0380179844541155
-5.0380179844541155
-5.0380179844541155
-5.071887012921034
-6.045621581344939
-6.045621581344939
-6.045621581344939
-6.045621581344939
-6.045621581344939
-6.045621581344939
-6.045621581344939
-6.265770266379909
-7.0532251782357624
-7.0532251782357624
-7.0532251782357624
-7.52739157677262
-8.060828775126586
-8.060828775126586
-8.738209344464954
-9.068432372017408
-9.788149226939424
-10.076035968908231
-10.076035968908231
-10.076035968908231
-10.076035968908231
-10.076035968908231
-10.076035968908231
-10.076035968908231
-10.076035968908231
-9.144637686067975
-8.035427003776396
-7.0532251782357624
-6.198032209446072
-6.291172037730098
-7.0532251782357624
-7.0532251782357624
-7.0532251782357624
-7.358046434438028
-8.060828775126586
-8.060828775126586
-8.060828775126586
-8.060828775126586
-8.060828775126586
-8.060828775126586
-8.060828775126586
-8.060828775126586
-8.060828775126586
-8.060828775126586
-8.060828775126586
-8.060828775126586
-8.060828775126586
-8.060828775126586
-8.060828775126586
-8.060828775126586
-8.060828775126586
-8.060828775126586
-8.060828775126586
-8.060828775126586
-8.060828775126586
-8.060828775126586
-8.060828775126586
-8.060828775126586
-8.060828775126586
-8.060828775126586
-8.060828775126586
-8.060828775126586
-8.060828775126586
-8.060828775126586
-8.695873058881306
-9.068432372017408
-9.068432372017408
-9.576467799021184
-10.076035968908231
-9.322450085519296
-9.068432372017408
-9.068432372017408
-9.068432372017408
-8.247108431694636
-8.060828775126586
-8.060828775126586
-8.060828775126586
-8.687405801764577
-9.068432372017408
-8.949890772383194
-8.060828775126586
-8.060828775126586
-8.060828775126586
-8.060828775126586
-8.060828775126586
-8.060828775126586
-8.060828775126586
-8.060828775126586
-8.060828775126586
-8.060828775126586
-8.060828775126586
-8.060828775126586
-8.060828775126586
-8.060828775126586
-8.060828775126586
-8.662004030414387
-9.068432372017408
-9.068432372017408
-9.068432372017408
-8.60273323059728
-7.866081861441804
-6.833076493200792
-5.867809181893617
-5.0380179844541155
-4.233628558364803
-4.030414387563293
-4.030414387563293
-4.860205585002794
-5.80007112495978
-6.8923472930179
-7.772942033157778
-8.060828775126586
-8.060828775126586
-8.060828775126586
-8.060828775126586
-8.060828775126586
-8.060828775126586
-8.060828775126586
-8.060828775126586
-8.060828775126586
-7.120963235169599
-5.8085383820765095
-4.750131242485309
-4.030414387563293
-3.894938273695619
-3.7340603884777566
-4.030414387563293
-4.487646271866692
-5.503717125874244
-6.579058779698904
-7.417317234255135
-8.060828775126586
-8.060828775126586
-8.060828775126586
-8.060828775126586
-8.060828775126586
-8.060828775126586
-8.060828775126586
-8.060828775126586
-8.060828775126586
-8.060828775126586
-7.95922168972583
-6.731469407800037
-5.461380840290596
-4.30136661529864
-3.674789588660649
-3.0228107906724695
-3.0228107906724695
-3.996545359096374
-4.73319672825185
-6.096425124045316
-7.129430492286328
-8.060828775126586
-8.060828775126586
-8.060828775126586
-8.060828775126586
-8.060828775126586
-8.060828775126586
-8.060828775126586
-8.060828775126586
-8.060828775126586
-8.060828775126586
-7.662867690640294
-6.468984437181419
-5.2073631267887075
-4.030414387563293
-3.268361247057628
-3.0228107906724695
-3.683256845777379
-4.51304804321688
-5.842407410543428
-7.0532251782357624
-8.060828775126586
-8.060828775126586
-8.060828775126586
-8.060828775126586
-8.060828775126586
-7.451186262722054
-6.325041066197016
-5.097288784271223
-4.030414387563293
-4.030414387563293
-4.030414387563293
-4.343702900882288
-5.469848097407326
-6.67219860798293
-7.5697278623562685
-8.060828775126586
-8.060828775126586
-8.060828775126586
-8.060828775126586
-8.060828775126586
-8.060828775126586
-8.060828775126586
-8.060828775126586
-8.060828775126586
-8.255575688811366
-9.068432372017408
-9.330917342636026
-10.076035968908231
-10.076035968908231
-10.076035968908231
-10.076035968908231
-10.076035968908231
-9.957494369274016
-9.068432372017408
-9.05149785778395
-8.060828775126586
-7.789876547391238
-7.0532251782357624
-7.0532251782357624
-7.0532251782357624
-7.0532251782357624
-7.0532251782357624
-7.0532251782357624
-6.223433980796261
-5.359773754889841
-4.589253357267447
-4.030414387563293
-4.030414387563293
-4.030414387563293
-4.030414387563293
-4.030414387563293
-4.94487815617009
-5.0380179844541155
-5.0380179844541155
-5.402110040473489
-6.045621581344939
-6.765338436266956
-7.374980948671487
-8.060828775126586
-8.060828775126586
-8.060828775126586
-8.060828775126586
-8.805947401398791
-9.068432372017408
-8.60273323059728
-8.060828775126586
-8.060828775126586
-8.060828775126586
-8.365650031328851
-9.068432372017408
-9.068432372017408
-9.068432372017408
-9.068432372017408
-9.068432372017408
-8.128566832060422
-7.374980948671487
-6.206499466562802
-5.1226905556214115
-4.716262214018391
-4.030414387563293
-4.030414387563293
-4.5215153003336095
-5.0380179844541155
-5.0380179844541155
-5.0380179844541155
-5.0380179844541155
-5.0380179844541155
-5.0380179844541155
-5.0380179844541155
-5.325904726422922
-6.045621581344939
-6.045621581344939
-6.045621581344939
-6.045621581344939
-6.045621581344939
-6.045621581344939
-6.629862322399282
-7.0532251782357624
-7.154832263636517
-8.060828775126586
-8.060828775126586
-7.544326091006079
-7.0532251782357624
-7.0532251782357624
-6.079490609811858
-6.045621581344939
-6.045621581344939
-6.045621581344939
-6.714534893566578
-7.0532251782357624
-7.976156203959289
-8.060828775126586
-8.060828775126586
-8.060828775126586
-8.060828775126586
-8.060828775126586
-8.060828775126586
-8.856750944099169
-9.068432372017408
-9.576467799021184
-10.076035968908231
-10.076035968908231
-10.076035968908231
-10.076035968908231
-10.076035968908231
-10.076035968908231
-10.076035968908231
-10.025232426207854
-9.068432372017408
-8.19630488899426
-6.782272950500414
-5.554520668574622
-4.589253357267447
-4.030414387563293
-4.030414387563293
-4.860205585002794
-5.0380179844541155
-6.03715432422821
-6.358910094663934
-7.0532251782357624
-7.273373863270732
-8.060828775126586
-8.060828775126586
-8.060828775126586
-8.060828775126586
-8.060828775126586
-7.349579177321298
-7.0532251782357624
-7.0532251782357624
-7.0532251782357624
-7.0532251782357624
-7.0532251782357624
-6.553657008348715
-5.901678210360536
-5.0380179844541155
-4.09815244449713
-3.767929416944675
-3.0228107906724695
-3.0228107906724695
-3.64938781731046
-4.030414387563293
-4.030414387563293
-4.030414387563293
-4.030414387563293
-4.030414387563293
-4.030414387563293
-4.030414387563293
-4.030414387563293
-4.030414387563293
-4.030414387563293
-4.030414387563293
-4.030414387563293
-4.030414387563293
-4.030414387563293
-4.030414387563293
-4.199759529897885
-5.0380179844541155
-5.0380179844541155
-5.0380179844541155
-5.0380179844541155
-5.0380179844541155
-5.0380179844541155
-5.0380179844541155
-5.0380179844541155
-5.0380179844541155
-5.0380179844541155
-5.0380179844541155
-5.0380179844541155
-5.0380179844541155
-5.0380179844541155
-5.0380179844541155
-5.0380179844541155
-5.0380179844541155
-5.0380179844541155
-5.0380179844541155
-5.0380179844541155
-5.0380179844541155
-5.0380179844541155
-5.0380179844541155
-5.0380179844541155
-5.435979068940407
-6.223433980796261
-7.0532251782357624
-7.993090718192748
-8.060828775126586
-8.060828775126586
-8.060828775126586
-8.340248259978662
-9.068432372017408
-9.068432372017408
-9.068432372017408
-9.940559855040558
-10.076035968908231
-10.076035968908231
-10.076035968908231
-10.076035968908231
-10.076035968908231
-10.076035968908231
-10.076035968908231
-10.076035968908231
-10.076035968908231
-10.076035968908231
-10.076035968908231
-10.076035968908231
-9.45792619938697
-8.839816429865708
-7.798343804507968
-6.782272950500414
-6.045621581344939
-6.045621581344939
-6.045621581344939
-6.045621581344939
-6.045621581344939
-6.045621581344939
-6.045621581344939
-6.045621581344939
-6.045621581344939
-6.045621581344939
-6.045621581344939
-6.045621581344939
-6.045621581344939
-6.045621581344939
-6.045621581344939
-6.045621581344939
-6.045621581344939
-6.214966723679531
-7.0532251782357624
-7.0532251782357624
-7.0532251782357624
-7.0532251782357624
-7.0532251782357624
-7.0532251782357624
-7.0532251782357624
-7.0532251782357624
-8.060828775126586
-8.526527916546714
-9.068432372017408
-9.88975631234018
-10.076035968908231
-10.076035968908231
-10.076035968908231
-10.076035968908231
-10.076035968908231
-9.390188142453134
-8.59426597348055
-7.425784491371865
-6.308106551963557
-6.045621581344939
-6.045621581344939
-6.045621581344939
-6.045621581344939
-6.045621581344939
-6.045621581344939
-6.045621581344939
-6.045621581344939
-6.045621581344939
-6.799207464733874
-7.0532251782357624
-7.061692435352492
-8.060828775126586
-8.060828775126586
-8.060828775126586
-8.662004030414387
-9.068432372017408
-9.068432372017408
-10.042166940441312
-10.076035968908231
-10.076035968908231
-10.076035968908231
-10.076035968908231
-10.076035968908231
-10.076035968908231
-10.076035968908231
-10.076035968908231
-10.076035968908231
-9.305515571285838
-8.59426597348055
-7.620531405056646
-6.934683578601548
-6.045621581344939
-6.045621581344939
-6.045621581344939
-6.045621581344939
-6.045621581344939
-6.045621581344939
-6.045621581344939
-6.45204992294796
-7.0532251782357624
-7.0532251782357624
-7.0532251782357624
-7.0532251782357624
-7.0532251782357624
-7.0532251782357624
-7.044757921119032
-6.045621581344939
-5.419044554706948
-5.0380179844541155
-5.0380179844541155
-5.0380179844541155
-5.0380179844541155
-5.0380179844541155
-5.774669353609592
-6.045621581344939
-6.206499466562802
-7.0532251782357624
-7.603596890823186
-8.060828775126586
-8.060828775126586
-8.060828775126586
-8.060828775126586
-8.060828775126586
-8.060828775126586
-8.077763289360044
-9.043030600667219
-9.068432372017408
-9.068432372017408
-9.068432372017408
-9.068432372017408
-9.068432372017408
-9.068432372017408
-9.068432372017408
-9.068432372017408
-9.068432372017408
-9.068432372017408
-9.068432372017408
-9.068432372017408
-9.068432372017408
-9.068432372017408
-9.068432372017408
-9.068432372017408
-9.068432372017408
-9.4663934565037
-10.076035968908231
-9.864354540989991
-9.068432372017408
-8.280977460161555
-7.205635806336895
-6.071023352695128
-5.088821527154494
-4.5638515859172575
-4.030414387563293
-4.030414387563293
-4.030414387563293
-4.030414387563293
-3.8187329596450525
-3.0228107906724695
-3.0228107906724695
-3.0228107906724695
-3.0228107906724695
-3.0228107906724695
-3.954209073512726
-4.360637415115748
-5.071887012921034
-6.045621581344939
-7.0108888926521145
-7.866081861441804
-8.484191630963066
-9.068432372017408
-9.711943912888858
-10.076035968908231
-10.076035968908231
-10.076035968908231
-10.076035968908231
-10.076035968908231
-10.076035968908231
-9.144637686067975
-8.16243586052734
-7.146365006519788
-6.24036849502972
-5.935547238827454
-5.0380179844541155
-5.0380179844541155
-5.0380179844541155
-5.0380179844541155
-5.0380179844541155
-5.901678210360536
-6.045621581344939
-6.045621581344939
-6.045621581344939
-6.045621581344939
-6.900814550134629
-7.544326091006079
-8.424920831145958
-9.068432372017408
-9.89822356945691
-10.076035968908231
-10.076035968908231
-10.076035968908231
-10.076035968908231
-10.076035968908231
-10.076035968908231
-10.076035968908231
-10.076035968908231
-10.076035968908231
-10.076035968908231
-10.076035968908231
-10.076035968908231
-10.076035968908231
-10.076035968908231
-10.076035968908231
-10.076035968908231
-10.076035968908231
-10.076035968908231
-10.076035968908231
-10.076035968908231
-10.076035968908231
-10.076035968908231
-9.559533284787726
-8.772078372931873
-7.857614604325074
-7.0532251782357624
-6.24036849502972
-6.045621581344939
-6.045621581344939
-6.045621581344939
-6.045621581344939
-6.045621581344939
-6.189564952329342
-7.0532251782357624
-7.0532251782357624
-7.0532251782357624
-7.849147347208345
-8.060828775126586
-8.060828775126586
-8.340248259978662
-9.068432372017408
-9.068432372017408
-10.059101454674773
-10.076035968908231
-10.076035968908231
-10.076035968908231
-10.076035968908231
-10.076035968908231
-10.076035968908231
-10.076035968908231
-10.076035968908231
-10.076035968908231
-10.076035968908231
-10.076035968908231
-10.076035968908231
-10.076035968908231
-10.076035968908231
-10.042166940441312
-9.068432372017408
-9.068432372017408
-9.068432372017408
-9.068432372017408
-9.568000541904455
-10.076035968908231
-10.076035968908231
-10.076035968908231
-10.076035968908231
-10.076035968908231
-9.771214712705966
-9.068432372017408
-9.068432372017408
-9.068432372017408
-9.068432372017408
-9.068432372017408
-9.068432372017408
-9.068432372017408
-9.068432372017408
-9.068432372017408
-9.068432372017408
-9.644205855955022
-10.076035968908231
-9.322450085519296
-9.068432372017408
-9.068432372017408
-9.068432372017408
-9.170039457418163
-10.076035968908231
-10.076035968908231
-10.076035968908231
-10.076035968908231
-10.076035968908231
-10.076035968908231
-10.076035968908231
-10.076035968908231
-10.076035968908231
-10.076035968908231
-10.076035968908231
-10.076035968908231
-10.076035968908231
-10.076035968908231
-9.229310257235271
-8.323313745745203
-7.451186262722054
-7.0532251782357624
-7.0532251782357624
-7.0532251782357624
-7.0532251782357624
-7.0532251782357624
-7.0532251782357624
-7.0532251782357624
-7.0532251782357624
-7.0532251782357624
-7.0532251782357624
-7.0532251782357624
-7.0532251782357624
-7.0532251782357624
-7.0532251782357624
-7.0532251782357624
-7.0532251782357624
-7.0532251782357624
-7.0532251782357624
-7.0532251782357624
-7.0532251782357624
-7.0532251782357624
-7.0532251782357624
-7.0532251782357624
-7.0532251782357624
-7.0532251782357624
-7.0532251782357624
-7.0532251782357624
-7.0532251782357624
-7.0532251782357624
-7.0532251782357624
-7.0532251782357624
-7.0532251782357624
-7.0532251782357624
-7.0532251782357624
-7.0532251782357624
-7.0532251782357624
-7.0532251782357624
-7.0532251782357624
-7.0532251782357624
-7.0532251782357624
-7.0532251782357624
-7.789876547391238
-8.628135001947468
-9.136170428951246
-10.076035968908231
-10.076035968908231
-10.076035968908231
-10.076035968908231
-10.076035968908231
-10.076035968908231
-10.076035968908231
-10.076035968908231
-10.076035968908231
-10.076035968908231
-10.033699683324583
-9.068432372017408
-8.255575688811366
-7.214103063453624
-6.299639294846827
-6.045621581344939
-6.045621581344939
-6.045621581344939
-6.773805693383685
