87.54276514389214
87.54276514389214
87.54276514389214
87.72853228478104
90.5614811833367
90.5614811833367
90.5614811833367
90.5614811833367
90.5614811833367
90.5614811833367
90.5614811833367
90.5614811833367
90.5614811833367
90.65436475378114
91.56771986315155
91.56771986315155
91.56771986315155
91.56771986315155
91.56771986315155
91.56771986315155
91.56771986315155
91.56771986315155
91.56771986315155
91.56771986315155
88.47160084833662
87.54276514389214
87.54276514389214
87.54276514389214
87.54276514389214
87.54276514389214
87.54276514389214
87.54276514389214
87.54276514389214
87.54276514389214
87.29507562270695
86.53652646407728
86.53652646407728
86.53652646407728
86.53652646407728
86.53652646407728
86.53652646407728
86.53652646407728
86.53652646407728
86.53652646407728
86.53652646407728
85.57672956948466
84.52404910444758
84.52404910444758
84.52404910444758
84.52404910444758
84.52404910444758
84.52404910444758
84.52404910444758
84.52404910444758
84.52404910444758
84.9420251714476
87.54276514389214
87.54276514389214
87.54276514389214
87.54276514389214
87.54276514389214
87.54276514389214
87.54276514389214
87.54276514389214
87.54276514389214
87.54276514389214
86.93902193600323
86.53652646407728
86.53652646407728
86.53652646407728
86.53652646407728
86.53652646407728
86.53652646407728
86.53652646407728
86.53652646407728
86.53652646407728
86.53652646407728
85.53028778426244
85.53028778426244
85.53028778426244
85.53028778426244
85.53028778426244
85.53028778426244
85.53028778426244
85.53028778426244
85.53028778426244
85.53028778426244
86.07210861185504
86.53652646407728
86.53652646407728
86.53652646407728
86.53652646407728
86.53652646407728
86.53652646407728
86.53652646407728
86.53652646407728
86.53652646407728
86.69133241481804
87.54276514389214
87.54276514389214
87.54276514389214
87.54276514389214
87.54276514389214
87.54276514389214
87.54276514389214
87.54276514389214
87.54276514389214
88.05362478133661
90.5614811833367
90.5614811833367
90.5614811833367
90.5614811833367
90.5614811833367
90.5614811833367
90.5614811833367
90.5614811833367
90.5614811833367
90.5614811833367
89.55524250352184
89.55524250352184
89.55524250352184
89.55524250352184
89.55524250352184
89.55524250352184
89.55524250352184
89.55524250352184
89.55524250352184
89.55524250352184
89.55524250352184
89.55524250352184
89.55524250352184
89.55524250352184
89.55524250352184
89.55524250352184
89.55524250352184
89.55524250352184
89.55524250352184
89.55524250352184
89.55524250352184
89.55524250352184
89.55524250352184
89.55524250352184
89.55524250352184
89.55524250352184
89.55524250352184
89.55524250352184
89.55524250352184
89.55524250352184
89.55524250352184
89.55524250352184
89.55524250352184
89.55524250352184
89.55524250352184
89.55524250352184
89.55524250352184
89.55524250352184
89.55524250352184
89.55524250352184
90.82465129959597
91.56771986315155
91.56771986315155
91.56771986315155
91.56771986315155
91.56771986315155
91.56771986315155
91.56771986315155
91.56771986315155
91.56771986315155
90.60792296855892
89.55524250352184
89.55524250352184
89.55524250352184
89.55524250352184
89.55524250352184
89.55524250352184
89.55524250352184
89.55524250352184
89.55524250352184
89.55524250352184
89.55524250352184
89.55524250352184
89.55524250352184
89.55524250352184
89.55524250352184
89.55524250352184
89.55524250352184
89.55524250352184
89.55524250352184
90.48407820796632
91.56771986315155
91.56771986315155
91.56771986315155
91.56771986315155
91.56771986315155
91.56771986315155
91.56771986315155
91.56771986315155
91.56771986315155
94.12201805037387
94.58643590259611
94.58643590259611
94.58643590259611
94.58643590259611
94.58643590259611
94.58643590259611
94.58643590259611
94.58643590259611
96.16545660015171
97.60515194204066
97.60515194204066
97.60515194204066
97.60515194204066
97.60515194204066
97.60515194204066
97.60515194204066
97.60515194204066
97.48130718144806
96.5989132622258
96.5989132622258
96.5989132622258
96.5989132622258
96.5989132622258
96.5989132622258
96.5989132622258
96.5989132622258
96.5989132622258
97.43486539622585
97.60515194204066
97.60515194204066
97.60515194204066
97.60515194204066
97.60515194204066
97.60515194204066
97.60515194204066
97.60515194204066
98.16245336470735
98.61139062185552
98.61139062185552
98.61139062185552
98.61139062185552
98.61139062185552
98.61139062185552
98.61139062185552
98.61139062185552
101.27405297459636
102.63634534111492
102.63634534111492
102.63634534111492
102.63634534111492
102.63634534111492
102.63634534111492
102.63634534111492
102.63634534111492
101.92423796770748
101.63010666130008
101.63010666130008
101.63010666130008
101.63010666130008
101.63010666130008
101.63010666130008
101.63010666130008
101.63010666130008
100.995402263263
100.62386798148522
100.62386798148522
100.62386798148522
100.62386798148522
100.62386798148522
100.62386798148522
100.62386798148522
100.62386798148522
100.62386798148522
100.62386798148522
100.62386798148522
100.62386798148522
100.62386798148522
100.62386798148522
100.62386798148522
100.62386798148522
100.62386798148522
100.06656655881854
96.5989132622258
96.5989132622258
96.5989132622258
96.5989132622258
96.5989132622258
96.5989132622258
96.5989132622258
96.5989132622258
96.5989132622258
96.5989132622258
96.5989132622258
96.5989132622258
96.5989132622258
96.5989132622258
96.5989132622258
96.5989132622258
96.5989132622258
96.5989132622258
96.5989132622258
96.5989132622258
96.5989132622258
96.5989132622258
96.5989132622258
96.5989132622258
96.5989132622258
96.5989132622258
96.5989132622258
97.65159372726289
100.62386798148522
100.62386798148522
100.62386798148522
100.62386798148522
100.62386798148522
100.62386798148522
100.62386798148522
100.62386798148522
100.53098441104076
98.61139062185552
98.61139062185552
98.61139062185552
98.61139062185552
98.61139062185552
98.61139062185552
98.61139062185552
98.61139062185552
98.61139062185552
96.75371921296656
94.58643590259611
94.58643590259611
94.58643590259611
94.58643590259611
94.58643590259611
94.58643590259611
94.58643590259611
94.58643590259611
94.58643590259611
93.10029877548494
90.5614811833367
90.5614811833367
90.5614811833367
90.5614811833367
90.5614811833367
90.5614811833367
90.5614811833367
90.5614811833367
90.5614811833367
91.02589903555894
91.56771986315155
91.56771986315155
91.56771986315155
91.56771986315155
91.56771986315155
91.56771986315155
91.56771986315155
91.56771986315155
91.56771986315155
93.05385699026272
93.58019722278125
93.58019722278125
93.58019722278125
93.58019722278125
93.58019722278125
93.58019722278125
93.58019722278125
93.58019722278125
93.58019722278125
91.93925414492934
91.56771986315155
91.56771986315155
91.56771986315155
91.56771986315155
91.56771986315155
91.56771986315155
91.56771986315155
91.56771986315155
92.74424508878123
95.59267458241095
95.59267458241095
95.59267458241095
95.59267458241095
95.59267458241095
95.59267458241095
95.59267458241095
95.59267458241095
95.59267458241095
97.60515194204066
97.60515194204066
97.60515194204066
97.60515194204066
97.60515194204066
97.60515194204066
97.60515194204066
97.60515194204066
97.60515194204066
100.43810084059632
100.62386798148522
100.62386798148522
100.62386798148522
100.62386798148522
100.62386798148522
100.62386798148522
100.62386798148522
100.62386798148522
101.59914547115191
101.63010666130008
101.63010666130008
101.63010666130008
101.63010666130008
101.63010666130008
101.63010666130008
101.63010666130008
102.4660587953001
104.64882270074463
104.64882270074463
104.64882270074463
104.64882270074463
104.64882270074463
104.64882270074463
104.64882270074463
104.64882270074463
105.28352709878169
105.65506138055947
105.65506138055947
105.65506138055947
105.65506138055947
105.65506138055947
105.65506138055947
105.65506138055947
105.65506138055947
104.72622567611499
104.64882270074463
104.64882270074463
104.64882270074463
104.64882270074463
104.64882270074463
104.64882270074463
104.64882270074463
104.97391519730019
105.65506138055947
105.65506138055947
105.65506138055947
105.65506138055947
105.65506138055947
105.65506138055947
105.65506138055947
105.65506138055947
105.65506138055947
105.65506138055947
105.65506138055947
105.65506138055947
105.65506138055947
105.65506138055947
105.65506138055947
105.65506138055947
105.65506138055947
105.65506138055947
105.65506138055947
105.65506138055947
105.65506138055947
105.65506138055947
105.65506138055947
105.65506138055947
105.65506138055947
106.24332399337432
106.66130006037433
106.66130006037433
106.66130006037433
106.66130006037433
106.66130006037433
106.66130006037433
106.66130006037433
106.75418363081877
107.66753874018919
107.66753874018919
107.66753874018919
107.66753874018919
107.66753874018919
107.66753874018919
107.66753874018919
107.66753874018919
106.64581946530025
101.63010666130008
101.63010666130008
101.63010666130008
101.63010666130008
101.63010666130008
101.63010666130008
101.63010666130008
101.63010666130008
101.63010666130008
98.22437574500364
97.60515194204066
97.60515194204066
97.60515194204066
97.60515194204066
97.60515194204066
97.60515194204066
97.60515194204066
97.60515194204066
96.95496694892952
95.59267458241095
95.59267458241095
95.59267458241095
95.59267458241095
95.59267458241095
95.59267458241095
95.59267458241095
95.59267458241095
96.33574314596655
99.61762930167036
99.61762930167036
99.61762930167036
99.61762930167036
99.61762930167036
99.61762930167036
99.61762930167036
99.61762930167036
99.61762930167036
96.52151028685543
94.58643590259611
94.58643590259611
94.58643590259611
94.58643590259611
94.58643590259611
94.58643590259611
94.58643590259611
94.58643590259611
94.98893137452204
96.5989132622258
96.5989132622258
96.5989132622258
96.5989132622258
96.5989132622258
96.5989132622258
96.5989132622258
96.5989132622258
96.5989132622258
96.5989132622258
96.5989132622258
96.5989132622258
96.5989132622258
96.5989132622258
96.5989132622258
96.5989132622258
96.5989132622258
96.5989132622258
96.5989132622258
96.5989132622258
96.5989132622258
96.5989132622258
96.5989132622258
96.5989132622258
96.5989132622258
96.5989132622258
96.5989132622258
97.01688932922582
99.61762930167036
99.61762930167036
99.61762930167036
99.61762930167036
99.61762930167036
99.61762930167036
99.61762930167036
99.61762930167036
103.84383175689274
106.66130006037433
106.66130006037433
106.66130006037433
106.66130006037433
106.66130006037433
106.66130006037433
106.66130006037433
106.76966422589285
107.66753874018919
107.66753874018919
107.66753874018919
107.66753874018919
107.66753874018919
107.66753874018919
107.66753874018919
107.66753874018919
109.24655943774479
109.68001609981889
109.68001609981889
109.68001609981889
109.68001609981889
109.68001609981889
109.68001609981889
109.68001609981889
109.68001609981889
103.28653033422606
102.63634534111492
102.63634534111492
102.63634534111492
102.63634534111492
102.63634534111492
102.63634534111492
102.63634534111492
102.63634534111492
102.63634534111492
96.69179683267026
86.53652646407728
86.53652646407728
86.53652646407728
86.53652646407728
86.53652646407728
86.53652646407728
86.53652646407728
86.53652646407728
86.53652646407728
86.53652646407728
85.00394755174389
83.51781042463273
83.51781042463273
83.51781042463273
83.51781042463273
83.51781042463273
83.51781042463273
83.51781042463273
83.51781042463273
83.51781042463273
83.51781042463273
84.29184017833646
84.52404910444758
84.52404910444758
84.52404910444758
84.52404910444758
84.52404910444758
84.52404910444758
84.52404910444758
84.52404910444758
84.52404910444758
84.52404910444758
82.29484341378084
80.49909438518817
80.49909438518817
80.49909438518817
80.49909438518817
80.49909438518817
80.49909438518817
80.49909438518817
80.49909438518817
80.49909438518817
80.49909438518817
80.4216914098178
79.49285570537332
79.49285570537332
79.49285570537332
79.49285570537332
79.49285570537332
79.49285570537332
79.49285570537332
79.49285570537332
79.49285570537332
79.49285570537332
79.49285570537332
81.38148830441042
81.50533306500303
81.50533306500303
81.50533306500303
81.50533306500303
81.50533306500303
81.50533306500303
81.50533306500303
81.50533306500303
81.50533306500303
82.743780670929
85.53028778426244
85.53028778426244
85.53028778426244
85.53028778426244
85.53028778426244
85.53028778426244
85.53028778426244
85.53028778426244
85.53028778426244
85.53028778426244
84.78721922070685
83.51781042463273
83.51781042463273
83.51781042463273
83.51781042463273
83.51781042463273
83.51781042463273
83.51781042463273
83.51781042463273
83.51781042463273
83.51781042463273
83.08435376255864
82.51157174481787
82.51157174481787
82.51157174481787
82.51157174481787
82.51157174481787
82.51157174481787
82.51157174481787
82.51157174481787
82.51157174481787
82.51157174481787
82.51157174481787
82.51157174481787
82.51157174481787
82.51157174481787
82.51157174481787
82.51157174481787
82.51157174481787
82.51157174481787
82.51157174481787
82.51157174481787
83.06887316748457
88.549003823707
88.549003823707
88.549003823707
88.549003823707
88.549003823707
88.549003823707
88.549003823707
88.549003823707
88.549003823707
88.549003823707
89.4623589330774
89.55524250352184
89.55524250352184
89.55524250352184
89.55524250352184
89.55524250352184
89.55524250352184
89.55524250352184
89.55524250352184
89.55524250352184
88.88957691533663
88.549003823707
88.549003823707
88.549003823707
88.549003823707
88.549003823707
88.549003823707
88.549003823707
88.549003823707
88.549003823707
88.27035311237364
86.53652646407728
86.53652646407728
86.53652646407728
86.53652646407728
86.53652646407728
86.53652646407728
86.53652646407728
86.53652646407728
86.53652646407728
86.53652646407728
86.01018623155875
85.53028778426244
85.53028778426244
85.53028778426244
85.53028778426244
85.53028778426244
85.53028778426244
85.53028778426244
85.53028778426244
85.53028778426244
85.71605492515133
87.54276514389214
87.54276514389214
87.54276514389214
87.54276514389214
87.54276514389214
87.54276514389214
87.54276514389214
87.54276514389214
87.54276514389214
88.10006656655882
91.56771986315155
91.56771986315155
91.56771986315155
91.56771986315155
91.56771986315155
91.56771986315155
91.56771986315155
91.56771986315155
91.56771986315155
95.12825673018872
96.5989132622258
96.5989132622258
96.5989132622258
96.5989132622258
96.5989132622258
96.5989132622258
96.5989132622258
96.5989132622258
98.17793395978143
99.61762930167036
99.61762930167036
99.61762930167036
99.61762930167036
99.61762930167036
99.61762930167036
99.61762930167036
99.61762930167036
99.30801740018887
98.61139062185552
98.61139062185552
98.61139062185552
98.61139062185552
98.61139062185552
98.61139062185552
98.61139062185552
98.61139062185552
98.61139062185552
95.82488350852208
93.58019722278125
93.58019722278125
93.58019722278125
93.58019722278125
93.58019722278125
93.58019722278125
93.58019722278125
93.58019722278125
93.58019722278125
91.7844481941886
89.55524250352184
89.55524250352184
89.55524250352184
89.55524250352184
89.55524250352184
89.55524250352184
89.55524250352184
89.55524250352184
89.55524250352184
93.58019722278125
94.58643590259611
94.58643590259611
94.58643590259611
94.58643590259611
94.58643590259611
94.58643590259611
94.58643590259611
94.58643590259611
102.51250058052233
102.63634534111492
102.63634534111492
102.63634534111492
102.63634534111492
102.63634534111492
102.63634534111492
102.63634534111492
102.79115129185567
103.64258402092977
103.64258402092977
103.64258402092977
103.64258402092977
103.64258402092977
103.64258402092977
103.64258402092977
103.64258402092977
107.59013576481881
108.67377742000403
108.67377742000403
108.67377742000403
108.67377742000403
108.67377742000403
108.67377742000403
108.67377742000403
109.75741907518926
110.68625477963374
110.68625477963374
110.68625477963374
110.68625477963374
110.68625477963374
110.68625477963374
110.68625477963374
110.68625477963374
110.68625477963374
110.68625477963374
110.68625477963374
110.68625477963374
110.68625477963374
110.68625477963374
110.68625477963374
110.68625477963374
108.79762218059663
108.67377742000403
108.67377742000403
108.67377742000403
108.67377742000403
108.67377742000403
108.67377742000403
108.67377742000403
107.77590290570771
106.66130006037433
106.66130006037433
106.66130006037433
106.66130006037433
106.66130006037433
106.66130006037433
106.66130006037433
106.78514482096693
108.67377742000403
108.67377742000403
108.67377742000403
108.67377742000403
108.67377742000403
108.67377742000403
108.67377742000403
108.67377742000403
109.47876836385592
109.68001609981889
109.68001609981889
109.68001609981889
109.68001609981889
109.68001609981889
109.68001609981889
109.68001609981889
109.68001609981889
109.68001609981889
109.68001609981889
109.68001609981889
109.68001609981889
109.68001609981889
109.68001609981889
109.68001609981889
109.91222502593001
110.68625477963374
110.68625477963374
110.68625477963374
110.68625477963374
110.68625477963374
110.68625477963374
110.68625477963374
110.77913835007818
111.69249345944858
111.69249345944858
111.69249345944858
111.69249345944858
111.69249345944858
111.69249345944858
111.69249345944858
112.11046952644861
114.71120949889315
114.71120949889315
114.71120949889315
114.71120949889315
114.71120949889315
114.71120949889315
114.71120949889315
114.71120949889315
114.71120949889315
114.71120949889315
114.71120949889315
114.71120949889315
114.71120949889315
114.71120949889315
114.71120949889315
115.05178259052279
115.717448178708
115.717448178708
115.717448178708
115.717448178708
115.717448178708
115.717448178708
115.717448178708
116.92493459448582
117.72992553833771
117.72992553833771
117.72992553833771
117.72992553833771
117.72992553833771
117.72992553833771
117.72992553833771
116.90945399941175
116.72368685852285
116.72368685852285
116.72368685852285
116.72368685852285
116.72368685852285
116.72368685852285
116.77012864374508
