11.020964692234099
11.020964692234099
11.020964692234099
11.020964692234099
11.020964692234099
11.020964692234099
11.020964692234099
11.020964692234099
11.020964692234099
11.020964692234099
11.020964692234099
11.020964692234099
11.020964692234099
11.020964692234099
11.020964692234099
11.020964692234099
11.020964692234099
11.020964692234099
11.020964692234099
11.020964692234099
11.020964692234099
11.020964692234099
11.020964692234099
11.020964692234099
11.020964692234099
11.020964692234099
11.020964692234099
11.020964692234099
11.020964692234099
11.020964692234099
11.020964692234099
11.020964692234099
11.020964692234099
11.020964692234099
11.020964692234099
11.020964692234099
11.020964692234099
11.020964692234099
11.020964692234099
11.020964692234099
11.020964692234099
11.020964692234099
11.020964692234099
11.020964692234099
11.020964692234099
11.020964692234099
11.020964692234099
11.020964692234099
11.020964692234099
11.020964692234099
11.020964692234099
11.020964692234099
11.020964692234099
11.020964692234099
11.020964692234099
11.020964692234099
11.020964692234099
11.020964692234099
11.020964692234099
11.020964692234099
11.020964692234099
11.020964692234099
11.020964692234099
11.020964692234099
11.020964692234099
11.020964692234099
11.020964692234099
11.020964692234099
10.06425757267584
10.019058811121907
10.019058811121907
10.019058811121907
10.019058811121907
10.019058811121907
10.019058811121907
10.019058811121907
10.019058811121907
10.019058811121907
10.019058811121907
10.019058811121907
10.019058811121907
10.019058811121907
10.019058811121907
10.019058811121907
10.019058811121907
10.019058811121907
10.019058811121907
10.019058811121907
10.019058811121907
10.019058811121907
10.019058811121907
10.019058811121907
10.019058811121907
10.019058811121907
10.019058811121907
10.019058811121907
10.019058811121907
10.019058811121907
10.019058811121907
10.019058811121907
10.019058811121907
10.019058811121907
10.019058811121907
10.019058811121907
10.019058811121907
10.019058811121907
10.019058811121907
10.019058811121907
10.019058811121907
10.019058811121907
10.019058811121907
10.019058811121907
10.019058811121907
10.019058811121907
10.019058811121907
10.019058811121907
10.019058811121907
10.019058811121907
10.019058811121907
10.019058811121907
10.019058811121907
10.019058811121907
10.019058811121907
10.019058811121907
10.019058811121907
9.40134240321815
8.015247048897526
8.015247048897526
8.015247048897526
8.015247048897526
8.015247048897526
8.015247048897526
8.015247048897526
8.015247048897526
8.015247048897526
8.015247048897526
8.015247048897526
8.015247048897526
8.015247048897526
8.015247048897526
8.015247048897526
8.015247048897526
8.015247048897526
8.015247048897526
8.015247048897526
8.015247048897526
8.015247048897526
8.015247048897526
8.015247048897526
8.015247048897526
8.015247048897526
8.015247048897526
8.015247048897526
8.015247048897526
8.015247048897526
8.015247048897526
8.015247048897526
8.015247048897526
8.015247048897526
8.015247048897526
8.798692249165706
12.022870573346289
12.022870573346289
12.022870573346289
12.022870573346289
12.022870573346289
12.022870573346289
12.022870573346289
12.022870573346289
12.022870573346289
12.022870573346289
12.022870573346289
12.022870573346289
12.022870573346289
12.022870573346289
12.022870573346289
12.022870573346289
12.022870573346289
12.022870573346289
12.022870573346289
12.022870573346289
12.022870573346289
12.022870573346289
12.022870573346289
12.022870573346289
12.022870573346289
12.022870573346289
12.022870573346289
12.022870573346289
12.022870573346289
12.022870573346289
12.022870573346289
12.022870573346289
12.022870573346289
12.022870573346289
12.022870573346289
12.022870573346289
12.022870573346289
12.022870573346289
12.022870573346289
12.022870573346289
12.022870573346289
12.022870573346289
12.022870573346289
12.022870573346289
12.022870573346289
12.022870573346289
12.022870573346289
12.022870573346289
12.022870573346289
12.022870573346289
12.022870573346289
12.022870573346289
12.022870573346289
12.022870573346289
12.022870573346289
12.022870573346289
12.022870573346289
12.022870573346289
12.022870573346289
12.022870573346289
12.022870573346289
12.022870573346289
12.022870573346289
12.022870573346289
12.022870573346289
12.022870573346289
12.022870573346289
12.452258808108656
13.024776454458479
13.024776454458479
13.024776454458479
13.024776454458479
13.024776454458479
13.024776454458479
13.024776454458479
13.024776454458479
13.024776454458479
13.024776454458479
13.024776454458479
13.024776454458479
13.024776454458479
13.024776454458479
13.024776454458479
13.024776454458479
13.024776454458479
13.024776454458479
13.024776454458479
13.024776454458479
13.024776454458479
13.024776454458479
13.024776454458479
13.024776454458479
13.024776454458479
13.024776454458479
13.793155400875348
14.026682335570671
14.026682335570671
14.026682335570671
14.026682335570671
14.026682335570671
14.026682335570671
14.026682335570671
14.026682335570671
14.026682335570671
14.026682335570671
14.026682335570671
14.026682335570671
14.026682335570671
14.026682335570671
14.026682335570671
14.026682335570671
14.026682335570671
14.026682335570671
14.026682335570671
14.026682335570671
14.026682335570671
14.026682335570671
14.026682335570671
14.026682335570671
14.026682335570671
14.026682335570671
14.026682335570671
14.026682335570671
14.026682335570671
14.026682335570671
14.026682335570671
14.026682335570671
14.026682335570671
14.026682335570671
14.026682335570671
13.89108605090887
13.024776454458479
13.024776454458479
13.024776454458479
13.024776454458479
13.024776454458479
13.024776454458479
13.024776454458479
13.024776454458479
13.024776454458479
13.024776454458479
13.024776454458479
13.024776454458479
13.024776454458479
13.024776454458479
13.024776454458479
13.024776454458479
13.024776454458479
13.024776454458479
13.024776454458479
13.024776454458479
13.024776454458479
13.024776454458479
13.024776454458479
13.024776454458479
13.024776454458479
13.024776454458479
13.024776454458479
13.024776454458479
13.024776454458479
13.024776454458479
13.024776454458479
13.024776454458479
13.024776454458479
13.024776454458479
13.024776454458479
13.024776454458479
13.024776454458479
13.024776454458479
13.024776454458479
12.165999984933745
10.019058811121907
10.019058811121907
10.019058811121907
10.019058811121907
10.019058811121907
10.019058811121907
10.019058811121907
10.019058811121907
10.019058811121907
10.019058811121907
10.019058811121907
10.019058811121907
10.019058811121907
10.019058811121907
10.019058811121907
10.019058811121907
10.019058811121907
10.019058811121907
10.019058811121907
10.019058811121907
10.019058811121907
10.019058811121907
10.019058811121907
10.019058811121907
10.019058811121907
10.019058811121907
10.019058811121907
10.019058811121907
10.019058811121907
10.019058811121907
10.019058811121907
10.019058811121907
10.019058811121907
10.019058811121907
10.019058811121907
10.019058811121907
10.019058811121907
10.019058811121907
11.661280480914822
12.022870573346289
12.022870573346289
12.022870573346289
12.022870573346289
12.022870573346289
12.022870573346289
12.022870573346289
12.022870573346289
12.022870573346289
12.022870573346289
12.022870573346289
12.022870573346289
12.022870573346289
12.022870573346289
12.022870573346289
12.022870573346289
12.022870573346289
12.022870573346289
12.022870573346289
12.022870573346289
12.022870573346289
12.022870573346289
12.022870573346289
12.022870573346289
12.022870573346289
12.022870573346289
12.022870573346289
12.022870573346289
12.022870573346289
12.022870573346289
12.022870573346289
12.022870573346289
12.022870573346289
12.761117012060534
13.024776454458479
13.024776454458479
13.024776454458479
13.024776454458479
13.024776454458479
13.024776454458479
13.024776454458479
13.024776454458479
13.024776454458479
13.024776454458479
13.024776454458479
13.024776454458479
13.024776454458479
13.024776454458479
13.024776454458479
13.024776454458479
13.024776454458479
13.024776454458479
13.024776454458479
13.024776454458479
13.024776454458479
13.024776454458479
13.024776454458479
13.024776454458479
13.024776454458479
13.024776454458479
13.024776454458479
13.024776454458479
13.024776454458479
13.024776454458479
13.024776454458479
13.024776454458479
13.024776454458479
12.181066238785055
12.022870573346289
12.022870573346289
12.022870573346289
12.022870573346289
12.022870573346289
12.022870573346289
12.022870573346289
12.022870573346289
12.022870573346289
12.022870573346289
12.022870573346289
12.022870573346289
12.022870573346289
12.022870573346289
12.022870573346289
12.022870573346289
12.022870573346289
12.022870573346289
12.022870573346289
12.022870573346289
12.022870573346289
12.022870573346289
12.022870573346289
12.022870573346289
12.022870573346289
12.022870573346289
12.022870573346289
12.022870573346289
12.022870573346289
12.022870573346289
12.022870573346289
12.022870573346289
12.022870573346289
12.022870573346289
12.022870573346289
12.022870573346289
12.022870573346289
12.022870573346289
11.10382908841631
11.020964692234099
11.020964692234099
11.020964692234099
11.020964692234099
11.020964692234099
11.020964692234099
11.020964692234099
11.020964692234099
11.020964692234099
11.020964692234099
11.020964692234099
11.020964692234099
11.020964692234099
11.020964692234099
11.020964692234099
11.020964692234099
11.020964692234099
11.020964692234099
11.020964692234099
11.020964692234099
11.020964692234099
11.020964692234099
11.020964692234099
11.020964692234099
11.020964692234099
11.020964692234099
11.020964692234099
11.020964692234099
11.020964692234099
11.020964692234099
11.020964692234099
11.020964692234099
11.020964692234099
11.020964692234099
11.020964692234099
11.020964692234099
11.020964692234099
11.020964692234099
11.020964692234099
11.020964692234099
11.020964692234099
11.020964692234099
11.020964692234099
11.020964692234099
11.020964692234099
11.020964692234099
11.020964692234099
11.020964692234099
8.309038998998092
8.015247048897526
8.015247048897526
8.015247048897526
8.015247048897526
8.015247048897526
8.015247048897526
8.015247048897526
8.015247048897526
8.015247048897526
8.015247048897526
8.015247048897526
8.015247048897526
8.015247048897526
8.015247048897526
8.015247048897526
8.015247048897526
8.015247048897526
8.015247048897526
8.015247048897526
8.015247048897526
8.015247048897526
8.015247048897526
8.015247048897526
8.015247048897526
8.015247048897526
8.015247048897526
8.015247048897526
8.015247048897526
8.015247048897526
8.015247048897526
8.015247048897526
8.015247048897526
8.015247048897526
8.015247048897526
10.275185126594197
12.022870573346289
12.022870573346289
12.022870573346289
12.022870573346289
12.022870573346289
12.022870573346289
12.022870573346289
12.022870573346289
12.022870573346289
12.022870573346289
12.022870573346289
12.022870573346289
12.022870573346289
12.022870573346289
12.022870573346289
12.022870573346289
12.022870573346289
12.022870573346289
12.022870573346289
12.022870573346289
12.022870573346289
12.022870573346289
12.022870573346289
12.022870573346289
12.022870573346289
12.022870573346289
12.022870573346289
12.022870573346289
12.022870573346289
12.022870573346289
12.022870573346289
12.022870573346289
12.022870573346289
12.022870573346289
12.022870573346289
12.022870573346289
12.022870573346289
12.022870573346289
12.022870573346289
12.022870573346289
12.022870573346289
12.022870573346289
12.022870573346289
12.022870573346289
12.022870573346289
12.022870573346289
12.022870573346289
12.022870573346289
12.022870573346289
12.022870573346289
12.022870573346289
12.022870573346289
12.022870573346289
12.022870573346289
12.022870573346289
12.022870573346289
12.022870573346289
12.022870573346289
12.022870573346289
12.022870573346289
12.022870573346289
12.022870573346289
12.022870573346289
12.022870573346289
12.022870573346289
12.022870573346289
12.022870573346289
12.022870573346289
12.022870573346289
12.022870573346289
12.022870573346289
12.022870573346289
11.096295961490654
11.020964692234099
11.020964692234099
11.020964692234099
11.020964692234099
11.020964692234099
11.020964692234099
11.020964692234099
11.020964692234099
11.020964692234099
11.020964692234099
11.020964692234099
11.020964692234099
11.020964692234099
11.020964692234099
11.020964692234099
11.020964692234099
11.020964692234099
11.020964692234099
11.020964692234099
11.020964692234099
11.020964692234099
11.020964692234099
11.020964692234099
11.020964692234099
11.020964692234099
11.020964692234099
11.020964692234099
11.020964692234099
11.020964692234099
11.020964692234099
11.020964692234099
11.020964692234099
11.020964692234099
11.020964692234099
11.231892246152455
12.022870573346289
12.022870573346289
12.022870573346289
12.022870573346289
12.022870573346289
12.022870573346289
12.022870573346289
12.022870573346289
12.022870573346289
12.022870573346289
12.022870573346289
12.022870573346289
12.022870573346289
12.022870573346289
12.022870573346289
12.022870573346289
12.022870573346289
12.022870573346289
12.022870573346289
12.022870573346289
12.022870573346289
12.022870573346289
12.022870573346289
12.022870573346289
12.022870573346289
12.022870573346289
12.022870573346289
12.022870573346289
12.022870573346289
12.022870573346289
12.022870573346289
12.022870573346289
12.022870573346289
12.203665619562022
13.024776454458479
13.024776454458479
13.024776454458479
13.024776454458479
13.024776454458479
13.024776454458479
13.024776454458479
13.024776454458479
13.024776454458479
13.024776454458479
13.024776454458479
13.024776454458479
13.024776454458479
13.024776454458479
13.024776454458479
13.024776454458479
13.024776454458479
13.024776454458479
13.024776454458479
13.024776454458479
13.024776454458479
13.024776454458479
13.024776454458479
13.024776454458479
13.024776454458479
13.024776454458479
13.024776454458479
13.024776454458479
13.024776454458479
13.024776454458479
13.024776454458479
13.024776454458479
13.024776454458479
13.024776454458479
13.024776454458479
13.024776454458479
13.024776454458479
13.024776454458479
13.024776454458479
11.066163453788032
11.020964692234099
11.020964692234099
11.020964692234099
11.020964692234099
11.020964692234099
11.020964692234099
11.020964692234099
11.020964692234099
11.020964692234099
11.020964692234099
11.020964692234099
11.020964692234099
11.020964692234099
11.020964692234099
11.020964692234099
11.020964692234099
11.020964692234099
11.020964692234099
11.020964692234099
11.020964692234099
11.020964692234099
11.020964692234099
11.020964692234099
11.020964692234099
11.020964692234099
11.020964692234099
11.020964692234099
11.020964692234099
11.020964692234099
11.020964692234099
11.020964692234099
11.020964692234099
11.020964692234099
11.465419180847777
12.022870573346289
12.022870573346289
12.022870573346289
12.022870573346289
12.022870573346289
12.022870573346289
12.022870573346289
12.022870573346289
12.022870573346289
12.022870573346289
12.022870573346289
12.022870573346289
12.022870573346289
12.022870573346289
12.022870573346289
12.022870573346289
12.022870573346289
12.022870573346289
12.022870573346289
12.022870573346289
12.022870573346289
12.022870573346289
12.022870573346289
12.022870573346289
12.022870573346289
12.022870573346289
12.022870573346289
12.022870573346289
12.022870573346289
12.022870573346289
12.022870573346289
12.022870573346289
12.022870573346289
12.022870573346289
12.022870573346289
12.022870573346289
12.022870573346289
12.022870573346289
12.022870573346289
12.022870573346289
12.022870573346289
12.022870573346289
10.350516395850752
10.019058811121907
10.019058811121907
10.019058811121907
10.019058811121907
10.019058811121907
10.019058811121907
10.019058811121907
10.019058811121907
10.019058811121907
10.019058811121907
10.019058811121907
10.019058811121907
10.019058811121907
10.019058811121907
10.019058811121907
10.019058811121907
10.019058811121907
10.019058811121907
10.019058811121907
10.019058811121907
10.019058811121907
10.019058811121907
10.019058811121907
10.019058811121907
10.019058811121907
10.019058811121907
10.019058811121907
10.019058811121907
10.019058811121907
10.019058811121907
10.019058811121907
10.019058811121907
10.019058811121907
10.019058811121907
10.019058811121907
10.162188222709363
11.020964692234099
11.020964692234099
11.020964692234099
11.020964692234099
11.020964692234099
11.020964692234099
11.020964692234099
11.020964692234099
11.020964692234099
11.020964692234099
11.020964692234099
11.020964692234099
11.020964692234099
11.020964692234099
11.020964692234099
11.020964692234099
11.020964692234099
11.020964692234099
11.020964692234099
11.020964692234099
11.020964692234099
11.020964692234099
11.020964692234099
11.020964692234099
11.020964692234099
11.020964692234099
11.020964692234099
11.020964692234099
11.020964692234099
11.020964692234099
11.020964692234099
11.020964692234099
11.020964692234099
11.020964692234099
11.020964692234099
11.020964692234099
11.020964692234099
11.020964692234099
11.020964692234099
11.020964692234099
11.020964692234099
11.020964692234099
11.020964692234099
11.020964692234099
11.020964692234099
11.020964692234099
11.020964692234099
11.020964692234099
11.020964692234099
11.020964692234099
10.885368407572297
9.017152930009717
9.017152930009717
9.017152930009717
9.017152930009717
9.017152930009717
9.017152930009717
9.017152930009717
9.017152930009717
9.017152930009717
9.017152930009717
9.017152930009717
9.017152930009717
9.017152930009717
9.017152930009717
9.017152930009717
9.017152930009717
9.017152930009717
9.017152930009717
9.017152930009717
9.017152930009717
9.017152930009717
9.017152930009717
9.017152930009717
9.017152930009717
9.017152930009717
9.017152930009717
9.017152930009717
9.017152930009717
9.017152930009717
9.017152930009717
9.017152930009717
9.017152930009717
9.017152930009717
9.017152930009717
9.017152930009717
9.017152930009717
9.017152930009717
9.017152930009717
9.017152930009717
9.017152930009717
9.017152930009717
9.017152930009717
9.017152930009717
9.017152930009717
9.431474910920773
10.019058811121907
10.019058811121907
10.019058811121907
10.019058811121907
10.019058811121907
10.019058811121907
10.019058811121907
10.019058811121907
10.019058811121907
10.019058811121907
10.019058811121907
10.019058811121907
10.019058811121907
10.019058811121907
10.019058811121907
10.019058811121907
10.019058811121907
10.019058811121907
10.019058811121907
10.019058811121907
10.019058811121907
10.019058811121907
10.019058811121907
10.019058811121907
10.019058811121907
10.019058811121907
10.019058811121907
10.019058811121907
10.019058811121907
10.019058811121907
10.019058811121907
10.019058811121907
10.019058811121907
10.019058811121907
10.019058811121907
10.019058811121907
10.260118872742886
