-5.129419191919192
-5.129419191919192
-4.41919191919192
-4.103535353535354
-4.103535353535354
-4.103535353535354
-3.367003367003367
-3.077651515151515
-3.077651515151515
-2.1043771043771047
-2.051767676767677
-1.7887205387205387
-1.0258838383838385
-1.0258838383838385
-1.0258838383838385
-0.07891414141414142
0.0
0.0
0.0
0.0
0.0
0.0
0.0
0.0
0.0
0.0
0.0
0.0
0.0
0.0
0.0
0.0
0.0
-1.0258838383838385
-1.0258838383838385
-1.0258838383838385
-1.6571969696969697
-2.051767676767677
-2.051767676767677
-2.051767676767677
-2.9461279461279464
-3.077651515151515
-3.077651515151515
-3.077651515151515
-3.077651515151515
-3.52483164983165
-4.103535353535354
-4.103535353535354
-4.103535353535354
-4.103535353535354
-4.103535353535354
-4.103535353535354
-4.103535353535354
-4.103535353535354
-4.103535353535354
-4.103535353535354
-4.103535353535354
-4.103535353535354
-4.103535353535354
-3.393308080808081
-3.077651515151515
-3.077651515151515
-2.7356902356902357
-2.051767676767677
-2.051767676767677
-2.051767676767677
-1.1311026936026936
-1.0258838383838385
-1.0258838383838385
-0.7891414141414141
0.0
0.0
0.0
0.0
0.0
0.0
0.0
0.0
0.0
0.0
0.0
0.0
0.0
0.0
0.0
0.0
0.0
0.0
0.0
0.0
0.0
0.0
0.0
0.0
0.0
0.0
0.0
0.0
0.0
0.0
0.0
0.0
0.0
0.0
0.0
0.0
0.0
0.0
0.0
0.0
0.0
0.0
0.0
0.0
0.0
0.0
-0.6050084175084175
-1.0258838383838385
-1.0258838383838385
-1.8150252525252526
-2.051767676767677
-2.288510101010101
-3.077651515151515
-3.077651515151515
-3.077651515151515
-4.103535353535354
-4.103535353535354
-4.103535353535354
-4.103535353535354
-4.103535353535354
-4.103535353535354
-4.103535353535354
-3.893097643097643
-3.077651515151515
-3.077651515151515
-2.6830808080808084
-2.051767676767677
-2.051767676767677
-1.1574074074074074
-1.0258838383838385
-0.9995791245791247
0.0
0.0
0.0
0.0
0.0
0.0
0.0
0.0
0.0
0.0
0.0
0.0
0.0
0.0
0.0
0.0
0.0
-0.8417508417508418
-1.0258838383838385
-1.0258838383838385
-1.8150252525252526
-2.051767676767677
-2.051767676767677
-2.051767676767677
-3.077651515151515
-3.077651515151515
-3.077651515151515
-3.077651515151515
-2.7356902356902357
-2.051767676767677
-2.051767676767677
-2.051767676767677
-1.7887205387205387
-1.0258838383838385
-1.0258838383838385
-1.0258838383838385
-0.7365319865319866
0.0
0.0
0.0
0.0
0.0
0.0
0.0
0.0
0.0
0.0
0.0
0.0
0.0
0.0
0.0
-0.026304713804713806
-1.0258838383838385
-1.0258838383838385
-1.3152356902356903
-2.051767676767677
-2.051767676767677
-2.867213804713805
-3.077651515151515
-3.077651515151515
-3.5774410774410774
-4.103535353535354
-4.103535353535354
-4.103535353535354
-4.103535353535354
-4.103535353535354
-4.103535353535354
-4.103535353535354
-3.235479797979798
-3.077651515151515
-3.077651515151515
-2.867213804713805
-2.051767676767677
-2.051767676767677
-2.051767676767677
-1.0258838383838385
-1.0258838383838385
-1.0258838383838385
-0.5787037037037037
0.0
0.0
0.0
0.0
0.0
0.0
0.0
0.0
0.0
0.0
0.0
0.0
0.0
0.0
0.0
0.0
0.0
0.0
0.0
0.0
0.0
-1.0258838383838385
-1.0258838383838385
-1.0258838383838385
-1.2363215488215489
-2.051767676767677
-2.051767676767677
-2.051767676767677
-2.8935185185185186
-3.077651515151515
-3.077651515151515
-3.077651515151515
-3.077651515151515
-3.367003367003367
-4.103535353535354
-4.103535353535354
-4.103535353535354
-4.103535353535354
-4.103535353535354
-4.103535353535354
-4.103535353535354
-4.103535353535354
-4.103535353535354
-4.103535353535354
-4.550715488215489
-5.129419191919192
-5.129419191919192
-5.129419191919192
-5.129419191919192
-4.524410774410774
-4.103535353535354
-4.103535353535354
-4.103535353535354
-3.630050505050505
-3.077651515151515
-3.077651515151515
-2.3937289562289563
-2.051767676767677
-2.051767676767677
-1.1311026936026936
-1.0258838383838385
-1.0258838383838385
-0.5260942760942762
0.0
0.0
0.0
0.0
0.0
0.0
0.0
0.0
0.0
0.0
0.0
0.0
0.0
0.0
0.0
0.0
0.0
0.0
0.0
0.0
-1.0258838383838385
-1.0258838383838385
-1.0258838383838385
-1.0258838383838385
-1.1311026936026936
-2.051767676767677
-2.051767676767677
-2.051767676767677
-2.051767676767677
-2.20959595959596
-3.077651515151515
-3.077651515151515
-3.077651515151515
-3.077651515151515
-3.077651515151515
-3.6037457912457915
-4.103535353535354
-4.103535353535354
-4.103535353535354
-4.103535353535354
-4.103535353535354
-4.340277777777778
-5.129419191919192
-5.129419191919192
-5.129419191919192
-5.129419191919192
-5.129419191919192
-5.129419191919192
-5.129419191919192
-5.050505050505051
-4.103535353535354
-4.103535353535354
-4.103535353535354
-3.367003367003367
-3.077651515151515
-3.025042087542088
-2.051767676767677
-2.051767676767677
-1.893939393939394
-1.0258838383838385
-1.0258838383838385
-1.0258838383838385
-0.21043771043771045
0.0
0.0
0.0
0.0
0.0
0.0
0.0
0.0
0.0
0.0
0.0
0.0
0.0
0.0
0.0
0.0
0.0
0.0
0.0
0.0
-0.7628367003367004
-1.0258838383838385
-1.0258838383838385
-1.0258838383838385
-1.078493265993266
-2.051767676767677
-2.051767676767677
-2.051767676767677
-2.051767676767677
-2.051767676767677
-3.077651515151515
-3.077651515151515
-3.077651515151515
-3.077651515151515
-3.261784511784512
-4.103535353535354
-4.103535353535354
-4.103535353535354
-4.103535353535354
-4.103535353535354
-4.103535353535354
-4.103535353535354
-4.103535353535354
-4.103535353535354
-4.103535353535354
-4.103535353535354
-3.893097643097643
-3.077651515151515
-3.077651515151515
-2.76199494949495
-2.051767676767677
-2.051767676767677
-1.5256734006734007
-1.0258838383838385
-1.0258838383838385
-0.55239898989899
0.0
0.0
0.0
0.0
0.0
0.0
0.0
0.10521885521885523
1.0258838383838385
1.0258838383838385
1.0258838383838385
1.0258838383838385
1.0258838383838385
1.0258838383838385
1.0258838383838385
1.0258838383838385
1.0258838383838385
1.0258838383838385
1.0258838383838385
1.0258838383838385
1.0258838383838385
0.7628367003367004
0.0
0.0
0.0
0.0
0.0
0.0
0.0
0.0
0.0
0.0
0.0
0.0
0.0
0.0
0.0
0.0
0.0
0.0
0.0
0.28935185185185186
1.0258838383838385
1.0258838383838385
1.0258838383838385
1.0258838383838385
1.0258838383838385
1.0258838383838385
1.0258838383838385
1.0258838383838385
1.0258838383838385
1.0258838383838385
1.0258838383838385
1.0258838383838385
1.0258838383838385
1.0258838383838385
1.0258838383838385
1.0258838383838385
1.0258838383838385
1.0258838383838385
1.0258838383838385
1.0258838383838385
1.0258838383838385
0.6313131313131314
0.0
0.0
0.0
0.0
0.0
0.0
0.0
0.0
0.0
0.0
0.0
0.0
0.0
0.0
0.0
0.0
0.0
0.0
0.0
0.0
0.0
0.0
0.0
0.0
0.0
0.0
0.0
0.0
0.0
0.0
0.0
0.0
0.0
0.0
0.0
0.0
0.0
0.0
0.0
0.0
0.0
0.0
0.0
0.0
0.0
0.0
0.0
0.0
0.0
-0.9995791245791247
-1.0258838383838385
-1.0258838383838385
-1.0258838383838385
-1.0258838383838385
-1.0258838383838385
-1.078493265993266
-2.051767676767677
-2.051767676767677
-1.630892255892256
-1.0258838383838385
-1.0258838383838385
-1.0258838383838385
-1.0258838383838385
-1.0258838383838385
-1.0258838383838385
-0.2630471380471381
0.0
0.0
0.0
0.0
0.0
0.0
0.0
0.0
0.0
0.0
0.0
0.0
0.0
0.0
0.0
0.0
0.0
0.0
0.0
0.0
0.0
0.0
0.0
0.0
0.0
0.0
-0.7628367003367004
-1.0258838383838385
-1.0258838383838385
-1.2889309764309764
-2.051767676767677
-2.051767676767677
-2.288510101010101
-3.077651515151515
-3.077651515151515
-3.077651515151515
-3.5774410774410774
-4.103535353535354
-4.103535353535354
-4.103535353535354
-4.103535353535354
-4.103535353535354
-4.103535353535354
-4.103535353535354
-4.103535353535354
-4.103535353535354
-4.103535353535354
-4.103535353535354
-4.103535353535354
-4.103535353535354
-4.103535353535354
-4.103535353535354
-4.103535353535354
-4.103535353535354
-4.103535353535354
-3.077651515151515
-3.077651515151515
-3.025042087542088
-2.051767676767677
-2.051767676767677
-1.893939393939394
-1.0258838383838385
-1.0258838383838385
-1.0258838383838385
-0.18413299663299665
0.0
0.0
0.0
0.0
0.0
0.0
0.0
0.0
0.0
0.0
0.0
0.0
0.0
0.0
0.0
0.0
0.0
0.0
0.0
-0.7365319865319866
-1.0258838383838385
-1.0258838383838385
-1.0258838383838385
-1.0258838383838385
-1.0258838383838385
-1.0258838383838385
-1.0258838383838385
-1.0258838383838385
-1.0258838383838385
-1.0258838383838385
-1.0258838383838385
-1.0258838383838385
-1.0258838383838385
-1.7098063973063975
-2.051767676767677
-2.051767676767677
-2.867213804713805
-3.077651515151515
-3.077651515151515
-3.9720117845117846
-4.103535353535354
-4.103535353535354
-4.103535353535354
-4.103535353535354
-4.392887205387206
-5.129419191919192
-5.129419191919192
-5.129419191919192
-4.918981481481482
-4.103535353535354
-4.103535353535354
-4.103535353535354
-4.0509259259259265
-3.077651515151515
-3.077651515151515
-2.9198232323232323
-2.051767676767677
-2.051767676767677
-1.893939393939394
-1.0258838383838385
-1.0258838383838385
-1.0258838383838385
-0.2630471380471381
0.0
0.0
0.0
0.0
0.0
0.0
0.0
0.0
0.0
0.0
0.0
0.0
0.0
0.0
0.0
0.0
0.0
0.0
0.0
0.0
0.0
0.0
0.0
0.0
0.0
-0.8943602693602694
-1.0258838383838385
-1.0258838383838385
-1.0258838383838385
-1.0258838383838385
-1.0258838383838385
-0.7102272727272727
0.0
0.0
0.0
0.0
0.0
0.0
0.0
0.0
0.0
0.0
0.9206649831649832
1.0258838383838385
1.0258838383838385
1.0258838383838385
1.0258838383838385
1.0258838383838385
1.0258838383838385
1.0258838383838385
1.0258838383838385
1.0258838383838385
1.0258838383838385
1.0258838383838385
1.0258838383838385
1.0258838383838385
1.0258838383838385
1.0258838383838385
1.0258838383838385
0.6313131313131314
0.0
0.0
0.0
0.0
0.0
0.0
0.0
0.0
0.0
0.0
0.0
0.0
0.0
0.0
0.0
0.0
0.0
0.0
0.0
0.0
0.0
0.0
0.0
0.0
0.0
0.0
0.0
0.0
0.0
0.0
0.0
0.0
0.0
0.0
0.0
0.0
0.0
0.0
0.0
0.0
0.0
0.0
0.0
0.0
0.0
0.0
0.0
0.0
0.0
-0.7102272727272727
-1.0258838383838385
-1.0258838383838385
-1.0258838383838385
-1.0258838383838385
-1.0258838383838385
-1.0258838383838385
-1.0258838383838385
-1.0258838383838385
-1.0258838383838385
-1.0258838383838385
-1.0258838383838385
-1.0258838383838385
-1.0258838383838385
-1.0258838383838385
-1.0258838383838385
-1.0258838383838385
-1.0258838383838385
-1.0258838383838385
-0.8680555555555556
0.0
0.0
0.0
0.0
0.0
0.0
0.0
0.0
0.0
0.0
0.0
0.0
0.0
0.0
0.0
-0.34196127946127947
-1.0258838383838385
-1.0258838383838385
-1.0258838383838385
-1.0258838383838385
-1.0258838383838385
-1.0258838383838385
-1.0258838383838385
-1.0258838383838385
-1.0258838383838385
-1.0258838383838385
-1.0258838383838385
-1.0258838383838385
-0.3682659932659933
0.0
0.0
0.0
0.0
0.0
0.3682659932659933
1.0258838383838385
1.0258838383838385
1.0258838383838385
1.1311026936026936
2.051767676767677
2.051767676767677
2.051767676767677
2.051767676767677
2.051767676767677
2.051767676767677
2.051767676767677
2.051767676767677
2.051767676767677
2.051767676767677
2.051767676767677
1.920244107744108
1.0258838383838385
1.0258838383838385
1.0258838383838385
1.0258838383838385
1.0258838383838385
1.0258838383838385
1.0258838383838385
1.0258838383838385
1.0258838383838385
1.0258838383838385
1.0258838383838385
1.0258838383838385
1.0258838383838385
1.0258838383838385
1.0258838383838385
1.0258838383838385
1.0258838383838385
0.49978956228956234
0.0
0.0
0.0
0.0
0.0
0.0
0.0
0.0
0.0
0.0
0.0
0.0
0.0
0.0
0.0
0.0
0.0
0.0
0.0
0.0
0.0
0.0
0.0
0.0
0.0
0.0
0.0
0.0
0.0
0.0
-0.9995791245791247
-1.0258838383838385
-1.0258838383838385
-1.8150252525252526
-2.051767676767677
-2.051767676767677
-2.446338383838384
-3.077651515151515
-3.077651515151515
-3.077651515151515
-3.077651515151515
-3.077651515151515
-2.6830808080808084
-2.051767676767677
-2.051767676767677
-2.051767676767677
-1.3941498316498318
-1.0258838383838385
-1.0258838383838385
-1.0258838383838385
-0.026304713804713806
0.0
0.0
0.0
0.0
0.0
0.0
0.0
0.0
0.0
0.0
0.0
0.0
0.0
0.0
0.0
0.0
0.0
0.0
0.0
0.0
0.0
0.0
-0.7891414141414141
-1.0258838383838385
-1.0258838383838385
-1.0258838383838385
-1.0258838383838385
-1.0258838383838385
-1.0258838383838385
-1.0258838383838385
-1.0258838383838385
-1.0258838383838385
-1.3152356902356903
-2.051767676767677
-2.051767676767677
-2.051767676767677
-2.051767676767677
-2.051767676767677
-2.051767676767677
-2.051767676767677
