2.008137321668675
2.008137321668675
2.008137321668675
2.008137321668675
2.610578518169277
3.012205982503012
3.012205982503012
3.012205982503012
3.012205982503012
2.724081932002724
2.008137321668675
2.008137321668675
2.008137321668675
2.008137321668675
2.008137321668675
2.1565648628354896
3.012205982503012
3.012205982503012
3.5011437651701676
4.01627464333735
4.339322821171006
5.0203433041716865
5.0203433041716865
5.0203433041716865
4.487750362337821
4.01627464333735
3.6059161471702725
3.012205982503012
3.012205982503012
3.012205982503012
3.990081547837323
4.01627464333735
4.138509089004138
5.0203433041716865
5.0203433041716865
4.382977980337716
4.01627464333735
3.675764401837009
3.012205982503012
3.012205982503012
3.012205982503012
3.4749506696701413
4.01627464333735
4.627446871671294
5.0203433041716865
5.0203433041716865
5.0203433041716865
5.0203433041716865
5.0203433041716865
5.0203433041716865
5.011612272338344
4.01627464333735
4.374246948504374
5.0203433041716865
5.0203433041716865
5.0203433041716865
5.291005291005291
5.0203433041716865
5.0203433041716865
4.348053853004348
4.01627464333735
4.01627464333735
4.01627464333735
4.01627464333735
4.470288298671137
5.0203433041716865
5.0203433041716865
5.0203433041716865
5.0203433041716865
5.0203433041716865
5.0203433041716865
4.9155709221715815
4.01627464333735
4.01627464333735
4.01627464333735
4.01627464333735
4.01627464333735
4.01627464333735
4.01627464333735
4.5663296488378995
5.0203433041716865
5.0203433041716865
5.011612272338344
4.01627464333735
4.01627464333735
4.01627464333735
4.01627464333735
4.01627464333735
3.0733232053364063
3.012205982503012
3.012205982503012
3.012205982503012
3.012205982503012
3.012205982503012
3.012205982503012
3.012205982503012
3.012205982503012
3.012205982503012
3.012205982503012
3.012205982503012
3.012205982503012
3.012205982503012
3.012205982503012
3.012205982503012
3.667033370003667
4.01627464333735
4.01627464333735
4.01627464333735
4.01627464333735
4.01627464333735
4.01627464333735
4.01627464333735
4.01627464333735
3.2392128101699056
3.012205982503012
3.012205982503012
3.012205982503012
3.012205982503012
3.012205982503012
3.012205982503012
3.012205982503012
3.012205982503012
3.012205982503012
3.012205982503012
3.012205982503012
3.012205982503012
3.012205982503012
3.012205982503012
3.012205982503012
3.012205982503012
3.012205982503012
3.012205982503012
3.012205982503012
3.012205982503012
3.012205982503012
3.012205982503012
3.012205982503012
3.012205982503012
3.012205982503012
3.012205982503012
3.012205982503012
3.012205982503012
3.012205982503012
3.012205982503012
3.728150592837061
4.01627464333735
4.01627464333735
4.01627464333735
4.01627464333735
4.01627464333735
4.01627464333735
4.01627464333735
3.7805367838371136
3.012205982503012
3.012205982503012
3.012205982503012
3.012205982503012
3.012205982503012
3.012205982503012
3.012205982503012
3.012205982503012
3.012205982503012
3.012205982503012
3.012205982503012
3.012205982503012
3.012205982503012
3.012205982503012
3.012205982503012
3.012205982503012
3.012205982503012
3.012205982503012
3.012205982503012
3.012205982503012
3.012205982503012
3.012205982503012
3.012205982503012
3.012205982503012
3.012205982503012
3.012205982503012
3.012205982503012
3.012205982503012
3.012205982503012
3.012205982503012
3.012205982503012
3.3789093195033786
4.01627464333735
4.01627464333735
4.01627464333735
4.01627464333735
4.01627464333735
4.01627464333735
4.01627464333735
4.01627464333735
4.01627464333735
4.01627464333735
4.01627464333735
4.01627464333735
4.01627464333735
4.01627464333735
4.01627464333735
4.01627464333735
4.01627464333735
4.01627464333735
4.01627464333735
4.01627464333735
4.01627464333735
4.01627464333735
4.01627464333735
4.01627464333735
4.01627464333735
4.01627464333735
4.01627464333735
3.8416540066705083
3.012205982503012
3.012205982503012
3.012205982503012
3.012205982503012
3.012205982503012
3.012205982503012
3.012205982503012
3.012205982503012
3.8678471021705345
4.01627464333735
4.01627464333735
4.01627464333735
4.01627464333735
4.01627464333735
4.01627464333735
4.01627464333735
4.01627464333735
4.01627464333735
4.01627464333735
3.527336860670194
3.012205982503012
3.012205982503012
3.012205982503012
3.012205982503012
3.012205982503012
3.012205982503012
3.012205982503012
3.012205982503012
3.012205982503012
3.012205982503012
3.012205982503012
3.012205982503012
3.012205982503012
3.7456126565037455
4.01627464333735
4.01627464333735
4.01627464333735
4.01627464333735
4.01627464333735
4.01627464333735
4.01627464333735
4.01627464333735
4.01627464333735
4.01627464333735
4.01627464333735
4.01627464333735
4.01627464333735
4.01627464333735
4.01627464333735
3.125709396336459
3.012205982503012
3.012205982503012
3.012205982503012
3.012205982503012
3.012205982503012
3.012205982503012
3.012205982503012
3.012205982503012
3.012205982503012
3.8591160703371923
4.01627464333735
4.01627464333735
4.01627464333735
4.01627464333735
4.01627464333735
4.01627464333735
4.01627464333735
3.4749506696701413
3.012205982503012
3.012205982503012
3.012205982503012
3.012205982503012
3.012205982503012
3.012205982503012
3.012205982503012
3.012205982503012
3.012205982503012
3.012205982503012
3.012205982503012
3.012205982503012
3.012205982503012
3.012205982503012
3.309061064836642
4.01627464333735
4.01627464333735
4.01627464333735
4.01627464333735
4.01627464333735
4.01627464333735
3.291599001169958
3.012205982503012
3.012205982503012
3.012205982503012
3.012205982503012
3.012205982503012
3.012205982503012
3.012205982503012
3.012205982503012
3.012205982503012
3.012205982503012
3.012205982503012
3.012205982503012
3.012205982503012
3.012205982503012
3.012205982503012
3.012205982503012
3.012205982503012
3.8591160703371923
4.01627464333735
4.01627464333735
4.01627464333735
4.01627464333735
4.01627464333735
4.01627464333735
3.4662196378367995
3.012205982503012
3.012205982503012
3.012205982503012
3.012205982503012
2.715350900169382
2.008137321668675
2.008137321668675
2.008137321668675
2.008137321668675
2.70661986833604
3.012205982503012
3.012205982503012
3.012205982503012
3.274136937503274
4.01627464333735
4.01627464333735
4.01627464333735
4.01627464333735
4.01627464333735
3.0995163008364326
3.012205982503012
3.012205982503012
2.505806136169172
2.008137321668675
2.008137321668675
2.008137321668675
2.008137321668675
2.008137321668675
2.008137321668675
2.008137321668675
2.008137321668675
2.8113922503361444
3.012205982503012
3.012205982503012
3.012205982503012
3.6408402745036406
4.01627464333735
4.01627464333735
4.01627464333735
3.7194195610037193
3.012205982503012
3.012205982503012
3.012205982503012
2.2176820856688844
2.008137321668675
2.008137321668675
2.008137321668675
2.008137321668675
2.008137321668675
2.008137321668675
2.008137321668675
2.008137321668675
2.70661986833604
3.012205982503012
3.012205982503012
3.012205982503012
3.9115022613372448
4.01627464333735
4.01627464333735
3.544798924336878
3.012205982503012
3.012205982503012
3.012205982503012
2.488344072502488
2.008137321668675
2.008137321668675
2.008137321668675
2.008137321668675
2.008137321668675
2.008137321668675
2.008137321668675
2.008137321668675
2.287530340335621
3.012205982503012
3.012205982503012
3.012205982503012
3.5011437651701676
4.01627464333735
3.928964325003929
3.012205982503012
3.012205982503012
3.012205982503012
2.907433600502907
2.008137321668675
2.008137321668675
2.008137321668675
2.008137321668675
2.008137321668675
2.008137321668675
2.008137321668675
2.008137321668675
2.008137321668675
2.008137321668675
2.45341994516912
3.012205982503012
3.012205982503012
3.012205982503012
3.588454083503588
4.01627464333735
4.01627464333735
3.2217507465032216
3.012205982503012
3.012205982503012
3.012205982503012
2.182757958335516
2.008137321668675
2.008137321668675
2.008137321668675
2.008137321668675
2.008137321668675
2.008137321668675
2.008137321668675
2.008137321668675
2.008137321668675
2.008137321668675
2.313723435835647
3.012205982503012
3.012205982503012
3.012205982503012
3.012205982503012
3.012205982503012
3.012205982503012
3.012205982503012
3.012205982503012
2.5145371680025144
2.008137321668675
2.008137321668675
2.008137321668675
2.008137321668675
2.008137321668675
2.008137321668675
2.008137321668675
2.008137321668675
2.008137321668675
2.008137321668675
2.907433600502907
3.012205982503012
3.012205982503012
3.012205982503012
3.012205982503012
3.012205982503012
3.012205982503012
3.012205982503012
3.012205982503012
2.855047409502855
2.008137321668675
2.008137321668675
2.008137321668675
2.008137321668675
2.008137321668675
2.008137321668675
2.008137321668675
2.008137321668675
2.008137321668675
2.008137321668675
2.008137321668675
2.008137321668675
2.008137321668675
2.724081932002724
3.012205982503012
3.012205982503012
3.012205982503012
3.012205982503012
3.012205982503012
3.012205982503012
3.012205982503012
2.0954476400020954
2.008137321668675
2.008137321668675
2.008137321668675
2.008137321668675
2.008137321668675
2.008137321668675
2.008137321668675
2.008137321668675
2.008137321668675
2.008137321668675
2.008137321668675
2.008137321668675
2.008137321668675
2.008137321668675
2.7851991548361186
3.012205982503012
3.012205982503012
3.012205982503012
3.012205982503012
3.012205982503012
3.012205982503012
3.012205982503012
2.226413117502226
2.008137321668675
2.008137321668675
2.008137321668675
2.008137321668675
2.008137321668675
2.008137321668675
2.008137321668675
2.008137321668675
2.008137321668675
2.008137321668675
2.008137321668675
2.008137321668675
2.008137321668675
2.025599385335359
3.012205982503012
3.012205982503012
3.012205982503012
3.012205982503012
3.012205982503012
3.012205982503012
3.012205982503012
2.566923359002567
2.008137321668675
2.008137321668675
2.008137321668675
2.008137321668675
2.008137321668675
2.008137321668675
2.008137321668675
2.008137321668675
2.008137321668675
2.008137321668675
2.008137321668675
2.008137321668675
2.008137321668675
2.008137321668675
2.584385422669251
3.012205982503012
3.012205982503012
3.012205982503012
3.012205982503012
3.012205982503012
2.348647563169015
2.008137321668675
2.008137321668675
2.008137321668675
2.008137321668675
2.008137321668675
2.008137321668675
2.008137321668675
2.008137321668675
2.008137321668675
2.008137321668675
2.008137321668675
2.008137321668675
2.008137321668675
2.226413117502226
3.012205982503012
3.012205982503012
3.012205982503012
3.012205982503012
3.012205982503012
3.012205982503012
2.6978888365026976
2.008137321668675
2.008137321668675
2.008137321668675
2.008137321668675
2.008137321668675
2.008137321668675
2.008137321668675
2.008137321668675
2.008137321668675
2.008137321668675
2.008137321668675
2.008137321668675
2.008137321668675
2.5319992316691984
3.012205982503012
3.012205982503012
3.012205982503012
3.012205982503012
3.012205982503012
2.610578518169277
2.008137321668675
2.008137321668675
2.008137321668675
2.008137321668675
2.008137321668675
2.008137321668675
2.008137321668675
2.008137321668675
1.5715857300015714
1.7811304940017811
2.008137321668675
2.008137321668675
2.008137321668675
2.008137321668675
2.025599385335359
3.012205982503012
3.012205982503012
3.012205982503012
3.012205982503012
2.025599385335359
2.008137321668675
2.008137321668675
2.008137321668675
2.008137321668675
1.8335166850018334
1.0040686608343374
1.0040686608343374
1.0040686608343374
1.0040686608343374
1.0040686608343374
1.0040686608343374
1.0040686608343374
1.0040686608343374
1.0040686608343374
1.8509787486685176
2.008137321668675
2.008137321668675
2.008137321668675
2.951088759669618
3.012205982503012
3.012205982503012
3.012205982503012
2.8113922503361444
2.008137321668675
2.008137321668675
2.008137321668675
2.008137321668675
2.008137321668675
1.5453926345015454
1.0040686608343374
1.0040686608343374
1.0040686608343374
1.0040686608343374
1.0040686608343374
1.0040686608343374
1.9382890670019381
2.008137321668675
2.008137321668675
2.008137321668675
2.566923359002567
3.012205982503012
3.012205982503012
3.012205982503012
3.012205982503012
2.051792480835385
2.008137321668675
2.008137321668675
2.008137321668675
2.008137321668675
1.632702952834966
1.0040686608343374
1.0040686608343374
1.0040686608343374
1.0040686608343374
1.0040686608343374
1.0040686608343374
1.0040686608343374
1.8335166850018334
2.008137321668675
2.008137321668675
2.008137321668675
2.182757958335516
3.012205982503012
3.012205982503012
3.012205982503012
2.4184958178357516
2.008137321668675
2.008137321668675
2.008137321668675
1.8073235895018072
1.0040686608343374
1.0040686608343374
1.0040686608343374
1.0040686608343374
1.0040686608343374
1.0040686608343374
1.0040686608343374
1.0040686608343374
1.0040686608343374
1.0040686608343374
1.1874203293345207
2.008137321668675
2.008137321668675
2.008137321668675
2.008137321668675
2.008137321668675
2.008137321668675
2.008137321668675
2.008137321668675
2.008137321668675
1.4580823161681247
1.0040686608343374
1.0040686608343374
1.0040686608343374
1.0040686608343374
1.0040686608343374
1.0040686608343374
1.0040686608343374
1.0040686608343374
1.0040686608343374
1.0040686608343374
1.0040686608343374
1.7112822393350444
2.008137321668675
2.008137321668675
2.008137321668675
2.008137321668675
2.008137321668675
2.008137321668675
2.008137321668675
2.008137321668675
2.008137321668675
1.754937398501755
1.0040686608343374
1.0040686608343374
1.0040686608343374
1.0040686608343374
1.0040686608343374
1.0040686608343374
1.0040686608343374
1.0040686608343374
1.0040686608343374
1.475544379834809
2.008137321668675
2.008137321668675
2.008137321668675
2.008137321668675
2.008137321668675
2.008137321668675
2.008137321668675
2.008137321668675
2.008137321668675
2.008137321668675
2.008137321668675
2.008137321668675
2.008137321668675
2.008137321668675
2.008137321668675
2.008137321668675
2.008137321668675
2.008137321668675
2.008137321668675
2.008137321668675
2.008137321668675
2.008137321668675
2.008137321668675
2.008137321668675
2.008137321668675
2.008137321668675
2.9772818551696436
3.012205982503012
3.012205982503012
3.012205982503012
2.9248956641695916
2.008137321668675
2.008137321668675
2.008137321668675
2.008137321668675
2.008137321668675
2.008137321668675
2.008137321668675
1.1088410428344422
1.0040686608343374
1.0040686608343374
1.0040686608343374
1.1612272338344944
2.008137321668675
2.008137321668675
2.008137321668675
2.008137321668675
2.6804267728360136
3.012205982503012
3.012205982503012
3.012205982503012
2.584385422669251
2.008137321668675
2.008137321668675
2.008137321668675
2.008137321668675
2.008137321668675
1.0477238200010477
1.0040686608343374
1.0040686608343374
1.0040686608343374
1.0040686608343374
1.0040686608343374
1.0040686608343374
1.3009237431679674
2.008137321668675
2.008137321668675
2.008137321668675
2.008137321668675
2.444688913335778
3.012205982503012
3.012205982503012
2.8375853458361706
2.008137321668675
2.008137321668675
2.008137321668675
2.008137321668675
1.8771718441685437
1.0040686608343374
1.0040686608343374
1.0040686608343374
1.0040686608343374
1.0040686608343374
1.0040686608343374
1.0040686608343374
1.0040686608343374
1.501737475334835
2.008137321668675
2.008137321668675
2.008137321668675
2.008137321668675
2.951088759669618
3.012205982503012
2.5407302635025406
2.008137321668675
2.008137321668675
2.008137321668675
2.008137321668675
1.4056961251680722
1.0040686608343374
1.0040686608343374
1.0040686608343374
1.0040686608343374
1.0040686608343374
1.0040686608343374
1.0040686608343374
1.0040686608343374
1.0040686608343374
1.0040686608343374
1.8247856531684914
2.008137321668675
2.008137321668675
2.008137321668675
2.741543995669408
3.012205982503012
2.8987025686695653
2.008137321668675
2.008137321668675
2.008137321668675
2.008137321668675
2.008137321668675
1.204882393001205
1.0040686608343374
1.0040686608343374
1.0040686608343374
1.0040686608343374
1.0040686608343374
1.0040686608343374
1.0040686608343374
1.0040686608343374
1.082647947334416
2.008137321668675
2.008137321668675
2.008137321668675
2.008137321668675
2.9161646323362493
3.012205982503012
3.012205982503012
3.012205982503012
2.75027502750275
2.008137321668675
2.008137321668675
2.008137321668675
2.008137321668675
2.008137321668675
2.008137321668675
2.008137321668675
2.008137321668675
2.008137321668675
2.008137321668675
2.008137321668675
2.008137321668675
2.008137321668675
2.008137321668675
2.008137321668675
2.008137321668675
2.6542336773359874
3.012205982503012
3.012205982503012
3.012205982503012
3.012205982503012
2.470882008835804
2.008137321668675
2.008137321668675
2.008137321668675
2.008137321668675
2.008137321668675
2.008137321668675
2.008137321668675
2.008137321668675
2.5581923271692246
3.012205982503012
2.5319992316691984
2.008137321668675
2.008137321668675
2.008137321668675
2.008137321668675
2.008137321668675
2.008137321668675
2.331185499502331
3.012205982503012
3.012205982503012
3.012205982503012
3.012205982503012
3.012205982503012
2.855047409502855
2.008137321668675
2.008137321668675
2.008137321668675
2.008137321668675
2.008137321668675
2.008137321668675
2.008137321668675
2.008137321668675
2.008137321668675
2.008137321668675
2.008137321668675
2.008137321668675
2.008137321668675
2.008137321668675
2.008137321668675
2.008137321668675
2.689157804669356
3.012205982503012
3.012205982503012
3.012205982503012
3.012205982503012
2.863778441336197
2.008137321668675
2.008137321668675
2.008137321668675
2.008137321668675
2.008137321668675
2.008137321668675
2.008137321668675
2.008137321668675
2.008137321668675
2.008137321668675
2.008137321668675
2.008137321668675
2.008137321668675
2.008137321668675
2.008137321668675
2.7851991548361186
3.012205982503012
3.012205982503012
3.012205982503012
3.012205982503012
3.012205982503012
3.012205982503012
2.086716608168753
2.008137321668675
2.008137321668675
2.008137321668675
2.008137321668675
2.008137321668675
2.008137321668675
2.008137321668675
2.008137321668675
2.008137321668675
2.008137321668675
2.008137321668675
