65.38545428107506
65.40968906768776
79.61127402273223
97.64195526258392
94.29755471003078
84.19164869253326
81.42888301868503
81.42888301868503
79.80515231563386
78.37529990548434
78.25412597242082
75.85488209776314
71.92884666650511
69.94159416426339
68.65715047379008
67.42117635654219
65.79744565349102
65.79744565349102
86.66359692702906
97.42384218306958
89.54753653394083
83.48883988076486
82.44674405641858
82.25286576351695
80.21714368804983
78.37529990548434
77.502847587427
75.75794295131232
71.856142306667
69.62654193829823
68.172454741536
66.9122458376754
65.57933257397669
65.6520369338148
78.39953469209703
98.85369459321912
92.62535443375421
85.40338802316846
83.46460509415215
83.46460509415215
81.59852652497395
79.465865303056
78.35106511887163
76.99391706856021
72.80129898456245
69.69924629813634
69.21455056588228
68.94796791314253
67.97857644863437
66.35484574558322
65.21581077478614
67.20306327702785
79.3931609432179
91.07432809054117
84.84598793107627
83.56154424060297
83.56154424060297
81.71970045803747
80.09596975498631
79.00540435741463
76.80003877565858
73.2132903569784
70.74134212248262
69.82042023119986
68.94796791314253
67.93010687540897
66.9607154109008
69.67501151152365
92.98887623294478
95.0730678816373
86.2758403412258
83.34343116108863
82.78603106899644
81.25923951239609
79.9747958219228
78.44800426532245
76.16993432372828
72.99517727746408
70.20817681700314
69.45689843200931
68.7783244068536
67.78469815573274
66.33061095897051
72.31660325230837
98.1993553546761
98.02971184838718
88.67508421588349
85.50032716961927
85.47609238300657
83.56154424060297
80.31408283450065
79.44163051644331
79.10234350386546
75.32171679228365
72.29236846569566
70.98368998860965
69.84465501781257
69.21455056588228
67.66352422266922
66.45178489203403
83.1010832949616
100.76824273562272
94.61260693599593
86.54242299396554
84.55517049172383
84.48246613188572
82.97990936189807
80.55643070062769
79.3931609432179
77.64825630710322
73.62528172939437
72.07425538618133
70.83828126893343
69.57807236507283
68.02704602185977
66.76683711799917
78.25412597242082
99.70191212466375
98.27205971451421
86.13043162154958
85.50032716961927
85.50032716961927
84.09470954608246
82.495213629644
81.69546567142477
80.33831762111335
75.61253423163609
73.55257736955626
72.65589026488622
71.3472117878002
70.30511596345394
77.43014322758889
101.68916462690547
97.90853791532366
92.33453699440177
87.94804061750237
87.5360492450864
87.07558829944503
84.3855269854349
83.48883988076486
82.81026585560915
78.66611734483678
76.75156920243317
75.41865593873446
74.71584712696605
72.92247291762597
71.97731623973051
82.30133533674237
103.62794755592178
98.27205971451421
92.23759784795095
90.6138671448998
90.58963235828709
88.40850156314374
85.93655332864795
85.50032716961927
84.9671618641398
79.99903060853549
77.01815185517292
75.41865593873446
74.06150788842305
72.77706419794974
71.78343794682888
84.53093570511112
101.9315124930325
97.95700748854907
90.6623367181252
89.59600610716623
89.86258875990598
87.34217095218477
85.0156314373652
84.48246613188572
83.61001381382837
78.69035213144949
76.63039526936966
75.29748200567094
74.25538618132468
72.80129898456245
71.22603785473669
71.56532486731454
90.17764098587112
96.2605724256598
90.80774543780143
89.45059738749
89.15977994813755
87.17252744589584
84.72481399801275
84.48246613188572
84.48246613188572
79.9747958219228
78.18142161258271
76.07299517727746
74.81278627341686
73.67375130261978
72.31660325230837
84.21588347914597
103.33713011656933
97.30266825000606
91.53478903618254
90.58963235828709
90.34728449216006
87.17252744589584
85.50032716961927
84.53093570511112
83.80389210673
78.83576085112571
76.70309962920777
75.85488209776314
74.9824297797058
73.67375130261978
73.23752514359111
83.36766594770134
101.68916462690547
98.73252066015559
94.87918958873567
91.77713690230958
90.29881491893464
86.56665778057824
85.50032716961927
85.33068366333035
81.38041344545961
78.25412597242082
76.3395778300172
75.27324721905823
74.30385575455009
73.33446429004194
71.63802922715266
83.94930082640623
105.6636696313889
98.61134672709207
92.47994571407799
90.58963235828709
90.6138671448998
88.50544070959455
85.76690982235901
85.50032716961927
84.94292707752709
79.92632624869738
77.47861280081429
76.46075176308074
75.41865593873446
74.30385575455009
72.68012505149892
74.4007949010009
94.03097205729104
105.49402612509998
96.09092891937087
90.46845842522357
89.57177132055352
88.57814506943267
86.37277948767661
85.37915323655575
84.48246613188572
81.04112643288177
77.69672588032863
75.7337081646996
75.05513413954391
74.03727310181034
72.99517727746408
71.41991614763832
71.2987422145748
80.89571771320554
87.5118144584737
92.64958922036692
91.60749339602066
91.2439715968301
88.43273634975644
85.79114460897172
85.50032716961927
84.14317911930786
80.12020454159901
77.74519545355403
76.41228218985532
75.34595157889635
73.7706904490706
72.5589511184354
71.2745074279621
81.08959600610717
105.83331313767783
100.84094709546083
93.30392845890992
90.80774543780143
90.58963235828709
89.98376269296949
86.34854470106391
85.30644887671764
84.48246613188572
79.78091752902117
77.79366502677944
76.92121270872211
76.36381261662991
74.88549063325497
73.31022950342923
72.97094249085137
82.97990936189807
102.36773865206118
94.53990257615781
90.95315415747764
90.58963235828709
89.69294525361704
87.14829265928314
86.13043162154958
85.50032716961927
81.69546567142477
78.44800426532245
76.96968228194751
76.46075176308074
75.46712551195986
73.18905557036571
78.73882170467489
101.03482538836246
106.58459152267164
93.93403291084023
91.99524998182392
91.60749339602066
89.78988440006786
86.8817100065434
86.20313598138769
85.18527494365412
80.21714368804983
77.30896929452537
76.09722996389017
75.29748200567094
74.01303831519763
72.31660325230837
72.77706419794974
94.4187286430943
102.56161694496281
94.03097205729104
91.60749339602066
91.60749339602066
89.88682354651867
87.14829265928314
86.51818820735284
85.33068366333035
80.50796112740228
77.89060417323026
76.72733441582047
75.20054285922012
73.89186438213412
72.31660325230837
70.52322904296828
71.856142306667
93.95826769745292
98.51440758064126
91.8983108353731
90.22611055909653
89.54753653394083
87.5118144584737
84.82175314446357
84.48246613188572
84.21588347914597
80.12020454159901
78.88423042435112
76.53345612291884
75.46712551195986
74.03727310181034
72.51048154521
85.13680537042872
106.12413057703027
98.780990233381
91.07432809054117
88.89319729539781
88.62661464265807
86.9059447931561
85.25797930349223
85.16104015704143
84.3612921988222
79.63550880934494
77.01815185517292
75.5882994450234
74.44926447422631
73.26175993020382
72.41354239875918
92.72229358020503
108.32949615878633
104.11264328817585
96.13939849259627
91.8983108353731
91.51055424956984
88.67508421588349
87.34217095218477
86.51818820735284
84.84598793107627
79.87785667547197
77.96330853306837
76.36381261662991
75.24901243244554
74.08574267503575
72.41354239875918
87.94804061750237
108.2325570123355
101.2771732544895
94.15214599035455
91.9225456219858
91.53478903618254
89.64447568039164
86.54242299396554
86.2273707680004
85.33068366333035
81.35617865884691
78.61764777161137
77.26049972129995
76.194169110341
75.00666456631849
73.43140343649274
77.26049972129995
84.57940527833652
106.02719143057946
91.65596296924606
90.58963235828709
90.46845842522357
87.92380583088966
85.79114460897172
85.50032716961927
85.0641010105906
80.14443932821172
77.81789981339215
76.60616048275695
76.3395778300172
74.83702106002957
73.50410779633086
75.0793689261566
80.31408283450065
102.00421685287061
94.51566778954512
92.62535443375421
92.60111964714152
90.6138671448998
87.39064052541018
86.80900564670529
86.20313598138769
82.27710055012966
78.95693478418923
77.5513171606524
76.48498654969343
75.32171679228365
73.7706904490706
72.43777718537189
75.15207328599472
101.39834718755301
101.37411240094032
94.442963429707
92.62535443375421
92.5526500739161
90.32304970554735
88.91743208201052
87.5360492450864
85.30644887671764
81.42888301868503
78.811526064513
77.64825630710322
76.72733441582047
75.32171679228365
73.819160022296
74.69161234035334
96.9391464508155
108.45067009184984
99.3626251120859
94.03097205729104
93.35239803213533
92.28606742117636
90.32304970554735
89.30518866781378
88.38426677653104
84.3612921988222
80.84724813998014
79.63550880934494
78.66611734483678
78.37529990548434
76.70309962920777
83.58577902721566
110.0986355815137
105.51826091171267
97.5207813295204
94.78225044228486
94.51566778954512
92.33453699440177
89.95952790635678
89.3778930276519
87.5845188183118
83.31919637447592
81.2834742990088
80.28984804788794
79.44163051644331
77.93907374645566
79.24775222354168
95.6304679737295
112.93410561520007
103.96723456849963
99.3868598986986
97.71465962242203
97.5450161161331
94.73378086905946
91.82560647553498
91.60749339602066
89.52330174732812
84.84598793107627
83.05261372173618
81.55005695174854
80.48372634078957
79.15081307709086
80.16867411482443
103.04631267721687
105.93025228412864
100.88941666868624
98.99910331289533
98.51440758064126
95.77587669340572
94.66107650922135
93.90979812422752
93.27969367229721
88.45697113636915
85.74267503574632
84.24011826575867
83.46460509415215
82.97990936189807
80.79877856675472
96.2605724256598
116.23003659452779
110.82567917989482
104.06417371495044
101.05906017497516
100.55012965610838
97.03608559726632
94.97612873518649
94.66107650922135
93.64321547148778
88.91743208201052
86.39701427428932
85.40338802316846
83.92506603979352
82.39827448319318
84.82175314446357
96.16363327920898
115.6484017158229
109.90475728861207
105.08203475268401
103.21595618350581
102.17386035915955
98.36899886096504
96.3332767854979
95.6547027603422
92.28606742117636
89.54753653394083
86.97864915299421
85.54879674284469
84.43399655866031
82.81026585560915
81.04112643288177
83.48883988076486
106.07566100380487
117.10248891258513
109.15347890361826
103.36136490318204
102.80396481108984
100.47742529627027
96.76950294452658
95.70317233356761
95.60623318711679
92.26183263456366
89.3778930276519
87.89957104427695
86.00925768848606
84.26435305237138
83.02837893512348
81.2350047257834
81.71970045803747
102.39197343867387
116.32697574097861
108.30526137217362
102.10115599932143
100.76824273562272
99.53226861837481
97.01185081065361
96.2848072122725
95.6789375469549
91.38938031650632
89.15977994813755
86.97864915299421
85.37915323655575
84.11894433269515
82.78603106899644
82.32557012335506
99.82308605772727
111.8677750042411
112.59481860262221
103.07054746382958
101.83457334658169
99.33839032547318
96.8906768775901
96.57562465162495
95.70317233356761
93.25545888568452
88.40850156314374
86.97864915299421
85.79114460897172
84.4097617720476
82.81026585560915
85.96078811526066
111.45578363182513
118.24152388338221
110.24404430118993
105.34861740542375
103.99146935511233
101.59222548045464
97.98124227516178
97.18149431694255
96.69679858468847
93.8128589777767
89.64447568039164
87.92380583088966
86.34854470106391
85.16104015704143
83.46460509415215
85.91231854203524
115.28487991663233
116.13309744807698
108.81419189104041
103.62794755592178
102.68279087802632
100.84094709546083
97.42384218306958
95.72740712018032
95.6304679737295
93.01311101955747
88.796258148947
86.78477086009258
85.33068366333035
84.04623997285704
82.85873542883455
81.86510917771369
83.22225722802511
108.03867871943388
108.7899571044277
102.31926907883576
100.74400794901001
98.97486852628263
96.43021593194872
95.6547027603422
95.55776361389138
93.69168504471318
88.43273634975644
86.3000751278385
85.0641010105906
83.80389210673
82.18016140367884
81.42888301868503
83.44037030753944
108.2325570123355
110.21980951457724
104.79121731333156
102.77973002447713
100.93788624191164
97.37537260984418
95.6789375469549
95.6547027603422
93.54627632503696
89.88682354651867
87.19676223250855
85.59726631607009
84.11894433269515
82.5921527760948
81.42888301868503
88.40850156314374
114.36395802534959
112.88563604197465
105.49402612509998
102.39197343867387
101.76186898674358
98.95063373966993
95.89705062646924
95.17000702808812
93.71591983132589
89.30518866781378
87.14829265928314
85.25797930349223
83.87659646656812
82.56791798948211
81.67123088481206
81.81663960448829
106.73000024234787
114.96982769066719
106.56035673605895
101.3256428277149
100.76824273562272
99.16874681918426
96.09092891937087
94.61260693599593
94.22485035019267
91.2924411700555
87.34217095218477
85.37915323655575
84.02200518624434
83.17378765479971
81.3319438722342
83.41613552092674
107.04505246831302
113.92773186632093
106.99658289508761
102.46467779851199
100.84094709546083
99.14451203257155
94.90342437534838
94.53990257615781
93.7643894045513
90.32304970554735
87.19676223250855
85.59726631607009
84.48246613188572
83.36766594770134
82.5921527760948
91.63172818263335
115.28487991663233
109.92899207522478
104.03993892833775
102.27079950561036
101.13176453481327
97.37537260984418
95.6789375469549
95.31541574776435
94.32178949664349
90.0564670528076
86.97864915299421
85.6699706759082
85.50032716961927
83.68271817366649
83.39190073431404
106.12413057703027
116.01192351501345
110.63180088699319
101.34987761432761
100.28354700336864
98.34476407435233
95.75164190679301
94.66107650922135
94.66107650922135
91.55902382279524
89.08707558829946
87.12405787267043
85.52456195623198
84.65210963817464
84.99139665075249
103.07054746382958
114.31548845212419
106.68153066912247
102.77973002447713
101.13176453481327
99.67767733805104
96.35751157211061
95.46082446744057
94.66107650922135
91.05009330392846
88.04497976395318
86.56665778057824
85.28221409010494
83.70695296027918
84.11894433269515
98.82945980660641
115.06676683711801
111.60119235150135
105.0335651794586
103.28866054334392
101.76186898674358
97.10878995710443
95.75164190679301
95.6789375469549
92.04371955504932
89.03860601507404
86.78477086009258
85.93655332864795
85.23374451687954
83.92506603979352
82.66485713593292
100.21084264353053
111.8677750042411
106.36647844315732
102.5373821583501
101.39834718755301
99.26568596563507
96.62409422485035
95.6789375469549
95.58199840050409
92.09218912827473
88.96590165523592
86.95441436638151
85.98502290187335
85.47609238300657
85.45185759639386
94.70954608244675
116.23003659452779
110.41368780747887
105.13050432590941
103.62794755592178
101.15599932142598
98.05394663499989
97.59348568935852
96.38174635872332
92.89193708649395
89.78988440006786
87.5118144584737
86.08196204832417
84.94292707752709
83.46460509415215
84.33705741220949
100.76824273562272
112.40094030972058
105.7121392046143
102.97360831737878
102.29503429222306
99.31415553886049
96.13939849259627
95.38812010760246
94.66107650922135
91.70443254247147
88.141918910404
85.98502290187335
84.62787485156194
83.97353561301892
82.44674405641858
87.87533625766426
112.08588808375542
112.93410561520007
106.02719143057946
102.29503429222306
100.88941666868624
97.64195526258392
95.82434626663112
95.29118096115164
94.66107650922135
90.90468458425224
87.80263189782615
86.03349247509875
84.16741390592057
85.42762280978117
108.30526137217362
114.14584494583525
109.63817463587233
103.53100840947096
101.51952112061653
99.26568596563507
96.2848072122725
95.6789375469549
95.53352882727869
93.7401546179386
89.57177132055352
86.59089256719095
84.94292707752709
85.76690982235901
108.93536582410393
115.93921915517534
111.43154884521242
104.69427816688075
102.63432130480092
100.28354700336864
97.01185081065361
95.75164190679301
95.12153745486272
93.25545888568452
88.57814506943267
86.59089256719095
85.16104015704143
84.09470954608246
94.29755471003078
114.26701887889878
115.6484017158229
106.63306109589706
103.40983447640744
101.44681676077843
97.39960739645687
95.6789375469549
95.6304679737295
93.37663281874804
89.95952790635678
87.12405787267043
85.79114460897172
83.94930082640623
83.46460509415215
92.77076315343044
115.28487991663233
111.89200979085379
105.73637399122701
103.11901703705499
102.14962557254684
98.44170322080315
95.75164190679301
95.6789375469549
95.0488330950246
89.52330174732812
87.24523180573395
85.57303152945738
84.31282262559678
82.93143978867266
81.64699609819935
82.42250926980589
100.38048614981946
113.80655793325741
107.09352204153844
101.18023410803869
99.75038169788915
97.81159876887284
94.07944163051644
93.64321547148778
93.64321547148778
90.75927586457601
88.33579720330563
86.20313598138769
84.94292707752709
83.31919637447592
82.05898747061532
80.82301335336743
80.28984804788794
79.70821316918305
108.0871482926593
104.06417371495044
99.3868598986986
98.36899886096504
96.18786806582169
94.05520684390375
93.57051111164967
92.38300656762718
91.63172818263335
87.5602840316991
84.89445750430168
83.05261372173618
81.9378135375518
80.87148292659283
79.58703923611952
79.75668274240846
104.23381722123938
112.37670552310787
103.72488670237259
100.57436444272109
98.87792937983181
97.78736398226015
94.3944938564816
93.134284952621
93.134284952621
90.10493662603301
87.31793616557206
86.15466640816229
85.50032716961927
85.50032716961927
85.50032716961927
85.50032716961927
93.23122409907181
113.75808836003199
109.08077454378015
106.2695392967065
104.30652158107749
103.65218234253447
101.2287036812641
98.99910331289533
98.10241620822529
94.75801565567215
89.88682354651867
86.97864915299421
86.46971863412743
85.98502290187335
