76.40681466184822
76.40681466184822
76.40681466184822
76.40681466184822
76.40681466184822
76.40681466184822
76.40681466184822
76.40681466184822
76.40681466184822
76.40681466184822
76.40681466184822
76.40681466184822
76.40681466184822
76.40681466184822
76.40681466184822
76.40681466184822
76.40681466184822
76.40681466184822
76.40681466184822
76.40681466184822
76.40681466184822
76.40681466184822
76.40681466184822
76.40681466184822
76.40681466184822
76.40681466184822
76.72451451491203
77.43933918430562
77.43933918430562
77.43933918430562
77.43933918430562
77.43933918430562
77.43933918430562
77.43933918430562
77.43933918430562
77.43933918430562
77.43933918430562
77.43933918430562
77.43933918430562
77.43933918430562
77.43933918430562
77.43933918430562
77.43933918430562
77.43933918430562
77.43933918430562
77.43933918430562
77.43933918430562
77.43933918430562
77.43933918430562
77.43933918430562
77.43933918430562
77.43933918430562
77.43933918430562
77.43933918430562
77.43933918430562
77.43933918430562
77.43933918430562
77.43933918430562
77.43933918430562
77.43933918430562
77.43933918430562
77.43933918430562
77.43933918430562
77.43933918430562
77.43933918430562
77.43933918430562
77.43933918430562
77.43933918430562
77.43933918430562
77.43933918430562
77.43933918430562
77.43933918430562
77.43933918430562
77.43933918430562
77.43933918430562
77.43933918430562
77.43933918430562
77.43933918430562
77.43933918430562
77.43933918430562
77.43933918430562
77.43933918430562
77.43933918430562
77.43933918430562
77.43933918430562
77.43933918430562
77.43933918430562
77.43933918430562
77.43933918430562
77.43933918430562
77.43933918430562
77.43933918430562
77.43933918430562
77.43933918430562
77.43933918430562
77.43933918430562
77.43933918430562
77.43933918430562
77.43933918430562
77.43933918430562
77.43933918430562
77.43933918430562
77.43933918430562
77.43933918430562
77.43933918430562
77.43933918430562
77.43933918430562
77.43933918430562
77.43933918430562
77.43933918430562
77.43933918430562
77.43933918430562
77.43933918430562
77.43933918430562
77.43933918430562
77.43933918430562
77.43933918430562
77.43933918430562
77.43933918430562
77.43933918430562
77.43933918430562
77.43933918430562
77.43933918430562
77.43933918430562
77.43933918430562
77.43933918430562
77.43933918430562
77.43933918430562
77.43933918430562
77.43933918430562
77.43933918430562
77.43933918430562
77.43933918430562
77.43933918430562
77.43933918430562
77.43933918430562
77.43933918430562
77.43933918430562
77.43933918430562
77.43933918430562
77.43933918430562
77.43933918430562
77.43933918430562
77.43933918430562
77.43933918430562
77.43933918430562
77.43933918430562
77.43933918430562
77.43933918430562
77.43933918430562
77.43933918430562
77.43933918430562
77.43933918430562
77.43933918430562
77.43933918430562
77.43933918430562
77.43933918430562
77.43933918430562
77.43933918430562
77.43933918430562
77.43933918430562
77.43933918430562
77.43933918430562
77.43933918430562
77.43933918430562
77.43933918430562
77.43933918430562
77.43933918430562
77.43933918430562
77.43933918430562
77.43933918430562
77.43933918430562
77.43933918430562
77.43933918430562
77.43933918430562
77.43933918430562
77.43933918430562
77.43933918430562
77.43933918430562
78.23358881696517
78.47186370676303
78.47186370676303
78.47186370676303
78.47186370676303
78.47186370676303
78.47186370676303
78.47186370676303
78.47186370676303
78.47186370676303
78.47186370676303
78.47186370676303
78.47186370676303
78.47186370676303
78.47186370676303
78.47186370676303
78.47186370676303
78.47186370676303
78.47186370676303
78.47186370676303
78.47186370676303
78.47186370676303
78.47186370676303
78.47186370676303
78.47186370676303
78.47186370676303
77.95560144553433
77.43933918430562
77.43933918430562
77.43933918430562
77.43933918430562
77.43933918430562
77.43933918430562
77.43933918430562
77.43933918430562
77.43933918430562
77.43933918430562
77.43933918430562
77.43933918430562
77.43933918430562
77.43933918430562
77.43933918430562
77.43933918430562
77.43933918430562
77.43933918430562
77.43933918430562
77.43933918430562
77.43933918430562
77.43933918430562
77.43933918430562
77.43933918430562
77.43933918430562
77.43933918430562
77.43933918430562
77.43933918430562
77.43933918430562
77.43933918430562
77.43933918430562
77.43933918430562
77.43933918430562
77.43933918430562
77.43933918430562
77.43933918430562
77.43933918430562
77.43933918430562
77.43933918430562
77.43933918430562
77.43933918430562
77.43933918430562
77.43933918430562
77.43933918430562
77.43933918430562
77.43933918430562
77.43933918430562
77.43933918430562
77.43933918430562
77.43933918430562
77.43933918430562
77.43933918430562
77.43933918430562
76.56566458838013
76.40681466184822
76.40681466184822
76.40681466184822
76.40681466184822
76.40681466184822
76.40681466184822
76.40681466184822
76.40681466184822
76.40681466184822
76.40681466184822
76.40681466184822
76.40681466184822
76.40681466184822
76.40681466184822
76.40681466184822
76.40681466184822
76.40681466184822
76.40681466184822
76.40681466184822
76.40681466184822
76.40681466184822
76.40681466184822
76.40681466184822
76.40681466184822
76.40681466184822
76.40681466184822
76.40681466184822
76.40681466184822
76.40681466184822
76.40681466184822
76.40681466184822
76.40681466184822
76.40681466184822
76.40681466184822
76.40681466184822
76.40681466184822
76.40681466184822
76.40681466184822
76.40681466184822
76.40681466184822
76.40681466184822
76.40681466184822
76.40681466184822
76.40681466184822
76.40681466184822
76.40681466184822
76.40681466184822
76.40681466184822
76.40681466184822
76.40681466184822
76.40681466184822
76.40681466184822
76.40681466184822
76.40681466184822
76.40681466184822
76.40681466184822
76.40681466184822
76.40681466184822
76.40681466184822
76.40681466184822
76.40681466184822
76.40681466184822
76.40681466184822
76.40681466184822
76.40681466184822
76.40681466184822
76.40681466184822
76.40681466184822
76.40681466184822
76.40681466184822
76.40681466184822
76.40681466184822
76.40681466184822
76.40681466184822
76.64508955164608
77.43933918430562
77.43933918430562
77.43933918430562
77.43933918430562
77.43933918430562
77.43933918430562
77.43933918430562
77.43933918430562
77.43933918430562
77.43933918430562
77.43933918430562
77.43933918430562
77.43933918430562
77.43933918430562
77.43933918430562
77.43933918430562
77.43933918430562
77.43933918430562
77.43933918430562
77.43933918430562
77.43933918430562
77.43933918430562
77.43933918430562
77.43933918430562
77.43933918430562
76.16853977205035
75.37429013939081
75.37429013939081
75.37429013939081
75.37429013939081
75.37429013939081
75.37429013939081
75.37429013939081
75.37429013939081
75.37429013939081
75.37429013939081
75.37429013939081
75.37429013939081
75.37429013939081
75.37429013939081
75.37429013939081
75.37429013939081
75.37429013939081
75.37429013939081
75.37429013939081
75.37429013939081
75.37429013939081
75.37429013939081
75.37429013939081
75.37429013939081
75.37429013939081
75.37429013939081
75.37429013939081
75.37429013939081
75.37429013939081
75.37429013939081
75.37429013939081
75.37429013939081
75.37429013939081
75.37429013939081
75.37429013939081
75.37429013939081
75.37429013939081
75.37429013939081
75.37429013939081
75.37429013939081
75.37429013939081
75.37429013939081
75.37429013939081
75.37429013939081
75.37429013939081
75.37429013939081
75.37429013939081
75.37429013939081
75.37429013939081
75.37429013939081
75.37429013939081
75.37429013939081
75.37429013939081
75.37429013939081
75.37429013939081
75.37429013939081
75.37429013939081
75.37429013939081
75.37429013939081
75.37429013939081
75.37429013939081
75.37429013939081
75.37429013939081
75.37429013939081
75.37429013939081
75.37429013939081
75.37429013939081
75.37429013939081
75.37429013939081
75.37429013939081
75.37429013939081
75.37429013939081
75.37429013939081
75.37429013939081
75.37429013939081
75.37429013939081
75.37429013939081
75.37429013939081
75.37429013939081
75.37429013939081
75.37429013939081
75.37429013939081
75.37429013939081
75.37429013939081
75.37429013939081
75.37429013939081
75.37429013939081
75.37429013939081
75.37429013939081
75.37429013939081
75.37429013939081
75.37429013939081
75.37429013939081
75.37429013939081
75.37429013939081
75.37429013939081
75.37429013939081
75.37429013939081
75.37429013939081
75.37429013939081
75.37429013939081
75.37429013939081
75.37429013939081
74.73889043326317
74.3417656169334
74.3417656169334
74.3417656169334
74.3417656169334
74.3417656169334
74.3417656169334
74.3417656169334
74.3417656169334
74.3417656169334
74.3417656169334
74.3417656169334
74.3417656169334
74.3417656169334
74.3417656169334
74.3417656169334
74.3417656169334
74.3417656169334
74.3417656169334
74.3417656169334
74.3417656169334
74.3417656169334
74.3417656169334
74.3417656169334
76.56566458838013
78.47186370676303
78.47186370676303
78.47186370676303
78.47186370676303
78.47186370676303
78.47186370676303
78.47186370676303
78.47186370676303
78.47186370676303
78.47186370676303
78.47186370676303
78.47186370676303
78.47186370676303
78.47186370676303
78.47186370676303
78.47186370676303
78.47186370676303
78.47186370676303
78.47186370676303
78.47186370676303
78.47186370676303
78.47186370676303
78.47186370676303
78.47186370676303
78.47186370676303
78.47186370676303
78.47186370676303
78.47186370676303
78.47186370676303
78.47186370676303
78.47186370676303
78.47186370676303
78.47186370676303
78.47186370676303
78.47186370676303
78.47186370676303
78.47186370676303
78.47186370676303
78.47186370676303
78.47186370676303
78.47186370676303
78.47186370676303
78.47186370676303
78.47186370676303
78.47186370676303
78.47186370676303
78.47186370676303
78.47186370676303
78.11445137206624
77.43933918430562
77.43933918430562
77.43933918430562
77.43933918430562
77.43933918430562
77.43933918430562
77.43933918430562
77.43933918430562
77.43933918430562
77.43933918430562
77.43933918430562
77.43933918430562
77.43933918430562
77.43933918430562
77.43933918430562
77.43933918430562
77.43933918430562
77.43933918430562
77.43933918430562
77.43933918430562
77.39962670267265
76.40681466184822
76.40681466184822
76.40681466184822
76.40681466184822
76.40681466184822
76.40681466184822
76.40681466184822
76.40681466184822
76.40681466184822
76.40681466184822
76.40681466184822
76.40681466184822
76.40681466184822
76.40681466184822
76.40681466184822
76.40681466184822
76.40681466184822
76.40681466184822
76.40681466184822
76.40681466184822
76.40681466184822
77.9953139271673
78.47186370676303
78.47186370676303
78.47186370676303
78.47186370676303
78.47186370676303
78.47186370676303
78.47186370676303
78.47186370676303
78.47186370676303
78.47186370676303
78.47186370676303
78.47186370676303
78.47186370676303
78.47186370676303
78.47186370676303
78.47186370676303
78.47186370676303
78.47186370676303
78.47186370676303
78.47186370676303
78.47186370676303
78.98812596799173
79.50438822922044
79.50438822922044
79.50438822922044
79.50438822922044
79.50438822922044
79.50438822922044
79.50438822922044
79.50438822922044
79.50438822922044
79.50438822922044
79.50438822922044
79.50438822922044
79.50438822922044
79.50438822922044
79.50438822922044
79.50438822922044
79.50438822922044
79.50438822922044
79.50438822922044
79.50438822922044
79.50438822922044
79.50438822922044
79.50438822922044
79.50438822922044
79.50438822922044
79.50438822922044
79.50438822922044
79.50438822922044
79.50438822922044
79.50438822922044
79.50438822922044
79.50438822922044
79.50438822922044
79.50438822922044
79.50438822922044
79.50438822922044
79.50438822922044
79.50438822922044
79.50438822922044
79.50438822922044
79.50438822922044
79.50438822922044
79.50438822922044
79.50438822922044
79.50438822922044
77.59818911083754
77.43933918430562
77.43933918430562
77.43933918430562
77.43933918430562
77.43933918430562
77.43933918430562
77.43933918430562
77.43933918430562
77.43933918430562
77.43933918430562
77.43933918430562
77.43933918430562
77.43933918430562
77.43933918430562
77.43933918430562
77.43933918430562
77.43933918430562
77.43933918430562
77.43933918430562
77.43933918430562
77.43933918430562
77.43933918430562
77.43933918430562
77.43933918430562
77.43933918430562
77.43933918430562
77.43933918430562
77.43933918430562
77.43933918430562
77.43933918430562
77.43933918430562
77.43933918430562
77.43933918430562
77.43933918430562
77.43933918430562
77.43933918430562
77.43933918430562
77.43933918430562
77.43933918430562
77.43933918430562
77.43933918430562
77.43933918430562
77.43933918430562
77.43933918430562
77.43933918430562
77.43933918430562
77.43933918430562
77.43933918430562
77.43933918430562
77.43933918430562
77.43933918430562
77.35991422103967
76.40681466184822
76.40681466184822
76.40681466184822
76.40681466184822
76.40681466184822
76.40681466184822
76.40681466184822
76.40681466184822
76.40681466184822
76.40681466184822
76.40681466184822
76.40681466184822
76.40681466184822
76.40681466184822
76.40681466184822
76.40681466184822
76.40681466184822
76.40681466184822
76.40681466184822
76.40681466184822
76.40681466184822
76.40681466184822
76.40681466184822
76.40681466184822
75.53314006592272
75.37429013939081
75.37429013939081
75.37429013939081
75.37429013939081
75.37429013939081
75.37429013939081
75.37429013939081
75.37429013939081
75.37429013939081
75.37429013939081
75.37429013939081
75.37429013939081
75.37429013939081
75.37429013939081
75.37429013939081
75.37429013939081
75.37429013939081
75.37429013939081
75.37429013939081
75.37429013939081
75.37429013939081
75.37429013939081
75.37429013939081
75.37429013939081
75.37429013939081
76.40681466184822
76.40681466184822
76.40681466184822
76.40681466184822
76.40681466184822
76.40681466184822
76.40681466184822
76.40681466184822
76.40681466184822
76.40681466184822
76.40681466184822
76.40681466184822
76.40681466184822
76.40681466184822
76.40681466184822
76.40681466184822
76.40681466184822
76.40681466184822
76.40681466184822
76.40681466184822
76.40681466184822
76.40681466184822
76.40681466184822
76.40681466184822
76.40681466184822
76.40681466184822
76.40681466184822
76.40681466184822
74.58004050673127
74.3417656169334
74.3417656169334
74.3417656169334
74.3417656169334
74.3417656169334
74.3417656169334
74.3417656169334
74.3417656169334
74.3417656169334
74.3417656169334
74.3417656169334
74.3417656169334
74.3417656169334
74.3417656169334
74.3417656169334
74.3417656169334
74.3417656169334
74.3417656169334
74.3417656169334
74.3417656169334
74.3417656169334
74.3417656169334
74.3417656169334
74.3417656169334
74.3417656169334
76.40681466184822
76.40681466184822
76.40681466184822
76.40681466184822
76.40681466184822
76.40681466184822
76.40681466184822
76.40681466184822
76.40681466184822
76.40681466184822
76.40681466184822
76.40681466184822
76.40681466184822
76.40681466184822
76.40681466184822
76.40681466184822
76.40681466184822
76.40681466184822
76.40681466184822
76.40681466184822
76.40681466184822
76.40681466184822
76.40681466184822
76.40681466184822
76.40681466184822
76.40681466184822
74.3417656169334
74.3417656169334
74.3417656169334
74.3417656169334
74.3417656169334
74.3417656169334
74.3417656169334
74.3417656169334
74.3417656169334
74.3417656169334
74.3417656169334
74.3417656169334
74.3417656169334
74.3417656169334
74.3417656169334
74.3417656169334
74.3417656169334
74.3417656169334
74.3417656169334
74.3417656169334
74.3417656169334
74.3417656169334
74.3417656169334
74.3417656169334
74.3417656169334
74.3417656169334
74.3417656169334
74.3417656169334
74.3417656169334
74.3417656169334
74.3417656169334
74.3417656169334
74.3417656169334
74.3417656169334
74.3417656169334
74.3417656169334
74.3417656169334
74.3417656169334
74.3417656169334
74.3417656169334
74.3417656169334
74.3417656169334
74.3417656169334
74.3417656169334
74.3417656169334
74.3417656169334
74.3417656169334
74.3417656169334
74.3417656169334
74.3417656169334
74.3417656169334
74.3417656169334
74.3417656169334
74.3417656169334
74.3417656169334
74.3417656169334
74.3417656169334
74.3417656169334
74.3417656169334
74.3417656169334
74.3417656169334
74.3417656169334
74.3417656169334
74.3417656169334
74.3417656169334
74.3417656169334
74.3417656169334
74.3417656169334
74.3417656169334
74.3417656169334
74.3417656169334
74.3417656169334
74.3417656169334
74.3417656169334
74.3417656169334
74.3417656169334
74.3417656169334
74.3417656169334
74.3417656169334
75.2154402128589
75.37429013939081
75.37429013939081
75.37429013939081
75.37429013939081
75.37429013939081
75.37429013939081
75.37429013939081
75.37429013939081
75.37429013939081
75.37429013939081
75.37429013939081
75.37429013939081
75.37429013939081
75.37429013939081
75.37429013939081
75.37429013939081
75.37429013939081
75.37429013939081
75.37429013939081
75.37429013939081
75.37429013939081
