88.45686512758202
93.66429439333449
103.21124804721403
104.80819302204479
104.56517965630967
103.69727477868426
103.69727477868426
103.17653185210901
101.99618121853845
100.32980385349765
99.67019614650235
99.67019614650235
99.28831800034716
99.25360180524214
99.11473702482208
95.43482034369033
93.4907134178094
92.13678180871376
90.95643117514321
89.9149453219927
89.60249956604756
89.60249956604756
89.60249956604756
89.18590522478736
88.59572990800208
88.24856795695192
87.62367644506162
88.56101371289706
95.46953653879535
106.85644853324075
108.03679916681132
107.72435341086617
105.95382746051033
103.97500433952439
101.51015448706822
99.01058843950703
97.86495400104148
97.83023780593648
97.83023780593648
98.59399409824684
98.62871029335184
96.26800902621073
93.66429439333449
89.35948620031245
84.77694844645028
82.58982815483424
82.55511195972922
82.58982815483424
83.11057108140947
83.3535844471446
83.49244922756466
83.80489498350981
89.11647283457734
102.13504599895852
106.09269224093039
105.71081409477522
104.8429092171498
104.6346120465197
103.14181565700399
101.16299253601805
98.45512931782677
97.34421107446624
96.64988717236591
96.89290053810103
96.92761673320604
96.02499566047561
93.4559972227044
91.65075507724353
89.94966151709772
88.66516229821212
88.59572990800208
88.24856795695192
87.65839264016664
87.10293351848638
86.58219059191113
86.23502864086096
85.64485332407568
86.304461031071
94.84464502690506
106.33570560666551
107.1341780940809
106.71758375282069
106.16212463114043
105.0512063877799
103.5584099982642
100.71168199965284
98.48984551293178
97.41364346467627
97.41364346467627
96.85818434299601
96.64988717236591
94.35861829543482
91.92848463808367
90.12324249262281
89.01232424926228
88.2138517618469
87.24179829890645
86.58219059191113
86.54747439680611
86.16559625065094
85.40183995834056
84.70751605624024
83.77017878840479
82.86755771567437
82.62454434993924
82.86755771567437
90.60926922409304
103.00295087658392
102.55164034021871
101.12827634091303
99.32303419545218
97.2747786842562
94.77521263669502
93.59486200312446
93.4559972227044
93.38656483249436
93.59486200312446
93.62957819822948
93.56014580801944
90.81756639472314
89.8802291268877
88.28328415205694
86.85992015275126
84.56865127582017
81.61777469189377
79.22235722964763
77.83370942544697
77.52126366950182
77.86842562055199
79.1529248394376
91.30359312619338
102.34334316958861
102.62107273042875
101.82260024301337
101.16299253601805
99.56604756118729
96.54573858705086
92.90053810102413
88.52629751779205
86.82520395764624
85.92258288491581
83.63131400798473
77.55597986460684
73.42475264710988
73.07759069605972
74.67453567089048
77.59069605971186
80.36799166811318
82.41624717930915
83.28415205693456
85.15882659260545
87.31123068911647
91.02586356535323
94.9487936122201
96.64988717236591
95.5736851241104
94.0808887345947
93.28241624717931
92.622808540184
92.76167332060406
92.622808540184
91.75490366255859
91.7896198576636
92.27564658913383
92.622808540184
93.38656483249436
98.35098073251172
106.64815136261066
110.60579760458253
110.60579760458253
109.98090609269224
109.94618989758723
109.35601458080194
107.96736677660128
105.74553028988024
100.88526297517792
95.01822600243014
91.19944454087832
89.56778337094255
86.9293525429613
84.49921888561013
83.56188161777469
87.31123068911647
106.12740843603541
108.73112306891164
92.8658219059191
83.77017878840479
82.03436903315396
80.26384308279813
78.07672279118209
76.54921020656136
76.09789967019614
76.41034542614129
76.44506162124631
76.51449401145635
75.82017010935601
73.8760631834751
72.97344211074466
72.31383440374935
71.44592952612393
70.50859225828849
70.12671411213331
69.91841694150321
69.467106405138
69.43239021003298
69.29352542961291
68.77278250303766
70.05728172192327
90.08852629751779
105.19007116819996
100.67696580454782
86.47804200659608
79.5695191806978
77.83370942544697
76.13261586530116
75.05641381704565
73.59833362263495
73.52890123242493
74.15379274431523
73.94549557368512
74.43152230515535
72.76514494011457
70.50859225828849
68.39090435688249
67.24526991841694
65.75247352890123
65.0581496268009
64.36382572470058
63.73893421281028
62.90574553028988
62.41971879881965
62.62801596944975
68.14789099114738
97.37892726957125
105.32893594862003
96.23329283110571
84.8463808366603
82.5203957646242
76.8616559625065
73.0428745009547
71.09876757507378
70.50859225828849
70.47387606318348
71.13348377017878
71.37649713591391
71.37649713591391
70.19614650234334
69.18937684429787
66.68981079673668
64.81513626106579
63.634785627495226
63.07932650581496
62.558583579239716
62.41971879881965
61.8989758722444
61.412949140774174
61.412949140774174
65.40531157785107
93.94202395417463
103.24596424231905
101.99618121853845
96.30272522131574
84.60336747092519
78.9446276688075
77.38239888908176
75.61187293872591
73.73719840305503
72.2096858184343
71.68894289185906
72.24440201353931
72.45269918416942
71.75837528206908
70.02256552681825
67.41885089394202
64.88456865127583
63.11404270091998
62.00312445755945
61.447665335879186
60.92692240930394
60.89220621419892
60.406179482728696
60.47561187293873
65.6830411386912
91.85905224787363
97.58722444020135
94.21975351501476
88.04027078632183
83.66603020308975
76.72279118208644
73.00815830584968
71.13348377017878
69.50182260024302
68.46033674709253
68.52976913730255
68.80749869814268
68.52976913730255
68.4256205519875
67.17583752820691
64.78042006596077
63.565353237285194
62.41971879881965
61.447665335879186
60.78805762888388
60.406179482728696
60.336747092518664
59.81600416594341
59.46884221489325
60.92692240930394
86.7210553723312
95.95556327026559
93.76844297864955
87.1723659086964
77.62541225481688
73.0428745009547
71.06405137996876
70.12671411213331
70.75160562402361
72.27911820864433
72.93872591563965
79.18764103454261
81.4789099114737
84.08262454434994
84.56865127582017
85.57542093386564
85.99201527512585
86.61690678701615
87.83197361569172
89.77608054157264
96.78875195278597
104.91234160735983
112.68876931088353
123.72851935427877
144.52352022218366
157.95868772782504
172.0187467453567
182.98906439854193
192.57073424752647
199.23624370768965
203.88821385176186
209.99826419024475
207.91529248394377
198.2641902447492
169.76219406353064
142.82242666203786
127.13070647457039
113.9038361395591
106.99531331366083
105.25950355841
103.35011282763409
101.54487068217324
99.28831800034716
96.64988717236591
94.56691546606493
95.19180697795522
105.0512063877799
121.8885610137129
120.11803506335706
111.82086443325812
100.71168199965284
96.47630619684082
93.21298385696927
90.81756639472314
89.08175663947232
88.87345946884221
89.15118902968234
89.46363478562749
90.08852629751779
89.35948620031245
88.2138517618469
86.99878493317132
85.57542093386564
84.70751605624024
83.66603020308975
82.83284152056935
81.96493664294394
81.54834230168373
84.15205693455998
91.92848463808367
120.95122374587746
114.25099809060927
101.92674882832841
96.16386044089568
94.01145634438465
92.06734941850374
90.95643117514321
89.81079673667766
89.60249956604756
89.60249956604756
90.15795868772783
90.33153966325291
87.76254122548168
85.08939420239543
82.5203957646242
80.88873459468843
79.95139732685298
78.9446276688075
78.5280333275473
78.28501996181218
77.52126366950182
79.32650581496269
80.85401839958341
101.33657351154314
120.15275125846208
114.04270091997917
112.27217496962334
102.58635653532373
94.28918590522478
92.90053810102413
91.7896198576636
91.61603888213853
91.61603888213853
91.61603888213853
91.85905224787363
91.96320083318868
91.5813226870335
90.71341780940809
89.70664815136261
88.35271654226698
87.48481166464155
86.7210553723312
85.92258288491581
85.57542093386564
85.22825898281549
85.33240756813053
87.65839264016664
87.62367644506162
87.86668981079674
107.58548863044611
109.73789272695713
98.7328588786669
96.58045478215588
94.77521263669502
93.94202395417463
94.56691546606493
94.60163166116993
94.63634785627495
94.63634785627495
94.56691546606493
94.39333449053984
94.01145634438465
93.62957819822948
93.56014580801944
93.21298385696927
93.4907134178094
92.76167332060406
93.21298385696927
93.4907134178094
104.28745009546954
124.31869467106405
123.69380315917375
116.68113174796042
107.44662385002604
102.1003298038535
98.5245617080368
95.95556327026559
94.74049644159
93.73372678354453
93.62957819822948
93.62957819822948
93.4907134178094
92.37979517444889
89.70664815136261
88.49158132268704
87.20708210380143
85.85315049470579
85.01996181218539
84.25620551987502
83.66603020308975
83.56188161777469
83.56188161777469
84.36035410519007
106.09269224093039
118.06977955216108
107.65492102065613
102.9682346814789
99.94792570734248
97.76080541572644
95.3653879534803
93.17826766186425
92.622808540184
92.622808540184
93.2477000520743
92.65752473528902
89.8802291268877
88.56101371289706
86.61690678701615
85.15882659260545
84.04790834924492
83.18000347161951
82.55511195972922
82.55511195972922
84.11734073945496
98.1079673667766
120.98593994098248
129.10952959555632
116.81999652838049
105.98854365561535
101.6837354625933
99.46189897587224
96.47630619684082
93.56014580801944
92.10206561360874
91.61603888213853
91.61603888213853
91.89376844297865
91.5813226870335
89.2900538101024
86.9293525429613
84.77694844645028
82.79812532546433
81.58305849678875
80.26384308279813
79.53480298559278
78.97934386391252
78.59746571775733
79.53480298559278
97.44835965978129
111.61256726262802
112.16802638430828
103.8014233639993
99.3924665856622
96.4068738066308
94.21975351501476
91.96320083318868
91.5813226870335
91.54660649192849
91.51189029682347
91.5813226870335
91.19944454087832
89.74136434646763
87.83197361569172
85.43655615344558
83.45773303245964
82.38153098420413
81.58305849678875
80.57628883874328
80.22912688769311
80.12497830237805
80.09026210727305
81.4789099114737
101.78788404790835
118.76410345426142
115.88265926054504
106.99531331366083
101.6837354625933
98.45512931782677
95.43482034369033
92.8311057108141
91.82433605276861
91.61603888213853
91.61603888213853
91.65075507724353
91.82433605276861
89.77608054157264
88.2138517618469
85.78371810449575
83.87432737371984
82.48567956951918
81.37476132615865
80.50685644853324
79.53480298559278
78.70161430307239
78.5280333275473
83.24943586182954
108.07151536191634
117.13244228432563
114.84117340739455
109.39073077590696
101.61430307238327
97.48307585488631
96.64988717236591
94.42805068564485
90.64398541919806
89.63721576115258
89.63721576115258
90.26210727304287
89.2900538101024
85.95729908002083
84.08262454434994
81.4789099114737
79.98611352195799
79.18764103454261
78.5280333275473
78.49331713244229
78.00729040097205
77.52126366950182
77.59069605971186
80.71515361916335
92.24093039402881
116.81999652838049
117.4796042353758
113.00121506682868
101.05884395070301
95.74726609963548
93.10883527165423
90.95643117514321
89.6719319562576
89.63721576115258
89.63721576115258
90.01909390730776
90.33153966325291
90.43568824856796
89.98437771220274
89.63721576115258
89.77608054157264
88.90817566394723
87.5889602499566
86.89463634785628
86.44332581149106
85.64485332407568
85.33240756813053
85.36712376323555
85.64485332407568
92.06734941850374
116.36868599201527
113.38309321298385
103.35011282763409
99.80906092692241
95.71254990453046
92.8311057108141
90.43568824856796
89.56778337094255
89.60249956604756
89.60249956604756
89.63721576115258
89.63721576115258
89.2553376149974
87.76254122548168
86.23502864086096
84.74223225134526
83.21471966672453
82.03436903315396
81.09703176531852
80.15969449748307
80.61100503384829
82.58982815483424
83.11057108140947
101.96146502343343
114.7370248220795
103.14181565700399
96.4415900017358
92.44922756465891
89.42891859052249
88.07498698142683
88.45686512758202
88.59572990800208
88.59572990800208
89.0470404443673
89.60249956604756
89.60249956604756
88.97760805415726
88.14441937163687
86.304461031071
84.95052942197535
83.63131400798473
83.3883006422496
85.12411039750043
86.06144766533588
105.71081409477522
119.70144072209686
116.50755077243534
106.33570560666551
98.21211595209165
93.62957819822948
90.92171498003819
90.36625585835793
90.22739107793785
90.539836833883
90.60926922409304
90.7481340045131
90.71341780940809
90.60926922409304
89.32477000520743
87.83197361569172
85.81843429960077
84.32563791008505
83.63131400798473
84.04790834924492
96.33744141642076
119.97917028293699
121.71498003818782
120.25689984377712
115.67436208991495
109.32129838569693
103.69727477868426
99.3577503905572
97.20534629404618
97.30949487936122
97.20534629404618
97.58722444020135
97.65665683041139
96.82346814789099
95.08765839264017
92.622808540184
90.81756639472314
88.90817566394723
87.83197361569172
87.41537927443153
92.27564658913383
110.50164901926749
125.49904530463462
124.31869467106405
123.03419545217844
122.27043915986808
122.02742579413297
120.08331886825204
111.05710814094775
104.11386911994445
100.95469536538795
101.09356014580803
101.23242492622809
101.64901926748828
101.6837354625933
101.71845165769832
101.6837354625933
101.6837354625933
104.35688248567958
105.71081409477522
113.41780940808887
175.87224440201354
220.7950008679049
222.42666203784066
222.39194584273565
222.42666203784066
221.83648672105537
221.4893247700052
221.52404096511023
221.4893247700052
221.4198923797952
221.00329803853498
218.81617774691895
210.553723311925
195.69519180697796
190.17531678528033
189.09911473702482
187.71046693282418
186.25238673841346
185.8705085922583
183.47509113001215
179.86460683909044
176.879014060059
172.8172192327721
168.54712723485505
164.8672105537233
161.6733206040618
158.40999826419025
155.21610831452873
152.54296129144245
149.21020656136088
146.36347856274952
143.69033153966325
146.60649192848464
160.1805242145461
161.2567262628016
160.3888213851762
159.48620031244576
158.4794306544003
156.77833709425448
153.653879534803
148.34230168373546
143.30845339350807
141.08661690678701
139.17722617601112
138.48290227391078
137.12897066481514
133.24075681305328
130.35931261933692
127.65144940114564
126.01978823120986
124.17982989064399
123.03419545217844
121.95799340392293
120.29161603888214
118.76410345426142
117.58375282069085
116.68113174796042
115.53549730949489
114.35514667592432
112.54990453046346
111.19597292136783
111.05710814094775
111.82086443325812
117.72261760111093
123.58965457385871
124.90886998784933
124.94358618295435
125.74205867036973
125.70734247526471
125.77677486547475
125.70734247526471
125.15188335358445
124.8394375976393
124.49227564658914
124.17982989064399
124.11039750043395
122.3051553549731
120.56934559972227
119.14598160041659
117.86148238153099
116.92414511369554
116.75056413817046
116.50755077243534
116.16038882138518
116.6464155528554
116.68113174796042
116.75056413817046
116.95886130880055
116.75056413817046
116.33396979691025
115.67436208991495
115.81322687033501
116.6116993577504
123.93681652490888
131.26193369206734
132.9977434473182
133.34490539836835
133.6573511543135
133.9003645200486
133.58791876410345
133.0671758375282
132.8935948620031
132.3728519354279
131.88682520395764
131.7826766186426
131.1577851067523
129.4219753515015
126.40166637736505
124.97830237805937
123.27720881791356
121.71498003818782
119.97917028293699
118.69467106405138
117.34073945495574
116.92414511369554
115.74379448012498
114.80645721228953
113.76497135913904
113.20951223745878
112.61933692067349
111.99444540878319
112.48047214025343
116.40340218712029
120.46519701440722
121.85384481860788
122.61760111091824
122.86061447665335
122.96476306196841
122.89533067175837
122.47873633049818
122.5481687207082
122.65231730602326
122.44402013539316
121.85384481860788
121.71498003818782
120.81235896545739
120.29161603888214
116.29925360180525
114.84117340739455
113.2789446276688
112.16802638430828
111.23068911647283
110.46693282416247
109.28658219059191
108.34924492275647
107.72435341086617
106.92588092345079
106.16212463114043
104.98177399756987
104.73876063183475
104.77347682693977
104.8429092171498
107.09946189897587
112.96649887172366
115.74379448012498
115.84794306544003
116.6116993577504
116.75056413817046
116.75056413817046
116.6464155528554
116.75056413817046
116.05624023607012
115.9868078458601
115.81322687033501
115.84794306544003
115.88265926054504
114.9453219927096
113.76497135913904
112.72348550598855
111.82086443325812
110.91824336052768
109.91147370248221
109.18243360527686
108.31452872765145
107.89793438639126
107.23832667939594
106.05797604582538
104.94705780246485
104.73876063183475
104.91234160735983
106.92588092345079
109.35601458080194
110.88352716542268
111.50841867731297
111.75143204304808
111.75143204304808
111.75143204304808
111.75143204304808
111.75143204304808
111.95972921367819
111.99444540878319
111.89029682346815
111.92501301857317
111.85558062836313
111.75143204304808
110.36278423884742
109.21714980038188
107.89793438639126
106.89116472834577
105.71081409477522
104.53046346120465
103.31539663252907
101.75316785280333
100.08679048776254
98.1079673667766
96.71931956257595
95.88613088005555
96.47630619684082
97.51779204999133
98.94115604929699
99.70491234160735
99.84377712202743
99.84377712202743
99.67019614650235
98.5245617080368
97.24006248915119
95.8166984898455
94.15032112480472
93.14355146675925
91.7896198576636
89.98437771220274
89.2900538101024
88.59572990800208
87.72782503037668
87.5889602499566
87.5889602499566
87.10293351848638
86.54747439680611
85.71428571428571
85.50598854365562
85.22825898281549
84.56865127582017
84.91581322687034
85.33240756813053
85.57542093386564
86.9293525429613
87.5889602499566
88.31800034716196
88.59572990800208
88.59572990800208
88.87345946884221
