73.55516637478108
73.55516637478108
73.55516637478108
73.55516637478108
73.55516637478108
73.55516637478108
73.55516637478108
73.55516637478108
73.55516637478108
73.55516637478108
73.55516637478108
73.55516637478108
73.55516637478108
73.55516637478108
73.55516637478108
73.55516637478108
73.55516637478108
73.55516637478108
73.55516637478108
73.55516637478108
73.55516637478108
73.55516637478108
73.55516637478108
73.55516637478108
73.55516637478108
73.55516637478108
73.55516637478108
73.55516637478108
73.55516637478108
73.55516637478108
73.55516637478108
75.30647985989492
76.61996497373029
76.61996497373029
76.61996497373029
76.61996497373029
76.61996497373029
76.61996497373029
76.61996497373029
76.61996497373029
76.61996497373029
76.61996497373029
76.61996497373029
76.61996497373029
76.61996497373029
76.61996497373029
76.61996497373029
76.61996497373029
76.61996497373029
76.61996497373029
76.61996497373029
76.61996497373029
76.61996497373029
76.61996497373029
76.61996497373029
76.61996497373029
76.61996497373029
76.61996497373029
76.61996497373029
76.61996497373029
76.61996497373029
76.61996497373029
76.61996497373029
76.61996497373029
76.61996497373029
76.61996497373029
76.61996497373029
76.61996497373029
76.61996497373029
76.61996497373029
76.61996497373029
76.61996497373029
76.61996497373029
76.61996497373029
76.61996497373029
76.61996497373029
76.61996497373029
76.61996497373029
76.61996497373029
76.61996497373029
76.61996497373029
76.61996497373029
76.61996497373029
76.61996497373029
76.61996497373029
76.61996497373029
76.61996497373029
76.61996497373029
76.61996497373029
76.61996497373029
76.61996497373029
76.61996497373029
76.61996497373029
76.61996497373029
76.61996497373029
76.61996497373029
76.61996497373029
76.61996497373029
76.61996497373029
76.61996497373029
76.61996497373029
76.61996497373029
76.61996497373029
76.61996497373029
76.61996497373029
76.61996497373029
76.61996497373029
76.61996497373029
76.61996497373029
76.61996497373029
76.61996497373029
76.61996497373029
76.61996497373029
76.61996497373029
76.61996497373029
77.56859311150029
77.64156450671337
77.64156450671337
77.64156450671337
77.64156450671337
77.64156450671337
77.64156450671337
77.64156450671337
77.64156450671337
77.64156450671337
77.64156450671337
77.64156450671337
77.64156450671337
77.64156450671337
77.64156450671337
77.64156450671337
77.64156450671337
77.64156450671337
77.64156450671337
77.64156450671337
77.64156450671337
77.64156450671337
77.64156450671337
77.64156450671337
77.64156450671337
77.64156450671337
77.64156450671337
77.64156450671337
77.64156450671337
77.64156450671337
77.64156450671337
77.64156450671337
77.64156450671337
77.64156450671337
77.64156450671337
77.64156450671337
77.64156450671337
77.64156450671337
77.64156450671337
77.64156450671337
77.64156450671337
77.64156450671337
77.64156450671337
77.64156450671337
75.89025102159952
75.59836544074723
75.59836544074723
75.59836544074723
75.59836544074723
75.59836544074723
75.59836544074723
75.59836544074723
75.59836544074723
75.59836544074723
75.59836544074723
75.59836544074723
75.59836544074723
75.59836544074723
75.59836544074723
75.59836544074723
75.59836544074723
75.59836544074723
75.59836544074723
75.59836544074723
75.59836544074723
75.59836544074723
75.59836544074723
75.59836544074723
75.59836544074723
75.59836544074723
75.59836544074723
75.59836544074723
75.59836544074723
75.59836544074723
75.59836544074723
75.59836544074723
75.59836544074723
75.59836544074723
75.59836544074723
75.59836544074723
75.59836544074723
75.59836544074723
75.59836544074723
75.59836544074723
75.59836544074723
75.59836544074723
75.59836544074723
75.59836544074723
75.59836544074723
75.59836544074723
75.59836544074723
75.59836544074723
75.59836544074723
74.430823117338
73.55516637478108
73.55516637478108
73.55516637478108
73.55516637478108
73.55516637478108
73.55516637478108
73.55516637478108
73.55516637478108
73.55516637478108
73.55516637478108
73.55516637478108
73.55516637478108
73.55516637478108
73.55516637478108
73.55516637478108
73.55516637478108
73.55516637478108
73.55516637478108
73.55516637478108
73.55516637478108
73.55516637478108
73.55516637478108
73.55516637478108
73.55516637478108
73.55516637478108
73.55516637478108
73.55516637478108
73.55516637478108
73.55516637478108
73.55516637478108
73.55516637478108
73.55516637478108
73.55516637478108
73.55516637478108
73.55516637478108
73.55516637478108
73.55516637478108
73.55516637478108
73.55516637478108
73.55516637478108
73.55516637478108
73.55516637478108
73.84705195563339
74.57676590776416
74.57676590776416
74.57676590776416
74.57676590776416
74.57676590776416
74.57676590776416
74.57676590776416
74.57676590776416
74.57676590776416
74.57676590776416
74.57676590776416
74.57676590776416
74.57676590776416
74.57676590776416
74.57676590776416
74.57676590776416
74.57676590776416
74.57676590776416
74.57676590776416
74.57676590776416
74.57676590776416
74.57676590776416
74.57676590776416
74.57676590776416
74.57676590776416
74.57676590776416
74.57676590776416
74.57676590776416
74.57676590776416
74.57676590776416
74.57676590776416
74.57676590776416
74.57676590776416
74.57676590776416
74.57676590776416
74.57676590776416
74.57676590776416
74.57676590776416
74.57676590776416
74.57676590776416
74.57676590776416
74.57676590776416
74.57676590776416
74.57676590776416
74.57676590776416
74.57676590776416
74.57676590776416
71.73088149445417
71.51196730881495
71.51196730881495
71.51196730881495
71.51196730881495
71.51196730881495
71.51196730881495
71.51196730881495
71.51196730881495
71.51196730881495
71.51196730881495
71.51196730881495
71.51196730881495
71.51196730881495
71.51196730881495
71.51196730881495
71.51196730881495
71.51196730881495
71.51196730881495
71.51196730881495
71.51196730881495
71.51196730881495
71.51196730881495
71.51196730881495
71.51196730881495
71.51196730881495
71.51196730881495
71.51196730881495
71.51196730881495
71.51196730881495
71.51196730881495
71.51196730881495
71.51196730881495
71.51196730881495
71.51196730881495
71.51196730881495
71.51196730881495
71.51196730881495
71.51196730881495
71.51196730881495
71.51196730881495
71.51196730881495
71.51196730881495
71.51196730881495
71.51196730881495
71.51196730881495
71.51196730881495
71.51196730881495
71.51196730881495
71.51196730881495
71.51196730881495
71.51196730881495
71.51196730881495
71.51196730881495
71.51196730881495
71.51196730881495
71.51196730881495
71.51196730881495
71.51196730881495
71.51196730881495
71.51196730881495
71.51196730881495
71.51196730881495
71.51196730881495
71.51196730881495
71.51196730881495
71.51196730881495
71.51196730881495
71.51196730881495
71.51196730881495
71.51196730881495
71.51196730881495
71.51196730881495
71.51196730881495
71.51196730881495
71.51196730881495
71.51196730881495
71.51196730881495
71.51196730881495
71.51196730881495
71.51196730881495
71.51196730881495
71.51196730881495
71.51196730881495
71.51196730881495
71.51196730881495
72.46059544658493
72.533566841798
72.533566841798
72.533566841798
72.533566841798
72.533566841798
72.533566841798
72.533566841798
72.533566841798
72.533566841798
72.533566841798
72.533566841798
72.533566841798
72.533566841798
72.533566841798
72.533566841798
72.533566841798
72.533566841798
72.533566841798
72.533566841798
72.533566841798
72.533566841798
72.533566841798
72.533566841798
72.533566841798
72.533566841798
72.533566841798
72.533566841798
72.533566841798
72.533566841798
72.533566841798
72.533566841798
72.533566841798
72.533566841798
72.533566841798
72.533566841798
72.533566841798
72.533566841798
72.533566841798
72.533566841798
72.75248102743724
73.55516637478108
73.55516637478108
73.55516637478108
73.55516637478108
73.55516637478108
73.55516637478108
73.55516637478108
73.55516637478108
73.55516637478108
73.55516637478108
73.55516637478108
73.55516637478108
73.55516637478108
73.55516637478108
73.55516637478108
73.55516637478108
73.55516637478108
73.55516637478108
73.55516637478108
73.55516637478108
73.55516637478108
73.55516637478108
73.55516637478108
73.55516637478108
73.55516637478108
73.55516637478108
73.55516637478108
73.55516637478108
73.55516637478108
73.55516637478108
73.55516637478108
73.55516637478108
73.55516637478108
73.55516637478108
73.55516637478108
73.55516637478108
73.55516637478108
73.55516637478108
73.55516637478108
75.01459427904261
77.64156450671337
77.64156450671337
77.64156450671337
77.64156450671337
77.64156450671337
77.64156450671337
77.64156450671337
77.64156450671337
77.64156450671337
77.64156450671337
77.64156450671337
77.64156450671337
77.64156450671337
77.64156450671337
77.64156450671337
77.64156450671337
77.64156450671337
77.64156450671337
77.64156450671337
77.64156450671337
77.64156450671337
77.64156450671337
77.64156450671337
77.64156450671337
77.64156450671337
77.64156450671337
77.64156450671337
77.64156450671337
77.64156450671337
77.64156450671337
77.64156450671337
77.64156450671337
77.64156450671337
77.64156450671337
77.64156450671337
77.64156450671337
77.64156450671337
77.64156450671337
79.61179217746643
80.70636310566258
80.70636310566258
80.70636310566258
80.70636310566258
80.70636310566258
80.70636310566258
80.70636310566258
80.70636310566258
80.70636310566258
80.70636310566258
80.70636310566258
80.70636310566258
80.70636310566258
80.70636310566258
80.70636310566258
80.70636310566258
80.70636310566258
80.70636310566258
80.70636310566258
80.70636310566258
80.70636310566258
80.70636310566258
80.70636310566258
80.70636310566258
80.70636310566258
80.70636310566258
80.70636310566258
80.70636310566258
80.70636310566258
80.70636310566258
80.70636310566258
80.70636310566258
80.70636310566258
80.70636310566258
80.70636310566258
80.70636310566258
80.70636310566258
80.70636310566258
86.835960303561
86.835960303561
86.835960303561
86.835960303561
86.835960303561
86.835960303561
86.835960303561
86.835960303561
86.835960303561
86.835960303561
86.835960303561
86.835960303561
86.835960303561
86.835960303561
86.835960303561
86.835960303561
86.835960303561
86.835960303561
86.835960303561
86.835960303561
86.835960303561
86.835960303561
86.835960303561
86.835960303561
86.835960303561
86.835960303561
86.835960303561
86.835960303561
86.835960303561
86.835960303561
86.835960303561
86.835960303561
86.835960303561
86.835960303561
86.835960303561
86.835960303561
86.835960303561
86.835960303561
86.835960303561
86.835960303561
86.835960303561
86.835960303561
86.835960303561
76.98482194979567
71.51196730881495
71.51196730881495
71.51196730881495
71.51196730881495
71.51196730881495
71.51196730881495
71.51196730881495
71.51196730881495
71.51196730881495
71.51196730881495
71.51196730881495
71.51196730881495
71.51196730881495
71.51196730881495
71.51196730881495
71.51196730881495
71.51196730881495
71.51196730881495
71.51196730881495
71.51196730881495
71.51196730881495
71.51196730881495
71.51196730881495
71.51196730881495
71.51196730881495
71.51196730881495
71.51196730881495
71.51196730881495
71.51196730881495
71.51196730881495
71.51196730881495
71.51196730881495
71.51196730881495
71.51196730881495
71.51196730881495
74.430823117338
76.61996497373029
76.61996497373029
76.61996497373029
76.61996497373029
76.61996497373029
76.61996497373029
76.61996497373029
76.61996497373029
76.61996497373029
76.61996497373029
76.61996497373029
76.61996497373029
76.61996497373029
76.61996497373029
76.61996497373029
76.61996497373029
76.61996497373029
76.61996497373029
76.61996497373029
76.61996497373029
76.61996497373029
76.61996497373029
76.61996497373029
76.61996497373029
76.61996497373029
76.61996497373029
76.61996497373029
76.61996497373029
76.61996497373029
76.61996497373029
76.61996497373029
76.61996497373029
76.61996497373029
76.61996497373029
76.61996497373029
76.61996497373029
76.61996497373029
76.61996497373029
76.61996497373029
76.61996497373029
74.79568009340338
71.51196730881495
71.51196730881495
71.51196730881495
71.51196730881495
71.51196730881495
71.51196730881495
71.51196730881495
71.51196730881495
71.51196730881495
71.51196730881495
71.51196730881495
71.51196730881495
71.51196730881495
71.51196730881495
71.51196730881495
71.51196730881495
71.51196730881495
71.51196730881495
71.51196730881495
71.51196730881495
71.51196730881495
71.51196730881495
71.51196730881495
71.51196730881495
71.51196730881495
71.51196730881495
71.51196730881495
71.51196730881495
71.51196730881495
71.51196730881495
71.51196730881495
71.51196730881495
71.51196730881495
71.51196730881495
71.51196730881495
75.59836544074723
75.59836544074723
75.59836544074723
75.59836544074723
75.59836544074723
75.59836544074723
75.59836544074723
75.59836544074723
75.59836544074723
75.59836544074723
75.59836544074723
75.59836544074723
75.59836544074723
75.59836544074723
75.59836544074723
75.59836544074723
75.59836544074723
75.59836544074723
75.59836544074723
75.59836544074723
75.59836544074723
75.59836544074723
75.59836544074723
75.59836544074723
75.59836544074723
75.59836544074723
75.59836544074723
75.59836544074723
75.59836544074723
75.59836544074723
75.59836544074723
75.59836544074723
75.59836544074723
75.59836544074723
75.59836544074723
75.59836544074723
75.59836544074723
75.59836544074723
75.59836544074723
72.67950963222417
71.51196730881495
71.51196730881495
71.51196730881495
71.51196730881495
71.51196730881495
71.51196730881495
71.51196730881495
71.51196730881495
71.51196730881495
71.51196730881495
71.51196730881495
71.51196730881495
71.51196730881495
71.51196730881495
71.51196730881495
71.51196730881495
71.51196730881495
71.51196730881495
71.51196730881495
71.51196730881495
71.51196730881495
71.51196730881495
71.51196730881495
71.51196730881495
71.51196730881495
71.51196730881495
71.51196730881495
71.51196730881495
71.51196730881495
71.51196730881495
71.51196730881495
71.51196730881495
71.51196730881495
75.89025102159952
77.64156450671337
77.64156450671337
77.64156450671337
77.64156450671337
77.64156450671337
77.64156450671337
77.64156450671337
77.64156450671337
77.64156450671337
77.64156450671337
77.64156450671337
77.64156450671337
77.64156450671337
77.64156450671337
77.64156450671337
77.64156450671337
77.64156450671337
77.64156450671337
77.64156450671337
77.64156450671337
77.64156450671337
77.64156450671337
77.64156450671337
77.64156450671337
77.64156450671337
77.64156450671337
77.64156450671337
77.64156450671337
77.64156450671337
77.64156450671337
77.64156450671337
77.64156450671337
77.64156450671337
77.64156450671337
77.64156450671337
77.64156450671337
77.64156450671337
77.64156450671337
77.64156450671337
79.83070636310566
80.70636310566258
80.70636310566258
80.70636310566258
80.70636310566258
80.70636310566258
80.70636310566258
80.70636310566258
80.70636310566258
80.70636310566258
80.70636310566258
80.70636310566258
80.70636310566258
80.70636310566258
80.70636310566258
80.70636310566258
80.70636310566258
80.70636310566258
80.70636310566258
80.70636310566258
80.70636310566258
80.70636310566258
80.70636310566258
80.70636310566258
80.70636310566258
80.70636310566258
80.70636310566258
80.70636310566258
80.70636310566258
80.70636310566258
80.70636310566258
80.70636310566258
80.70636310566258
80.70636310566258
80.70636310566258
80.70636310566258
77.42265032107413
75.59836544074723
75.59836544074723
75.59836544074723
75.59836544074723
75.59836544074723
75.59836544074723
75.59836544074723
75.59836544074723
75.59836544074723
75.59836544074723
75.59836544074723
75.59836544074723
75.59836544074723
75.59836544074723
75.59836544074723
75.59836544074723
75.59836544074723
75.59836544074723
75.59836544074723
75.59836544074723
75.59836544074723
75.59836544074723
75.59836544074723
75.59836544074723
75.59836544074723
75.59836544074723
75.59836544074723
75.59836544074723
75.59836544074723
75.59836544074723
75.59836544074723
75.59836544074723
75.59836544074723
75.59836544074723
75.59836544074723
76.32807939287798
76.61996497373029
76.61996497373029
76.61996497373029
76.61996497373029
76.61996497373029
76.61996497373029
76.61996497373029
76.61996497373029
76.61996497373029
76.61996497373029
76.61996497373029
76.61996497373029
76.61996497373029
76.61996497373029
76.61996497373029
76.61996497373029
76.61996497373029
76.61996497373029
76.61996497373029
76.61996497373029
76.61996497373029
76.61996497373029
76.61996497373029
76.61996497373029
76.61996497373029
76.61996497373029
76.61996497373029
76.61996497373029
