3.065081905799816
3.065081905799816
3.065081905799816
3.065081905799816
3.065081905799816
3.065081905799816
3.065081905799816
3.065081905799816
3.065081905799816
3.065081905799816
3.065081905799816
3.065081905799816
3.065081905799816
3.065081905799816
3.065081905799816
3.065081905799816
3.065081905799816
3.065081905799816
3.065081905799816
3.065081905799816
3.065081905799816
3.065081905799816
3.065081905799816
3.065081905799816
3.065081905799816
3.065081905799816
2.1115008684398733
2.0433879371998773
2.0433879371998773
2.0433879371998773
2.0433879371998773
2.0433879371998773
2.0433879371998773
2.0433879371998773
1.3622586247999182
1.0216939685999387
1.0216939685999387
1.0216939685999387
1.0216939685999387
1.0216939685999387
1.0216939685999387
1.0216939685999387
1.0216939685999387
0.2383952593399857
0.0
0.0
0.0
0.0
0.0
0.0
0.0
0.0
0.0
0.0
0.0
0.0
0.0
0.0
0.0
0.0
0.0
0.0
0.0
0.0
0.0
0.0
0.0
0.0
0.0
0.0
0.0
0.17028232809998978
1.0216939685999387
1.0216939685999387
1.0216939685999387
1.0216939685999387
1.0216939685999387
1.0216939685999387
1.0216939685999387
1.4644280216599121
2.0433879371998773
2.0433879371998773
2.0433879371998773
2.0433879371998773
2.0433879371998773
2.0433879371998773
2.0433879371998773
2.0433879371998773
2.9288560433198243
3.065081905799816
3.065081905799816
3.065081905799816
3.065081905799816
3.065081905799816
3.065081905799816
3.065081905799816
3.065081905799816
3.065081905799816
3.065081905799816
3.065081905799816
3.065081905799816
3.065081905799816
3.065081905799816
3.065081905799816
3.065081905799816
3.065081905799816
3.065081905799816
3.065081905799816
3.065081905799816
3.065081905799816
3.065081905799816
3.065081905799816
3.065081905799816
3.065081905799816
3.065081905799816
3.065081905799816
3.065081905799816
2.8266866464598306
2.0433879371998773
2.0433879371998773
2.0433879371998773
2.0433879371998773
2.0433879371998773
2.0433879371998773
2.0433879371998773
2.0433879371998773
2.0433879371998773
2.0433879371998773
2.0433879371998773
1.1579198310799306
1.0216939685999387
1.0216939685999387
1.0216939685999387
1.0216939685999387
1.0216939685999387
1.0216939685999387
1.0216939685999387
1.0216939685999387
1.0216939685999387
1.0216939685999387
1.0216939685999387
1.0216939685999387
1.0216939685999387
1.0216939685999387
1.0216939685999387
1.0216939685999387
1.0216939685999387
1.0216939685999387
1.0216939685999387
1.0216939685999387
1.0216939685999387
1.0216939685999387
1.0216939685999387
1.0216939685999387
1.0216939685999387
1.0216939685999387
1.0216939685999387
1.0216939685999387
1.0216939685999387
1.0216939685999387
1.0216939685999387
1.0216939685999387
1.0216939685999387
1.0216939685999387
1.0216939685999387
1.0216939685999387
1.0216939685999387
1.0216939685999387
1.0216939685999387
1.0216939685999387
1.0216939685999387
1.0216939685999387
1.0216939685999387
1.0216939685999387
1.0216939685999387
1.0216939685999387
1.0216939685999387
1.0216939685999387
1.0216939685999387
1.0216939685999387
1.0216939685999387
1.0216939685999387
1.0216939685999387
1.0216939685999387
1.0216939685999387
1.0216939685999387
1.0216939685999387
1.0216939685999387
1.0216939685999387
1.0216939685999387
1.0216939685999387
1.0216939685999387
1.0216939685999387
1.0216939685999387
1.0216939685999387
1.0216939685999387
1.0216939685999387
1.3622586247999182
2.0433879371998773
2.0433879371998773
2.0433879371998773
2.0433879371998773
2.0433879371998773
2.0433879371998773
2.0433879371998773
2.0433879371998773
2.0433879371998773
3.065081905799816
3.065081905799816
3.065081905799816
3.065081905799816
3.065081905799816
3.065081905799816
3.065081905799816
3.065081905799816
3.065081905799816
3.065081905799816
3.065081905799816
3.065081905799816
3.065081905799816
3.065081905799816
3.065081905799816
3.065081905799816
3.065081905799816
3.065081905799816
3.065081905799816
3.065081905799816
3.065081905799816
3.065081905799816
3.065081905799816
3.065081905799816
3.065081905799816
3.065081905799816
3.065081905799816
3.065081905799816
3.065081905799816
3.065081905799816
3.065081905799816
3.065081905799816
3.065081905799816
3.065081905799816
3.065081905799816
3.065081905799816
3.065081905799816
3.065081905799816
3.065081905799816
2.0433879371998773
2.0433879371998773
2.0433879371998773
2.0433879371998773
2.0433879371998773
2.0433879371998773
2.0433879371998773
2.0433879371998773
1.9752750059598816
1.0216939685999387
1.0216939685999387
1.0216939685999387
1.0216939685999387
1.0216939685999387
0.8514116404999489
0.0
0.0
0.0
0.0
0.0
0.0
0.0
0.0
0.0
0.0
0.0
0.0
0.0
0.0
0.0
0.0
0.0
0.0
0.0
0.0
0.0
0.0
0.0
0.0
0.0
0.0
0.0
0.0
0.0
0.0
0.0
0.0
0.0
0.0
0.0
0.0
0.0
0.0
0.0
0.17028232809998978
1.0216939685999387
1.0216939685999387
1.0216939685999387
1.0216939685999387
1.0216939685999387
1.0216939685999387
1.3622586247999182
2.0433879371998773
2.0433879371998773
2.0433879371998773
2.0433879371998773
2.0433879371998773
2.0433879371998773
2.0433879371998773
2.2136702652998674
3.065081905799816
3.065081905799816
3.065081905799816
3.065081905799816
3.065081905799816
3.065081905799816
3.065081905799816
3.065081905799816
3.065081905799816
3.065081905799816
3.065081905799816
3.065081905799816
3.065081905799816
3.065081905799816
3.065081905799816
3.065081905799816
3.065081905799816
3.065081905799816
3.065081905799816
3.065081905799816
3.065081905799816
3.065081905799816
3.065081905799816
3.065081905799816
3.065081905799816
3.065081905799816
2.1455573340598715
2.0433879371998773
2.0433879371998773
2.0433879371998773
2.0433879371998773
2.0433879371998773
2.0433879371998773
2.0433879371998773
1.0216939685999387
1.0216939685999387
1.0216939685999387
1.0216939685999387
1.0216939685999387
1.0216939685999387
1.0216939685999387
1.0216939685999387
1.0216939685999387
1.0216939685999387
1.0216939685999387
0.4086775874399755
0.0
0.0
0.0
0.0
0.0
0.0
0.0
0.0
0.0
0.0
0.0
0.0
0.0
0.0
0.0
0.0
0.0
0.0
0.0
0.0
0.0
0.0
0.0
0.0
0.0
0.0
0.0
0.0
0.0
0.0
0.0
0.0
0.0
0.0
0.0
0.0
0.0
0.0
0.0
0.0
0.0
0.44273405305997343
1.0216939685999387
1.0216939685999387
1.0216939685999387
1.0216939685999387
1.0216939685999387
1.0216939685999387
1.0216939685999387
1.0898068998399346
2.0433879371998773
2.0433879371998773
2.0433879371998773
2.0433879371998773
2.0433879371998773
2.0433879371998773
2.0433879371998773
2.0433879371998773
2.418009059019855
3.065081905799816
3.065081905799816
3.065081905799816
3.065081905799816
3.065081905799816
3.065081905799816
3.065081905799816
3.065081905799816
3.065081905799816
3.065081905799816
3.065081905799816
3.065081905799816
3.065081905799816
3.065081905799816
3.065081905799816
3.065081905799816
3.065081905799816
3.065081905799816
3.065081905799816
3.065081905799816
3.065081905799816
3.065081905799816
3.065081905799816
3.065081905799816
3.065081905799816
3.065081905799816
3.065081905799816
3.065081905799816
3.065081905799816
3.065081905799816
3.065081905799816
3.065081905799816
3.065081905799816
2.1796137996798692
2.0433879371998773
2.0433879371998773
2.0433879371998773
2.0433879371998773
2.0433879371998773
2.0433879371998773
2.0433879371998773
2.0433879371998773
2.0433879371998773
2.0433879371998773
2.0433879371998773
2.0433879371998773
2.0433879371998773
2.0433879371998773
2.0433879371998773
2.0433879371998773
1.3282021591799202
1.0216939685999387
1.0216939685999387
1.0216939685999387
1.0216939685999387
1.0216939685999387
1.0216939685999387
1.0216939685999387
1.0216939685999387
1.0216939685999387
1.0216939685999387
1.0216939685999387
1.0216939685999387
1.0216939685999387
1.0216939685999387
1.0216939685999387
1.0216939685999387
1.0216939685999387
1.0216939685999387
1.0216939685999387
1.0216939685999387
1.0216939685999387
1.0216939685999387
1.0216939685999387
1.0216939685999387
1.0216939685999387
1.0216939685999387
1.0216939685999387
1.0216939685999387
1.0216939685999387
1.0216939685999387
1.0216939685999387
1.0216939685999387
1.0216939685999387
2.0433879371998773
2.0433879371998773
2.0433879371998773
2.0433879371998773
2.0433879371998773
2.0433879371998773
2.0433879371998773
2.0433879371998773
2.520178455879849
3.065081905799816
3.065081905799816
3.065081905799816
3.065081905799816
3.065081905799816
3.065081905799816
3.065081905799816
3.065081905799816
3.065081905799816
3.065081905799816
3.065081905799816
3.065081905799816
3.065081905799816
3.065081905799816
4.018662943159759
4.086775874399755
4.086775874399755
4.086775874399755
4.086775874399755
4.086775874399755
4.086775874399755
4.086775874399755
4.086775874399755
3.235364233899806
3.065081905799816
3.065081905799816
3.065081905799816
3.065081905799816
3.065081905799816
3.065081905799816
3.065081905799816
3.065081905799816
3.065081905799816
3.065081905799816
3.065081905799816
3.065081905799816
3.065081905799816
3.065081905799816
3.065081905799816
3.065081905799816
3.065081905799816
3.065081905799816
3.065081905799816
2.7585737152198346
2.0433879371998773
2.0433879371998773
2.0433879371998773
2.0433879371998773
2.0433879371998773
2.0433879371998773
2.0433879371998773
2.0433879371998773
2.0433879371998773
1.634710349759902
1.0216939685999387
1.0216939685999387
1.0216939685999387
1.0216939685999387
1.0216939685999387
1.0216939685999387
1.0216939685999387
1.0216939685999387
1.0216939685999387
1.0216939685999387
1.0216939685999387
1.0216939685999387
1.0216939685999387
1.0216939685999387
1.0216939685999387
1.0216939685999387
1.0216939685999387
1.0216939685999387
1.0216939685999387
1.0216939685999387
1.0216939685999387
1.0216939685999387
1.0216939685999387
1.0216939685999387
1.0216939685999387
1.0216939685999387
1.0216939685999387
1.0216939685999387
1.0216939685999387
1.0216939685999387
1.0216939685999387
1.0216939685999387
1.0216939685999387
1.0216939685999387
1.0216939685999387
1.0216939685999387
1.0216939685999387
1.0216939685999387
1.0216939685999387
1.3282021591799202
2.0433879371998773
2.0433879371998773
2.0433879371998773
2.0433879371998773
2.0433879371998773
2.0433879371998773
2.0433879371998773
3.065081905799816
3.065081905799816
3.065081905799816
3.065081905799816
3.065081905799816
3.065081905799816
3.065081905799816
3.065081905799816
3.065081905799816
3.065081905799816
3.065081905799816
3.065081905799816
3.4737594932397915
4.086775874399755
4.086775874399755
4.086775874399755
4.086775874399755
4.086775874399755
4.086775874399755
4.086775874399755
4.086775874399755
4.086775874399755
4.086775874399755
4.086775874399755
4.086775874399755
4.086775874399755
4.086775874399755
3.712154752579777
3.065081905799816
3.065081905799816
3.065081905799816
3.065081905799816
3.065081905799816
3.065081905799816
3.065081905799816
3.065081905799816
3.065081905799816
3.065081905799816
3.065081905799816
3.065081905799816
3.065081905799816
3.065081905799816
3.065081905799816
3.065081905799816
3.065081905799816
3.065081905799816
3.065081905799816
3.065081905799816
3.065081905799816
3.065081905799816
3.065081905799816
3.065081905799816
3.065081905799816
3.065081905799816
2.0433879371998773
2.0433879371998773
2.0433879371998773
2.0433879371998773
2.0433879371998773
2.0433879371998773
2.0433879371998773
2.0433879371998773
2.0433879371998773
2.0433879371998773
2.0433879371998773
2.0433879371998773
2.0433879371998773
2.0433879371998773
2.0433879371998773
2.0433879371998773
2.0433879371998773
2.7245172495998364
3.065081905799816
3.065081905799816
3.065081905799816
3.065081905799816
3.065081905799816
3.065081905799816
3.065081905799816
3.065081905799816
3.065081905799816
3.201307768279808
4.086775874399755
4.086775874399755
4.086775874399755
4.086775874399755
4.086775874399755
4.086775874399755
4.086775874399755
4.086775874399755
4.086775874399755
4.086775874399755
4.086775874399755
4.086775874399755
4.086775874399755
4.086775874399755
4.086775874399755
4.086775874399755
4.086775874399755
4.086775874399755
4.086775874399755
4.086775874399755
4.086775874399755
4.086775874399755
4.086775874399755
4.086775874399755
4.086775874399755
4.086775874399755
4.086775874399755
4.086775874399755
4.086775874399755
4.086775874399755
3.3375336307597996
3.065081905799816
3.065081905799816
3.065081905799816
3.065081905799816
3.065081905799816
3.065081905799816
3.065081905799816
3.065081905799816
2.0433879371998773
2.0433879371998773
1.0557504342199366
0.6470728467799611
0.0
0.0
-0.5789599155399653
-1.0557504342199366
-2.0433879371998773
-2.349896127779859
-3.065081905799816
-3.235364233899806
-4.086775874399755
-4.086775874399755
-4.086775874399755
-5.0063004461397
-5.1084698429996935
-5.1084698429996935
-5.1084698429996935
-5.1084698429996935
-5.1084698429996935
-5.1084698429996935
-5.1084698429996935
-5.1084698429996935
-5.1084698429996935
-5.1084698429996935
-5.1084698429996935
-5.1084698429996935
-5.1084698429996935
-5.1084698429996935
-4.49545346183973
-4.120832340019753
-5.1084698429996935
-5.1084698429996935
-5.1084698429996935
-5.1084698429996935
-5.1084698429996935
-5.1084698429996935
-5.1084698429996935
-5.1084698429996935
-5.1084698429996935
-5.1084698429996935
-5.1084698429996935
-5.1084698429996935
-5.1084698429996935
-5.1084698429996935
-5.1084698429996935
-5.1084698429996935
-5.1084698429996935
-5.1084698429996935
-5.1084698429996935
-4.257058202499745
-4.086775874399755
-3.780267683819773
-3.065081905799816
-2.6564043183598405
-2.0433879371998773
-1.3282021591799202
-0.9876375029799408
0.0
0.0
0.0
0.5449034499199673
1.0216939685999387
1.4303715560399142
2.0433879371998773
2.0433879371998773
2.8947995776998265
3.065081905799816
3.065081905799816
3.065081905799816
4.086775874399755
4.086775874399755
4.086775874399755
4.086775874399755
4.086775874399755
4.086775874399755
4.086775874399755
4.086775874399755
4.086775874399755
4.086775874399755
4.086775874399755
4.086775874399755
4.086775874399755
4.086775874399755
4.086775874399755
4.086775874399755
4.086775874399755
4.086775874399755
4.086775874399755
4.086775874399755
4.086775874399755
4.086775874399755
4.086775874399755
4.086775874399755
4.086775874399755
4.086775874399755
4.086775874399755
4.086775874399755
3.16725130265981
3.065081905799816
3.065081905799816
3.065081905799816
3.065081905799816
3.065081905799816
3.065081905799816
3.065081905799816
3.065081905799816
3.065081905799816
3.065081905799816
3.065081905799816
3.065081905799816
3.065081905799816
3.065081905799816
3.065081905799816
3.065081905799816
3.065081905799816
3.065081905799816
3.065081905799816
3.065081905799816
3.065081905799816
3.065081905799816
3.065081905799816
3.065081905799816
3.065081905799816
3.065081905799816
3.065081905799816
3.065081905799816
3.065081905799816
3.065081905799816
3.065081905799816
3.065081905799816
3.065081905799816
3.065081905799816
3.065081905799816
3.065081905799816
3.065081905799816
3.065081905799816
3.065081905799816
3.065081905799816
3.065081905799816
3.065081905799816
3.065081905799816
3.065081905799816
3.065081905799816
3.065081905799816
2.5542349214998468
2.0433879371998773
2.0433879371998773
2.0433879371998773
2.0433879371998773
2.0433879371998773
2.0433879371998773
2.0433879371998773
2.0433879371998773
2.0433879371998773
2.0433879371998773
2.0433879371998773
2.0433879371998773
2.0433879371998773
2.0433879371998773
2.0433879371998773
2.0433879371998773
2.0433879371998773
2.0433879371998773
2.0433879371998773
2.0433879371998773
2.0433879371998773
2.0433879371998773
2.0433879371998773
2.0433879371998773
2.0433879371998773
1.7709362122398937
1.0216939685999387
1.0216939685999387
1.0216939685999387
1.0216939685999387
1.0216939685999387
1.0216939685999387
1.0216939685999387
1.0216939685999387
1.0216939685999387
1.0216939685999387
1.0216939685999387
1.0216939685999387
1.0216939685999387
1.0557504342199366
2.0433879371998773
2.0433879371998773
2.0433879371998773
2.0433879371998773
2.0433879371998773
2.0433879371998773
2.0433879371998773
2.0433879371998773
2.0433879371998773
2.0433879371998773
2.0433879371998773
2.0433879371998773
2.0433879371998773
2.0433879371998773
2.0433879371998773
1.4303715560399142
1.0216939685999387
1.0216939685999387
1.0216939685999387
1.0216939685999387
1.0216939685999387
1.0216939685999387
1.0216939685999387
1.0216939685999387
