108.4863179771389
108.4863179771389
108.4863179771389
108.4863179771389
108.4863179771389
108.4863179771389
108.4863179771389
108.4863179771389
108.4863179771389
108.4863179771389
108.4863179771389
108.4863179771389
107.37790093522688
106.47731208867336
106.47731208867336
106.47731208867336
106.47731208867336
106.47731208867336
106.47731208867336
106.47731208867336
106.47731208867336
106.47731208867336
106.47731208867336
106.47731208867336
106.47731208867336
106.47731208867336
106.47731208867336
106.47731208867336
106.47731208867336
106.47731208867336
106.47731208867336
106.47731208867336
106.47731208867336
106.47731208867336
106.47731208867336
105.6113612746796
105.47280914444059
105.47280914444059
105.47280914444059
105.47280914444059
105.47280914444059
105.47280914444059
105.47280914444059
105.47280914444059
105.47280914444059
105.47280914444059
105.47280914444059
105.47280914444059
105.47280914444059
105.47280914444059
105.47280914444059
105.47280914444059
105.47280914444059
105.47280914444059
105.47280914444059
105.47280914444059
105.47280914444059
104.95323865604433
104.46830620020782
104.46830620020782
104.46830620020782
104.46830620020782
104.46830620020782
104.46830620020782
104.46830620020782
104.46830620020782
104.46830620020782
104.46830620020782
104.46830620020782
104.46830620020782
104.46830620020782
104.46830620020782
104.46830620020782
104.46830620020782
104.46830620020782
104.46830620020782
104.46830620020782
104.46830620020782
106.85833044683062
107.48181503290613
107.48181503290613
107.48181503290613
107.48181503290613
107.48181503290613
107.48181503290613
107.48181503290613
107.48181503290613
107.48181503290613
107.48181503290613
107.48181503290613
107.48181503290613
107.48181503290613
107.48181503290613
107.48181503290613
107.48181503290613
107.48181503290613
107.48181503290613
107.48181503290613
107.48181503290613
107.48181503290613
107.48181503290613
107.48181503290613
107.48181503290613
107.48181503290613
107.48181503290613
107.48181503290613
107.48181503290613
107.48181503290613
107.48181503290613
107.48181503290613
107.48181503290613
107.48181503290613
107.48181503290613
107.48181503290613
107.48181503290613
107.48181503290613
107.48181503290613
107.48181503290613
107.48181503290613
107.48181503290613
107.48181503290613
108.00138552130238
108.4863179771389
108.4863179771389
108.4863179771389
108.4863179771389
108.4863179771389
108.4863179771389
108.4863179771389
108.4863179771389
108.4863179771389
108.4863179771389
108.4863179771389
108.4863179771389
108.4863179771389
108.4863179771389
108.4863179771389
108.4863179771389
108.4863179771389
108.4863179771389
108.4863179771389
108.4863179771389
108.4863179771389
108.34776584689989
107.48181503290613
107.48181503290613
107.48181503290613
107.48181503290613
107.48181503290613
107.48181503290613
107.48181503290613
107.48181503290613
107.48181503290613
107.48181503290613
107.48181503290613
107.48181503290613
107.48181503290613
107.48181503290613
107.48181503290613
107.48181503290613
107.48181503290613
107.48181503290613
107.48181503290613
107.48181503290613
107.48181503290613
107.48181503290613
107.48181503290613
107.48181503290613
107.48181503290613
107.48181503290613
107.48181503290613
107.48181503290613
107.48181503290613
107.48181503290613
107.48181503290613
107.48181503290613
107.48181503290613
107.48181503290613
107.48181503290613
107.48181503290613
107.48181503290613
107.48181503290613
107.48181503290613
107.48181503290613
107.48181503290613
107.48181503290613
107.48181503290613
107.48181503290613
107.48181503290613
107.48181503290613
107.48181503290613
107.48181503290613
107.48181503290613
107.48181503290613
107.48181503290613
107.48181503290613
107.48181503290613
107.48181503290613
107.48181503290613
107.48181503290613
107.48181503290613
107.48181503290613
107.48181503290613
107.48181503290613
107.48181503290613
107.48181503290613
107.48181503290613
109.0405264980949
110.49532386560443
110.49532386560443
110.49532386560443
110.49532386560443
110.49532386560443
110.49532386560443
110.49532386560443
110.49532386560443
110.49532386560443
110.49532386560443
110.49532386560443
110.49532386560443
110.49532386560443
110.49532386560443
110.49532386560443
110.49532386560443
110.49532386560443
110.49532386560443
110.49532386560443
110.49532386560443
110.49532386560443
108.6941461724974
108.4863179771389
108.4863179771389
108.4863179771389
108.4863179771389
108.4863179771389
108.4863179771389
108.4863179771389
108.4863179771389
108.4863179771389
108.4863179771389
108.4863179771389
108.4863179771389
108.4863179771389
108.4863179771389
108.4863179771389
108.4863179771389
108.4863179771389
108.4863179771389
108.4863179771389
108.4863179771389
108.4863179771389
107.93210945618289
107.48181503290613
107.48181503290613
107.48181503290613
107.48181503290613
107.48181503290613
107.48181503290613
107.48181503290613
107.48181503290613
107.48181503290613
107.48181503290613
107.48181503290613
107.48181503290613
107.48181503290613
107.48181503290613
107.48181503290613
107.48181503290613
107.48181503290613
107.48181503290613
107.48181503290613
107.48181503290613
107.48181503290613
106.30412192587461
105.47280914444059
105.47280914444059
105.47280914444059
105.47280914444059
105.47280914444059
105.47280914444059
105.47280914444059
105.47280914444059
105.47280914444059
105.47280914444059
105.47280914444059
105.47280914444059
105.47280914444059
105.47280914444059
105.47280914444059
105.47280914444059
105.47280914444059
105.47280914444059
105.47280914444059
105.47280914444059
105.47280914444059
105.47280914444059
105.47280914444059
105.47280914444059
105.47280914444059
105.47280914444059
105.47280914444059
105.47280914444059
105.47280914444059
105.47280914444059
105.47280914444059
105.47280914444059
105.47280914444059
105.47280914444059
105.47280914444059
105.47280914444059
105.47280914444059
105.47280914444059
105.47280914444059
105.47280914444059
105.47280914444059
105.47280914444059
108.17457568410114
108.4863179771389
108.4863179771389
108.4863179771389
108.4863179771389
108.4863179771389
108.4863179771389
108.4863179771389
108.4863179771389
108.4863179771389
108.4863179771389
108.4863179771389
108.4863179771389
108.4863179771389
108.4863179771389
108.4863179771389
108.4863179771389
108.4863179771389
108.4863179771389
108.4863179771389
108.4863179771389
108.4863179771389
106.26948389331486
104.46830620020782
104.46830620020782
104.46830620020782
104.46830620020782
104.46830620020782
104.46830620020782
104.46830620020782
104.46830620020782
104.46830620020782
104.46830620020782
104.46830620020782
104.46830620020782
104.46830620020782
104.46830620020782
104.46830620020782
104.46830620020782
104.46830620020782
104.46830620020782
104.46830620020782
104.46830620020782
104.46830620020782
104.64149636300658
105.47280914444059
105.47280914444059
105.47280914444059
105.47280914444059
105.47280914444059
105.47280914444059
105.47280914444059
105.47280914444059
105.47280914444059
105.47280914444059
105.47280914444059
105.47280914444059
105.47280914444059
105.47280914444059
105.47280914444059
105.47280914444059
105.47280914444059
105.47280914444059
105.47280914444059
105.47280914444059
105.47280914444059
105.47280914444059
104.43366816764808
100.45029442327676
100.45029442327676
100.45029442327676
100.45029442327676
100.45029442327676
100.45029442327676
100.45029442327676
100.45029442327676
100.45029442327676
100.45029442327676
100.45029442327676
100.45029442327676
100.45029442327676
100.45029442327676
100.45029442327676
100.45029442327676
100.45029442327676
100.45029442327676
100.45029442327676
100.45029442327676
100.45029442327676
102.80568063733979
104.46830620020782
104.46830620020782
104.46830620020782
104.46830620020782
104.46830620020782
104.46830620020782
104.46830620020782
104.46830620020782
104.46830620020782
104.46830620020782
104.46830620020782
104.46830620020782
104.46830620020782
104.46830620020782
104.46830620020782
104.46830620020782
104.46830620020782
104.46830620020782
104.46830620020782
104.46830620020782
104.46830620020782
106.40803602355386
106.47731208867336
106.47731208867336
106.47731208867336
106.47731208867336
106.47731208867336
106.47731208867336
106.47731208867336
106.47731208867336
106.47731208867336
106.47731208867336
106.47731208867336
106.47731208867336
106.47731208867336
106.47731208867336
106.47731208867336
106.47731208867336
106.47731208867336
106.47731208867336
106.47731208867336
106.47731208867336
105.8884655351576
105.47280914444059
105.47280914444059
105.47280914444059
105.47280914444059
105.47280914444059
105.47280914444059
105.47280914444059
105.47280914444059
105.47280914444059
105.47280914444059
105.47280914444059
105.47280914444059
105.47280914444059
105.47280914444059
105.47280914444059
105.47280914444059
105.47280914444059
105.47280914444059
105.47280914444059
105.47280914444059
105.47280914444059
106.3733979909941
106.47731208867336
106.47731208867336
106.47731208867336
106.47731208867336
106.47731208867336
106.47731208867336
106.47731208867336
106.47731208867336
106.47731208867336
106.47731208867336
106.47731208867336
106.47731208867336
106.47731208867336
106.47731208867336
106.47731208867336
106.47731208867336
106.47731208867336
106.47731208867336
106.47731208867336
106.47731208867336
107.41253896778663
107.48181503290613
107.48181503290613
107.48181503290613
107.48181503290613
107.48181503290613
107.48181503290613
107.48181503290613
107.48181503290613
107.48181503290613
107.48181503290613
107.48181503290613
107.48181503290613
107.48181503290613
107.48181503290613
107.48181503290613
107.48181503290613
107.48181503290613
107.48181503290613
107.48181503290613
109.97575337720816
111.4998268098372
111.4998268098372
111.4998268098372
111.4998268098372
111.4998268098372
111.4998268098372
111.4998268098372
111.4998268098372
111.4998268098372
111.4998268098372
111.4998268098372
111.4998268098372
111.4998268098372
111.4998268098372
111.4998268098372
111.4998268098372
111.4998268098372
111.4998268098372
111.4998268098372
111.4998268098372
111.4998268098372
111.4998268098372
111.4998268098372
111.4998268098372
111.4998268098372
111.4998268098372
111.4998268098372
111.4998268098372
111.4998268098372
111.4998268098372
111.4998268098372
111.4998268098372
111.4998268098372
111.4998268098372
111.4998268098372
111.4998268098372
111.4998268098372
111.4998268098372
111.4998268098372
111.4998268098372
111.4998268098372
111.4998268098372
111.4998268098372
110.80706615864219
109.49082092137166
109.49082092137166
109.49082092137166
109.49082092137166
109.49082092137166
109.49082092137166
109.49082092137166
109.49082092137166
109.49082092137166
109.49082092137166
109.49082092137166
109.49082092137166
109.49082092137166
109.49082092137166
109.49082092137166
109.49082092137166
109.49082092137166
109.49082092137166
109.49082092137166
109.49082092137166
109.49082092137166
109.49082092137166
107.55109109802562
107.48181503290613
107.48181503290613
107.48181503290613
107.48181503290613
107.48181503290613
107.48181503290613
107.48181503290613
107.48181503290613
107.48181503290613
107.48181503290613
107.48181503290613
107.48181503290613
107.48181503290613
107.48181503290613
107.48181503290613
107.48181503290613
107.48181503290613
107.48181503290613
107.48181503290613
107.48181503290613
107.48181503290613
107.48181503290613
107.48181503290613
107.48181503290613
107.48181503290613
107.48181503290613
107.48181503290613
107.48181503290613
107.48181503290613
107.48181503290613
107.48181503290613
107.48181503290613
107.48181503290613
107.48181503290613
107.48181503290613
107.48181503290613
107.48181503290613
107.48181503290613
107.48181503290613
107.48181503290613
107.48181503290613
107.20471077242813
106.47731208867336
106.47731208867336
106.47731208867336
106.47731208867336
106.47731208867336
106.47731208867336
106.47731208867336
106.47731208867336
106.47731208867336
106.47731208867336
106.47731208867336
106.47731208867336
106.47731208867336
106.47731208867336
106.47731208867336
106.47731208867336
106.47731208867336
106.47731208867336
106.47731208867336
106.47731208867336
110.42604780048492
112.50432975406997
112.50432975406997
112.50432975406997
112.50432975406997
112.50432975406997
112.50432975406997
112.50432975406997
112.50432975406997
112.50432975406997
112.50432975406997
112.50432975406997
112.50432975406997
112.50432975406997
112.50432975406997
112.50432975406997
112.50432975406997
112.50432975406997
112.50432975406997
112.50432975406997
112.50432975406997
112.50432975406997
112.50432975406997
109.49082092137166
109.49082092137166
109.49082092137166
109.49082092137166
109.49082092137166
109.49082092137166
109.49082092137166
109.49082092137166
109.49082092137166
109.49082092137166
109.49082092137166
109.49082092137166
109.49082092137166
109.49082092137166
109.49082092137166
109.49082092137166
109.49082092137166
109.49082092137166
109.49082092137166
109.49082092137166
109.49082092137166
109.49082092137166
108.65950813993764
106.47731208867336
106.47731208867336
106.47731208867336
106.47731208867336
106.47731208867336
106.47731208867336
106.47731208867336
106.47731208867336
106.47731208867336
106.47731208867336
106.47731208867336
106.47731208867336
106.47731208867336
106.47731208867336
106.47731208867336
106.47731208867336
106.47731208867336
106.47731208867336
106.47731208867336
106.47731208867336
106.47731208867336
106.47731208867336
107.13543470730862
107.48181503290613
107.48181503290613
107.48181503290613
107.48181503290613
107.48181503290613
107.48181503290613
107.48181503290613
107.48181503290613
107.48181503290613
107.48181503290613
107.48181503290613
107.48181503290613
107.48181503290613
107.48181503290613
107.48181503290613
107.48181503290613
107.48181503290613
107.48181503290613
107.48181503290613
107.48181503290613
107.48181503290613
107.48181503290613
107.48181503290613
107.48181503290613
107.48181503290613
107.48181503290613
107.48181503290613
107.48181503290613
107.48181503290613
107.48181503290613
107.48181503290613
107.48181503290613
107.48181503290613
107.48181503290613
107.48181503290613
107.48181503290613
107.48181503290613
107.48181503290613
107.48181503290613
107.48181503290613
107.48181503290613
105.6113612746796
104.46830620020782
104.46830620020782
104.46830620020782
104.46830620020782
104.46830620020782
104.46830620020782
104.46830620020782
104.46830620020782
104.46830620020782
104.46830620020782
104.46830620020782
104.46830620020782
104.46830620020782
104.46830620020782
104.46830620020782
104.46830620020782
104.46830620020782
104.46830620020782
104.46830620020782
104.46830620020782
105.02251472116383
106.47731208867336
106.47731208867336
106.47731208867336
106.47731208867336
106.47731208867336
106.47731208867336
106.47731208867336
106.47731208867336
106.47731208867336
106.47731208867336
106.47731208867336
106.47731208867336
106.47731208867336
106.47731208867336
106.47731208867336
106.47731208867336
106.47731208867336
106.47731208867336
106.47731208867336
106.47731208867336
108.45167994457914
109.49082092137166
109.49082092137166
109.49082092137166
109.49082092137166
109.49082092137166
109.49082092137166
109.49082092137166
109.49082092137166
109.49082092137166
109.49082092137166
109.49082092137166
109.49082092137166
109.49082092137166
109.49082092137166
109.49082092137166
109.49082092137166
109.49082092137166
109.49082092137166
109.49082092137166
109.49082092137166
109.49082092137166
106.47731208867336
106.47731208867336
106.47731208867336
106.47731208867336
106.47731208867336
106.47731208867336
106.47731208867336
106.47731208867336
106.47731208867336
106.47731208867336
106.47731208867336
106.47731208867336
106.47731208867336
106.47731208867336
106.47731208867336
106.47731208867336
106.47731208867336
106.47731208867336
106.47731208867336
106.47731208867336
106.47731208867336
106.1655697956356
105.47280914444059
105.47280914444059
105.47280914444059
105.47280914444059
105.47280914444059
105.47280914444059
105.47280914444059
105.47280914444059
105.47280914444059
105.47280914444059
105.47280914444059
105.47280914444059
105.47280914444059
105.47280914444059
105.47280914444059
105.47280914444059
105.47280914444059
105.47280914444059
105.47280914444059
105.47280914444059
105.47280914444059
104.78004849324557
104.46830620020782
104.46830620020782
104.46830620020782
104.46830620020782
104.46830620020782
104.46830620020782
104.46830620020782
104.46830620020782
104.46830620020782
104.46830620020782
104.46830620020782
104.46830620020782
104.46830620020782
104.46830620020782
104.46830620020782
104.46830620020782
104.46830620020782
104.46830620020782
104.46830620020782
104.46830620020782
104.46830620020782
106.3733979909941
109.49082092137166
109.49082092137166
109.49082092137166
109.49082092137166
109.49082092137166
109.49082092137166
109.49082092137166
109.49082092137166
109.49082092137166
109.49082092137166
109.49082092137166
109.49082092137166
109.49082092137166
109.49082092137166
109.49082092137166
109.49082092137166
109.49082092137166
109.49082092137166
109.49082092137166
108.79806027017665
107.48181503290613
107.48181503290613
107.48181503290613
107.48181503290613
107.48181503290613
107.48181503290613
107.48181503290613
107.48181503290613
107.48181503290613
107.48181503290613
107.48181503290613
107.48181503290613
107.48181503290613
107.48181503290613
107.48181503290613
107.48181503290613
107.48181503290613
107.48181503290613
107.48181503290613
107.48181503290613
107.48181503290613
107.48181503290613
104.71077242812608
103.46380325597505
103.46380325597505
103.46380325597505
103.46380325597505
103.46380325597505
103.46380325597505
103.46380325597505
103.46380325597505
103.46380325597505
103.46380325597505
103.46380325597505
103.46380325597505
103.46380325597505
103.46380325597505
103.46380325597505
103.46380325597505
103.46380325597505
103.46380325597505
103.46380325597505
103.46380325597505
105.47280914444059
105.47280914444059
105.47280914444059
105.47280914444059
105.47280914444059
105.47280914444059
105.47280914444059
105.47280914444059
105.47280914444059
105.47280914444059
105.47280914444059
105.47280914444059
105.47280914444059
105.47280914444059
105.47280914444059
105.47280914444059
105.47280914444059
105.47280914444059
