0.0
0.5195704883962591
1.0045029442327675
1.0045029442327675
1.0045029442327675
1.0045029442327675
1.0045029442327675
1.0045029442327675
1.0045029442327675
1.0045029442327675
1.0045029442327675
1.0045029442327675
1.1776931070315206
2.009005888465535
2.009005888465535
2.009005888465535
2.009005888465535
2.009005888465535
2.009005888465535
2.009005888465535
2.009005888465535
2.009005888465535
2.009005888465535
3.0135088326983026
3.0135088326983026
3.0135088326983026
3.0135088326983026
3.0135088326983026
3.0135088326983026
3.0135088326983026
3.0135088326983026
3.0135088326983026
3.0135088326983026
3.0135088326983026
3.0135088326983026
3.0135088326983026
3.0135088326983026
3.0135088326983026
3.0135088326983026
3.0135088326983026
3.0135088326983026
3.0135088326983026
3.0135088326983026
3.0135088326983026
3.0135088326983026
3.0135088326983026
3.0135088326983026
3.0135088326983026
2.6671285071007964
2.009005888465535
2.009005888465535
2.009005888465535
2.009005888465535
2.009005888465535
2.009005888465535
2.009005888465535
2.009005888465535
2.009005888465535
2.009005888465535
1.489435400069276
1.0045029442327675
1.0045029442327675
1.0045029442327675
1.0045029442327675
1.0045029442327675
1.0045029442327675
1.0045029442327675
1.0045029442327675
1.0045029442327675
1.0045029442327675
1.0045029442327675
1.0045029442327675
1.0045029442327675
1.0045029442327675
1.0045029442327675
1.0045029442327675
1.0045029442327675
1.0045029442327675
1.0045029442327675
1.0045029442327675
1.0045029442327675
1.0045029442327675
1.0045029442327675
1.0045029442327675
1.0045029442327675
1.0045029442327675
1.0045029442327675
1.0045029442327675
1.0045029442327675
1.0045029442327675
1.0045029442327675
1.0045029442327675
1.0045029442327675
1.0045029442327675
1.0045029442327675
1.0045029442327675
1.0045029442327675
1.0045029442327675
1.0045029442327675
1.0045029442327675
1.0045029442327675
1.0045029442327675
1.0045029442327675
1.0045029442327675
1.0045029442327675
1.0045029442327675
1.0045029442327675
1.0045029442327675
1.0045029442327675
1.0045029442327675
1.0045029442327675
1.0045029442327675
1.0045029442327675
1.0045029442327675
1.0045029442327675
1.0045029442327675
1.0045029442327675
1.0045029442327675
1.0045029442327675
1.0045029442327675
1.0045029442327675
1.0045029442327675
1.0045029442327675
1.0045029442327675
2.009005888465535
2.009005888465535
2.009005888465535
2.009005888465535
2.009005888465535
2.009005888465535
2.009005888465535
2.009005888465535
2.009005888465535
2.009005888465535
2.632490474541046
3.0135088326983026
3.0135088326983026
3.0135088326983026
3.0135088326983026
3.0135088326983026
3.0135088326983026
3.0135088326983026
3.0135088326983026
3.0135088326983026
3.0135088326983026
3.0135088326983026
3.0135088326983026
3.0135088326983026
3.0135088326983026
3.0135088326983026
3.0135088326983026
3.0135088326983026
3.0135088326983026
3.0135088326983026
3.0135088326983026
3.0135088326983026
3.0135088326983026
2.0782819535850363
2.009005888465535
2.009005888465535
2.009005888465535
2.009005888465535
2.009005888465535
2.009005888465535
2.009005888465535
2.009005888465535
2.009005888465535
2.009005888465535
2.009005888465535
2.009005888465535
1.0737790093522688
1.0045029442327675
1.0045029442327675
1.0045029442327675
1.0045029442327675
1.0045029442327675
1.0045029442327675
1.0045029442327675
1.0045029442327675
1.0045029442327675
1.0045029442327675
1.0045029442327675
1.0045029442327675
1.0045029442327675
1.0045029442327675
1.0045029442327675
1.0045029442327675
1.0045029442327675
1.0045029442327675
1.0045029442327675
1.0045029442327675
1.0045029442327675
1.0045029442327675
1.0045029442327675
1.0045029442327675
1.0045029442327675
1.0045029442327675
1.0045029442327675
1.0045029442327675
1.0045029442327675
1.0045029442327675
1.0045029442327675
1.0045029442327675
1.0045029442327675
1.0045029442327675
1.0045029442327675
1.0045029442327675
1.0045029442327675
1.0045029442327675
1.0045029442327675
1.0045029442327675
1.0045029442327675
1.0045029442327675
1.0045029442327675
1.0045029442327675
1.0045029442327675
1.0045029442327675
1.0045029442327675
1.0045029442327675
1.0045029442327675
1.0045029442327675
1.0045029442327675
1.0045029442327675
1.0045029442327675
1.0045029442327675
1.0045029442327675
1.0045029442327675
1.0045029442327675
1.0045029442327675
1.0045029442327675
1.0045029442327675
1.0045029442327675
1.0045029442327675
1.0045029442327675
1.0737790093522688
2.009005888465535
2.009005888465535
2.009005888465535
2.009005888465535
2.009005888465535
2.009005888465535
2.009005888465535
2.009005888465535
2.009005888465535
2.390024246622792
3.0135088326983026
3.0135088326983026
3.0135088326983026
3.0135088326983026
3.0135088326983026
3.0135088326983026
3.0135088326983026
3.0135088326983026
3.0135088326983026
3.0135088326983026
3.0135088326983026
3.0135088326983026
3.0135088326983026
3.0135088326983026
3.0135088326983026
3.0135088326983026
3.0135088326983026
3.0135088326983026
3.0135088326983026
3.0135088326983026
3.0135088326983026
3.0135088326983026
3.0135088326983026
3.0135088326983026
2.3207481815032907
2.009005888465535
2.009005888465535
2.009005888465535
2.009005888465535
2.009005888465535
2.009005888465535
2.009005888465535
2.009005888465535
2.009005888465535
2.009005888465535
2.009005888465535
2.009005888465535
2.009005888465535
2.009005888465535
2.009005888465535
1.3508832698302735
1.0045029442327675
1.0045029442327675
1.0045029442327675
1.0045029442327675
1.0045029442327675
1.0045029442327675
1.0045029442327675
1.0045029442327675
1.0045029442327675
1.0045029442327675
1.0045029442327675
1.0045029442327675
1.0045029442327675
1.0045029442327675
1.0045029442327675
1.0045029442327675
1.0045029442327675
1.0045029442327675
1.0045029442327675
1.0045029442327675
1.0045029442327675
1.0045029442327675
1.0045029442327675
1.0045029442327675
1.0045029442327675
1.0045029442327675
1.0045029442327675
1.0045029442327675
1.0045029442327675
1.0045029442327675
1.0045029442327675
1.0045029442327675
1.0045029442327675
1.0045029442327675
1.0045029442327675
1.0045029442327675
1.0045029442327675
1.0045029442327675
1.0045029442327675
1.0045029442327675
1.0045029442327675
1.0045029442327675
1.0045029442327675
1.0045029442327675
1.0045029442327675
1.0045029442327675
1.0045029442327675
1.0045029442327675
1.0045029442327675
1.0045029442327675
1.0045029442327675
1.0045029442327675
1.0045029442327675
1.0045029442327675
1.0045029442327675
1.0045029442327675
1.0045029442327675
1.2123311395912713
2.009005888465535
2.009005888465535
2.009005888465535
2.009005888465535
2.009005888465535
2.009005888465535
2.009005888465535
2.009005888465535
2.009005888465535
2.6671285071007964
3.0135088326983026
3.0135088326983026
3.0135088326983026
3.0135088326983026
3.0135088326983026
3.0135088326983026
3.0135088326983026
3.0135088326983026
3.0135088326983026
3.0135088326983026
3.0135088326983026
3.0135088326983026
3.0135088326983026
3.0135088326983026
3.0135088326983026
3.0135088326983026
2.0782819535850363
2.009005888465535
2.009005888465535
2.009005888465535
2.009005888465535
2.009005888465535
2.009005888465535
2.009005888465535
2.009005888465535
2.009005888465535
2.009005888465535
1.316245237270523
1.0045029442327675
1.0045029442327675
1.0045029442327675
1.0045029442327675
1.0045029442327675
1.0045029442327675
1.0045029442327675
1.0045029442327675
1.0045029442327675
1.0045029442327675
1.0045029442327675
1.0045029442327675
1.0045029442327675
1.0045029442327675
1.0045029442327675
1.0045029442327675
1.0045029442327675
1.0045029442327675
1.0045029442327675
1.0045029442327675
1.0045029442327675
1.0045029442327675
1.0045029442327675
1.0045029442327675
1.0045029442327675
1.0045029442327675
1.0045029442327675
1.0045029442327675
1.0045029442327675
1.0045029442327675
1.0045029442327675
1.0045029442327675
1.0045029442327675
1.0045029442327675
1.0045029442327675
1.0045029442327675
1.0045029442327675
1.0045029442327675
1.0045029442327675
1.0045029442327675
1.0045029442327675
1.0045029442327675
1.0045029442327675
1.0045029442327675
1.0045029442327675
1.0045029442327675
1.0045029442327675
1.0045029442327675
1.0045029442327675
1.0045029442327675
1.0045029442327675
1.0045029442327675
1.0045029442327675
1.0045029442327675
1.0045029442327675
1.0045029442327675
1.0045029442327675
1.0045029442327675
1.0045029442327675
1.8704537582265326
2.009005888465535
2.009005888465535
2.009005888465535
2.009005888465535
2.009005888465535
2.009005888465535
2.009005888465535
2.009005888465535
2.009005888465535
2.5632144094215445
3.0135088326983026
3.0135088326983026
3.0135088326983026
3.0135088326983026
3.0135088326983026
3.0135088326983026
3.0135088326983026
3.0135088326983026
3.0135088326983026
3.0135088326983026
3.0135088326983026
3.0135088326983026
3.0135088326983026
3.0135088326983026
3.0135088326983026
3.0135088326983026
3.0135088326983026
3.0135088326983026
3.0135088326983026
3.0135088326983026
3.0135088326983026
3.0135088326983026
3.0135088326983026
2.009005888465535
2.009005888465535
2.009005888465535
2.009005888465535
2.009005888465535
2.009005888465535
2.009005888465535
2.009005888465535
2.009005888465535
2.009005888465535
2.009005888465535
2.009005888465535
2.009005888465535
2.009005888465535
1.6279875303082785
1.0045029442327675
1.0045029442327675
1.0045029442327675
1.0045029442327675
1.0045029442327675
1.0045029442327675
1.0045029442327675
1.0045029442327675
1.0045029442327675
1.0045029442327675
1.0045029442327675
1.0045029442327675
1.0045029442327675
1.0045029442327675
1.0045029442327675
1.0045029442327675
1.0045029442327675
1.0045029442327675
1.0045029442327675
1.0045029442327675
1.0045029442327675
1.0045029442327675
1.0045029442327675
1.0045029442327675
1.0045029442327675
1.0045029442327675
1.0045029442327675
1.0045029442327675
1.0045029442327675
1.0045029442327675
1.0045029442327675
1.0045029442327675
1.0045029442327675
1.0045029442327675
1.0045029442327675
1.0045029442327675
1.0045029442327675
1.0045029442327675
1.0045029442327675
1.0045029442327675
1.0045029442327675
1.0045029442327675
1.0045029442327675
1.0045029442327675
1.0045029442327675
1.0045029442327675
1.0045029442327675
1.0045029442327675
1.0045029442327675
1.0045029442327675
1.0045029442327675
1.0045029442327675
1.0045029442327675
1.0045029442327675
1.0045029442327675
1.0045029442327675
1.0045029442327675
1.0045029442327675
1.0045029442327675
1.0045029442327675
1.0045029442327675
1.0045029442327675
1.0045029442327675
1.0045029442327675
1.0045029442327675
1.0045029442327675
1.2469691721510219
2.009005888465535
2.009005888465535
2.009005888465535
2.009005888465535
2.009005888465535
2.009005888465535
2.009005888465535
2.009005888465535
2.009005888465535
2.597852441981295
3.0135088326983026
3.0135088326983026
3.0135088326983026
3.0135088326983026
3.0135088326983026
3.0135088326983026
3.0135088326983026
3.0135088326983026
3.0135088326983026
3.0135088326983026
3.0135088326983026
3.0135088326983026
3.0135088326983026
3.0135088326983026
3.0135088326983026
3.0135088326983026
3.0135088326983026
3.0135088326983026
3.0135088326983026
3.0135088326983026
3.0135088326983026
3.0135088326983026
3.0135088326983026
3.0135088326983026
3.0135088326983026
3.0135088326983026
3.0135088326983026
2.459300311742293
2.009005888465535
2.009005888465535
2.009005888465535
2.009005888465535
2.009005888465535
2.009005888465535
2.009005888465535
1.9050917907862832
1.0045029442327675
1.0045029442327675
1.0045029442327675
1.0045029442327675
1.0045029442327675
1.0045029442327675
1.0045029442327675
1.0045029442327675
1.0045029442327675
1.0045029442327675
1.0045029442327675
1.0045029442327675
1.0045029442327675
1.0045029442327675
1.0045029442327675
1.0045029442327675
1.0045029442327675
1.0045029442327675
1.0045029442327675
1.0045029442327675
0.034638032559750606
0.0
0.0
0.0
0.0
0.0
0.0
0.0
0.0
0.0
0.0
0.0
0.0
0.0
0.0
0.0
0.0
0.0
0.0
0.0
0.0
0.0
0.0
0.0
0.0
0.0
0.0
0.0
0.0
0.0
0.0
0.0
0.0
0.0
0.0
0.0
0.10391409767925182
1.0045029442327675
1.0045029442327675
1.0045029442327675
1.0045029442327675
1.0045029442327675
1.0045029442327675
1.0045029442327675
1.0045029442327675
1.0045029442327675
1.0045029442327675
1.0045029442327675
1.0045029442327675
1.0045029442327675
1.0045029442327675
1.0045029442327675
1.0045029442327675
1.0045029442327675
1.0045029442327675
1.0045029442327675
1.0045029442327675
1.0045029442327675
1.0045029442327675
1.0045029442327675
1.0045029442327675
1.0045029442327675
1.0045029442327675
1.0045029442327675
0.7966747488742639
0.0
0.0
0.0
0.0
0.0
0.0
0.0
0.0
0.10391409767925182
1.0045029442327675
1.0045029442327675
1.0045029442327675
1.0045029442327675
1.0045029442327675
1.0045029442327675
1.0045029442327675
1.0045029442327675
1.0045029442327675
1.489435400069276
2.009005888465535
2.009005888465535
2.009005888465535
2.009005888465535
2.009005888465535
2.009005888465535
2.009005888465535
2.009005888465535
2.009005888465535
2.805680637339799
3.0135088326983026
3.0135088326983026
3.0135088326983026
3.0135088326983026
3.0135088326983026
3.0135088326983026
3.0135088326983026
3.0135088326983026
3.0135088326983026
3.0135088326983026
3.0135088326983026
3.0135088326983026
3.0135088326983026
3.0135088326983026
3.0135088326983026
3.0135088326983026
3.0135088326983026
3.0135088326983026
3.0135088326983026
3.0135088326983026
3.0135088326983026
3.0135088326983026
3.0135088326983026
2.0782819535850363
2.009005888465535
2.009005888465535
2.009005888465535
2.009005888465535
2.009005888465535
2.009005888465535
2.009005888465535
2.009005888465535
2.009005888465535
1.0391409767925182
1.0045029442327675
1.0045029442327675
1.0045029442327675
1.0045029442327675
1.0045029442327675
1.0045029442327675
1.0045029442327675
1.0045029442327675
1.0045029442327675
1.0045029442327675
1.0045029442327675
1.0045029442327675
1.0045029442327675
1.0045029442327675
1.0045029442327675
1.0045029442327675
1.0045029442327675
1.0045029442327675
1.0045029442327675
1.0045029442327675
1.0045029442327675
1.0045029442327675
0.31174229303775547
0.0
0.0
0.0
0.0
0.0
0.0
0.0
0.0
0.0
0.0
0.0
0.0
0.0
0.0
0.0
0.0
0.0
0.0
0.0
0.0
0.0
0.0
0.0
0.0
0.0
0.0
0.8313127814340145
1.0045029442327675
1.0045029442327675
1.0045029442327675
1.0045029442327675
1.0045029442327675
1.0045029442327675
1.0045029442327675
1.0045029442327675
1.1084170419120194
2.009005888465535
2.009005888465535
2.009005888465535
2.009005888465535
2.009005888465535
2.009005888465535
2.009005888465535
2.009005888465535
2.009005888465535
2.9442327675788014
3.0135088326983026
3.0135088326983026
3.0135088326983026
3.0135088326983026
3.0135088326983026
3.0135088326983026
3.0135088326983026
3.0135088326983026
3.0135088326983026
3.0135088326983026
3.0135088326983026
3.0135088326983026
3.0135088326983026
3.0135088326983026
3.0135088326983026
3.0135088326983026
3.0135088326983026
3.0135088326983026
3.0135088326983026
3.0135088326983026
2.632490474541046
2.009005888465535
2.009005888465535
2.009005888465535
2.009005888465535
2.009005888465535
2.009005888465535
2.009005888465535
2.009005888465535
2.009005888465535
2.009005888465535
1.835815725666782
1.0045029442327675
1.0045029442327675
1.0045029442327675
1.0045029442327675
1.0045029442327675
1.0045029442327675
1.0045029442327675
1.0045029442327675
1.0045029442327675
1.0045029442327675
1.0045029442327675
1.0045029442327675
1.0045029442327675
1.0045029442327675
1.0045029442327675
1.0045029442327675
1.0045029442327675
1.0045029442327675
1.0045029442327675
1.0045029442327675
1.0045029442327675
1.0045029442327675
1.0045029442327675
1.0045029442327675
1.0045029442327675
1.0045029442327675
1.0045029442327675
1.0045029442327675
1.0045029442327675
1.0045029442327675
1.0045029442327675
1.0045029442327675
1.0045029442327675
1.0045029442327675
1.0045029442327675
1.0045029442327675
1.0045029442327675
1.0045029442327675
1.0045029442327675
1.0045029442327675
1.0045029442327675
1.0045029442327675
1.0045029442327675
1.0045029442327675
1.0045029442327675
1.0045029442327675
0.0
0.0
0.0
0.10391409767925182
1.0045029442327675
1.0045029442327675
1.0045029442327675
1.0045029442327675
1.0045029442327675
1.0045029442327675
1.0045029442327675
1.0045029442327675
1.0045029442327675
1.0045029442327675
1.3855213023900241
2.009005888465535
2.009005888465535
2.009005888465535
2.009005888465535
2.009005888465535
2.009005888465535
2.009005888465535
2.009005888465535
2.8403186698995495
3.0135088326983026
3.0135088326983026
3.0135088326983026
3.0135088326983026
3.0135088326983026
3.0135088326983026
3.0135088326983026
3.0135088326983026
3.0135088326983026
3.0135088326983026
3.0135088326983026
3.0135088326983026
3.0135088326983026
3.0135088326983026
3.0135088326983026
3.0135088326983026
3.0135088326983026
3.0135088326983026
3.0135088326983026
3.0135088326983026
3.0135088326983026
2.597852441981295
2.009005888465535
2.009005888465535
2.009005888465535
2.009005888465535
2.009005888465535
2.009005888465535
2.009005888465535
2.009005888465535
2.009005888465535
2.009005888465535
1.3855213023900241
1.0045029442327675
1.0045029442327675
1.0045029442327675
1.0045029442327675
1.0045029442327675
1.0045029442327675
1.0045029442327675
