95.86600142551676
95.76417880052948
95.71326748803584
95.71326748803584
94.2368394257204
92.22584258222177
91.64036248854495
91.30943895733633
90.7239588636595
89.83301089502088
89.52754302005906
89.52754302005906
99.27705936259036
103.75725486203035
100.65166479991855
98.71703492516038
98.08064351898992
96.93513898788311
96.60421545667448
95.86600142551676
95.43325526932085
92.58222176967722
91.51308420731087
90.62213623867224
90.11302311373588
89.70573261378678
88.78932898890133
89.24753080134406
93.77863761327767
103.70634354953671
100.88076570613991
99.81162814377355
99.607982893799
98.25883311271765
97.16423989410447
96.85877201914266
96.73149373790856
94.72049689440993
92.6840443946645
91.86946339476631
91.69127380103859
91.23307198859587
90.77487017615314
90.64759189491906
90.69850320741268
99.047958456369
100.85531004989309
99.07341411261582
98.94613583138174
98.41156705019856
97.0624172691172
96.57875980042766
95.7896344567763
95.00050911312493
92.48039914468995
91.69127380103859
91.51308420731087
90.90214845738723
90.54576926993178
89.70573261378678
89.80755523877406
99.27705936259036
103.9609001120049
98.92068017513492
98.53884533143265
98.20792180022401
97.44425211281947
96.90968333163629
96.73149373790856
96.57875980042766
94.79686386315039
91.76764076977905
91.46217289481723
91.05488239486814
90.59668058242542
90.08756745748906
89.60390998879951
90.06211180124224
98.53884533143265
103.75725486203035
99.22614805009674
98.76794623765402
98.41156705019856
98.1824661439772
98.28428876896447
97.87699826901537
97.13878423785765
94.92414214438449
94.41502901944813
94.46594033194177
94.05864983199267
93.6768149882904
93.6768149882904
93.6768149882904
101.21168923734854
105.20822726809898
103.65543223704307
102.53538336218308
100.67712045616537
99.96436208125446
99.81162814377355
99.81162814377355
97.95336523775583
96.73149373790856
96.47693717544038
95.89145708176358
95.73872314428266
95.45871092556766
96.12055798798494
106.04826392424397
108.46655126769168
107.9319824865085
107.90652683026168
106.55737704918033
104.5463802056817
103.85907748701761
103.80816617452398
103.04449648711945
100.52438651868445
99.607982893799
98.64066795641992
97.31697383158539
96.29874758171266
95.76417880052948
98.15701048773037
107.62651461154668
107.67742592404032
107.24467976784442
106.91375623663578
106.50646573668669
104.36819061195398
103.85907748701761
103.80816617452398
103.14631911210671
99.887995112514
98.05518786274311
97.46970776906629
96.85877201914266
96.45148151919356
95.71326748803584
95.76417880052948
101.38987883107627
108.23745036147032
108.28836167396396
107.6519702677935
106.88830058038897
104.97912636187762
103.73179920578353
102.94267386213217
102.35719376845536
100.67712045616537
98.3352000814581
97.69880867528765
96.98605030037675
96.68058242541493
96.17146930047856
95.30597698808675
95.17869870685267
99.68434986253946
105.6664290805417
105.48823948681397
104.9536707056308
104.72456979940944
103.24814173709399
102.22991548722126
101.82262498727218
101.49170145606354
98.94613583138174
97.16423989410447
96.6551267691681
95.7896344567763
95.58598920680176
94.46594033194177
93.6768149882904
94.28775073821403
103.06995214336627
104.92821504938398
104.8263924243967
104.57183586192852
104.29182364321352
102.9935851746258
101.848080643519
101.288056206089
100.88076570613991
98.6152123001731
96.68058242541493
95.84054576926994
95.12778739435903
94.31320639446085
93.60044801954994
92.8367783321454
91.48762855106405
92.48039914468995
100.44801954994401
101.92444761225944
101.74625801853172
101.7208023622849
100.98258833112718
98.99704714387538
96.83331636289584
96.5023928316872
95.76417880052948
94.46594033194177
92.42948783219632
91.53853986355769
91.05488239486814
90.64759189491906
89.83301089502088
89.14570817635679
88.63659505142043
89.0184298951227
97.3424294878322
99.93890642500764
99.30251501883718
98.92068017513492
98.76794623765402
97.69880867528765
96.24783626921902
95.81509011302312
95.38234395682721
93.26952448834132
91.84400773851951
90.82578148864678
90.52031361368496
89.60390998879951
89.22207514509725
88.35658283270543
87.6183688015477
87.49109052031362
92.1240199572345
98.69157926891356
99.887995112514
98.97159148762856
98.92068017513492
97.64789736279401
95.53507789430812
94.84777517564403
94.66958558191631
93.65135933204358
91.84400773851951
90.49485795743814
89.7311882700336
89.32389777008451
88.66205070766725
88.0256593014968
87.05834436411772
86.34558598920681
86.93106608288362
95.12778739435903
98.38611139395174
97.41879645657265
96.73149373790856
96.57875980042766
95.30597698808675
93.3968027695754
92.86223398839222
92.58222176967722
90.18939008247632
89.32389777008451
88.68750636391407
88.63659505142043
88.0256593014968
87.3383565828327
86.6255982079218
88.0256593014968
96.60421545667448
97.80063130027493
96.98605030037675
96.96059464412993
97.0624172691172
96.60421545667448
95.17869870685267
94.59321861317585
93.72772630078404
92.6840443946645
90.0112004887486
89.5784543325527
89.04388555136951
88.4584054576927
87.94929233275634
87.56745748905406
92.35312086345586
99.7352611750331
99.09886976886264
98.76794623765402
98.4624783626922
97.57153039405357
96.0696466754913
95.2296100193463
94.82231951939721
92.8367783321454
91.30943895733633
90.67304755116587
90.18939008247632
89.62936564504633
89.42572039507179
88.58568373892679
89.52754302005906
96.88422767538947
97.72426433153447
97.49516342531311
97.13878423785765
96.93513898788311
96.29874758171266
95.73872314428266
95.73872314428266
95.0768760818654
92.73495570715814
91.2839833010895
90.31666836371042
89.83301089502088
89.0184298951227
88.0256593014968
87.54200183280726
88.10202627023725
95.00050911312493
96.73149373790856
96.47693717544038
96.47693717544038
95.96782405050402
95.25506567559312
94.69504123816313
94.69504123816313
94.26229508196721
92.65858873841768
91.48762855106405
90.52031361368496
89.70573261378678
89.45117605131861
89.06934120761633
92.09856430098768
96.73149373790856
96.60421545667448
96.55330414418084
96.45148151919356
95.71326748803584
95.48416658181448
94.92414214438449
94.69504123816313
93.98228286325222
91.61490683229813
90.24030139496996
89.55299867630588
89.17116383260361
88.07657061399043
87.56745748905406
89.55299867630588
95.99327970675084
95.71326748803584
95.71326748803584
95.6369005192954
95.61144486304858
94.66958558191631
94.59321861317585
94.38957336320131
93.5495367070563
90.69850320741268
90.39303533245088
89.55299867630588
88.91660727013543
88.28021586396497
87.3129009265859
86.77833214540271
87.87292536401588
93.88046023826494
94.61867426942267
94.00773851949903
93.70227064453722
93.72772630078404
93.77863761327767
93.6768149882904
93.60044801954994
93.19315751960086
91.23307198859587
88.96751858262907
88.61113939517361
88.58568373892679
88.05111495774361
87.41472355157316
87.23653395784544
87.51654617656044
91.76764076977905
95.66235617554221
95.71326748803584
95.71326748803584
95.71326748803584
95.68781183178902
95.20415436309948
95.0768760818654
95.00050911312493
94.16047245697995
91.61490683229813
90.59668058242542
89.19661948885043
88.1783932389777
87.28744527033908
86.39649730170044
86.42195295794725
91.20761633234905
93.26952448834132
93.19315751960086
93.32043580083494
93.19315751960086
93.2440688320945
92.8367783321454
92.81132267589858
92.6840443946645
92.65858873841768
90.18939008247632
89.27298645759087
88.66205070766725
88.15293758273089
87.56745748905406
86.65105386416862
86.4728642704409
88.50931677018633
95.00050911312493
95.15324305060585
95.05142042561857
94.72049689440993
94.64412992566949
93.72772630078404
93.06587923836676
93.04042358211996
92.60767742592404
92.17493126972813
88.40749414519907
87.26198961409226
86.42195295794725
85.37827105182772
84.56369005192954
85.30190408308727
91.97128601975359
93.65135933204358
93.32043580083494
93.26952448834132
92.8367783321454
92.04765298849405
91.46217289481723
91.33489461358315
90.8512371448936
88.58568373892679
87.54200183280726
86.93106608288362
86.44740861419407
85.6328276142959
84.99643620812544
86.39649730170044
92.81132267589858
93.34589145708176
93.19315751960086
92.93860095713268
92.65858873841768
92.65858873841768
92.63313308217086
92.58222176967722
91.66581814479177
88.76387333265451
88.10202627023725
88.07657061399043
88.0256593014968
87.51654617656044
86.60014255167498
85.60737195804909
90.74941451990632
94.44048467569495
93.80409326952449
93.75318195703086
93.70227064453722
93.72772630078404
93.5240810508095
93.2440688320945
93.16770186335404
91.86946339476631
90.62213623867224
89.98574483250178
88.7384176764077
88.12748192648407
87.16016698910498
86.37104164545362
86.65105386416862
92.48039914468995
94.77140820690357
94.56776295692903
94.51685164443539
93.8295489257713
93.5495367070563
92.70950005091132
92.60767742592404
91.71672945728541
88.71296202016089
87.49109052031362
86.42195295794725
85.68373892678953
85.0728031768659
84.41095611444864
84.46186742694226
89.17116383260361
93.9568272070054
93.90591589451176
93.6768149882904
93.5240810508095
92.4040321759495
91.71672945728541
91.64036248854495
91.56399551980451
90.52031361368496
88.43294980144589
87.69473577028816
87.10925567661134
86.52377558293453
86.29467467671317
86.52377558293453
91.76764076977905
93.75318195703086
93.6768149882904
93.6768149882904
93.6768149882904
93.60044801954994
93.6768149882904
93.6768149882904
93.3968027695754
93.06587923836676
93.04042358211996
92.30220955096223
91.64036248854495
90.5712249261786
89.60390998879951
91.48762855106405
96.52784848793402
96.6296711129213
96.57875980042766
96.57875980042766
95.76417880052948
94.79686386315039
94.64412992566949
94.69504123816313
94.51685164443539
92.78586701965177
91.33489461358315
89.50208736381224
87.92383667650952
86.7528764891559
88.28021586396497
93.06587923836676
93.19315751960086
93.21861317584768
93.6768149882904
93.32043580083494
93.21861317584768
93.1167905508604
92.65858873841768
92.63313308217086
91.92037470725995
90.24030139496996
89.5784543325527
88.66205070766725
87.92383667650952
88.00020364524998
91.43671723857041
92.58222176967722
92.63313308217086
93.1167905508604
93.21861317584768
93.42225842582222
93.1167905508604
93.14224620710722
92.6840443946645
92.65858873841768
91.10579370736178
89.98574483250178
89.0184298951227
88.58568373892679
87.87292536401588
89.22207514509725
92.27675389471541
92.65858873841768
93.37134711332858
93.6768149882904
93.6768149882904
93.62590367579676
92.91314530088586
92.20038692597495
91.64036248854495
90.34212401995724
89.60390998879951
89.32389777008451
88.63659505142043
88.68750636391407
89.90937786376134
91.64036248854495
91.99674167600041
93.21861317584768
93.6768149882904
93.6768149882904
93.65135933204358
93.65135933204358
93.01496792587314
91.76764076977905
90.18939008247632
89.47663170756542
88.61113939517361
87.54200183280726
87.51654617656044
89.37480908257815
90.67304755116587
91.23307198859587
91.71672945728541
92.04765298849405
91.79309642602587
91.97128601975359
91.84400773851951
91.71672945728541
91.36035026982996
90.36757967620406
89.5784543325527
88.86569595764179
87.66928011404134
86.80378780164953
86.6255982079218
88.30567152021179
89.98574483250178
90.08756745748906
90.62213623867224
90.5712249261786
90.0112004887486
89.83301089502088
89.60390998879951
89.52754302005906
88.78932898890133
87.82201405152225
87.0328887078709
86.60014255167498
85.81101720802363
84.76733530190408
84.38550045820182
84.5127787394359
87.36381223907952
88.22930455147134
88.20384889522452
88.58568373892679
88.50931677018633
88.48386111393953
88.58568373892679
89.09479686386315
89.50208736381224
89.0184298951227
87.56745748905406
86.98197739537726
86.4728642704409
85.58191630180227
85.2255371143468
84.18185520822728
83.52000814581
85.45463802056817
88.15293758273089
88.07657061399043
88.38203848895225
88.30567152021179
88.10202627023725
88.15293758273089
88.0256593014968
88.12748192648407
87.82201405152225
86.70196517666226
85.3528153955809
84.7927909581509
84.43641177069546
83.54546380205682
83.49455248956318
83.08726198961409
82.57814886467773
85.3528153955809
88.61113939517361
88.56022808267997
88.58568373892679
88.58568373892679
88.61113939517361
88.58568373892679
88.56022808267997
88.58568373892679
88.58568373892679
88.28021586396497
87.49109052031362
86.57468689542817
85.81101720802363
85.55646064555545
84.71642398941044
84.33458914570818
85.88738417676407
88.58568373892679
88.58568373892679
88.50931677018633
88.58568373892679
88.58568373892679
88.53477242643315
88.22930455147134
88.20384889522452
87.82201405152225
86.24376336421953
84.41095611444864
83.36727420832909
82.93452805213319
82.47632623969047
82.37450361470319
81.86539048976682
83.49455248956318
88.33112717645861
88.76387333265451
88.63659505142043
88.56022808267997
88.48386111393953
87.66928011404134
86.7528764891559
86.77833214540271
86.21830770797271
83.57091945830363
81.45809998981774
81.45809998981774
80.87261989614092
80.43987373994501
80.15986152123001
80.66897464616638
86.16739639547907
88.96751858262907
88.58568373892679
87.87292536401588
87.59291314530088
86.85469911414316
86.85469911414316
86.7528764891559
86.54923123918135
85.50554933306181
83.49455248956318
83.11271764586091
82.65451583341819
82.78179411465227
82.50178189593728
83.49455248956318
87.16016698910498
91.08033805111496
90.8512371448936
90.80032583239996
90.67304755116587
90.54576926993178
89.96028917625496
89.60390998879951
89.52754302005906
88.40749414519907
86.60014255167498
85.65828327054271
85.14917014560636
84.38550045820182
83.67274208329091
83.57091945830363
87.05834436411772
92.91314530088586
92.65858873841768
92.65858873841768
92.17493126972813
91.76764076977905
91.61490683229813
91.41126158232359
90.7239588636595
89.7311882700336
87.16016698910498
86.14194073923225
85.58191630180227
84.9455248956318
84.15639955198046
83.52000814581
84.15639955198046
90.7239588636595
91.99674167600041
91.79309642602587
91.64036248854495
91.48762855106405
90.62213623867224
89.88392220751452
89.60390998879951
89.27298645759087
87.38926789532634
86.42195295794725
85.60737195804909
85.53100498930863
84.71642398941044
84.38550045820182
84.71642398941044
91.53853986355769
92.70950005091132
92.63313308217086
91.94583036350677
91.86946339476631
91.53853986355769
90.52031361368496
89.65482130129315
89.04388555136951
87.0328887078709
86.16739639547907
86.34558598920681
85.86192852051727
85.60737195804909
85.58191630180227
87.00743305162408
93.16770186335404
93.37134711332858
93.19315751960086
93.16770186335404
92.88768964463904
92.65858873841768
92.65858873841768
92.04765298849405
91.66581814479177
89.32389777008451
88.43294980144589
87.84746970776906
87.56745748905406
87.05834436411772
86.44740861419407
86.67650952041544
91.56399551980451
93.06587923836676
93.09133489461358
93.19315751960086
93.29498014458812
93.1167905508604
92.6840443946645
92.65858873841768
92.60767742592404
91.51308420731087
89.70573261378678
88.89115161388861
88.66205070766725
88.4584054576927
87.56745748905406
86.52377558293453
86.7528764891559
90.31666836371042
92.65858873841768
92.63313308217086
92.65858873841768
92.63313308217086
92.65858873841768
92.65858873841768
92.6840443946645
92.65858873841768
92.4040321759495
90.90214845738723
89.47663170756542
88.66205070766725
87.94929233275634
87.26198961409226
86.21830770797271
85.60737195804909
87.44017920781998
92.1240199572345
91.76764076977905
91.33489461358315
90.69850320741268
90.62213623867224
90.59668058242542
90.16393442622952
90.06211180124224
89.8584665512677
90.11302311373588
86.7528764891559
85.91283983301089
85.50554933306181
84.69096833316362
84.05457692699318
83.49455248956318
83.46909683331637
86.9056104266368
90.59668058242542
90.39303533245088
90.52031361368496
90.59668058242542
90.49485795743814
90.67304755116587
90.77487017615314
90.7239588636595
90.54576926993178
88.53477242643315
87.54200183280726
87.0328887078709
86.39649730170044
85.81101720802363
85.48009367681499
85.48009367681499
85.53100498930863
87.10925567661134
93.32043580083494
93.14224620710722
93.26952448834132
93.32043580083494
93.49862539456268
93.16770186335404
93.19315751960086
93.16770186335404
91.84400773851951
90.06211180124224
88.7384176764077
87.54200183280726
86.98197739537726
86.49831992668771
85.53100498930863
85.09825883311272
85.50554933306181
89.96028917625496
90.67304755116587
90.7239588636595
90.62213623867224
90.62213623867224
90.62213623867224
90.62213623867224
90.62213623867224
90.4439466449445
89.88392220751452
87.59291314530088
86.4728642704409
85.17462580185317
84.360044801955
82.80724977089909
81.63628958354546
81.45809998981774
81.55992261480502
87.16016698910498
90.92760411363405
91.30943895733633
91.48762855106405
91.33489461358315
90.87669280114042
90.54576926993178
90.59668058242542
90.59668058242542
89.32389777008451
88.10202627023725
87.44017920781998
86.72742083290908
85.42918236432135
84.66551267691682
84.360044801955
84.360044801955
88.28021586396497
91.41126158232359
91.36035026982996
91.38580592607677
91.23307198859587
91.36035026982996
91.41126158232359
91.30943895733633
91.33489461358315
91.1312493636086
89.83301089502088
88.25476020771816
86.72742083290908
84.89461358313818
81.99266877100092
