138.56005885500267
136.41987693953985
133.7279293739968
131.03598180845373
155.98247726056715
171.43191546281435
160.71428571428572
149.62881219903693
149.5284911717496
149.47833065810593
148.22431781701445
142.3053772070626
138.81086142322098
137.60700909577315
136.0854735152488
133.77808988764045
130.9356607811664
128.91252006420547
128.19355270197966
156.6011235955056
155.1799090422686
146.75294275013377
146.68606206527554
147.1709470304976
146.88670411985018
143.20826645264847
136.5870786516854
134.3298555377207
133.2932049224184
131.6880684858213
129.81540930979133
127.47458533975387
125.38456393793473
138.24237560192617
158.62426431246655
143.10794542536115
142.70666131621186
143.35874799357944
143.49250936329588
143.20826645264847
141.25200642054574
138.81086142322098
137.9414125200642
136.5870786516854
133.17616372391655
130.1832530765115
134.2629748528625
158.8917870518994
146.53558052434457
146.58574103798824
146.58574103798824
146.58574103798824
145.08092562867844
140.11503477795614
136.98836276083466
136.21923488496523
134.2629748528625
132.25655430711612
131.05270197966829
152.48796147672553
155.1799090422686
150.33105939004815
150.08025682182986
149.69569288389513
149.06032637774211
144.14459604066346
139.56326912787586
138.0082932049224
137.15556447298022
135.46682718031033
133.2597645799893
131.58774745853398
150.49826110219368
162.52006420545746
150.4648207597646
150.3477795612627
149.76257356875334
149.62881219903693
145.90021401819155
140.2655163188871
137.67388978063136
136.6205189941145
135.45010700909577
133.41024612092028
131.4707062600321
134.5137774210808
168.79012841091492
151.73555377207063
147.57223113964687
147.63911182450508
147.8063135366506
147.3883092562868
144.32851792402354
140.9176029962547
139.99799357945426
139.39606741573033
137.74077046548956
136.55363830925629
155.8988764044944
163.7907972177635
153.1734884965222
153.24036918138043
152.52140181915462
152.3876404494382
150.2474585339754
28.591492776886035
0.0
0.0
0.0
0.0
0.0
0.0
0.0
0.0
0.0
0.01672017121455324
0.0
0.0
0.0
0.0
0.0
0.0
0.0
0.0
0.0
0.01672017121455324
0.0
0.0
0.01672017121455324
0.0
0.0
0.0
0.0
0.0
0.0
0.0
0.0
0.0
0.0
0.0
0.0
0.0
0.0
0.0
0.01672017121455324
0.0
0.0
0.0
0.0
0.0
0.0
0.0
0.0
0.0
0.0
0.0
0.01672017121455324
0.0
0.0
0.0
0.0
0.0
0.0
0.0
0.0
0.0
0.0
0.0
0.0
0.0
0.0
0.01672017121455324
0.0
0.0
0.01672017121455324
0.0
0.01672017121455324
0.0
0.03344034242910648
0.0
0.0
0.0
0.0
0.0
0.0
0.0
0.0
0.0
0.0
0.0
0.0
0.0
0.0
0.0
0.0
0.0
0.0
0.0
0.0
0.0
0.01672017121455324
0.01672017121455324
0.0
0.0
0.0
0.01672017121455324
0.0
0.01672017121455324
0.0
0.0
0.0
0.01672017121455324
0.0
0.01672017121455324
0.0
0.0
0.0
0.0
0.0
0.0
0.0
0.0
0.0
0.0
0.0
0.0
0.0
0.01672017121455324
0.0
0.0
0.0
0.0
0.0
0.0
0.01672017121455324
0.0
0.0
0.0
0.0
0.0
0.01672017121455324
0.0
0.03344034242910648
0.0
0.0
0.0
0.01672017121455324
0.01672017121455324
0.01672017121455324
0.0
0.0
0.0
0.0
0.0
0.0
0.0
0.0
0.01672017121455324
0.0
0.01672017121455324
0.0
0.0
0.0
0.0
0.0
0.0
0.01672017121455324
0.0
0.0
0.0
0.0
0.0
0.0
0.0
0.01672017121455324
0.0
0.0
0.0
0.0
0.0
0.0
0.0
0.0
0.0
0.0
0.0
0.0
0.0
0.0
0.0
0.0
0.03344034242910648
0.0
0.01672017121455324
0.0
0.01672017121455324
0.01672017121455324
0.0
0.0
0.0
0.0
0.0
0.01672017121455324
0.0
0.05016051364365971
88.68378812199037
87.39633493846976
84.52046548956662
83.51725521669341
92.02782236490101
122.9266987693954
104.46762974852862
100.38790797217763
100.187265917603
99.50173889780632
98.94997324772606
92.41238630283574
89.1017924023542
87.51337613697164
86.14232209737828
84.3867041198502
81.9121187800963
81.26003210272873
108.7647137506688
111.3061797752809
102.2940074906367
102.21040663456394
101.29079721776351
100.58855002675227
93.7165596575709
88.51658640984483
86.47672552166934
85.08895131086142
83.4169341894061
81.34363295880149
78.96936864633494
89.65355805243446
110.93833600856073
97.54547886570359
97.62907972177635
97.54547886570359
97.3949973247726
94.40208667736758
88.13202247191012
85.4902354200107
84.30310326377742
82.74812734082397
80.67482611021937
79.60473515248796
94.03424291064741
118.57945425361156
102.39432851792402
99.76926163723917
99.66894060995185
99.51845906902086
96.09082397003745
90.1718833600856
88.3159443552702
87.49665596575709
86.19248261102194
97.52875869448903
120.73635634028892
107.59430176565009
104.5846709470305
103.02969502407704
102.02648475120385
100.20398608881754
93.08119315141786
92.34550561797752
90.53972712680577
84.77126805778491
83.68445692883896
117.81032637774211
120.31835205992509
106.15636704119851
105.16987693953986
103.94930444087747
103.28049759229535
99.50173889780632
92.56286784376672
91.02461209202782
89.25227394328518
86.91144997324773
85.45679507758159
93.26511503477796
121.6392455858748
111.03865703584805
108.04574638844302
105.75508293204922
103.41425896201177
100.70559122525415
94.38536650615302
90.37252541466025
87.84777956126271
85.85807918673088
83.7011771000535
81.76163723916532
94.535848047084
116.87399678972713
104.98595505617978
102.94609416800428
101.12359550561798
100.23742643124666
96.87667201712145
87.84777956126271
85.60727661851257
84.36998394863564
82.64780631353665
85.2059925093633
102.44448903156768
112.29266987693954
102.99625468164794
100.83935259497058
97.98020331728198
97.52875869448903
91.44261637239165
88.39954521134297
86.34296415195291
85.28959336543606
84.43686463349384
95.67281968967362
110.85473515248796
101.24063670411985
99.90302300695559
98.86637239165329
98.33132691278759
95.38857677902622
88.48314606741573
87.0284911717496
85.72431781701445
85.00535045478865
98.3982075976458
120.95371856607812
106.72485286249331
101.14031567683253
100.83935259497058
100.55510968432317
96.69275013376136
91.25869448903157
89.85420010700909
88.93459069020867
88.70050829320492
111.5904226859283
108.0123060460139
106.03932584269663
103.8322632423756
103.33065810593901
101.67536115569824
91.97766185125735
89.55323702514714
87.94810058855003
86.0252808988764
93.98408239700375
123.37814339218833
109.09911717495987
106.32356875334403
104.60139111824505
102.47792937399679
100.07022471910112
93.13135366506152
91.27541466024613
90.84069020866774
89.30243445692884
82.98220973782772
106.13964686998395
129.6147672552167
114.1653290529695
105.47084002140181
103.8657035848047
103.33065810593901
101.80912252541467
91.37573568753344
89.73715890850723
89.11851257356875
86.69408774745854
83.1661316211878
81.1262707330123
103.56474050294275
113.56340288924558
102.52808988764045
102.2605671482076
100.973113964687
99.56861958266452
91.6766987693954
87.2458533975388
85.15583199571964
84.08574103798823
82.53076511503478
79.63817549491706
79.42081326912788
109.11583734617443
107.84510433386838
97.41171749598716
97.29467629748528
96.47538790797218
96.02394328517924
89.05163188871055
85.7075976457999
84.78798822899947
83.96869983948636
83.01565008025682
80.15650080256822
100.73903156768326
121.82316746923489
102.2271268057785
97.26123595505618
97.14419475655431
96.87667201712145
96.3249063670412
91.40917602996255
85.13911182450508
83.60085607276619
82.3802835741038
80.54106474050295
79.37065275548422
106.92549491706795
114.1653290529695
100.28758694489032
100.20398608881754
100.187265917603
99.51845906902086
96.05738362760835
88.21562332798288
85.92495987158908
84.85486891385767
83.50053504547887
81.34363295880149
91.65997859818084
125.86944890315677
106.39044943820225
99.36797752808988
99.80270197966827
99.71910112359551
98.98341359015517
92.88055109684323
88.49986623863029
85.84135901551632
84.4535848047084
82.58092562867844
79.75521669341894
78.83560727661852
111.28945960406635
104.80203317281969
97.1107544141252
97.31139646869984
97.3949973247726
97.54547886570359
94.45224719101124
88.66706795077582
86.96161048689139
86.54360620652756
86.22592295345105
87.93138041733548
119.74986623863029
113.69716425896202
107.76150347779561
105.00267522739433
99.31781701444623
98.98341359015517
95.37185660781167
88.90115034777956
87.49665596575709
87.34617442482612
86.24264312466559
84.87158908507223
130.35045478865703
120.48555377207063
106.17308721241305
105.30363830925629
103.68178170144462
103.09657570893526
99.11717495987159
92.84711075441413
91.54293739967898
89.97124130551097
87.47993579454254
85.03879079721776
92.36222578919208
116.63991439272338
105.01939539860888
104.96923488496522
104.3673087212413
104.06634563937935
100.55510968432317
94.03424291064741
91.4258962011771
90.22204387372926
88.70050829320492
86.34296415195291
86.30952380952381
112.52675227394329
115.65342429106474
102.67857142857143
101.92616372391653
100.55510968432317
100.2541466024612
96.15770465489567
89.93780096308186
87.8143392188336
86.00856072766184
83.86837881219904
81.54427501337614
84.31982343499197
116.72351524879615
102.97953451043338
102.19368646334938
102.21040663456394
101.94288389513109
99.80270197966827
93.34871589085073
91.22525414660247
90.02140181915463
88.53330658105939
87.26257356875334
105.70492241840556
124.61543606206527
109.68432316746923
107.9454253611557
106.25668806848581
105.13643659711076
103.46441947565543
95.90690208667736
93.41559657570893
91.94422150882825
90.12172284644195
87.41305510968432
112.97819689673622
124.64887640449439
112.40971107544141
111.13897806313537
108.93191546281435
108.12934724451578
104.56795077581594
96.6091492776886
94.20144462279293
92.16158373461744
89.97124130551097
86.91144997324773
85.30631353665062
105.3705189941145
117.25856072766184
109.08239700374531
108.06246655965757
105.75508293204922
104.8689138576779
100.87279293739968
92.36222578919208
90.99117174959872
89.40275548421616
87.5635366506153
85.00535045478865
98.6490101658641
126.30417335473516
112.57691278758695
107.51070090957731
106.89205457463885
105.3705189941145
103.36409844836811
97.37827715355806
92.54614767255217
90.57316746923489
88.33266452648475
86.34296415195291
81.41051364365971
82.33012306046014
115.38590155163189
107.00909577314071
102.51136971642589
102.62841091492777
102.59497057249867
102.64513108614233
100.03678437667202
94.5692883895131
91.89406099518459
88.93459069020867
85.50695559122525
82.81500802568219
86.57704654895666
120.30163188871055
106.15636704119851
105.32035848047084
104.63483146067416
104.18338683788122
103.38081861958267
93.39887640449439
89.62011771000535
88.11530230069556
85.72431781701445
81.81179775280899
85.52367576243981
123.07718031032638
106.77501337613697
97.56219903691814
97.49531835205993
97.16091492776886
95.95706260032102
90.57316746923489
83.81821829855538
83.01565008025682
82.06260032102729
80.3404226859283
78.7018459069021
97.69596040663457
101.82584269662921
96.59242910647406
96.94355270197967
96.47538790797218
96.34162653825575
91.07477260567148
87.12881219903691
85.97512038523274
85.57383627608347
85.54039593365437
103.49785981808454
116.27207062600321
105.88884430176564
104.20010700909577
102.42776886035313
101.45799892990904
94.7866506153023
89.53651685393258
88.78410914927768
87.88121990369181
87.42977528089888
117.17495987158908
124.88295880149813
112.86115569823436
110.40329052969503
107.6946227929374
105.97244515783842
101.09015516318887
94.15128410914927
91.62653825575174
90.33908507223114
88.38282504012841
87.16225254146603
100.12038523274478
117.64312466559657
112.12546816479401
109.96856607811664
106.74157303370787
105.32035848047084
97.59563937934725
94.30176565008026
92.22846441947566
88.78410914927768
86.76096843231674
85.79119850187266
105.97244515783842
111.22257891920813
105.53772070626003
104.95251471375067
103.5480203317282
102.87921348314607
99.10045478865703
93.38215623327983
93.29855537720707
93.26511503477796
91.55965757089352
87.98154093097914
95.33841626538256
118.41225254146603
112.10874799357946
110.0521669341894
106.57437132156234
105.01939539860888
97.76284109149277
92.73006955591225
90.45612627073301
88.80082932049224
86.64392723381488
84.13590155163189
89.21883360085607
119.5659443552702
109.76792402354201
107.32677902621722
104.56795077581594
102.49464954521135
100.2541466024612
92.57958801498127
88.86771000535046
86.61048689138576
84.21950240770465
81.31019261637239
79.10313001605137
81.89539860888175
110.48689138576779
101.5415997859818
100.48822899946495
98.84965222043874
98.54868913857678
94.38536650615302
88.18218298555377
86.76096843231674
85.10567148207598
85.40663456393794
85.92495987158908
99.1840556447298
108.4804708400214
100.28758694489032
100.2207062600321
99.58533975387908
98.86637239165329
92.32878544676298
85.10567148207598
83.9519796682718
83.03237025147138
81.19315141787052
78.96936864633494
84.01886035313002
115.68686463349384
104.80203317281969
103.36409844836811
102.11008560727662
100.973113964687
97.01043338683787
87.44649545211342
85.35647405029428
84.955189941145
83.28317281968967
81.14299090422686
80.25682182985554
103.96602461209203
113.1286784376672
101.12359550561798
99.51845906902086
99.01685393258427
98.3982075976458
93.18151417870519
87.16225254146603
84.67094703049759
82.93204922418406
80.92562867843766
78.35072231139647
77.02982878544677
92.09470304975923
102.81233279828785
97.8631621187801
97.44515783841626
97.29467629748528
97.09403424291065
90.94101123595506
85.90823970037454
83.11597110754414
82.3802835741038
80.67482611021937
79.13657035848047
84.77126805778491
110.33640984483681
97.74612092027823
96.69275013376136
95.97378277153558
95.40529695024077
88.6001872659176
82.01243980738363
80.40730337078652
79.57129481005886
80.39058319957196
94.65288924558587
105.9390048154093
96.6091492776886
96.24130551096843
95.72298020331728
95.40529695024077
91.1750936329588
85.59055644729803
83.96869983948636
83.06581059390048
82.24652220438738
106.22324772605671
112.59363295880149
100.27086677367576
99.31781701444623
99.4682985553772
99.31781701444623
98.63228999464954
90.03812199036918
86.86128945960407
85.57383627608347
83.9519796682718
82.19636169074371
108.16278758694489
118.0276886035313
105.67148207597646
103.21361690743713
101.70880149812734
100.85607276618512
96.25802568218299
88.26578384162654
86.32624398073837
85.13911182450508
84.50374531835206
81.81179775280899
100.80591225254146
120.46883360085607
104.56795077581594
101.5081594435527
100.30430711610487
98.8998127340824
97.69596040663457
88.58346709470305
84.50374531835206
83.36677367576245
81.9121187800963
79.18673087212413
78.41760299625469
99.26765650080257
105.1197164258962
98.76605136436598
98.03036383092562
97.66252006420545
97.14419475655431
90.62332798287855
86.97833065810595
85.72431781701445
85.30631353665062
83.45037453183521
85.22271268057784
114.39941144997324
105.42067950775817
100.60527019796683
99.00013376136971
98.53196896736223
98.26444622792937
95.2882557517389
87.71401819154629
85.32303370786516
81.8452380952381
79.5211342964152
88.51658640984483
119.46562332798288
102.31072766185126
98.34804708400215
97.29467629748528
96.24130551096843
93.09791332263242
87.51337613697164
84.85486891385767
83.83493846976992
82.07932049224183
80.32370251471374
86.12560192616372
110.63737292669877
100.03678437667202
99.10045478865703
97.46187800963082
96.19114499732477
94.35192616372392
86.76096843231674
84.33654360620653
83.11597110754414
80.94234884965222
78.95264847512038
91.15837346174425
108.46375066880685
98.66573033707866
98.06380417335474
97.47859818084537
97.16091492776886
93.53263777421081
87.41305510968432
86.20920278223649
85.60727661851257
84.75454788657036
103.33065810593901
116.27207062600321
105.32035848047084
102.84577314071696
100.78919208132692
100.30430711610487
96.17442482611023
88.08186195826646
86.51016586409845
85.30631353665062
83.71789727126806
82.9153290529695
87.94810058855003
116.94087747458533
107.64446227929373
105.25347779561262
