177.41935483870967
177.41935483870967
177.41935483870967
177.41935483870967
177.41935483870967
177.41935483870967
177.41935483870967
177.41935483870967
177.41935483870967
147.99094510469723
96.49122807017544
96.49122807017544
96.49122807017544
96.49122807017544
96.49122807017544
96.49122807017544
96.49122807017544
96.49122807017544
96.49122807017544
96.49122807017544
96.49122807017544
96.49122807017544
96.49122807017544
96.49122807017544
96.49122807017544
96.49122807017544
96.49122807017544
96.49122807017544
96.49122807017544
96.49122807017544
96.49122807017544
96.49122807017544
96.49122807017544
96.49122807017544
96.49122807017544
96.49122807017544
96.49122807017544
96.49122807017544
96.49122807017544
96.49122807017544
96.49122807017544
96.49122807017544
96.49122807017544
96.49122807017544
96.49122807017544
96.49122807017544
96.49122807017544
96.49122807017544
96.49122807017544
96.49122807017544
96.49122807017544
96.49122807017544
96.49122807017544
96.49122807017544
96.49122807017544
96.49122807017544
96.49122807017544
89.88870024523675
81.96566685531032
81.96566685531032
81.96566685531032
81.96566685531032
81.96566685531032
81.96566685531032
81.96566685531032
81.96566685531032
81.96566685531032
81.96566685531032
81.96566685531032
81.96566685531032
81.96566685531032
81.96566685531032
81.96566685531032
81.96566685531032
81.96566685531032
81.96566685531032
81.96566685531032
81.96566685531032
81.96566685531032
81.96566685531032
81.96566685531032
81.96566685531032
81.96566685531032
81.96566685531032
81.96566685531032
81.96566685531032
81.96566685531032
81.96566685531032
81.96566685531032
81.96566685531032
81.96566685531032
81.96566685531032
81.96566685531032
81.96566685531032
81.96566685531032
81.96566685531032
81.96566685531032
81.96566685531032
81.96566685531032
81.96566685531032
81.96566685531032
81.96566685531032
81.96566685531032
81.96566685531032
81.96566685531032
81.96566685531032
81.96566685531032
81.96566685531032
81.96566685531032
81.96566685531032
81.96566685531032
81.96566685531032
81.96566685531032
81.96566685531032
81.96566685531032
81.96566685531032
81.96566685531032
81.96566685531032
81.96566685531032
81.96566685531032
81.96566685531032
81.399735898887
79.89058668175815
79.89058668175815
79.89058668175815
79.89058668175815
79.89058668175815
79.89058668175815
79.89058668175815
79.89058668175815
79.89058668175815
79.89058668175815
79.89058668175815
79.89058668175815
79.89058668175815
79.89058668175815
79.89058668175815
79.89058668175815
79.89058668175815
79.89058668175815
79.89058668175815
79.89058668175815
79.89058668175815
79.89058668175815
79.89058668175815
79.89058668175815
79.89058668175815
79.89058668175815
79.89058668175815
79.89058668175815
79.89058668175815
79.89058668175815
79.89058668175815
79.89058668175815
79.89058668175815
79.89058668175815
79.89058668175815
79.89058668175815
79.89058668175815
79.89058668175815
79.89058668175815
79.89058668175815
79.89058668175815
79.89058668175815
79.89058668175815
79.89058668175815
79.89058668175815
79.89058668175815
79.89058668175815
79.89058668175815
79.89058668175815
79.89058668175815
79.89058668175815
79.89058668175815
79.89058668175815
79.89058668175815
79.89058668175815
79.89058668175815
79.89058668175815
79.89058668175815
79.89058668175815
79.89058668175815
79.89058668175815
79.89058668175815
79.89058668175815
79.89058668175815
79.89058668175815
79.89058668175815
79.89058668175815
79.89058668175815
79.89058668175815
79.89058668175815
79.89058668175815
79.89058668175815
79.89058668175815
79.89058668175815
79.89058668175815
79.89058668175815
79.89058668175815
79.89058668175815
79.89058668175815
79.89058668175815
79.89058668175815
79.89058668175815
79.89058668175815
79.89058668175815
79.89058668175815
79.89058668175815
79.89058668175815
79.89058668175815
79.89058668175815
79.89058668175815
79.89058668175815
79.89058668175815
79.89058668175815
79.89058668175815
79.89058668175815
79.89058668175815
79.89058668175815
79.89058668175815
79.89058668175815
79.89058668175815
79.89058668175815
79.89058668175815
79.89058668175815
79.89058668175815
79.89058668175815
79.89058668175815
79.89058668175815
79.89058668175815
79.89058668175815
79.89058668175815
79.89058668175815
79.89058668175815
79.89058668175815
79.89058668175815
79.89058668175815
79.89058668175815
79.89058668175815
79.89058668175815
79.89058668175815
79.89058668175815
79.89058668175815
79.89058668175815
79.89058668175815
79.89058668175815
79.89058668175815
79.89058668175815
79.89058668175815
79.89058668175815
79.89058668175815
79.89058668175815
79.89058668175815
79.89058668175815
79.89058668175815
72.34484059611394
38.38898321071496
38.38898321071496
38.38898321071496
38.38898321071496
38.38898321071496
38.38898321071496
38.38898321071496
38.38898321071496
38.38898321071496
38.38898321071496
38.38898321071496
38.38898321071496
38.38898321071496
38.38898321071496
38.38898321071496
38.38898321071496
38.38898321071496
38.38898321071496
38.38898321071496
38.38898321071496
38.38898321071496
38.38898321071496
38.38898321071496
38.38898321071496
38.38898321071496
38.38898321071496
38.38898321071496
38.38898321071496
38.38898321071496
38.38898321071496
38.38898321071496
38.38898321071496
38.38898321071496
38.38898321071496
38.38898321071496
38.38898321071496
38.38898321071496
38.38898321071496
38.38898321071496
38.38898321071496
38.38898321071496
38.38898321071496
38.38898321071496
38.38898321071496
38.38898321071496
38.38898321071496
38.38898321071496
38.38898321071496
38.38898321071496
38.38898321071496
38.38898321071496
38.38898321071496
38.38898321071496
38.38898321071496
38.38898321071496
38.38898321071496
38.38898321071496
38.38898321071496
38.38898321071496
38.38898321071496
38.38898321071496
38.38898321071496
38.38898321071496
38.38898321071496
38.38898321071496
38.38898321071496
38.38898321071496
38.38898321071496
38.38898321071496
38.38898321071496
38.38898321071496
38.38898321071496
38.38898321071496
38.38898321071496
38.38898321071496
38.38898321071496
38.38898321071496
38.38898321071496
38.38898321071496
38.38898321071496
38.38898321071496
38.38898321071496
38.38898321071496
38.38898321071496
38.38898321071496
38.38898321071496
38.38898321071496
38.38898321071496
38.38898321071496
38.38898321071496
38.38898321071496
38.38898321071496
38.38898321071496
38.38898321071496
38.38898321071496
38.38898321071496
38.38898321071496
38.38898321071496
38.38898321071496
38.38898321071496
38.38898321071496
38.38898321071496
38.38898321071496
38.38898321071496
38.38898321071496
38.38898321071496
38.38898321071496
38.38898321071496
38.38898321071496
38.38898321071496
38.38898321071496
38.38898321071496
38.38898321071496
38.38898321071496
39.52084512356159
44.61422373137144
44.61422373137144
44.61422373137144
44.61422373137144
44.61422373137144
44.61422373137144
44.61422373137144
44.61422373137144
44.61422373137144
44.61422373137144
44.61422373137144
44.61422373137144
44.61422373137144
44.61422373137144
44.61422373137144
44.61422373137144
44.61422373137144
44.61422373137144
44.61422373137144
44.61422373137144
44.61422373137144
44.61422373137144
44.61422373137144
44.61422373137144
44.61422373137144
44.61422373137144
44.61422373137144
44.61422373137144
44.61422373137144
44.61422373137144
44.61422373137144
44.61422373137144
44.61422373137144
44.61422373137144
44.61422373137144
44.61422373137144
44.61422373137144
44.61422373137144
44.61422373137144
44.61422373137144
44.61422373137144
44.61422373137144
44.61422373137144
44.61422373137144
44.61422373137144
44.61422373137144
44.61422373137144
44.61422373137144
44.61422373137144
44.61422373137144
44.61422373137144
44.61422373137144
44.61422373137144
44.61422373137144
44.61422373137144
44.61422373137144
44.61422373137144
44.61422373137144
44.61422373137144
44.61422373137144
44.61422373137144
44.61422373137144
44.61422373137144
44.61422373137144
44.61422373137144
44.61422373137144
44.61422373137144
44.61422373137144
44.61422373137144
44.61422373137144
44.61422373137144
44.61422373137144
44.61422373137144
44.61422373137144
44.61422373137144
44.61422373137144
44.61422373137144
44.61422373137144
44.61422373137144
44.61422373137144
44.61422373137144
44.61422373137144
44.61422373137144
44.61422373137144
44.61422373137144
44.61422373137144
44.61422373137144
44.61422373137144
44.61422373137144
44.61422373137144
44.61422373137144
44.61422373137144
44.61422373137144
44.61422373137144
44.61422373137144
44.61422373137144
44.61422373137144
44.61422373137144
44.61422373137144
44.61422373137144
44.61422373137144
44.61422373137144
44.61422373137144
44.61422373137144
44.61422373137144
44.61422373137144
44.61422373137144
44.61422373137144
44.61422373137144
44.61422373137144
44.61422373137144
44.61422373137144
44.61422373137144
44.61422373137144
44.61422373137144
44.61422373137144
44.61422373137144
44.61422373137144
44.61422373137144
44.61422373137144
44.61422373137144
44.61422373137144
44.61422373137144
44.61422373137144
44.61422373137144
44.61422373137144
44.61422373137144
44.61422373137144
44.61422373137144
44.61422373137144
44.61422373137144
44.61422373137144
44.61422373137144
44.61422373137144
44.61422373137144
44.61422373137144
44.61422373137144
44.61422373137144
44.61422373137144
44.61422373137144
44.61422373137144
44.61422373137144
44.61422373137144
44.61422373137144
44.61422373137144
44.61422373137144
44.61422373137144
44.61422373137144
44.61422373137144
44.61422373137144
44.61422373137144
44.61422373137144
44.61422373137144
44.61422373137144
44.61422373137144
44.61422373137144
44.61422373137144
44.61422373137144
44.61422373137144
44.61422373137144
44.61422373137144
44.61422373137144
44.61422373137144
44.61422373137144
44.61422373137144
44.61422373137144
44.61422373137144
44.61422373137144
44.61422373137144
44.61422373137144
44.61422373137144
44.61422373137144
44.61422373137144
44.61422373137144
44.61422373137144
44.61422373137144
44.61422373137144
44.61422373137144
44.61422373137144
44.61422373137144
44.61422373137144
44.61422373137144
44.61422373137144
44.61422373137144
44.61422373137144
44.61422373137144
4.055838521033767
0.0
0.0
0.0
0.0
0.0
11.79022825881909
25.938502169402
25.938502169402
25.938502169402
25.938502169402
25.938502169402
25.938502169402
25.938502169402
25.938502169402
25.938502169402
25.938502169402
25.938502169402
25.938502169402
25.938502169402
25.938502169402
25.938502169402
25.938502169402
25.938502169402
25.938502169402
25.938502169402
25.938502169402
25.938502169402
25.938502169402
25.938502169402
25.938502169402
25.938502169402
25.938502169402
25.938502169402
25.938502169402
25.938502169402
25.938502169402
25.938502169402
25.938502169402
25.938502169402
25.938502169402
25.938502169402
25.938502169402
25.938502169402
25.938502169402
25.938502169402
25.938502169402
88.75683833239012
141.10545180154688
141.10545180154688
141.10545180154688
141.10545180154688
141.10545180154688
141.10545180154688
141.10545180154688
141.10545180154688
141.10545180154688
141.10545180154688
141.10545180154688
141.10545180154688
141.10545180154688
141.10545180154688
141.10545180154688
141.10545180154688
141.10545180154688
141.10545180154688
141.10545180154688
141.10545180154688
141.10545180154688
141.10545180154688
141.10545180154688
141.10545180154688
141.10545180154688
141.10545180154688
141.10545180154688
141.10545180154688
141.10545180154688
141.10545180154688
141.10545180154688
141.10545180154688
144.12375023580455
157.70609318996415
157.70609318996415
157.70609318996415
157.70609318996415
157.70609318996415
157.70609318996415
157.70609318996415
157.70609318996415
157.70609318996415
157.70609318996415
157.70609318996415
157.70609318996415
157.70609318996415
157.70609318996415
157.70609318996415
157.70609318996415
157.70609318996415
157.70609318996415
157.70609318996415
157.70609318996415
157.70609318996415
157.70609318996415
157.70609318996415
157.70609318996415
157.70609318996415
162.23354084135067
174.30673457838142
174.30673457838142
174.30673457838142
174.30673457838142
174.30673457838142
174.30673457838142
174.30673457838142
174.30673457838142
174.30673457838142
174.30673457838142
174.30673457838142
174.30673457838142
174.30673457838142
174.30673457838142
174.30673457838142
174.30673457838142
174.30673457838142
174.30673457838142
174.30673457838142
174.30673457838142
174.30673457838142
174.30673457838142
174.30673457838142
174.30673457838142
174.30673457838142
174.30673457838142
174.30673457838142
180.24900962082626
181.569515185814
181.569515185814
181.569515185814
181.569515185814
181.569515185814
181.569515185814
181.569515185814
181.569515185814
181.569515185814
181.569515185814
181.569515185814
181.569515185814
181.569515185814
181.569515185814
181.569515185814
181.569515185814
181.569515185814
181.569515185814
181.569515185814
181.569515185814
181.569515185814
181.569515185814
181.569515185814
181.569515185814
181.569515185814
181.569515185814
181.569515185814
181.569515185814
181.569515185814
181.569515185814
181.569515185814
181.569515185814
181.569515185814
181.569515185814
181.569515185814
181.569515185814
181.569515185814
181.569515185814
181.569515185814
181.569515185814
181.569515185814
181.569515185814
181.569515185814
181.569515185814
181.569515185814
181.569515185814
181.569515185814
181.569515185814
181.569515185814
181.569515185814
135.91775136766648
135.91775136766648
135.91775136766648
135.91775136766648
135.91775136766648
135.91775136766648
135.91775136766648
135.91775136766648
135.91775136766648
135.91775136766648
135.91775136766648
135.91775136766648
135.91775136766648
135.91775136766648
135.91775136766648
135.91775136766648
135.91775136766648
135.91775136766648
135.91775136766648
135.91775136766648
135.91775136766648
135.91775136766648
135.91775136766648
135.91775136766648
135.91775136766648
135.91775136766648
135.91775136766648
135.91775136766648
135.91775136766648
135.91775136766648
135.91775136766648
135.91775136766648
135.91775136766648
135.91775136766648
135.91775136766648
135.91775136766648
135.91775136766648
135.91775136766648
135.91775136766648
135.91775136766648
135.91775136766648
135.91775136766648
135.91775136766648
135.91775136766648
135.91775136766648
107.5268817204301
91.30352763629503
91.30352763629503
91.30352763629503
91.30352763629503
91.30352763629503
91.30352763629503
91.30352763629503
91.30352763629503
91.30352763629503
91.30352763629503
91.30352763629503
91.30352763629503
91.30352763629503
91.30352763629503
91.30352763629503
91.30352763629503
91.30352763629503
91.30352763629503
91.30352763629503
91.30352763629503
91.30352763629503
91.30352763629503
91.30352763629503
91.30352763629503
91.30352763629503
91.30352763629503
91.30352763629503
91.30352763629503
91.30352763629503
91.30352763629503
91.30352763629503
91.30352763629503
91.30352763629503
91.30352763629503
91.30352763629503
91.30352763629503
91.30352763629503
91.30352763629503
91.30352763629503
91.30352763629503
91.30352763629503
91.30352763629503
91.30352763629503
91.30352763629503
91.30352763629503
91.30352763629503
91.30352763629503
91.30352763629503
91.30352763629503
91.30352763629503
91.30352763629503
91.30352763629503
91.30352763629503
91.30352763629503
91.30352763629503
91.30352763629503
91.30352763629503
91.30352763629503
91.30352763629503
91.30352763629503
91.30352763629503
91.30352763629503
91.30352763629503
91.30352763629503
91.30352763629503
91.30352763629503
91.30352763629503
91.30352763629503
91.30352763629503
91.30352763629503
91.30352763629503
91.30352763629503
91.30352763629503
91.30352763629503
91.30352763629503
91.30352763629503
91.30352763629503
91.30352763629503
91.30352763629503
91.30352763629503
91.30352763629503
91.30352763629503
91.30352763629503
91.30352763629503
91.30352763629503
91.30352763629503
91.30352763629503
91.30352763629503
91.30352763629503
91.30352763629503
91.30352763629503
91.30352763629503
91.30352763629503
91.30352763629503
91.30352763629503
