109.14588919952074
105.09499629143606
100.01711644890739
99.27540366292006
98.4766360472414
97.90608775032806
97.1073201346494
96.08033320020539
94.76807211730473
94.42574313915672
94.48279796884806
94.48279796884806
94.48279796884806
94.48279796884806
94.48279796884806
93.51286586409539
86.49512181206138
84.89758658070406
83.69943515718604
82.90066754150739
81.64546128829805
81.13196782107605
81.07491299138472
80.50436469447138
80.10498088663205
80.10498088663205
80.10498088663205
79.87676156786671
79.13504878187938
79.13504878187938
78.73566497404005
77.19518457237405
75.88292348947338
74.45655274719005
74.51360757688138
75.65470417070804
75.71175900039938
80.78963884292804
97.22142979403206
108.63239573229873
109.65938266674273
109.6023278370514
109.14588919952074
107.7195184572374
100.41650025674673
96.13738802989673
95.28156558452673
94.48279796884806
94.14046899070006
93.11348205625606
92.42882409996005
92.42882409996005
92.42882409996005
92.6570434187254
92.42882409996005
93.34170137502139
93.91224967193472
94.53985279853939
89.34786329662805
86.09573800422206
84.44114794317339
83.47121583842072
82.44422890397672
82.15895475552006
82.15895475552006
82.10189992582872
82.15895475552006
82.15895475552006
82.15895475552006
81.87368060706338
81.01785816169338
80.39025503508871
80.10498088663205
81.70251611798939
82.21600958521138
90.77423403891139
103.72568037884406
106.80664118217607
110.4581502824214
110.6293147714954
104.46739316483139
101.8999258287214
100.41650025674673
99.61773264106806
99.27540366292006
97.90608775032806
97.1073201346494
96.53677183773605
96.53677183773605
96.53677183773605
96.53677183773605
96.53677183773605
96.7649911565014
97.50670394248873
97.56375877218007
97.56375877218007
93.91224967193472
88.09265704341873
86.83745079020939
86.09573800422206
85.23991555885205
85.18286072916072
85.06875106977805
84.84053175101272
85.23991555885205
84.61231243224738
84.15587379471671
83.47121583842072
82.38717407428538
82.44422890397672
83.18594168996405
83.58532549780338
91.11656301705939
104.41033833514007
114.5660980201974
113.99554972328407
112.96856278884007
111.59924687624807
109.4311633479774
107.7195184572374
106.80664118217607
106.06492839618873
105.66554458834939
104.46739316483139
102.86985793347407
101.61465168026473
100.92999372396872
100.64471957551206
100.64471957551206
100.7017744052034
100.64471957551206
100.64471957551206
99.8459519598334
93.39875620471273
91.85827580304672
90.37485023107206
90.0895760826154
89.34786329662805
88.49204085125805
88.32087636218405
88.32087636218405
88.32087636218405
88.32087636218405
88.03560221372739
87.97854738403605
86.83745079020939
86.26690249329606
85.18286072916072
83.81354481656872
82.04484509613738
82.33011924459404
88.60615051064072
101.95698065841273
110.8004792605694
114.10965938266673
115.02253665772807
113.82438523421007
113.42500142637074
111.8274661950134
109.9446568151994
107.83362811662006
106.80664118217607
106.6925315227934
106.0078735664974
104.23917384606607
102.47047412563472
101.32937753180806
100.64471957551206
100.64471957551206
100.75882923489473
100.64471957551206
100.64471957551206
100.64471957551206
100.24533576767273
94.31163347977406
92.25765961088605
90.83128886860273
90.03252125292406
89.34786329662805
89.34786329662805
88.54909568094939
88.32087636218405
88.32087636218405
88.32087636218405
87.57916357619672
86.95156044959205
86.15279283391338
84.84053175101272
83.35710617903806
82.15895475552006
81.01785816169338
81.01785816169338
81.24607748045872
81.30313231015005
87.06567010897471
100.8729388942774
112.91150795914874
113.25383693729674
112.6832886403834
111.54219204655674
110.34404062303874
107.94773777600273
106.29314771495406
105.77965424773207
105.20910595081872
104.41033833514007
103.21218691162207
101.95698065841273
101.44348719119073
101.50054202088207
101.67170650995607
101.67170650995607
101.78581616933873
101.72876133964739
101.67170650995607
98.93307468477207
94.31163347977406
92.99937239687338
91.51594682489872
91.40183716551606
91.23067267644205
91.40183716551606
91.40183716551606
91.11656301705939
91.05950818736805
91.00245335767673
91.00245335767673
89.63313744508473
88.43498602156671
86.60923147144405
85.23991555885205
84.32703828379071
85.23991555885205
85.35402521823472
88.20676670280139
100.47355508643805
115.87835910309808
115.82130427340674
114.68020767958006
112.8544531294574
111.08575340902607
110.68636960118674
108.86061505106407
107.2060249900154
106.23609288526274
105.26616078051006
104.23917384606607
102.52752895532606
101.72876133964739
101.67170650995607
101.67170650995607
101.67170650995607
101.67170650995607
101.67170650995607
101.67170650995607
101.67170650995607
98.24841672847606
93.05642722656472
92.02944029212073
90.54601472014606
90.37485023107206
90.31779540138072
89.40491812631939
89.40491812631939
89.34786329662805
89.34786329662805
88.32087636218405
87.69327323557938
87.29388942774005
86.72334113082673
85.81046385576539
85.01169624008672
83.52827066811206
82.38717407428538
81.30313231015005
81.13196782107605
82.15895475552006
92.08649512181205
106.06492839618873
113.25383693729674
115.36486563587607
116.04952359217206
115.13664631711073
113.3679465966794
111.37102755748273
109.4311633479774
107.83362811662006
107.83362811662006
106.8636960118674
106.80664118217607
105.66554458834939
103.72568037884406
102.2422548068694
101.67170650995607
101.72876133964739
101.67170650995607
101.67170650995607
101.67170650995607
101.67170650995607
99.21834883322873
93.39875620471273
92.08649512181205
90.71717920922005
90.37485023107206
90.37485023107206
90.37485023107206
89.91841159354139
88.94847948878872
88.32087636218405
87.92149255434472
87.06567010897471
86.09573800422206
85.12580589946938
84.49820277286472
83.58532549780338
82.38717407428538
81.70251611798939
81.13196782107605
80.16203571632339
80.04792605694071
79.19210361157072
78.05100701774404
77.02402008330004
77.02402008330004
78.22217150681804
79.07799395218805
80.56141952416272
92.31471444057739
108.68945056199007
114.0526045529754
113.88144006390141
112.74034347007473
110.91458891995207
107.94773777600273
105.4943800992754
103.09807725223939
101.10115821304272
99.21834883322873
98.76191019569806
98.59074570662406
98.87601985508073
99.78889713014206
100.58766474582073
100.58766474582073
101.32937753180806
102.98396759285673
102.7557482740914
102.86985793347407
90.83128886860273
88.09265704341873
87.23683459804872
87.00861527928339
86.49512181206138
86.89450561990071
87.17977976835739
87.29388942774005
87.29388942774005
87.29388942774005
87.29388942774005
87.29388942774005
87.29388942774005
86.66628630113539
86.03868317453072
85.12580589946938
84.15587379471671
83.18594168996405
82.15895475552006
82.61539339305072
87.23683459804872
98.02019740971073
108.7465053916814
112.8544531294574
113.99554972328407
113.99554972328407
113.13972727791406
111.4851372168654
109.20294402921206
106.74958635248473
105.72259941804073
104.86677697267073
104.75266731328806
104.41033833514007
104.06800935699206
103.72568037884406
103.66862554915274
103.72568037884406
103.72568037884406
103.72568037884406
103.38335140069606
102.69869344440006
100.18828093798139
93.45581103440405
92.6570434187254
91.34478233582472
90.37485023107206
90.03252125292406
89.29080846693672
88.89142465909738
88.32087636218405
87.80738289496206
87.29388942774005
86.60923147144405
85.35402521823472
84.09881896502539
82.44422890397672
82.15895475552006
83.41416100872938
83.98470930564272
84.15587379471671
84.21292862440805
85.41108004792605
95.96622354082272
108.4041764135334
113.1967821076054
111.42808238717407
110.8004792605694
108.34712158384207
106.74958635248473
105.38027043989273
104.41033833514007
102.35636446625206
99.90300678952472
97.79197809094539
97.22142979403206
96.9361556455754
97.56375877218007
97.56375877218007
97.56375877218007
97.56375877218007
97.56375877218007
91.80122097335538
89.34786329662805
87.97854738403605
86.66628630113539
86.15279283391338
85.23991555885205
85.06875106977805
84.66936726193872
84.21292862440805
84.21292862440805
84.49820277286472
86.03868317453072
87.40799908712272
96.87910081588406
106.63547669310206
107.83362811662006
107.83362811662006
113.82438523421007
112.74034347007473
106.80664118217607
104.18211901637473
102.64163861470873
101.50054202088207
99.8459519598334
97.90608775032806
96.53677183773605
96.53677183773605
96.9361556455754
97.05026530495806
97.56375877218007
97.56375877218007
98.41958121755006
98.59074570662406
98.59074570662406
98.19136189878472
92.25765961088605
90.83128886860273
89.34786329662805
88.49204085125805
87.63621840588806
87.29388942774005
87.35094425743138
89.34786329662805
93.05642722656472
100.18828093798139
108.68945056199007
112.51212415130941
113.93849489359273
112.96856278884007
112.62623381069207
110.85753409026073
109.6023278370514
108.80356022137273
107.83362811662006
107.7195184572374
106.57842186341072
104.23917384606607
102.81280310378273
101.27232270211672
100.98704855366006
101.3864323614994
101.10115821304272
101.3864323614994
101.10115821304272
100.92999372396872
96.53677183773605
96.02327837051406
94.08341416100872
92.8282079077994
91.51594682489872
91.00245335767673
90.20368574199806
90.0895760826154
91.40183716551606
96.7649911565014
98.59074570662406
106.29314771495406
113.82438523421007
117.1335653563074
118.10349746106007
117.76116848291207
117.07651052661608
115.02253665772807
113.99554972328407
113.31089176698806
112.96856278884007
112.39801449192673
111.19986306840873
109.48821817766873
108.5753409026074
108.0618474353854
108.17595709476807
108.0618474353854
108.17595709476807
107.8906829463114
107.94773777600273
108.63239573229873
106.06492839618873
102.35636446625206
100.7017744052034
99.10423917384605
97.62081360187139
96.70793632681006
95.85211388144006
95.62389456267472
96.5938266674274
96.87910081588406
99.8459519598334
106.46431220402806
112.39801449192673
114.79431733896274
114.28082387174074
113.13972727791406
110.40109545273006
107.49129913847206
106.06492839618873
105.77965424773207
105.77965424773207
105.43732526958406
103.4404062303874
100.18828093798139
97.67786843156273
96.53677183773605
96.42266217835339
96.53677183773605
96.53677183773605
96.53677183773605
96.53677183773605
92.54293375934272
92.08649512181205
90.14663091230672
88.49204085125805
87.97854738403605
86.78039596051805
86.20984766360472
85.69635419638271
85.23991555885205
84.44114794317339
84.66936726193872
85.18286072916072
92.54293375934272
109.0888343698294
111.71335653563074
112.11274034347007
111.42808238717407
109.83054715581673
106.8636960118674
104.23917384606607
102.5845837850174
101.32937753180806
100.41650025674673
98.59074570662406
97.16437496434072
95.79505905174872
95.50978490329206
95.22451075483539
95.50978490329206
95.50978490329206
95.50978490329206
95.50978490329206
95.50978490329206
90.60306954983739
90.14663091230672
89.69019227477605
87.92149255434472
86.95156044959205
85.69635419638271
85.23991555885205
84.44114794317339
84.21292862440805
83.87059964626005
83.24299651965538
83.64238032749472
85.23991555885205
87.86443772465338
98.99012951446339
106.0078735664974
113.0256176185314
112.56917898100073
111.54219204655674
109.65938266674273
108.00479260569406
107.03486050094139
106.12198322588006
105.60848975865807
104.69561248359673
103.09807725223939
100.13122610829006
98.1343070690934
97.44964911279739
97.50670394248873
97.44964911279739
97.39259428310606
97.44964911279739
97.27848462372339
96.42266217835339
92.88526273749072
90.94539852798539
88.94847948878872
87.75032806527072
86.55217664175272
86.26690249329606
85.63929936669139
84.61231243224738
85.01169624008672
86.95156044959205
93.17053688594739
103.66862554915274
109.6023278370514
112.28390483254407
112.6832886403834
111.77041136532206
110.91458891995207
109.65938266674273
108.80356022137273
108.17595709476807
107.83362811662006
107.3771894790894
106.12198322588006
103.66862554915274
100.7017744052034
99.44656815199406
98.64780053631539
98.59074570662406
98.59074570662406
98.59074570662406
98.59074570662406
98.59074570662406
97.16437496434072
91.51594682489872
90.54601472014606
89.46197295601073
88.7202601700234
87.57916357619672
87.29388942774005
86.38101215267872
85.23991555885205
84.26998345409939
85.69635419638271
86.20984766360472
87.35094425743138
96.36560734866205
106.23609288526274
106.97780567125007
111.59924687624807
113.99554972328407
111.77041136532206
110.05876647458207
109.20294402921206
108.63239573229873
107.83362811662006
106.92075084155873
106.29314771495406
103.83979003822672
101.32937753180806
98.59074570662406
97.56375877218007
97.56375877218007
97.56375877218007
98.41958121755006
98.1343070690934
97.56375877218007
92.71409824841672
89.80430193415872
88.20676670280139
87.29388942774005
86.32395732298738
86.20984766360472
85.29697038854339
84.26998345409939
84.32703828379071
84.21292862440805
83.98470930564272
82.55833856335938
81.58840645860671
81.13196782107605
81.75957094768071
88.09265704341873
101.3864323614994
109.37410851828606
112.62623381069207
112.96856278884007
112.11274034347007
110.8004792605694
109.71643749643407
108.2330119244594
107.14897016032407
106.23609288526274
105.60848975865807
104.8097221429794
103.49746106007873
101.3864323614994
98.53369087693272
96.87910081588406
96.65088149711873
96.53677183773605
96.53677183773605
96.53677183773605
96.53677183773605
96.47971700804473
96.53677183773605
91.05950818736805
88.60615051064072
86.60923147144405
85.58224453700005
84.61231243224738
84.21292862440805
84.21292862440805
83.18594168996405
83.18594168996405
82.27306441490272
81.93073543675472
81.07491299138472
80.84669367261938
79.99087122724939
79.07799395218805
78.39333599589204
77.53751355052205
76.56758144576938
75.88292348947338
76.33936212700405
78.05100701774404
89.34786329662805
104.18211901637473
112.62623381069207
112.28390483254407
111.6563017059394
110.40109545273006
108.29006675415073
105.43732526958406
103.83979003822672
103.21218691162207
103.04102242254807
102.7557482740914
101.32937753180806
99.38951332230273
97.27848462372339
95.96622354082272
95.50978490329206
95.50978490329206
95.50978490329206
95.50978490329206
95.28156558452673
94.42574313915672
89.80430193415872
87.63621840588806
86.15279283391338
85.06875106977805
84.84053175101272
84.09881896502539
83.18594168996405
82.72950305243339
82.15895475552006
82.15895475552006
81.98779026644605
81.24607748045872
80.39025503508871
79.59148741941004
78.73566497404005
77.25223940206538
77.02402008330004
76.16819763793005
75.19826553317738
74.97004621441205
74.17127859873338
73.37251098305471
72.91607234552404
73.42956581274605
73.88600445027672
76.96696525360872
90.0895760826154
109.83054715581673
111.94157585439606
111.94157585439606
109.83054715581673
106.5213670337194
101.72876133964739
99.04718434415473
98.59074570662406
98.59074570662406
98.4766360472414
97.90608775032806
96.7649911565014
95.16745592514405
93.79814001255205
93.45581103440405
93.45581103440405
93.45581103440405
93.45581103440405
92.99937239687338
92.20060478119473
90.77423403891139
85.23991555885205
83.47121583842072
82.33011924459404
81.13196782107605
81.13196782107605
80.50436469447138
79.93381639755805
79.47737776002738
79.59148741941004
79.87676156786671
79.24915844126205
78.50744565527471
77.02402008330004
76.51052661607805
75.93997831916471
74.97004621441205
74.00011410965938
73.48662064243737
72.17435955953671
71.83203058138871
72.63079819706738
72.57374336737604
73.82894962058538
84.95464141039538
105.4943800992754
110.91458891995207
110.4581502824214
109.14588919952074
105.77965424773207
101.95698065841273
98.81896502538939
96.70793632681006
95.50978490329206
95.50978490329206
95.62389456267472
94.93923660637873
92.88526273749072
91.80122097335538
91.51594682489872
91.40183716551606
91.40183716551606
91.51594682489872
91.4588919952074
92.25765961088605
87.86443772465338
83.58532549780338
81.24607748045872
80.16203571632339
79.42032293033604
78.79271980373139
78.05100701774404
77.99395218805272
77.93689735836138
77.59456838021337
77.02402008330004
77.02402008330004
75.99703314885605
76.11114280823871
75.02710104410338
74.17127859873338
74.45655274719005
73.94305927996804
73.20134649398071
72.11730472984537
71.43264677354938
74.34244308780738
78.27922633650938
96.08033320020539
107.66246362754606
111.14280823871741
111.42808238717407
109.48821817766873
105.66554458834939
101.10115821304272
96.87910081588406
95.45273007360072
95.28156558452673
94.71101728761339
95.28156558452673
93.79814001255205
92.54293375934272
91.63005648428138
90.66012437952872
90.37485023107206
90.37485023107206
90.37485023107206
90.37485023107206
90.37485023107206
85.63929936669139
83.24299651965538
81.01785816169338
79.53443258971872
78.33628116620072
78.05100701774404
77.13812974268271
77.02402008330004
76.96696525360872
75.99703314885605
75.99703314885605
75.99703314885605
