80.1451509062177
80.1451509062177
80.1451509062177
80.1451509062177
80.1451509062177
80.1451509062177
80.1451509062177
80.1451509062177
80.1451509062177
80.1451509062177
80.1451509062177
80.1451509062177
81.95953723393879
83.18863764949178
83.18863764949178
83.18863764949178
83.18863764949178
83.18863764949178
83.18863764949178
83.18863764949178
83.18863764949178
83.18863764949178
83.18863764949178
83.18863764949178
83.18863764949178
83.18863764949178
83.18863764949178
83.18863764949178
83.18863764949178
83.18863764949178
83.18863764949178
83.18863764949178
83.18863764949178
83.18863764949178
83.18863764949178
83.18863764949178
83.18863764949178
82.89599469340773
80.1451509062177
80.1451509062177
80.1451509062177
80.1451509062177
80.1451509062177
80.1451509062177
80.1451509062177
80.1451509062177
80.1451509062177
80.1451509062177
80.1451509062177
80.1451509062177
80.8279844704138
81.15964648730905
81.15964648730905
81.15964648730905
81.15964648730905
81.15964648730905
81.15964648730905
81.15964648730905
81.15964648730905
81.15964648730905
81.15964648730905
81.15964648730905
81.23768460893146
82.17414206840041
82.17414206840041
82.17414206840041
82.17414206840041
82.17414206840041
82.17414206840041
82.17414206840041
82.17414206840041
82.17414206840041
82.17414206840041
82.17414206840041
82.17414206840041
82.21316112921163
84.20313323058315
84.20313323058315
84.20313323058315
84.20313323058315
84.20313323058315
84.20313323058315
84.20313323058315
84.20313323058315
84.20313323058315
84.20313323058315
84.20313323058315
84.20313323058315
84.20313323058315
83.44226154476462
81.15964648730905
81.15964648730905
81.15964648730905
81.15964648730905
81.15964648730905
81.15964648730905
81.15964648730905
81.15964648730905
81.15964648730905
81.15964648730905
81.15964648730905
81.15964648730905
81.15964648730905
81.15964648730905
76.4773591899643
76.08716858185224
76.08716858185224
76.08716858185224
76.08716858185224
76.08716858185224
76.08716858185224
76.08716858185224
76.08716858185224
76.08716858185224
76.08716858185224
76.08716858185224
76.08716858185224
77.7259691359229
79.13065532512633
79.13065532512633
79.13065532512633
79.13065532512633
79.13065532512633
79.13065532512633
79.13065532512633
79.13065532512633
79.13065532512633
79.13065532512633
79.13065532512633
79.13065532512633
78.81850283863668
78.11615974403496
78.11615974403496
78.11615974403496
78.11615974403496
78.11615974403496
78.11615974403496
78.11615974403496
78.11615974403496
78.11615974403496
78.11615974403496
78.11615974403496
78.11615974403496
78.9940886122871
79.13065532512633
79.13065532512633
79.13065532512633
79.13065532512633
79.13065532512633
79.13065532512633
79.13065532512633
79.13065532512633
79.13065532512633
79.13065532512633
79.13065532512633
79.13065532512633
79.13065532512633
79.13065532512633
79.13065532512633
79.13065532512633
79.13065532512633
79.13065532512633
79.13065532512633
79.13065532512633
79.13065532512633
79.13065532512633
79.13065532512633
79.13065532512633
79.13065532512633
79.13065532512633
79.13065532512633
79.13065532512633
79.13065532512633
79.13065532512633
79.13065532512633
79.13065532512633
79.13065532512633
79.13065532512633
79.13065532512633
79.13065532512633
79.65741264607762
80.1451509062177
80.1451509062177
80.1451509062177
80.1451509062177
80.1451509062177
80.1451509062177
80.1451509062177
80.1451509062177
80.1451509062177
80.1451509062177
80.1451509062177
80.1451509062177
81.04258930487543
81.15964648730905
81.15964648730905
81.15964648730905
81.15964648730905
81.15964648730905
81.15964648730905
81.15964648730905
81.15964648730905
81.15964648730905
81.15964648730905
81.15964648730905
81.25719413933707
86.23212439276587
86.23212439276587
86.23212439276587
86.23212439276587
86.23212439276587
86.23212439276587
86.23212439276587
86.23212439276587
86.23212439276587
86.23212439276587
86.23212439276587
86.23212439276587
86.23212439276587
85.41272411573054
83.18863764949178
83.18863764949178
83.18863764949178
83.18863764949178
83.18863764949178
83.18863764949178
83.18863764949178
83.18863764949178
83.18863764949178
83.18863764949178
83.18863764949178
83.18863764949178
77.1016641629436
77.1016641629436
77.1016641629436
77.1016641629436
77.1016641629436
77.1016641629436
77.1016641629436
77.1016641629436
77.1016641629436
77.1016641629436
77.1016641629436
77.45283571024446
80.1451509062177
80.1451509062177
80.1451509062177
80.1451509062177
80.1451509062177
80.1451509062177
80.1451509062177
80.1451509062177
80.1451509062177
80.1451509062177
80.1451509062177
80.1451509062177
80.84749400081941
81.15964648730905
81.15964648730905
81.15964648730905
81.15964648730905
81.15964648730905
81.15964648730905
81.15964648730905
81.15964648730905
81.15964648730905
81.15964648730905
81.15964648730905
81.15964648730905
82.91550422381334
83.18863764949178
83.18863764949178
83.18863764949178
83.18863764949178
83.18863764949178
83.18863764949178
83.18863764949178
83.18863764949178
83.18863764949178
83.18863764949178
83.18863764949178
83.18863764949178
82.48629455489007
80.1451509062177
80.1451509062177
80.1451509062177
80.1451509062177
80.1451509062177
80.1451509062177
80.1451509062177
80.1451509062177
80.1451509062177
80.1451509062177
80.1451509062177
80.1451509062177
80.1451509062177
80.1451509062177
80.1451509062177
80.1451509062177
80.1451509062177
80.1451509062177
80.1451509062177
80.1451509062177
80.1451509062177
80.1451509062177
80.1451509062177
80.1451509062177
80.1451509062177
80.1451509062177
80.1451509062177
79.83299841972804
78.11615974403496
78.11615974403496
78.11615974403496
78.11615974403496
78.11615974403496
78.11615974403496
78.11615974403496
78.11615974403496
78.11615974403496
78.11615974403496
78.11615974403496
78.11615974403496
78.11615974403496
78.11615974403496
78.11615974403496
78.11615974403496
78.11615974403496
78.11615974403496
78.11615974403496
78.11615974403496
78.11615974403496
78.11615974403496
78.11615974403496
78.11615974403496
78.11615974403496
78.11615974403496
78.11615974403496
78.03812162241255
76.08716858185224
76.08716858185224
76.08716858185224
76.08716858185224
76.08716858185224
76.08716858185224
76.08716858185224
76.08716858185224
76.08716858185224
76.08716858185224
76.08716858185224
76.08716858185224
76.08716858185224
76.08716858185224
76.08716858185224
75.91158280820181
75.07267300076087
75.07267300076087
75.07267300076087
75.07267300076087
75.07267300076087
75.07267300076087
75.07267300076087
75.07267300076087
75.07267300076087
75.07267300076087
75.07267300076087
75.07267300076087
75.07267300076087
75.07267300076087
75.38482548725052
76.08716858185224
76.08716858185224
76.08716858185224
76.08716858185224
76.08716858185224
76.08716858185224
76.08716858185224
76.08716858185224
76.08716858185224
76.08716858185224
76.08716858185224
76.08716858185224
76.08716858185224
76.08716858185224
76.08716858185224
76.08716858185224
76.08716858185224
76.08716858185224
76.08716858185224
76.08716858185224
76.08716858185224
76.08716858185224
76.08716858185224
76.08716858185224
76.08716858185224
76.08716858185224
76.08716858185224
76.08716858185224
76.08716858185224
76.08716858185224
76.08716858185224
76.08716858185224
76.08716858185224
76.08716858185224
76.08716858185224
76.08716858185224
76.08716858185224
76.08716858185224
76.08716858185224
76.08716858185224
76.08716858185224
76.08716858185224
76.08716858185224
76.08716858185224
76.08716858185224
76.08716858185224
76.08716858185224
76.08716858185224
76.08716858185224
76.08716858185224
76.08716858185224
76.08716858185224
76.08716858185224
76.08716858185224
76.08716858185224
76.08716858185224
76.08716858185224
76.08716858185224
76.08716858185224
76.08716858185224
76.08716858185224
75.26776830481691
75.07267300076087
75.07267300076087
75.07267300076087
75.07267300076087
75.07267300076087
75.07267300076087
75.07267300076087
75.07267300076087
75.07267300076087
75.07267300076087
75.07267300076087
75.07267300076087
75.07267300076087
75.07267300076087
75.54090173049535
76.08716858185224
76.08716858185224
76.08716858185224
76.08716858185224
76.08716858185224
76.08716858185224
76.08716858185224
76.08716858185224
76.08716858185224
76.08716858185224
76.08716858185224
76.08716858185224
76.08716858185224
76.08716858185224
75.73599703455137
75.07267300076087
75.07267300076087
75.07267300076087
75.07267300076087
75.07267300076087
75.07267300076087
75.07267300076087
75.07267300076087
75.07267300076087
75.07267300076087
75.07267300076087
75.07267300076087
75.07267300076087
75.07267300076087
75.34580642643932
77.1016641629436
77.1016641629436
77.1016641629436
77.1016641629436
77.1016641629436
77.1016641629436
77.1016641629436
77.1016641629436
77.1016641629436
77.1016641629436
77.1016641629436
77.1016641629436
77.1016641629436
77.1016641629436
77.1016641629436
77.1016641629436
77.1016641629436
77.1016641629436
77.1016641629436
77.1016641629436
77.1016641629436
77.1016641629436
77.1016641629436
77.1016641629436
77.1016641629436
77.1016641629436
77.1016641629436
77.1016641629436
77.1016641629436
77.1016641629436
77.1016641629436
77.1016641629436
77.1016641629436
77.1016641629436
77.1016641629436
77.1016641629436
77.1016641629436
77.1016641629436
77.1016641629436
77.1016641629436
77.1016641629436
77.1016641629436
77.1016641629436
77.1016641629436
78.38929316971341
80.1451509062177
80.1451509062177
80.1451509062177
80.1451509062177
80.1451509062177
80.1451509062177
80.1451509062177
80.1451509062177
80.1451509062177
80.1451509062177
80.1451509062177
80.1451509062177
80.1451509062177
80.1451509062177
80.1451509062177
79.15016485553193
79.13065532512633
79.13065532512633
79.13065532512633
79.13065532512633
79.13065532512633
79.13065532512633
79.13065532512633
79.13065532512633
79.13065532512633
79.13065532512633
79.13065532512633
79.13065532512633
79.13065532512633
79.13065532512633
79.05261720350391
78.11615974403496
78.11615974403496
78.11615974403496
78.11615974403496
78.11615974403496
78.11615974403496
78.11615974403496
78.11615974403496
78.11615974403496
78.11615974403496
78.11615974403496
78.11615974403496
78.11615974403496
78.11615974403496
79.637903115672
80.1451509062177
80.1451509062177
80.1451509062177
80.1451509062177
80.1451509062177
80.1451509062177
80.1451509062177
80.1451509062177
80.1451509062177
80.1451509062177
80.1451509062177
80.1451509062177
80.1451509062177
80.1451509062177
78.38929316971341
78.11615974403496
78.11615974403496
78.11615974403496
78.11615974403496
78.11615974403496
78.11615974403496
78.11615974403496
78.11615974403496
78.11615974403496
78.11615974403496
78.11615974403496
78.11615974403496
78.11615974403496
78.11615974403496
77.31626899740523
77.1016641629436
77.1016641629436
77.1016641629436
77.1016641629436
77.1016641629436
77.1016641629436
77.1016641629436
77.1016641629436
77.1016641629436
77.1016641629436
77.1016641629436
77.1016641629436
77.1016641629436
77.1016641629436
77.62842148389488
78.11615974403496
78.11615974403496
78.11615974403496
78.11615974403496
78.11615974403496
78.11615974403496
78.11615974403496
78.11615974403496
78.11615974403496
78.11615974403496
78.11615974403496
78.11615974403496
78.11615974403496
78.11615974403496
78.11615974403496
78.11615974403496
78.11615974403496
78.11615974403496
78.11615974403496
78.11615974403496
78.11615974403496
78.11615974403496
78.11615974403496
78.11615974403496
78.11615974403496
78.11615974403496
78.11615974403496
78.11615974403496
78.11615974403496
76.63343543320913
76.08716858185224
76.08716858185224
76.08716858185224
76.08716858185224
76.08716858185224
76.08716858185224
76.08716858185224
76.08716858185224
76.08716858185224
76.08716858185224
76.08716858185224
76.08716858185224
76.08716858185224
76.08716858185224
77.33577852781085
78.11615974403496
78.11615974403496
78.11615974403496
78.11615974403496
78.11615974403496
78.11615974403496
78.11615974403496
78.11615974403496
78.11615974403496
78.11615974403496
78.11615974403496
78.11615974403496
80.1646604366233
83.18863764949178
83.18863764949178
83.18863764949178
83.18863764949178
83.18863764949178
83.18863764949178
83.18863764949178
83.18863764949178
83.18863764949178
83.18863764949178
83.18863764949178
83.18863764949178
83.18863764949178
87.24661997385724
87.24661997385724
87.24661997385724
87.24661997385724
87.24661997385724
87.24661997385724
87.24661997385724
87.24661997385724
87.24661997385724
87.24661997385724
87.24661997385724
87.24661997385724
87.24661997385724
82.21316112921163
81.15964648730905
81.15964648730905
81.15964648730905
81.15964648730905
81.15964648730905
81.15964648730905
81.15964648730905
81.15964648730905
81.15964648730905
81.15964648730905
81.62787521704352
85.2176288116745
85.2176288116745
85.2176288116745
85.2176288116745
85.2176288116745
85.2176288116745
85.2176288116745
85.2176288116745
85.2176288116745
85.2176288116745
85.2176288116745
85.2176288116745
85.2176288116745
85.2176288116745
85.2176288116745
85.2176288116745
85.2176288116745
85.2176288116745
85.2176288116745
85.2176288116745
85.2176288116745
85.2176288116745
85.2176288116745
84.90547632518485
83.18863764949178
83.18863764949178
83.18863764949178
83.18863764949178
83.18863764949178
83.18863764949178
83.18863764949178
83.18863764949178
83.18863764949178
83.18863764949178
83.18863764949178
84.45675712585599
88.2611155549486
88.2611155549486
88.2611155549486
88.2611155549486
88.2611155549486
88.2611155549486
88.2611155549486
88.2611155549486
88.2611155549486
88.2611155549486
88.2611155549486
88.2611155549486
88.2611155549486
73.00466277776694
71.01469067639542
71.01469067639542
71.01469067639542
71.36586222369628
73.04368183857815
73.04368183857815
73.04368183857815
73.04368183857815
73.04368183857815
72.65349123046609
68.9856995142127
68.9856995142127
68.9856995142127
68.9856995142127
68.9856995142127
68.9856995142127
68.9856995142127
68.9856995142127
68.9856995142127
68.9856995142127
68.9856995142127
69.06373763583511
71.01469067639542
71.01469067639542
71.01469067639542
71.01469067639542
71.01469067639542
71.01469067639542
71.01469067639542
71.01469067639542
71.01469067639542
71.01469067639542
71.01469067639542
75.46286360887294
77.1016641629436
77.1016641629436
77.1016641629436
77.1016641629436
77.1016641629436
77.1016641629436
77.1016641629436
77.1016641629436
77.1016641629436
77.1016641629436
77.1016641629436
78.56487894336384
80.1451509062177
80.1451509062177
80.1451509062177
80.1451509062177
80.1451509062177
80.1451509062177
80.1451509062177
80.1451509062177
80.1451509062177
80.1451509062177
80.1451509062177
80.1451509062177
80.1451509062177
80.1451509062177
80.1451509062177
80.1451509062177
80.1451509062177
80.1451509062177
80.1451509062177
80.1451509062177
80.1451509062177
80.1451509062177
80.1451509062177
80.1451509062177
80.1451509062177
80.1451509062177
77.41381664943326
76.08716858185224
76.08716858185224
76.08716858185224
76.08716858185224
76.08716858185224
76.08716858185224
76.08716858185224
76.08716858185224
76.08716858185224
76.08716858185224
76.08716858185224
76.08716858185224
76.08716858185224
76.08716858185224
76.08716858185224
76.08716858185224
76.08716858185224
76.08716858185224
76.08716858185224
76.08716858185224
76.08716858185224
76.08716858185224
76.08716858185224
76.08716858185224
76.08716858185224
76.08716858185224
76.08716858185224
76.08716858185224
76.08716858185224
76.08716858185224
75.03365393994967
73.04368183857815
73.04368183857815
73.04368183857815
73.04368183857815
73.04368183857815
73.04368183857815
73.04368183857815
73.04368183857815
73.04368183857815
73.04368183857815
73.04368183857815
73.04368183857815
73.04368183857815
73.04368183857815
73.04368183857815
73.04368183857815
73.04368183857815
73.04368183857815
73.04368183857815
73.04368183857815
73.04368183857815
73.04368183857815
73.04368183857815
73.04368183857815
73.04368183857815
73.04368183857815
73.04368183857815
73.04368183857815
73.04368183857815
74.27278225413114
80.1451509062177
80.1451509062177
80.1451509062177
80.1451509062177
80.1451509062177
80.1451509062177
80.1451509062177
80.1451509062177
80.1451509062177
80.1451509062177
80.1451509062177
80.1451509062177
79.20869344674874
74.0581774196695
74.0581774196695
74.0581774196695
74.0581774196695
74.0581774196695
79.55986499404959
80.1451509062177
80.1451509062177
80.1451509062177
80.1451509062177
80.1451509062177
80.1451509062177
80.1451509062177
80.1451509062177
80.1451509062177
80.1451509062177
80.1451509062177
80.1451509062177
80.1451509062177
80.1451509062177
80.1451509062177
80.1451509062177
80.1451509062177
79.96956513256727
71.01469067639542
71.01469067639542
71.01469067639542
71.01469067639542
71.01469067639542
71.01469067639542
71.01469067639542
71.01469067639542
71.01469067639542
71.01469067639542
71.01469067639542
71.01469067639542
71.01469067639542
71.01469067639542
71.01469067639542
71.01469067639542
71.01469067639542
71.01469067639542
71.01469067639542
71.01469067639542
71.01469067639542
71.01469067639542
71.01469067639542
71.01469067639542
71.01469067639542
71.01469067639542
71.01469067639542
71.01469067639542
71.01469067639542
71.01469067639542
71.01469067639542
71.01469067639542
71.01469067639542
71.01469067639542
71.01469067639542
71.01469067639542
71.01469067639542
