83.3499045497932
83.3499045497932
81.94797963728922
80.33725739739103
80.33725739739103
80.33725739739103
80.33725739739103
80.33725739739103
80.33725739739103
80.33725739739103
80.33725739739103
80.33725739739103
65.02545338848235
60.25294304804328
60.25294304804328
60.25294304804328
60.25294304804328
60.25294304804328
60.25294304804328
60.25294304804328
64.52831689468661
70.29510022271715
70.29510022271715
70.29510022271715
70.29510022271715
70.29510022271715
70.29510022271715
70.29510022271715
70.29510022271715
68.48552338530067
68.28666878778238
68.28666878778238
68.28666878778238
68.28666878778238
68.28666878778238
68.28666878778238
68.28666878778238
68.28666878778238
64.78682787146039
64.26980591791282
64.26980591791282
64.26980591791282
64.26980591791282
64.26980591791282
64.26980591791282
67.01399936366529
76.32039452752149
76.32039452752149
76.32039452752149
76.32039452752149
76.32039452752149
76.32039452752149
76.32039452752149
82.28603245307032
82.3456888323258
82.3456888323258
82.3456888323258
82.3456888323258
82.3456888323258
82.3456888323258
80.6554247534203
77.32461024498888
77.32461024498888
77.32461024498888
77.32461024498888
77.32461024498888
77.32461024498888
77.32461024498888
77.32461024498888
69.9272192173083
69.29088450524976
69.29088450524976
69.29088450524976
69.29088450524976
69.29088450524976
69.29088450524976
69.29088450524976
69.29088450524976
69.29088450524976
69.29088450524976
69.29088450524976
69.29088450524976
69.29088450524976
61.21738784600701
40.168628698695514
40.168628698695514
40.168628698695514
40.168628698695514
40.168628698695514
40.168628698695514
40.168628698695514
40.168628698695514
70.68286668787783
71.29931594018454
71.29931594018454
71.29931594018454
71.29931594018454
71.29931594018454
71.29931594018454
71.29931594018454
70.2652720330894
67.28245307031499
67.28245307031499
67.28245307031499
67.28245307031499
67.28245307031499
67.28245307031499
67.28245307031499
73.6358574610245
76.32039452752149
76.32039452752149
76.32039452752149
76.32039452752149
76.32039452752149
76.67833280305442
88.37098313713014
88.37098313713014
88.37098313713014
88.37098313713014
88.37098313713014
88.37098313713014
88.37098313713014
85.62678969137767
76.32039452752149
76.32039452752149
76.32039452752149
76.32039452752149
76.32039452752149
76.32039452752149
76.32039452752149
76.32039452752149
76.32039452752149
76.32039452752149
65.4629335030226
55.23186446070633
55.23186446070633
55.23186446070633
55.23186446070633
55.23186446070633
55.23186446070633
55.23186446070633
55.23186446070633
55.23186446070633
55.23186446070633
55.23186446070633
55.23186446070633
55.23186446070633
55.23186446070633
55.23186446070633
55.23186446070633
55.23186446070633
55.23186446070633
55.23186446070633
55.23186446070633
55.23186446070633
23.991807190582247
26.109608654152087
26.109608654152087
26.109608654152087
26.109608654152087
26.109608654152087
26.109608654152087
26.109608654152087
26.109608654152087
26.109608654152087
69.29088450524976
69.29088450524976
69.29088450524976
69.29088450524976
69.29088450524976
69.29088450524976
70.99109131403118
78.32882596245626
78.32882596245626
78.32882596245626
78.32882596245626
78.32882596245626
78.32882596245626
78.32882596245626
78.32882596245626
73.75517021953549
68.28666878778238
68.28666878778238
68.28666878778238
68.28666878778238
68.28666878778238
68.28666878778238
68.28666878778238
68.28666878778238
68.28666878778238
68.28666878778238
68.28666878778238
68.28666878778238
68.28666878778238
68.28666878778238
68.28666878778238
68.28666878778238
35.147550111358576
35.147550111358576
35.147550111358576
35.147550111358576
35.147550111358576
35.147550111358576
35.147550111358576
36.61907413299396
72.30353165765193
72.30353165765193
72.30353165765193
72.30353165765193
72.30353165765193
72.30353165765193
72.30353165765193
72.30353165765193
72.30353165765193
67.4912503977092
61.25715876551066
61.25715876551066
61.25715876551066
61.25715876551066
61.25715876551066
61.25715876551066
61.25715876551066
61.25715876551066
61.25715876551066
61.25715876551066
61.25715876551066
61.25715876551066
61.25715876551066
61.25715876551066
50.737750556792875
38.16019726376074
38.16019726376074
38.16019726376074
38.16019726376074
38.16019726376074
38.16019726376074
38.16019726376074
66.0793827553293
77.32461024498888
77.32461024498888
77.32461024498888
77.32461024498888
77.32461024498888
77.32461024498888
77.32461024498888
74.74944320712696
70.29510022271715
70.29510022271715
70.29510022271715
70.29510022271715
70.29510022271715
70.29510022271715
75.59457524657971
83.3499045497932
83.3499045497932
83.3499045497932
83.3499045497932
83.3499045497932
83.3499045497932
85.02028316894688
86.36255170219536
86.36255170219536
86.36255170219536
86.36255170219536
86.36255170219536
86.36255170219536
89.37519885459753
89.37519885459753
89.37519885459753
89.37519885459753
89.37519885459753
89.37519885459753
88.73886414253899
87.36676741966275
87.36676741966275
87.36676741966275
87.36676741966275
87.36676741966275
87.36676741966275
87.36676741966275
82.71356983773465
74.31196309258671
74.31196309258671
74.31196309258671
74.31196309258671
74.31196309258671
74.31196309258671
74.31196309258671
73.81482659879097
72.30353165765193
72.30353165765193
72.30353165765193
72.30353165765193
72.30353165765193
72.30353165765193
72.30353165765193
76.28062360801782
77.32461024498888
77.32461024498888
77.32461024498888
77.32461024498888
77.32461024498888
77.65272033089406
88.37098313713014
88.37098313713014
88.37098313713014
88.37098313713014
88.37098313713014
88.37098313713014
88.37098313713014
82.88259624562521
80.33725739739103
80.33725739739103
80.33725739739103
80.33725739739103
80.33725739739103
80.33725739739103
82.24626153356667
83.3499045497932
83.3499045497932
83.3499045497932
83.3499045497932
83.3499045497932
83.3499045497932
83.3499045497932
78.37853961183583
78.32882596245626
78.32882596245626
78.32882596245626
78.32882596245626
78.32882596245626
78.32882596245626
78.32882596245626
78.32882596245626
78.32882596245626
78.32882596245626
78.32882596245626
78.32882596245626
78.32882596245626
45.95529748647789
41.1728444161629
41.1728444161629
41.1728444161629
41.1728444161629
41.1728444161629
41.1728444161629
41.1728444161629
41.1728444161629
41.1728444161629
41.1728444161629
41.1728444161629
41.1728444161629
43.11167674196628
44.18549156856507
44.18549156856507
44.18549156856507
44.18549156856507
44.18549156856507
61.72446706967865
93.39206172446707
93.39206172446707
93.39206172446707
93.39206172446707
93.39206172446707
93.39206172446707
93.39206172446707
79.67109449570475
78.32882596245626
78.32882596245626
78.32882596245626
78.32882596245626
78.32882596245626
78.32882596245626
78.32882596245626
73.61597200127268
72.30353165765193
72.30353165765193
72.30353165765193
72.30353165765193
72.30353165765193
72.30353165765193
72.30353165765193
71.02091950365893
69.29088450524976
69.29088450524976
69.29088450524976
69.29088450524976
69.29088450524976
69.29088450524976
69.29088450524976
75.73377346484251
77.32461024498888
77.32461024498888
77.32461024498888
77.32461024498888
77.32461024498888
81.02330575882915
89.37519885459753
89.37519885459753
89.37519885459753
89.37519885459753
89.37519885459753
89.37519885459753
88.30138402799874
85.35833598472797
85.35833598472797
85.35833598472797
85.35833598472797
85.35833598472797
85.35833598472797
87.74459115494751
88.37098313713014
88.37098313713014
88.37098313713014
88.37098313713014
88.37098313713014
89.68342348075088
92.3878460069997
92.3878460069997
92.3878460069997
92.3878460069997
92.3878460069997
92.3878460069997
89.44479796372893
84.35412026726058
84.35412026726058
84.35412026726058
84.35412026726058
84.35412026726058
84.35412026726058
84.35412026726058
81.60992682150813
72.30353165765193
72.30353165765193
72.30353165765193
72.30353165765193
72.30353165765193
72.30353165765193
72.30353165765193
72.30353165765193
69.5195672923958
68.28666878778238
68.28666878778238
68.28666878778238
68.28666878778238
68.28666878778238
68.28666878778238
68.28666878778238
73.47677378300986
74.31196309258671
74.31196309258671
74.31196309258671
74.31196309258671
74.31196309258671
74.31196309258671
75.90279987273306
79.33304167992364
79.33304167992364
79.33304167992364
79.33304167992364
79.33304167992364
79.33304167992364
79.38275532930322
80.33725739739103
80.33725739739103
80.33725739739103
80.33725739739103
80.33725739739103
80.33725739739103
80.33725739739103
82.16671969455935
82.3456888323258
82.3456888323258
82.3456888323258
82.3456888323258
82.3456888323258
82.3456888323258
80.67531021317214
76.32039452752149
76.32039452752149
76.32039452752149
76.32039452752149
76.32039452752149
76.32039452752149
76.32039452752149
76.32039452752149
74.67984409799556
65.27402163538021
65.27402163538021
65.27402163538021
65.27402163538021
65.27402163538021
65.27402163538021
65.27402163538021
65.27402163538021
65.08510976773783
64.26980591791282
64.26980591791282
64.26980591791282
64.26980591791282
64.26980591791282
64.26980591791282
64.26980591791282
64.26980591791282
64.26980591791282
62.81816735602928
62.26137448297805
62.26137448297805
62.26137448297805
62.26137448297805
62.26137448297805
62.26137448297805
62.26137448297805
62.26137448297805
62.26137448297805
62.26137448297805
62.26137448297805
62.26137448297805
62.26137448297805
62.26137448297805
54.307190582246264
37.155981546293354
37.155981546293354
37.155981546293354
37.155981546293354
37.155981546293354
37.155981546293354
37.155981546293354
52.26893095768374
75.3161788100541
75.3161788100541
75.3161788100541
75.3161788100541
75.3161788100541
75.3161788100541
76.91695832007636
82.3456888323258
82.3456888323258
82.3456888323258
82.3456888323258
82.3456888323258
82.3456888323258
82.88259624562521
84.35412026726058
84.35412026726058
84.35412026726058
84.35412026726058
84.35412026726058
84.35412026726058
84.35412026726058
78.71659242761693
75.3161788100541
75.3161788100541
75.3161788100541
75.3161788100541
75.3161788100541
75.3161788100541
75.3161788100541
74.71961501749921
74.31196309258671
74.31196309258671
74.31196309258671
74.31196309258671
74.31196309258671
74.31196309258671
74.43127585109768
77.32461024498888
77.32461024498888
77.32461024498888
77.32461024498888
77.32461024498888
77.32461024498888
77.32461024498888
77.32461024498888
72.80066815144767
72.30353165765193
72.30353165765193
72.30353165765193
72.30353165765193
72.30353165765193
72.30353165765193
72.30353165765193
73.27791918549157
73.30774737511932
73.30774737511932
73.30774737511932
73.30774737511932
73.30774737511932
73.30774737511932
78.85579064587974
82.3456888323258
82.3456888323258
82.3456888323258
82.3456888323258
82.3456888323258
82.3456888323258
81.7988386891505
77.32461024498888
77.32461024498888
77.32461024498888
77.32461024498888
77.32461024498888
77.32461024498888
77.32461024498888
79.80034998409164
80.33725739739103
80.33725739739103
80.33725739739103
80.33725739739103
80.33725739739103
80.33725739739103
80.33725739739103
75.46531975819282
70.29510022271715
70.29510022271715
70.29510022271715
70.29510022271715
70.29510022271715
70.29510022271715
70.29510022271715
76.21102449888642
77.32461024498888
77.32461024498888
77.32461024498888
77.32461024498888
77.32461024498888
77.32461024498888
79.7108654152084
81.34147311485842
81.34147311485842
81.34147311485842
81.34147311485842
81.34147311485842
81.34147311485842
83.51893095768375
84.35412026726058
84.35412026726058
84.35412026726058
84.35412026726058
84.35412026726058
84.35412026726058
83.54875914731149
81.34147311485842
81.34147311485842
81.34147311485842
81.34147311485842
81.34147311485842
81.34147311485842
82.59425707922368
84.35412026726058
84.35412026726058
84.35412026726058
84.35412026726058
84.35412026726058
84.35412026726058
87.37671014953867
88.37098313713014
88.37098313713014
88.37098313713014
88.37098313713014
88.37098313713014
88.63943684377983
89.37519885459753
89.37519885459753
89.37519885459753
89.37519885459753
89.37519885459753
89.37519885459753
89.37519885459753
89.37519885459753
89.37519885459753
89.37519885459753
89.37519885459753
89.37519885459753
89.37519885459753
89.37519885459753
89.37519885459753
89.37519885459753
89.37519885459753
89.37519885459753
89.37519885459753
89.37519885459753
89.37519885459753
89.37519885459753
89.37519885459753
89.37519885459753
89.37519885459753
89.37519885459753
89.37519885459753
89.37519885459753
36.957126948775056
26.109608654152087
26.109608654152087
26.109608654152087
153.53563474387528
170.71667196945594
170.71667196945594
170.71667196945594
170.71667196945594
147.39102768055997
101.42578746420618
101.42578746420618
101.42578746420618
101.42578746420618
101.42578746420618
101.42578746420618
96.41465160674515
83.3499045497932
83.3499045497932
83.3499045497932
83.3499045497932
83.3499045497932
83.3499045497932
83.12122176264715
82.3456888323258
82.3456888323258
82.3456888323258
82.3456888323258
82.3456888323258
82.3456888323258
82.82293986636972
84.35412026726058
84.35412026726058
84.35412026726058
84.35412026726058
84.35412026726058
84.35412026726058
84.35412026726058
81.05313394845689
80.33725739739103
80.33725739739103
80.33725739739103
80.33725739739103
80.33725739739103
80.33725739739103
79.65120903595292
77.32461024498888
77.32461024498888
77.32461024498888
77.32461024498888
77.32461024498888
77.32461024498888
77.32461024498888
77.32461024498888
77.32461024498888
77.32461024498888
77.32461024498888
77.32461024498888
77.32461024498888
45.209592745784285
43.18127585109768
43.18127585109768
43.18127585109768
43.18127585109768
43.18127585109768
43.18127585109768
43.18127585109768
43.18127585109768
43.18127585109768
43.18127585109768
43.18127585109768
43.18127585109768
43.07190582246262
42.17706013363029
42.17706013363029
42.17706013363029
42.17706013363029
42.17706013363029
42.17706013363029
45.03062360801782
83.3499045497932
83.3499045497932
83.3499045497932
83.3499045497932
83.3499045497932
83.3499045497932
84.24475023862553
86.36255170219536
86.36255170219536
86.36255170219536
86.36255170219536
86.36255170219536
86.36255170219536
88.4803531657652
89.37519885459753
89.37519885459753
89.37519885459753
89.37519885459753
89.37519885459753
89.2260579064588
88.37098313713014
88.37098313713014
88.37098313713014
88.37098313713014
88.37098313713014
88.37098313713014
88.37098313713014
83.06156538339167
82.3456888323258
82.3456888323258
82.3456888323258
82.3456888323258
82.3456888323258
82.3456888323258
80.89405027044226
80.33725739739103
80.33725739739103
80.33725739739103
80.33725739739103
80.33725739739103
85.62678969137767
94.39627744193446
94.39627744193446
94.39627744193446
94.39627744193446
94.39627744193446
94.39627744193446
89.38514158447344
86.36255170219536
86.36255170219536
86.36255170219536
86.36255170219536
86.36255170219536
86.36255170219536
85.59696150174993
85.35833598472797
85.35833598472797
85.35833598472797
85.35833598472797
85.35833598472797
87.62527839643653
91.3836302895323
91.3836302895323
91.3836302895323
91.3836302895323
91.3836302895323
92.37790327712378
96.40470887686924
96.40470887686924
96.40470887686924
96.40470887686924
96.40470887686924
96.40470887686924
92.26853324848871
88.37098313713014
88.37098313713014
88.37098313713014
88.37098313713014
88.37098313713014
88.37098313713014
88.37098313713014
88.37098313713014
88.37098313713014
88.37098313713014
88.37098313713014
88.37098313713014
88.37098313713014
88.37098313713014
88.37098313713014
88.37098313713014
88.37098313713014
88.37098313713014
88.37098313713014
88.37098313713014
88.37098313713014
34.998409163219854
8.948456888323259
25.105392936684698
25.105392936684698
25.105392936684698
25.105392936684698
25.105392936684698
25.105392936684698
25.105392936684698
25.105392936684698
25.105392936684698
25.105392936684698
25.105392936684698
25.105392936684698
25.105392936684698
25.105392936684698
25.105392936684698
25.105392936684698
25.105392936684698
25.105392936684698
25.105392936684698
25.105392936684698
25.105392936684698
33.85499522748966
41.1728444161629
41.1728444161629
50.22072860324531
55.23186446070633
55.23186446070633
55.23186446070633
55.23186446070633
56.20625198854598
104.43843461660835
104.43843461660835
104.43843461660835
113.20792236716514
153.64500477251036
153.64500477251036
153.64500477251036
153.64500477251036
153.64500477251036
153.64500477251036
153.64500477251036
153.64500477251036
120.77433980273625
66.2782373528476
66.2782373528476
66.2782373528476
77.89134584791601
139.58598472796692
139.58598472796692
139.58598472796692
173.70943366210628
178.75039770919506
178.75039770919506
179.16799236398347
179.75461342666244
179.75461342666244
179.75461342666244
179.75461342666244
179.75461342666244
179.75461342666244
175.0815303849825
174.7335348393255
174.7335348393255
177.81578110085906
179.75461342666244
179.75461342666244
178.56148584155267
175.7377505567929
175.7377505567929
175.7377505567929
176.72208081450844
176.74196627426028
176.74196627426028
178.82993954820236
179.75461342666244
179.75461342666244
179.75461342666244
179.75461342666244
179.75461342666244
179.75461342666244
165.6160515431117
161.67873051224944
161.67873051224944
167.1074610244989
174.7335348393255
174.7335348393255
174.7335348393255
174.7335348393255
152.63084632516706
117.49323894368439
117.49323894368439
117.49323894368439
117.49323894368439
117.49323894368439
113.63545975182947
113.47637607381483
113.47637607381483
153.56546293350303
176.74196627426028
176.74196627426028
176.74196627426028
176.74196627426028
176.74196627426028
176.74196627426028
101.8433821189946
83.3499045497932
83.3499045497932
83.3499045497932
83.3499045497932
83.3499045497932
86.48186446070633
92.3878460069997
92.3878460069997
92.3878460069997
92.3878460069997
92.3878460069997
92.3878460069997
89.60388164174357
88.37098313713014
