44.18549156856507
44.18549156856507
44.18549156856507
44.18549156856507
44.18549156856507
44.18549156856507
44.18549156856507
44.18549156856507
44.18549156856507
44.18549156856507
44.18549156856507
44.284918867324215
45.18970728603246
45.18970728603246
45.18970728603246
45.18970728603246
45.18970728603246
45.18970728603246
45.18970728603246
45.18970728603246
48.252068087814195
49.20657015590201
49.20657015590201
49.20657015590201
49.20657015590201
49.20657015590201
49.20657015590201
49.20657015590201
48.4608654152084
44.18549156856507
44.18549156856507
44.18549156856507
44.18549156856507
44.18549156856507
44.18549156856507
44.18549156856507
44.18549156856507
44.06617881005409
40.168628698695514
40.168628698695514
40.168628698695514
40.168628698695514
40.168628698695514
40.168628698695514
40.168628698695514
44.2749761374483
47.19813872096723
47.19813872096723
47.19813872096723
47.19813872096723
47.19813872096723
47.19813872096723
46.72088768692333
45.18970728603246
45.18970728603246
45.18970728603246
45.18970728603246
45.18970728603246
45.18970728603246
45.18970728603246
43.797725103404396
43.18127585109768
43.18127585109768
43.18127585109768
43.18127585109768
43.18127585109768
43.18127585109768
43.18127585109768
42.86310849506841
41.1728444161629
41.1728444161629
41.1728444161629
41.1728444161629
41.1728444161629
41.1728444161629
41.1728444161629
42.604597518294625
43.18127585109768
43.18127585109768
43.18127585109768
43.18127585109768
43.18127585109768
43.18127585109768
42.26654470251353
41.1728444161629
41.1728444161629
41.1728444161629
41.1728444161629
41.1728444161629
41.1728444161629
41.1728444161629
40.57628062360802
39.16441298122813
39.16441298122813
39.16441298122813
39.16441298122813
39.16441298122813
39.16441298122813
39.16441298122813
39.16441298122813
39.16441298122813
39.16441298122813
39.16441298122813
39.16441298122813
39.16441298122813
39.16441298122813
39.16441298122813
39.16441298122813
42.02791918549157
42.17706013363029
42.17706013363029
42.17706013363029
42.17706013363029
42.17706013363029
41.888720967228764
41.1728444161629
41.1728444161629
41.1728444161629
41.1728444161629
41.1728444161629
41.1728444161629
41.1728444161629
41.809179128221444
42.17706013363029
42.17706013363029
42.17706013363029
42.17706013363029
42.17706013363029
42.17706013363029
42.17706013363029
42.17706013363029
42.17706013363029
42.17706013363029
35.25692013999364
34.14333439389119
34.14333439389119
34.14333439389119
34.14333439389119
34.14333439389119
34.14333439389119
34.14333439389119
37.90168628698696
40.168628698695514
40.168628698695514
40.168628698695514
40.168628698695514
40.168628698695514
40.168628698695514
39.999602290804965
39.16441298122813
39.16441298122813
39.16441298122813
39.16441298122813
39.16441298122813
39.16441298122813
39.16441298122813
39.25389755011136
40.168628698695514
40.168628698695514
40.168628698695514
40.168628698695514
40.168628698695514
40.168628698695514
40.168628698695514
42.157174673878465
42.17706013363029
42.17706013363029
42.17706013363029
42.17706013363029
42.17706013363029
42.17706013363029
42.17706013363029
42.17706013363029
42.17706013363029
42.17706013363029
42.17706013363029
42.17706013363029
42.17706013363029
42.17706013363029
42.17706013363029
39.73114858415527
39.16441298122813
39.16441298122813
39.16441298122813
39.16441298122813
39.16441298122813
39.16441298122813
39.16441298122813
39.16441298122813
39.16441298122813
39.16441298122813
39.16441298122813
39.16441298122813
39.16441298122813
39.16441298122813
39.16441298122813
39.880289532293986
42.17706013363029
42.17706013363029
42.17706013363029
42.17706013363029
42.17706013363029
42.17706013363029
42.17706013363029
41.34187082405345
38.16019726376074
38.16019726376074
38.16019726376074
38.16019726376074
38.16019726376074
38.16019726376074
38.16019726376074
38.16019726376074
38.16019726376074
35.33646197900096
34.14333439389119
34.14333439389119
34.14333439389119
34.14333439389119
34.14333439389119
34.14333439389119
34.14333439389119
37.603404390709514
38.16019726376074
38.16019726376074
38.16019726376074
38.16019726376074
38.16019726376074
38.16019726376074
38.16019726376074
38.16019726376074
38.16019726376074
38.16019726376074
38.16019726376074
38.16019726376074
38.16019726376074
38.16019726376074
37.195752465797014
37.155981546293354
37.155981546293354
37.155981546293354
37.155981546293354
37.155981546293354
37.155981546293354
37.155981546293354
38.58773464842508
39.16441298122813
39.16441298122813
39.16441298122813
39.16441298122813
39.16441298122813
39.16441298122813
39.16441298122813
39.16441298122813
39.16441298122813
39.16441298122813
39.16441298122813
39.16441298122813
39.16441298122813
42.78356665606109
43.18127585109768
43.18127585109768
43.18127585109768
43.18127585109768
43.18127585109768
44.10594972955775
46.19392300349985
46.19392300349985
46.19392300349985
46.19392300349985
46.19392300349985
46.19392300349985
51.06586064269806
51.215001590836785
51.215001590836785
51.215001590836785
51.215001590836785
51.215001590836785
51.215001590836785
51.215001590836785
49.7434775692014
49.20657015590201
49.20657015590201
49.20657015590201
49.20657015590201
49.20657015590201
49.20657015590201
49.20657015590201
48.03332803054407
47.19813872096723
47.19813872096723
47.19813872096723
47.19813872096723
47.19813872096723
47.19813872096723
47.31745147947821
50.210785873369396
50.210785873369396
50.210785873369396
50.210785873369396
50.210785873369396
50.210785873369396
49.47502386255171
48.20235443843462
48.20235443843462
48.20235443843462
48.20235443843462
48.20235443843462
48.20235443843462
48.20235443843462
45.368676423798924
45.18970728603246
45.18970728603246
45.18970728603246
45.18970728603246
45.18970728603246
45.18970728603246
43.439786827871465
43.18127585109768
43.18127585109768
43.18127585109768
43.18127585109768
43.18127585109768
43.18127585109768
41.9086064269806
39.16441298122813
39.16441298122813
39.16441298122813
39.16441298122813
39.16441298122813
39.16441298122813
38.95561565383392
36.151765828825965
36.151765828825965
36.151765828825965
36.151765828825965
36.151765828825965
36.151765828825965
36.360563156220174
37.155981546293354
37.155981546293354
37.155981546293354
37.155981546293354
37.155981546293354
37.155981546293354
36.42021953547566
36.151765828825965
36.151765828825965
36.151765828825965
36.151765828825965
36.151765828825965
36.151765828825965
36.151765828825965
36.151765828825965
36.151765828825965
36.151765828825965
36.151765828825965
36.151765828825965
36.151765828825965
36.151765828825965
36.151765828825965
36.151765828825965
36.151765828825965
36.151765828825965
36.151765828825965
35.89325485205218
35.147550111358576
35.147550111358576
35.147550111358576
35.147550111358576
35.147550111358576
35.147550111358576
35.147550111358576
35.038180082723514
34.14333439389119
34.14333439389119
34.14333439389119
34.14333439389119
34.14333439389119
34.14333439389119
34.14333439389119
34.14333439389119
33.64619790009545
33.1391186764238
33.1391186764238
33.1391186764238
33.1391186764238
33.1391186764238
33.1391186764238
33.53682787146039
35.147550111358576
35.147550111358576
35.147550111358576
35.147550111358576
35.147550111358576
35.147550111358576
35.147550111358576
35.147550111358576
35.147550111358576
35.147550111358576
35.147550111358576
35.147550111358576
35.147550111358576
34.44161629016863
34.14333439389119
34.14333439389119
34.14333439389119
34.14333439389119
34.14333439389119
34.44161629016863
40.168628698695514
40.168628698695514
40.168628698695514
40.168628698695514
40.168628698695514
40.168628698695514
41.52083996181992
42.17706013363029
42.17706013363029
42.17706013363029
42.17706013363029
42.17706013363029
42.17706013363029
43.608813235762014
44.18549156856507
44.18549156856507
44.18549156856507
44.18549156856507
44.18549156856507
44.18549156856507
44.18549156856507
43.211104040725424
42.17706013363029
42.17706013363029
42.17706013363029
42.17706013363029
42.17706013363029
42.17706013363029
42.17706013363029
42.17706013363029
38.319280941775375
38.16019726376074
38.16019726376074
38.16019726376074
38.16019726376074
38.16019726376074
38.16019726376074
38.16019726376074
38.16019726376074
38.16019726376074
38.16019726376074
38.16019726376074
38.16019726376074
38.16019726376074
38.16019726376074
37.50397709195037
37.155981546293354
37.155981546293354
37.155981546293354
37.155981546293354
37.155981546293354
37.155981546293354
36.798043270760424
36.151765828825965
36.151765828825965
36.151765828825965
36.151765828825965
36.151765828825965
36.151765828825965
36.66878778237353
38.16019726376074
38.16019726376074
38.16019726376074
38.16019726376074
38.16019726376074
38.16019726376074
38.16019726376074
38.77664651606745
39.16441298122813
39.16441298122813
39.16441298122813
39.16441298122813
39.16441298122813
39.16441298122813
39.16441298122813
39.16441298122813
36.18159401845371
33.1391186764238
33.1391186764238
33.1391186764238
33.1391186764238
33.1391186764238
33.1391186764238
33.1391186764238
33.1391186764238
34.09362074451162
35.147550111358576
35.147550111358576
35.147550111358576
35.147550111358576
35.147550111358576
35.147550111358576
35.147550111358576
35.147550111358576
35.147550111358576
31.210229080496344
31.130687241489024
31.130687241489024
31.130687241489024
31.130687241489024
31.130687241489024
31.130687241489024
31.607938275532934
35.147550111358576
35.147550111358576
35.147550111358576
35.147550111358576
35.147550111358576
35.147550111358576
35.147550111358576
34.57087177855552
34.14333439389119
34.14333439389119
34.14333439389119
34.14333439389119
34.14333439389119
34.14333439389119
34.14333439389119
34.79955456570156
35.147550111358576
35.147550111358576
35.147550111358576
35.147550111358576
35.147550111358576
35.147550111358576
36.907413299395486
38.16019726376074
38.16019726376074
38.16019726376074
38.16019726376074
38.16019726376074
38.16019726376074
38.77664651606745
39.16441298122813
39.16441298122813
39.16441298122813
39.16441298122813
39.16441298122813
39.16441298122813
39.16441298122813
39.16441298122813
39.16441298122813
39.16441298122813
39.16441298122813
39.16441298122813
39.16441298122813
39.16441298122813
39.16441298122813
41.05353165765193
41.1728444161629
41.1728444161629
41.1728444161629
41.1728444161629
41.1728444161629
41.1728444161629
41.1728444161629
41.1728444161629
41.1728444161629
41.1728444161629
41.1728444161629
41.1728444161629
41.1728444161629
41.1728444161629
40.53650970410436
37.155981546293354
37.155981546293354
37.155981546293354
37.155981546293354
37.155981546293354
37.155981546293354
37.155981546293354
37.99117085587019
41.1728444161629
41.1728444161629
41.1728444161629
41.1728444161629
41.1728444161629
41.1728444161629
41.1728444161629
42.14723194400255
42.17706013363029
42.17706013363029
42.17706013363029
42.17706013363029
42.17706013363029
42.17706013363029
42.17706013363029
42.17706013363029
42.17706013363029
42.17706013363029
42.17706013363029
42.17706013363029
42.17706013363029
41.72963728921413
39.16441298122813
39.16441298122813
39.16441298122813
39.16441298122813
39.16441298122813
39.16441298122813
39.16441298122813
39.16441298122813
37.34489341393573
36.151765828825965
36.151765828825965
36.151765828825965
36.151765828825965
36.151765828825965
36.151765828825965
36.509704104358896
38.16019726376074
38.16019726376074
38.16019726376074
38.16019726376074
38.16019726376074
38.16019726376074
38.16019726376074
38.995386573337576
39.16441298122813
39.16441298122813
39.16441298122813
39.16441298122813
39.16441298122813
39.16441298122813
39.16441298122813
39.16441298122813
39.16441298122813
39.16441298122813
39.16441298122813
39.16441298122813
39.16441298122813
39.16441298122813
39.16441298122813
39.16441298122813
39.16441298122813
39.16441298122813
39.16441298122813
39.16441298122813
41.46118358256443
42.17706013363029
42.17706013363029
42.17706013363029
42.17706013363029
42.17706013363029
42.475342029907736
44.18549156856507
44.18549156856507
44.18549156856507
44.18549156856507
44.18549156856507
44.18549156856507
46.69105949729558
48.20235443843462
48.20235443843462
48.20235443843462
48.20235443843462
48.20235443843462
48.20235443843462
48.20235443843462
48.20235443843462
48.20235443843462
48.20235443843462
48.20235443843462
48.20235443843462
48.20235443843462
48.20235443843462
48.20235443843462
48.20235443843462
48.20235443843462
48.20235443843462
48.20235443843462
48.20235443843462
48.20235443843462
48.20235443843462
48.20235443843462
48.20235443843462
48.20235443843462
47.14842507158766
46.19392300349985
46.19392300349985
46.19392300349985
46.19392300349985
46.19392300349985
45.090279987273306
43.18127585109768
43.18127585109768
43.18127585109768
43.18127585109768
43.18127585109768
44.17554883868915
45.18970728603246
45.18970728603246
45.18970728603246
45.18970728603246
45.18970728603246
45.18970728603246
43.57898504613427
42.17706013363029
42.17706013363029
42.17706013363029
42.17706013363029
42.17706013363029
42.17706013363029
41.242443525294306
40.168628698695514
40.168628698695514
40.168628698695514
40.168628698695514
40.168628698695514
40.168628698695514
40.168628698695514
40.168628698695514
40.168628698695514
40.168628698695514
40.168628698695514
40.168628698695514
40.168628698695514
39.98965956092905
37.155981546293354
37.155981546293354
37.155981546293354
37.155981546293354
37.155981546293354
37.155981546293354
37.155981546293354
36.629016862869875
36.151765828825965
36.151765828825965
36.151765828825965
36.151765828825965
36.151765828825965
36.56936048361438
39.16441298122813
39.16441298122813
39.16441298122813
39.16441298122813
39.16441298122813
39.16441298122813
38.98544384346167
38.16019726376074
38.16019726376074
38.16019726376074
38.16019726376074
38.16019726376074
38.16019726376074
37.63323258033726
37.155981546293354
37.155981546293354
37.155981546293354
37.155981546293354
37.155981546293354
37.155981546293354
37.155981546293354
37.155981546293354
37.155981546293354
37.155981546293354
37.155981546293354
37.155981546293354
37.155981546293354
37.155981546293354
37.155981546293354
37.155981546293354
37.155981546293354
37.155981546293354
37.155981546293354
37.155981546293354
37.80225898822781
38.16019726376074
38.16019726376074
38.16019726376074
38.16019726376074
38.16019726376074
38.16019726376074
38.16019726376074
38.16019726376074
38.16019726376074
38.16019726376074
38.16019726376074
38.16019726376074
38.16019726376074
38.16019726376074
38.16019726376074
38.16019726376074
38.16019726376074
38.16019726376074
38.16019726376074
38.16019726376074
38.16019726376074
38.16019726376074
38.16019726376074
38.16019726376074
38.16019726376074
38.16019726376074
38.16019726376074
40.10897231944003
40.168628698695514
40.168628698695514
40.168628698695514
40.168628698695514
40.168628698695514
39.44280941775374
39.16441298122813
39.16441298122813
39.16441298122813
39.16441298122813
39.16441298122813
39.16441298122813
38.20991091314031
38.16019726376074
38.16019726376074
38.16019726376074
38.16019726376074
38.16019726376074
38.07071269487751
37.155981546293354
37.155981546293354
37.155981546293354
37.155981546293354
37.155981546293354
37.155981546293354
38.229796372892146
39.16441298122813
39.16441298122813
39.16441298122813
39.16441298122813
39.16441298122813
38.24968183264397
37.155981546293354
37.155981546293354
37.155981546293354
37.155981546293354
37.155981546293354
37.155981546293354
38.06076996500159
38.16019726376074
38.16019726376074
38.16019726376074
38.16019726376074
38.16019726376074
38.16019726376074
38.16019726376074
38.16019726376074
38.16019726376074
38.16019726376074
38.16019726376074
38.16019726376074
38.16019726376074
38.16019726376074
38.16019726376074
38.16019726376074
38.16019726376074
38.16019726376074
38.16019726376074
38.16019726376074
11.334712058542793
0.0
0.0
0.0
0.0
0.0
0.0
-1.5510658606426981
-4.016862869869551
-4.016862869869551
-4.016862869869551
-4.016862869869551
-4.016862869869551
-4.016862869869551
-4.016862869869551
-4.016862869869551
-4.016862869869551
-4.016862869869551
-4.016862869869551
-4.016862869869551
-4.016862869869551
-4.016862869869551
-3.658924594336621
-3.0126471524021636
-3.0126471524021636
-3.0126471524021636
-3.0126471524021636
-3.0126471524021636
-3.0126471524021636
-3.0126471524021636
-3.668867324212536
-4.016862869869551
-4.016862869869551
-4.016862869869551
-4.016862869869551
-4.016862869869551
-4.016862869869551
-4.016862869869551
-4.016862869869551
-4.016862869869551
-4.016862869869551
-4.016862869869551
-4.016862869869551
-4.016862869869551
-3.1617881005408845
-3.0126471524021636
-3.8478364619790013
-5.021078587336939
-5.021078587336939
-5.021078587336939
-5.021078587336939
-5.021078587336939
-5.021078587336939
-5.021078587336939
-5.021078587336939
-5.021078587336939
-5.021078587336939
-5.021078587336939
-5.021078587336939
-5.021078587336939
-5.021078587336939
-5.021078587336939
-5.021078587336939
-5.021078587336939
-5.021078587336939
-5.021078587336939
-5.021078587336939
-5.021078587336939
-5.021078587336939
-5.021078587336939
-5.021078587336939
-5.021078587336939
-5.021078587336939
-4.533884823417118
-3.0126471524021636
-3.0126471524021636
-3.0126471524021636
-3.0126471524021636
-3.0126471524021636
-3.0126471524021636
-3.0126471524021636
-3.0126471524021636
-3.0126471524021636
-3.0126471524021636
-3.0126471524021636
-3.0126471524021636
-3.0126471524021636
-3.0126471524021636
-3.0126471524021636
-3.857779191854916
-4.016862869869551
-4.384743875278397
-5.021078587336939
-5.021078587336939
-5.021078587336939
-5.021078587336939
-5.021078587336939
-5.021078587336939
-5.021078587336939
-5.021078587336939
-5.021078587336939
-5.021078587336939
-5.021078587336939
-5.021078587336939
-5.021078587336939
-5.021078587336939
-5.021078587336939
-5.021078587336939
-5.021078587336939
-5.021078587336939
-5.021078587336939
-5.021078587336939
-5.021078587336939
-3.3805281578110087
0.0
0.0
0.0
0.0
0.0
2.1178014635698377
71.29931594018454
71.29931594018454
