19.2725691928706
19.2725691928706
19.2725691928706
19.2725691928706
19.2725691928706
19.2725691928706
19.2725691928706
19.2725691928706
19.2725691928706
19.2725691928706
19.2725691928706
19.2725691928706
19.2725691928706
19.2725691928706
19.2725691928706
19.2725691928706
19.2725691928706
19.2725691928706
19.2725691928706
19.2725691928706
19.2725691928706
19.2725691928706
19.2725691928706
19.2725691928706
19.2725691928706
19.2725691928706
19.2725691928706
19.2725691928706
19.2725691928706
19.320871371298846
20.286914939863788
20.890692170216877
22.243153166207797
23.643916340626962
24.85147080133314
25.817514369898085
26.372989421822925
25.382794764043858
24.489204463121286
23.643916340626962
22.26730425542192
21.18050524078636
20.286914939863788
20.286914939863788
20.286914939863788
20.069555136936675
19.103511568371733
18.25822344587741
18.25822344587741
18.403129981162152
20.0937062261508
21.905037917210066
22.315606433850167
21.011447616287494
19.34502246051297
19.876346423223687
21.301260686856978
19.948799690866057
16.809158093029996
14.659711152973
14.200840457904652
14.200840457904652
14.659711152973
15.456697097039077
16.591798290102883
17.58199294788195
18.25822344587741
18.25822344587741
19.175964836014106
19.2725691928706
19.2725691928706
19.2725691928706
19.2725691928706
19.2725691928706
19.2725691928706
19.2725691928706
19.2725691928706
19.2725691928706
19.2725691928706
19.2725691928706
19.2725691928706
19.2725691928706
19.2725691928706
19.82804424479544
20.286914939863788
20.286914939863788
20.286914939863788
20.286914939863788
20.286914939863788
20.286914939863788
20.286914939863788
20.286914939863788
20.286914939863788
20.286914939863788
20.890692170216877
21.301260686856978
21.301260686856978
21.301260686856978
22.001642274066562
22.484664058349033
23.329952180843357
23.329952180843357
23.69221851905521
24.440902284693042
25.67260783461334
26.976766652176014
27.991112399169204
28.401680915809305
28.401680915809305
28.401680915809305
28.401680915809305
28.401680915809305
28.401680915809305
28.401680915809305
28.401680915809305
28.401680915809305
28.401680915809305
28.401680915809305
28.401680915809305
28.401680915809305
28.401680915809305
28.401680915809305
28.401680915809305
28.401680915809305
28.401680915809305
28.401680915809305
28.401680915809305
28.401680915809305
28.401680915809305
28.884702700091776
29.416026662802494
29.416026662802494
29.416026662802494
29.416026662802494
30.382070231367436
30.430372409795684
30.430372409795684
30.430372409795684
30.430372409795684
31.348113799932378
31.444718156788873
31.444718156788873
31.444718156788873
31.75868231657248
32.45906390378206
32.45906390378206
32.45906390378206
32.45906390378206
32.45906390378206
32.45906390378206
32.45906390378206
32.45906390378206
32.45906390378206
32.45906390378206
32.45906390378206
32.45906390378206
32.45906390378206
32.45906390378206
32.45906390378206
32.45906390378206
32.45906390378206
32.45906390378206
32.45906390378206
32.45906390378206
32.45906390378206
32.45906390378206
32.45906390378206
32.45906390378206
32.45906390378206
32.45906390378206
32.45906390378206
32.45906390378206
32.45906390378206
32.45906390378206
32.45906390378206
32.45906390378206
32.45906390378206
32.45906390378206
32.45906390378206
32.45906390378206
32.45906390378206
32.45906390378206
32.45906390378206
32.45906390378206
32.45906390378206
32.45906390378206
32.45906390378206
32.45906390378206
32.45906390378206
32.45906390378206
32.45906390378206
32.45906390378206
32.45906390378206
32.45906390378206
32.45906390378206
32.45906390378206
32.45906390378206
32.45906390378206
32.45906390378206
32.45906390378206
32.45906390378206
32.45906390378206
32.45906390378206
32.45906390378206
32.45906390378206
32.45906390378206
32.45906390378206
32.45906390378206
32.45906390378206
32.45906390378206
32.45906390378206
32.45906390378206
32.45906390378206
32.45906390378206
32.45906390378206
32.45906390378206
32.45906390378206
32.45906390378206
32.45906390378206
32.45906390378206
32.45906390378206
32.38661063613969
31.444718156788873
31.444718156788873
31.444718156788873
31.444718156788873
31.444718156788873
31.444718156788873
31.444718156788873
31.444718156788873
31.444718156788873
31.444718156788873
31.444718156788873
31.444718156788873
31.444718156788873
31.444718156788873
31.444718156788873
31.444718156788873
31.444718156788873
31.444718156788873
31.034149640148772
30.430372409795684
30.430372409795684
30.430372409795684
30.430372409795684
30.430372409795684
30.430372409795684
29.488479930444864
29.416026662802494
29.416026662802494
29.416026662802494
29.416026662802494
29.416026662802494
29.416026662802494
29.416026662802494
29.416026662802494
29.416026662802494
29.416026662802494
29.416026662802494
29.416026662802494
29.416026662802494
29.416026662802494
29.416026662802494
28.498285272665797
28.401680915809305
28.401680915809305
28.401680915809305
28.401680915809305
29.029609235376515
29.416026662802494
29.416026662802494
29.416026662802494
29.416026662802494
29.416026662802494
29.416026662802494
29.416026662802494
29.416026662802494
29.416026662802494
29.416026662802494
29.416026662802494
29.416026662802494
29.416026662802494
29.416026662802494
29.416026662802494
29.416026662802494
29.416026662802494
29.416026662802494
29.416026662802494
30.430372409795684
30.430372409795684
30.430372409795684
30.430372409795684
30.430372409795684
30.430372409795684
30.430372409795684
30.430372409795684
30.430372409795684
30.430372409795684
30.430372409795684
30.430372409795684
30.430372409795684
30.430372409795684
31.251509443075882
31.444718156788873
31.15490508621939
30.720185480365167
31.444718156788873
31.444718156788873
31.444718156788873
31.444718156788873
31.444718156788873
31.444718156788873
31.444718156788873
31.444718156788873
31.444718156788873
30.792638748007537
30.430372409795684
30.430372409795684
30.430372409795684
30.430372409795684
30.430372409795684
30.430372409795684
30.430372409795684
30.430372409795684
30.430372409795684
30.430372409795684
29.440177752016616
29.416026662802494
29.416026662802494
29.416026662802494
29.416026662802494
29.416026662802494
29.850746268656717
29.416026662802494
29.416026662802494
29.416026662802494
29.416026662802494
29.416026662802494
29.416026662802494
29.416026662802494
29.416026662802494
29.416026662802494
29.416026662802494
29.416026662802494
29.416026662802494
29.416026662802494
29.416026662802494
29.416026662802494
29.416026662802494
29.416026662802494
29.416026662802494
29.416026662802494
29.416026662802494
29.633386465729604
30.430372409795684
30.430372409795684
30.430372409795684
30.430372409795684
30.430372409795684
30.430372409795684
30.430372409795684
30.430372409795684
30.430372409795684
30.430372409795684
30.430372409795684
30.430372409795684
30.430372409795684
30.430372409795684
30.430372409795684
30.430372409795684
30.430372409795684
30.430372409795684
30.430372409795684
30.430372409795684
30.430372409795684
30.430372409795684
30.430372409795684
30.430372409795684
30.430372409795684
30.430372409795684
30.430372409795684
30.430372409795684
30.430372409795684
30.430372409795684
30.430372409795684
30.430372409795684
30.430372409795684
29.971501714727335
29.416026662802494
29.416026662802494
29.416026662802494
29.416026662802494
29.416026662802494
29.416026662802494
29.416026662802494
29.416026662802494
29.416026662802494
29.416026662802494
29.416026662802494
29.416026662802494
29.416026662802494
29.416026662802494
29.416026662802494
29.416026662802494
29.416026662802494
29.416026662802494
29.416026662802494
29.416026662802494
29.416026662802494
29.416026662802494
29.416026662802494
29.416026662802494
29.416026662802494
29.416026662802494
29.416026662802494
29.416026662802494
29.416026662802494
29.416026662802494
29.416026662802494
29.416026662802494
29.416026662802494
29.416026662802494
29.416026662802494
29.416026662802494
29.416026662802494
29.416026662802494
29.416026662802494
29.416026662802494
29.416026662802494
29.416026662802494
29.416026662802494
29.416026662802494
29.416026662802494
29.416026662802494
29.416026662802494
29.416026662802494
29.416026662802494
29.416026662802494
29.416026662802494
29.416026662802494
29.416026662802494
29.416026662802494
29.416026662802494
29.416026662802494
29.416026662802494
29.416026662802494
29.416026662802494
29.416026662802494
29.416026662802494
29.416026662802494
29.416026662802494
29.416026662802494
29.416026662802494
29.416026662802494
29.416026662802494
29.416026662802494
29.416026662802494
29.416026662802494
29.416026662802494
29.416026662802494
29.416026662802494
29.416026662802494
29.416026662802494
29.416026662802494
29.416026662802494
29.416026662802494
29.416026662802494
29.416026662802494
29.416026662802494
29.416026662802494
29.416026662802494
29.416026662802494
29.416026662802494
29.416026662802494
29.416026662802494
29.416026662802494
29.416026662802494
29.416026662802494
29.416026662802494
29.416026662802494
29.416026662802494
29.416026662802494
29.705839733371977
30.430372409795684
30.430372409795684
30.430372409795684
30.430372409795684
30.430372409795684
30.430372409795684
30.430372409795684
30.430372409795684
30.430372409795684
30.937545283292277
31.444718156788873
31.444718156788873
31.444718156788873
31.444718156788873
31.444718156788873
31.444718156788873
31.444718156788873
31.444718156788873
31.444718156788873
31.444718156788873
31.444718156788873
31.444718156788873
31.444718156788873
31.444718156788873
31.444718156788873
31.444718156788873
31.444718156788873
31.444718156788873
31.444718156788873
31.444718156788873
31.83113558421485
32.45906390378206
32.45906390378206
32.45906390378206
32.45906390378206
32.45906390378206
32.45906390378206
32.45906390378206
32.45906390378206
32.45906390378206
32.45906390378206
32.45906390378206
33.1111433125634
33.47340965077525
33.47340965077525
33.47340965077525
33.47340965077525
33.47340965077525
33.47340965077525
33.47340965077525
33.47340965077525
33.47340965077525
33.47340965077525
33.47340965077525
33.47340965077525
33.47340965077525
33.47340965077525
33.47340965077525
33.47340965077525
33.47340965077525
33.47340965077525
33.47340965077525
33.47340965077525
33.47340965077525
33.47340965077525
33.47340965077525
32.48321499299618
32.45906390378206
32.45906390378206
32.45906390378206
32.45906390378206
32.45906390378206
32.45906390378206
32.45906390378206
32.45906390378206
32.45906390378206
32.45906390378206
31.7828334057866
31.444718156788873
31.444718156788873
31.444718156788873
31.444718156788873
31.444718156788873
31.444718156788873
31.444718156788873
31.444718156788873
31.444718156788873
31.444718156788873
31.444718156788873
31.444718156788873
31.444718156788873
31.444718156788873
31.444718156788873
31.444718156788873
31.444718156788873
31.444718156788873
31.444718156788873
31.444718156788873
31.444718156788873
31.444718156788873
31.444718156788873
31.444718156788873
30.454523499009806
30.430372409795684
30.430372409795684
30.430372409795684
30.430372409795684
30.430372409795684
30.430372409795684
30.430372409795684
30.430372409795684
30.430372409795684
30.430372409795684
30.430372409795684
30.430372409795684
30.430372409795684
30.430372409795684
30.430372409795684
30.430372409795684
30.430372409795684
30.430372409795684
30.430372409795684
30.430372409795684
30.430372409795684
30.430372409795684
30.430372409795684
30.430372409795684
30.430372409795684
30.430372409795684
30.430372409795684
30.430372409795684
30.430372409795684
30.430372409795684
30.430372409795684
30.430372409795684
30.430372409795684
30.430372409795684
30.430372409795684
30.430372409795684
30.430372409795684
30.430372409795684
30.430372409795684
30.430372409795684
30.430372409795684
30.430372409795684
30.430372409795684
30.430372409795684
30.430372409795684
30.430372409795684
30.430372409795684
30.430372409795684
30.430372409795684
30.430372409795684
30.430372409795684
30.430372409795684
30.430372409795684
30.430372409795684
30.430372409795684
30.430372409795684
30.430372409795684
30.430372409795684
30.430372409795684
30.430372409795684
30.430372409795684
30.430372409795684
30.430372409795684
30.430372409795684
30.430372409795684
30.430372409795684
30.430372409795684
30.430372409795684
30.430372409795684
30.430372409795684
30.430372409795684
30.430372409795684
30.430372409795684
30.430372409795684
30.430372409795684
30.430372409795684
30.430372409795684
30.430372409795684
30.430372409795684
30.430372409795684
30.430372409795684
30.430372409795684
30.430372409795684
30.430372409795684
30.430372409795684
30.430372409795684
30.430372409795684
30.430372409795684
30.430372409795684
30.430372409795684
30.430372409795684
30.430372409795684
30.430372409795684
30.430372409795684
30.430372409795684
30.430372409795684
30.430372409795684
30.430372409795684
30.430372409795684
30.430372409795684
30.430372409795684
30.430372409795684
30.430372409795684
30.430372409795684
30.430372409795684
30.430372409795684
30.430372409795684
30.430372409795684
30.430372409795684
30.430372409795684
30.430372409795684
30.430372409795684
30.430372409795684
30.430372409795684
30.430372409795684
30.430372409795684
30.430372409795684
30.430372409795684
30.430372409795684
30.430372409795684
30.430372409795684
30.430372409795684
30.430372409795684
30.430372409795684
30.430372409795684
30.430372409795684
30.430372409795684
30.76848765879341
31.444718156788873
31.444718156788873
31.444718156788873
31.444718156788873
31.444718156788873
31.444718156788873
31.444718156788873
31.444718156788873
32.02434429792784
32.45906390378206
32.45906390378206
32.45906390378206
32.45906390378206
32.45906390378206
32.45906390378206
32.45906390378206
32.45906390378206
32.45906390378206
32.45906390378206
32.45906390378206
32.45906390378206
32.45906390378206
32.45906390378206
32.45906390378206
32.45906390378206
32.45906390378206
32.45906390378206
32.45906390378206
32.45906390378206
32.45906390378206
32.45906390378206
32.45906390378206
32.45906390378206
32.45906390378206
32.45906390378206
32.45906390378206
32.45906390378206
32.45906390378206
32.43491281456794
31.589624692073613
31.444718156788873
31.444718156788873
31.444718156788873
31.444718156788873
31.444718156788873
31.444718156788873
31.444718156788873
31.444718156788873
31.444718156788873
31.444718156788873
31.444718156788873
31.444718156788873
31.444718156788873
31.444718156788873
31.444718156788873
31.444718156788873
31.444718156788873
31.444718156788873
31.444718156788873
31.444718156788873
31.444718156788873
31.444718156788873
31.444718156788873
31.444718156788873
31.444718156788873
31.323962710718256
30.454523499009806
30.430372409795684
30.430372409795684
30.430372409795684
30.430372409795684
30.430372409795684
30.430372409795684
30.430372409795684
30.430372409795684
30.430372409795684
30.430372409795684
30.430372409795684
30.430372409795684
30.430372409795684
30.430372409795684
30.430372409795684
30.430372409795684
30.430372409795684
30.430372409795684
30.430372409795684
30.430372409795684
30.430372409795684
30.430372409795684
30.430372409795684
30.430372409795684
30.430372409795684
30.430372409795684
30.430372409795684
30.430372409795684
30.430372409795684
30.430372409795684
30.430372409795684
30.430372409795684
30.430372409795684
30.430372409795684
30.430372409795684
30.430372409795684
30.430372409795684
30.430372409795684
30.430372409795684
30.430372409795684
30.430372409795684
30.430372409795684
30.430372409795684
30.430372409795684
30.430372409795684
30.430372409795684
30.430372409795684
30.430372409795684
30.430372409795684
30.430372409795684
30.430372409795684
30.430372409795684
30.430372409795684
30.430372409795684
30.430372409795684
30.430372409795684
30.430372409795684
30.430372409795684
30.430372409795684
30.430372409795684
30.430372409795684
30.430372409795684
30.430372409795684
30.430372409795684
30.430372409795684
30.575278945080424
30.961696372506402
31.444718156788873
31.444718156788873
31.444718156788873
31.444718156788873
31.444718156788873
31.444718156788873
31.444718156788873
31.444718156788873
31.444718156788873
31.444718156788873
31.444718156788873
31.444718156788873
31.444718156788873
31.444718156788873
31.444718156788873
31.444718156788873
31.444718156788873
31.444718156788873
31.444718156788873
31.444718156788873
31.444718156788873
31.444718156788873
31.444718156788873
31.444718156788873
31.444718156788873
31.444718156788873
31.444718156788873
31.444718156788873
31.444718156788873
31.444718156788873
31.323962710718256
30.575278945080424
30.430372409795684
30.430372409795684
30.430372409795684
30.430372409795684
30.430372409795684
30.430372409795684
30.430372409795684
30.430372409795684
30.430372409795684
30.430372409795684
30.430372409795684
30.430372409795684
30.430372409795684
30.430372409795684
30.430372409795684
30.430372409795684
30.430372409795684
30.430372409795684
30.430372409795684
30.430372409795684
30.430372409795684
30.430372409795684
30.430372409795684
30.430372409795684
30.430372409795684
30.430372409795684
30.430372409795684
30.430372409795684
30.430372409795684
30.430372409795684
30.430372409795684
30.430372409795684
30.430372409795684
30.430372409795684
30.430372409795684
30.430372409795684
30.430372409795684
30.937545283292277
31.444718156788873
31.444718156788873
31.444718156788873
31.444718156788873
31.444718156788873
31.444718156788873
31.444718156788873
31.444718156788873
31.444718156788873
31.444718156788873
31.444718156788873
31.444718156788873
31.444718156788873
31.444718156788873
31.444718156788873
31.444718156788873
31.444718156788873
31.444718156788873
31.444718156788873
31.444718156788873
31.444718156788873
31.444718156788873
31.444718156788873
31.444718156788873
31.444718156788873
31.444718156788873
31.444718156788873
31.444718156788873
31.444718156788873
31.444718156788873
31.444718156788873
32.410761725353815
32.45906390378206
32.45906390378206
32.45906390378206
32.45906390378206
32.45906390378206
32.45906390378206
32.45906390378206
32.45906390378206
32.45906390378206
32.45906390378206
32.45906390378206
32.45906390378206
