78.01526385597182
78.01526385597182
78.01526385597182
78.01526385597182
78.01526385597182
78.66756539322911
80.01565523689418
80.01565523689418
80.01565523689418
80.01565523689418
80.01565523689418
80.01565523689418
80.01565523689418
80.99410754278011
82.01604661781653
82.01604661781653
82.01604661781653
82.01604661781653
82.01604661781653
82.01604661781653
82.01604661781653
81.23328477310778
80.01565523689418
80.01565523689418
80.01565523689418
80.01565523689418
80.01565523689418
80.01565523689418
80.01565523689418
81.16805461938205
82.01604661781653
82.01604661781653
82.01604661781653
82.01604661781653
82.01604661781653
82.01604661781653
84.60350938227045
89.01741645104477
89.01741645104477
89.01741645104477
89.01741645104477
89.01741645104477
89.01741645104477
89.01741645104477
86.1472896871127
86.01682937966123
86.01682937966123
86.01682937966123
86.01682937966123
86.01682937966123
86.01682937966123
86.01682937966123
80.92887738905438
77.01506816551064
77.01506816551064
77.01506816551064
77.01506816551064
77.01506816551064
77.01506816551064
77.01506816551064
80.49400969754952
82.01604661781653
82.01604661781653
82.01604661781653
82.01604661781653
82.01604661781653
82.01604661781653
85.66893522645735
89.01741645104477
89.01741645104477
89.01741645104477
89.01741645104477
89.01741645104477
89.01741645104477
89.01741645104477
83.88597769128742
81.01585092735536
81.01585092735536
81.01585092735536
81.01585092735536
81.01585092735536
81.01585092735536
81.01585092735536
81.01585092735536
75.10165032288926
73.01428540366594
73.01428540366594
73.01428540366594
73.01428540366594
73.01428540366594
73.01428540366594
73.01428540366594
75.84092539844752
78.01526385597182
78.01526385597182
78.01526385597182
78.01526385597182
78.01526385597182
78.01526385597182
78.01526385597182
77.84131677936988
77.01506816551064
77.01506816551064
77.01506816551064
77.01506816551064
77.01506816551064
77.01506816551064
77.01506816551064
78.70018047009198
82.01604661781653
82.01604661781653
82.01604661781653
82.01604661781653
82.01604661781653
82.01604661781653
82.01604661781653
81.6464090800374
81.01585092735536
81.01585092735536
81.01585092735536
81.01585092735536
81.01585092735536
81.01585092735536
81.01585092735536
81.01585092735536
76.49322693570481
73.01428540366594
73.01428540366594
73.01428540366594
73.01428540366594
73.01428540366594
73.01428540366594
73.01428540366594
73.01428540366594
73.82966232523755
74.0144810941271
74.0144810941271
74.0144810941271
74.0144810941271
74.0144810941271
74.0144810941271
74.10145463242809
82.01604661781653
82.01604661781653
82.01604661781653
82.01604661781653
82.01604661781653
82.01604661781653
82.01604661781653
81.90732969494032
80.01565523689418
80.01565523689418
80.01565523689418
80.01565523689418
80.01565523689418
80.01565523689418
80.01565523689418
80.01565523689418
80.01565523689418
80.01565523689418
80.01565523689418
80.01565523689418
80.01565523689418
80.01565523689418
80.01565523689418
81.92907307951556
84.01643799873888
84.01643799873888
84.01643799873888
84.01643799873888
84.01643799873888
84.01643799873888
84.01643799873888
83.28803461546825
83.01624230827771
83.01624230827771
83.01624230827771
83.01624230827771
83.01624230827771
83.01624230827771
83.01624230827771
83.01624230827771
74.53632232393295
71.01389402274359
71.01389402274359
71.01389402274359
71.01389402274359
71.01389402274359
71.01389402274359
71.01389402274359
71.01389402274359
71.01389402274359
71.01389402274359
71.01389402274359
71.01389402274359
71.01389402274359
71.01389402274359
71.01389402274359
71.01389402274359
71.01389402274359
71.01389402274359
71.01389402274359
71.01389402274359
71.01389402274359
71.01389402274359
55.22819682111717
27.005283642451783
27.005283642451783
27.005283642451783
27.005283642451783
27.005283642451783
27.005283642451783
27.005283642451783
27.005283642451783
58.31575743080168
75.01467678458829
75.01467678458829
75.01467678458829
75.01467678458829
75.01467678458829
75.01467678458829
75.01467678458829
75.75395186014656
77.01506816551064
77.01506816551064
77.01506816551064
77.01506816551064
77.01506816551064
77.01506816551064
77.01506816551064
81.58117892631167
84.01643799873888
84.01643799873888
84.01643799873888
84.01643799873888
84.01643799873888
84.01643799873888
84.01643799873888
84.01643799873888
84.01643799873888
84.01643799873888
84.01643799873888
84.01643799873888
84.01643799873888
84.01643799873888
84.01643799873888
79.99391185231893
74.0144810941271
74.0144810941271
74.0144810941271
74.0144810941271
74.0144810941271
74.0144810941271
74.0144810941271
74.0144810941271
76.01487247504947
76.01487247504947
76.01487247504947
76.01487247504947
76.01487247504947
76.01487247504947
76.01487247504947
76.01487247504947
75.39518601465504
73.01428540366594
73.01428540366594
73.01428540366594
73.01428540366594
73.01428540366594
73.01428540366594
73.01428540366594
74.0036094018395
80.01565523689418
80.01565523689418
80.01565523689418
80.01565523689418
80.01565523689418
80.01565523689418
80.34180600552283
90.01761214150595
90.01761214150595
90.01761214150595
90.01761214150595
90.01761214150595
90.01761214150595
90.01761214150595
90.01761214150595
80.75493031245243
78.01526385597182
78.01526385597182
78.01526385597182
78.01526385597182
78.01526385597182
78.01526385597182
78.01526385597182
78.01526385597182
73.77530386379944
68.01330695136005
68.01330695136005
68.01330695136005
68.01330695136005
68.01330695136005
68.01330695136005
68.01330695136005
70.29636233176056
78.01526385597182
78.01526385597182
78.01526385597182
78.01526385597182
78.01526385597182
78.01526385597182
78.01526385597182
79.86345154486747
83.01624230827771
83.01624230827771
83.01624230827771
83.01624230827771
83.01624230827771
83.01624230827771
83.01624230827771
83.01624230827771
76.49322693570481
73.01428540366594
73.01428540366594
73.01428540366594
73.01428540366594
73.01428540366594
73.01428540366594
73.01428540366594
73.01428540366594
72.25326694353242
72.01408971320475
72.01408971320475
72.01408971320475
72.01408971320475
72.01408971320475
72.01408971320475
73.32956448000697
83.01624230827771
83.01624230827771
83.01624230827771
83.01624230827771
83.01624230827771
83.01624230827771
83.01624230827771
83.01624230827771
79.58078754538931
79.015459546433
79.015459546433
79.015459546433
79.015459546433
79.015459546433
79.015459546433
79.015459546433
79.015459546433
73.27520601856885
71.01389402274359
71.01389402274359
71.01389402274359
71.01389402274359
71.01389402274359
71.01389402274359
71.01389402274359
71.01389402274359
69.8614946402557
69.01350264182123
69.01350264182123
69.01350264182123
69.01350264182123
69.01350264182123
69.01350264182123
69.01350264182123
78.62407862407862
82.01604661781653
82.01604661781653
82.01604661781653
82.01604661781653
82.01604661781653
82.01604661781653
82.21173707899372
84.01643799873888
84.01643799873888
84.01643799873888
84.01643799873888
84.01643799873888
84.01643799873888
84.01643799873888
83.75551738383597
82.01604661781653
82.01604661781653
82.01604661781653
82.01604661781653
82.01604661781653
82.01604661781653
82.01604661781653
82.01604661781653
78.20008262486138
73.01428540366594
73.01428540366594
73.01428540366594
73.01428540366594
73.01428540366594
73.01428540366594
73.01428540366594
73.01428540366594
75.85179709073515
76.01487247504947
76.01487247504947
76.01487247504947
76.01487247504947
76.01487247504947
76.01487247504947
76.01487247504947
76.01487247504947
71.31830140679698
68.01330695136005
68.01330695136005
68.01330695136005
68.01330695136005
68.01330695136005
68.01330695136005
68.01330695136005
68.01330695136005
68.01330695136005
68.01330695136005
68.01330695136005
68.01330695136005
68.01330695136005
68.01330695136005
68.01330695136005
68.01330695136005
52.510273749211805
37.00724054706355
37.00724054706355
37.00724054706355
37.00724054706355
37.00724054706355
37.00724054706355
37.00724054706355
37.00724054706355
37.00724054706355
37.00724054706355
37.00724054706355
37.00724054706355
37.00724054706355
37.00724054706355
37.00724054706355
37.00724054706355
37.00724054706355
37.00724054706355
37.00724054706355
37.00724054706355
37.00724054706355
36.90939531647496
28.005479332912962
28.005479332912962
28.005479332912962
28.005479332912962
28.005479332912962
28.005479332912962
28.005479332912962
87.84327368398165
92.0180035224283
92.0180035224283
92.0180035224283
92.0180035224283
92.0180035224283
92.0180035224283
90.34376291013459
90.01761214150595
90.01761214150595
90.01761214150595
90.01761214150595
90.01761214150595
91.1591398317062
97.01898197473419
97.01898197473419
97.01898197473419
97.01898197473419
97.01898197473419
97.01898197473419
97.01898197473419
89.40879737339914
87.01702507012241
87.01702507012241
87.01702507012241
87.01702507012241
87.01702507012241
87.40840599247679
93.01819921288948
93.01819921288948
93.01819921288948
93.01819921288948
93.01819921288948
93.01819921288948
96.6710878215303
100.01956904611772
100.01956904611772
100.01956904611772
100.01956904611772
100.01956904611772
100.01956904611772
100.01956904611772
100.01956904611772
100.01956904611772
100.01956904611772
100.01956904611772
100.01956904611772
99.32378073970995
92.0180035224283
92.0180035224283
92.0180035224283
92.0180035224283
92.0180035224283
92.0180035224283
97.14944228218565
100.01956904611772
100.01956904611772
100.01956904611772
100.01956904611772
100.01956904611772
100.01956904611772
96.14924659172446
96.018786284273
96.018786284273
96.018786284273
96.018786284273
96.018786284273
98.10615120349634
100.01956904611772
100.01956904611772
100.01956904611772
100.01956904611772
100.01956904611772
100.01956904611772
95.3556130547281
89.01741645104477
89.01741645104477
89.01741645104477
89.01741645104477
89.01741645104477
89.01741645104477
90.7568872170642
93.01819921288948
93.01819921288948
93.01819921288948
93.01819921288948
93.01819921288948
93.01819921288948
93.01819921288948
93.01819921288948
93.01819921288948
93.01819921288948
93.01819921288948
93.01819921288948
93.01819921288948
81.01585092735536
45.008806070752975
45.008806070752975
45.008806070752975
45.008806070752975
45.008806070752975
45.008806070752975
45.008806070752975
79.71124785284077
87.01702507012241
87.01702507012241
87.01702507012241
87.01702507012241
87.01702507012241
87.01702507012241
89.52838598856297
90.01761214150595
90.01761214150595
90.01761214150595
90.01761214150595
90.01761214150595
90.01761214150595
89.3326955273858
83.01624230827771
83.01624230827771
83.01624230827771
83.01624230827771
83.01624230827771
83.01624230827771
83.01624230827771
82.84229523167576
79.015459546433
79.015459546433
79.015459546433
79.015459546433
79.015459546433
79.015459546433
79.015459546433
79.015459546433
79.015459546433
79.015459546433
79.015459546433
79.015459546433
79.015459546433
79.015459546433
79.015459546433
79.015459546433
42.975799612967755
40.00782761844709
40.00782761844709
40.00782761844709
40.00782761844709
40.00782761844709
58.54406296884173
95.01859059381184
95.01859059381184
95.01859059381184
95.01859059381184
95.01859059381184
95.01859059381184
95.01859059381184
88.39772999065035
88.0172207605836
88.0172207605836
88.0172207605836
88.0172207605836
88.0172207605836
92.80076536713705
98.01917766519537
98.01917766519537
98.01917766519537
98.01917766519537
98.01917766519537
98.01917766519537
97.33426105107522
89.01741645104477
89.01741645104477
89.01741645104477
89.01741645104477
89.01741645104477
89.01741645104477
91.43093213889674
95.01859059381184
95.01859059381184
95.01859059381184
95.01859059381184
95.01859059381184
95.01859059381184
95.6600204387815
96.018786284273
96.018786284273
96.018786284273
96.018786284273
96.018786284273
96.018786284273
93.01819921288948
92.0180035224283
92.0180035224283
92.0180035224283
92.0180035224283
92.0180035224283
92.0180035224283
90.23504598725837
88.0172207605836
88.0172207605836
88.0172207605836
88.0172207605836
88.0172207605836
88.0172207605836
88.90869952816855
90.01761214150595
90.01761214150595
90.01761214150595
90.01761214150595
90.01761214150595
90.01761214150595
89.97412537235546
89.01741645104477
89.01741645104477
89.01741645104477
89.01741645104477
89.01741645104477
89.01741645104477
89.01741645104477
89.01741645104477
89.01741645104477
89.01741645104477
89.01741645104477
89.01741645104477
89.01741645104477
89.01741645104477
80.01565523689418
43.008414689830616
43.008414689830616
43.008414689830616
43.008414689830616
43.008414689830616
43.008414689830616
53.662673131699684
92.0180035224283
92.0180035224283
92.0180035224283
92.0180035224283
92.0180035224283
92.0180035224283
92.35502598334458
93.01819921288948
93.01819921288948
93.01819921288948
93.01819921288948
93.01819921288948
93.01819921288948
92.10497706072927
89.01741645104477
89.01741645104477
89.01741645104477
89.01741645104477
89.01741645104477
89.01741645104477
89.11526168163337
90.01761214150595
90.01761214150595
90.01761214150595
90.01761214150595
90.01761214150595
90.01761214150595
90.01761214150595
88.56080537496467
88.0172207605836
88.0172207605836
88.0172207605836
88.0172207605836
88.0172207605836
88.0172207605836
87.85414537626927
83.01624230827771
83.01624230827771
83.01624230827771
83.01624230827771
83.01624230827771
83.01624230827771
83.01624230827771
87.71281337653019
89.01741645104477
89.01741645104477
89.01741645104477
89.01741645104477
89.01741645104477
89.01741645104477
93.01819921288948
93.01819921288948
93.01819921288948
93.01819921288948
93.01819921288948
93.01819921288948
93.01819921288948
89.80017829575351
89.01741645104477
89.01741645104477
89.01741645104477
89.01741645104477
89.01741645104477
89.01741645104477
89.62623121915158
90.01761214150595
90.01761214150595
90.01761214150595
90.01761214150595
90.01761214150595
90.01761214150595
90.01761214150595
83.14670261572917
82.01604661781653
82.01604661781653
82.01604661781653
82.01604661781653
82.01604661781653
82.01604661781653
88.10419429888456
90.01761214150595
90.01761214150595
90.01761214150595
90.01761214150595
90.01761214150595
90.01761214150595
90.01761214150595
90.01761214150595
90.01761214150595
90.01761214150595
90.01761214150595
90.01761214150595
90.01761214150595
90.01761214150595
56.09793220412689
42.00821899936944
42.00821899936944
42.00821899936944
42.00821899936944
42.00821899936944
42.00821899936944
50.14024483051032
86.01682937966123
86.01682937966123
86.01682937966123
86.01682937966123
86.01682937966123
86.01682937966123
88.90869952816855
93.01819921288948
93.01819921288948
93.01819921288948
93.01819921288948
93.01819921288948
93.01819921288948
92.19195059903025
89.01741645104477
89.01741645104477
89.01741645104477
89.01741645104477
89.01741645104477
89.01741645104477
89.01741645104477
89.01741645104477
89.01741645104477
89.01741645104477
89.01741645104477
89.01741645104477
89.01741645104477
89.01741645104477
89.01741645104477
89.01741645104477
89.01741645104477
89.01741645104477
89.01741645104477
89.01741645104477
89.01741645104477
40.26874823335
30.005870713835314
30.005870713835314
30.005870713835314
30.005870713835314
30.005870713835314
30.005870713835314
30.005870713835314
30.005870713835314
30.005870713835314
30.005870713835314
30.005870713835314
30.005870713835314
30.005870713835314
31.13652671174795
43.008414689830616
43.008414689830616
43.008414689830616
43.008414689830616
43.008414689830616
43.008414689830616
43.008414689830616
87.03876845469766
88.0172207605836
88.0172207605836
88.0172207605836
88.0172207605836
88.0172207605836
88.0172207605836
91.97451675327781
92.0180035224283
92.0180035224283
92.0180035224283
92.0180035224283
92.0180035224283
92.0180035224283
92.0180035224283
92.0180035224283
92.0180035224283
92.0180035224283
92.0180035224283
92.0180035224283
92.0180035224283
89.57187275771346
87.01702507012241
87.01702507012241
87.01702507012241
87.01702507012241
87.01702507012241
87.01702507012241
87.01702507012241
87.01702507012241
87.01702507012241
87.01702507012241
87.01702507012241
87.01702507012241
87.01702507012241
87.01702507012241
87.01702507012241
87.01702507012241
87.01702507012241
87.01702507012241
87.01702507012241
87.01702507012241
87.01702507012241
87.01702507012241
87.01702507012241
49.74886390815595
26.005087951990607
26.005087951990607
26.005087951990607
99.67167489291383
180.0352242830119
180.0352242830119
180.0352242830119
180.0352242830119
165.94551107825444
126.02465699810833
126.02465699810833
126.02465699810833
126.02465699810833
126.02465699810833
119.40379639494684
119.02328716488009
119.02328716488009
166.10858646256875
180.0352242830119
180.0352242830119
180.0352242830119
180.0352242830119
180.0352242830119
180.0352242830119
180.0352242830119
168.03287599747776
88.0172207605836
88.0172207605836
88.0172207605836
88.0172207605836
88.0172207605836
88.0172207605836
88.0172207605836
88.0172207605836
88.0172207605836
88.0172207605836
88.0172207605836
88.0172207605836
88.0172207605836
83.5163401535083
42.00821899936944
42.00821899936944
42.00821899936944
42.00821899936944
42.00821899936944
42.00821899936944
87.6693266073797
102.01996042704008
102.01996042704008
102.01996042704008
102.01996042704008
102.01996042704008
102.01996042704008
102.01996042704008
102.01996042704008
102.01996042704008
102.01996042704008
102.01996042704008
102.01996042704008
102.01996042704008
76.16707616707616
44.0086103802918
44.0086103802918
44.0086103802918
44.0086103802918
44.0086103802918
56.83720727968516
103.02015611750124
103.02015611750124
103.02015611750124
103.02015611750124
103.02015611750124
103.02015611750124
98.78019612532887
93.01819921288948
93.01819921288948
93.01819921288948
93.01819921288948
93.01819921288948
93.01819921288948
92.67030505968559
92.0180035224283
92.0180035224283
92.0180035224283
92.0180035224283
92.0180035224283
92.0180035224283
92.48548629079603
93.01819921288948
