121.50140721569294
121.50140721569294
121.50140721569294
121.50140721569294
121.50140721569294
121.50140721569294
121.50140721569294
121.50140721569294
121.50140721569294
121.50140721569294
121.50140721569294
121.50140721569294
121.50140721569294
121.50140721569294
121.50140721569294
121.50140721569294
121.50140721569294
121.50140721569294
121.50140721569294
121.50140721569294
121.50140721569294
120.15783444354874
116.48068790925934
116.48068790925934
116.48068790925934
116.48068790925934
116.48068790925934
116.48068790925934
116.48068790925934
116.48068790925934
116.48068790925934
116.48068790925934
116.48068790925934
116.48068790925934
116.48068790925934
116.48068790925934
116.48068790925934
116.48068790925934
116.48068790925934
116.48068790925934
116.48068790925934
116.48068790925934
116.48068790925934
116.48068790925934
116.48068790925934
116.48068790925934
116.48068790925934
116.48068790925934
116.48068790925934
116.48068790925934
116.48068790925934
116.48068790925934
116.48068790925934
123.83498097783813
124.5138387995531
124.5138387995531
124.5138387995531
124.5138387995531
124.5138387995531
124.5138387995531
124.5138387995531
124.5138387995531
124.5138387995531
124.16026701740988
123.50969493826638
123.50969493826638
123.50969493826638
123.50969493826638
123.50969493826638
123.50969493826638
123.50969493826638
123.50969493826638
123.50969493826638
122.90155147298006
122.50555107697966
122.50555107697966
122.50555107697966
122.50555107697966
122.50555107697966
122.50555107697966
122.50555107697966
122.50555107697966
122.50555107697966
124.41483870055299
125.51798266083982
125.51798266083982
125.51798266083982
125.51798266083982
125.51798266083982
125.51798266083982
125.51798266083982
125.51798266083982
125.51798266083982
125.51798266083982
125.51798266083982
125.51798266083982
125.51798266083982
125.51798266083982
125.51798266083982
125.51798266083982
125.51798266083982
125.51798266083982
125.51798266083982
125.51798266083982
125.51798266083982
125.51798266083982
125.51798266083982
125.51798266083982
125.51798266083982
125.51798266083982
125.51798266083982
125.51798266083982
125.51798266083982
125.51798266083982
125.51798266083982
125.51798266083982
125.51798266083982
123.50969493826638
123.50969493826638
123.50969493826638
123.50969493826638
123.50969493826638
123.50969493826638
123.50969493826638
123.50969493826638
123.50969493826638
123.50969493826638
121.64283592855023
117.48483177054607
117.48483177054607
117.48483177054607
117.48483177054607
117.48483177054607
117.48483177054607
117.48483177054607
117.48483177054607
117.48483177054607
117.48483177054607
117.48483177054607
117.48483177054607
121.65697879983595
122.50555107697966
122.50555107697966
122.50555107697966
122.50555107697966
122.50555107697966
122.50555107697966
122.50555107697966
122.50555107697966
122.50555107697966
122.50555107697966
122.50555107697966
122.50555107697966
122.50555107697966
122.50555107697966
122.50555107697966
122.50555107697966
122.50555107697966
122.50555107697966
122.50555107697966
122.50555107697966
120.24269167126312
117.48483177054607
117.48483177054607
117.48483177054607
117.48483177054607
117.48483177054607
117.48483177054607
117.48483177054607
117.48483177054607
117.48483177054607
117.48483177054607
120.20026305740592
125.51798266083982
125.51798266083982
125.51798266083982
125.51798266083982
125.51798266083982
125.51798266083982
125.51798266083982
125.51798266083982
125.51798266083982
125.51798266083982
120.99226384940671
120.49726335440623
120.49726335440623
120.49726335440623
120.49726335440623
120.49726335440623
120.49726335440623
120.49726335440623
120.49726335440623
120.49726335440623
122.33583662155092
125.51798266083982
125.51798266083982
125.51798266083982
125.51798266083982
125.51798266083982
125.51798266083982
125.51798266083982
125.51798266083982
125.51798266083982
126.76255533398391
127.52627038341325
127.52627038341325
127.52627038341325
127.52627038341325
127.52627038341325
127.52627038341325
127.52627038341325
127.52627038341325
127.52627038341325
127.52627038341325
122.68940840369413
118.48897563183279
118.48897563183279
118.48897563183279
118.48897563183279
118.48897563183279
118.48897563183279
118.48897563183279
118.48897563183279
118.48897563183279
118.48897563183279
118.48897563183279
120.76597790883507
125.51798266083982
125.51798266083982
125.51798266083982
125.51798266083982
125.51798266083982
125.51798266083982
125.51798266083982
125.51798266083982
125.51798266083982
125.24926810641098
124.5138387995531
124.5138387995531
124.5138387995531
124.5138387995531
124.5138387995531
124.5138387995531
124.5138387995531
124.5138387995531
124.5138387995531
124.5138387995531
124.08955266098124
122.50555107697966
122.50555107697966
122.50555107697966
122.50555107697966
122.50555107697966
122.50555107697966
122.50555107697966
122.50555107697966
122.50555107697966
122.50555107697966
122.50555107697966
122.50555107697966
122.50555107697966
122.50555107697966
122.50555107697966
122.50555107697966
122.50555107697966
122.50555107697966
122.50555107697966
122.50555107697966
122.50555107697966
122.279265136408
120.49726335440623
120.49726335440623
120.49726335440623
120.49726335440623
120.49726335440623
120.49726335440623
120.49726335440623
120.49726335440623
120.49726335440623
120.49726335440623
121.8266932552647
122.50555107697966
122.50555107697966
122.50555107697966
122.50555107697966
122.50555107697966
122.50555107697966
122.50555107697966
122.50555107697966
122.50555107697966
121.09126394840682
117.48483177054607
117.48483177054607
117.48483177054607
117.48483177054607
117.48483177054607
117.48483177054607
117.48483177054607
117.48483177054607
117.48483177054607
117.48483177054607
117.48483177054607
122.92983721555152
124.5138387995531
124.5138387995531
124.5138387995531
124.5138387995531
124.5138387995531
124.5138387995531
124.5138387995531
124.5138387995531
124.1178384035527
122.50555107697966
122.50555107697966
122.50555107697966
122.50555107697966
122.50555107697966
122.50555107697966
122.50555107697966
122.50555107697966
122.50555107697966
122.50555107697966
123.14198028483744
123.50969493826638
123.50969493826638
123.50969493826638
123.50969493826638
123.50969493826638
123.50969493826638
123.50969493826638
123.50969493826638
123.50969493826638
123.50969493826638
123.50969493826638
122.51969394826538
122.50555107697966
122.50555107697966
122.50555107697966
122.50555107697966
122.50555107697966
122.50555107697966
122.50555107697966
122.50555107697966
122.50555107697966
122.50555107697966
122.50555107697966
122.50555107697966
122.50555107697966
122.50555107697966
122.50555107697966
122.50555107697966
122.50555107697966
122.50555107697966
122.50555107697966
122.50555107697966
119.53554810697669
117.48483177054607
117.48483177054607
117.48483177054607
117.48483177054607
117.48483177054607
117.48483177054607
117.48483177054607
117.48483177054607
117.48483177054607
118.33340404768977
122.50555107697966
122.50555107697966
122.50555107697966
122.50555107697966
122.50555107697966
122.50555107697966
122.50555107697966
122.50555107697966
122.50555107697966
122.50555107697966
122.50555107697966
122.50555107697966
121.68526454240741
121.50140721569294
121.50140721569294
121.50140721569294
121.50140721569294
121.50140721569294
121.50140721569294
121.50140721569294
121.50140721569294
121.50140721569294
121.50140721569294
121.06297820583536
120.49726335440623
120.49726335440623
120.49726335440623
120.49726335440623
120.49726335440623
120.49726335440623
120.49726335440623
120.49726335440623
120.49726335440623
120.49726335440623
120.49726335440623
120.49726335440623
120.49726335440623
120.49726335440623
120.49726335440623
120.49726335440623
120.49726335440623
120.49726335440623
120.49726335440623
120.49726335440623
120.49726335440623
120.49726335440623
120.49726335440623
120.49726335440623
120.49726335440623
120.49726335440623
120.49726335440623
120.49726335440623
120.49726335440623
120.49726335440623
120.49726335440623
120.49726335440623
120.49726335440623
120.49726335440623
120.49726335440623
120.49726335440623
120.49726335440623
120.49726335440623
120.49726335440623
120.49726335440623
120.49726335440623
120.49726335440623
120.49726335440623
120.49726335440623
120.49726335440623
120.49726335440623
120.49726335440623
120.49726335440623
120.49726335440623
120.49726335440623
120.49726335440623
120.49726335440623
120.49726335440623
120.24269167126312
117.48483177054607
117.48483177054607
117.48483177054607
117.48483177054607
117.48483177054607
117.48483177054607
117.48483177054607
117.48483177054607
117.48483177054607
115.87254444397303
111.45996860282575
111.45996860282575
111.45996860282575
111.45996860282575
111.45996860282575
111.45996860282575
111.45996860282575
111.45996860282575
111.45996860282575
111.45996860282575
112.33682662254091
113.4682563253992
113.4682563253992
113.4682563253992
113.4682563253992
113.4682563253992
113.4682563253992
113.4682563253992
113.4682563253992
113.4682563253992
113.4682563253992
118.81426167140454
119.49311949311951
119.49311949311951
119.49311949311951
119.49311949311951
119.49311949311951
119.49311949311951
119.49311949311951
119.49311949311951
118.60211860211861
116.48068790925934
116.48068790925934
116.48068790925934
116.48068790925934
116.48068790925934
116.48068790925934
116.48068790925934
116.48068790925934
116.48068790925934
116.49483078054507
117.48483177054607
117.48483177054607
117.48483177054607
117.48483177054607
117.48483177054607
117.48483177054607
117.48483177054607
117.48483177054607
117.48483177054607
117.48483177054607
117.48483177054607
117.48483177054607
118.16368959226104
118.48897563183279
118.48897563183279
118.48897563183279
118.48897563183279
118.48897563183279
118.48897563183279
118.48897563183279
118.48897563183279
118.48897563183279
118.48897563183279
118.48897563183279
120.29926315640603
122.50555107697966
122.50555107697966
122.50555107697966
122.50555107697966
122.50555107697966
122.50555107697966
122.50555107697966
122.50555107697966
122.50555107697966
122.6752655324084
123.50969493826638
123.50969493826638
123.50969493826638
123.50969493826638
123.50969493826638
123.50969493826638
123.50969493826638
123.50969493826638
123.50969493826638
123.50969493826638
123.50969493826638
123.50969493826638
123.50969493826638
123.50969493826638
123.50969493826638
123.50969493826638
123.50969493826638
123.50969493826638
123.50969493826638
123.50969493826638
123.50969493826638
123.50969493826638
123.50969493826638
120.11540582969155
119.49311949311951
119.49311949311951
119.49311949311951
119.49311949311951
119.49311949311951
119.49311949311951
119.49311949311951
119.49311949311951
119.49311949311951
119.49311949311951
115.92911592911594
115.47654404797262
115.47654404797262
115.47654404797262
115.47654404797262
115.47654404797262
115.47654404797262
115.47654404797262
115.47654404797262
115.47654404797262
118.27683256254686
121.50140721569294
121.50140721569294
121.50140721569294
121.50140721569294
121.50140721569294
121.50140721569294
121.50140721569294
121.50140721569294
121.50140721569294
121.50140721569294
121.50140721569294
121.50140721569294
121.50140721569294
121.50140721569294
121.50140721569294
121.50140721569294
121.50140721569294
121.50140721569294
121.50140721569294
121.50140721569294
121.50140721569294
120.97812097812098
120.49726335440623
120.49726335440623
120.49726335440623
120.49726335440623
120.49726335440623
120.49726335440623
120.49726335440623
120.49726335440623
120.49726335440623
120.49726335440623
120.49726335440623
120.49726335440623
120.49726335440623
120.49726335440623
120.49726335440623
120.49726335440623
120.49726335440623
120.49726335440623
120.49726335440623
120.49726335440623
115.44825830540117
113.4682563253992
113.4682563253992
113.4682563253992
113.4682563253992
113.4682563253992
113.4682563253992
113.4682563253992
113.4682563253992
113.4682563253992
113.4682563253992
113.4682563253992
118.0505466219752
119.49311949311951
119.49311949311951
119.49311949311951
119.49311949311951
119.49311949311951
119.49311949311951
119.49311949311951
119.49311949311951
119.49311949311951
119.46483375054805
118.48897563183279
118.48897563183279
118.48897563183279
118.48897563183279
118.48897563183279
118.48897563183279
118.48897563183279
118.48897563183279
118.48897563183279
118.48897563183279
118.48897563183279
118.48897563183279
118.48897563183279
118.48897563183279
118.48897563183279
118.48897563183279
118.48897563183279
118.48897563183279
118.48897563183279
118.48897563183279
118.48897563183279
118.48897563183279
117.64040335468908
117.48483177054607
117.48483177054607
117.48483177054607
117.48483177054607
117.48483177054607
117.48483177054607
117.48483177054607
117.48483177054607
117.48483177054607
117.48483177054607
117.32926018640305
116.48068790925934
116.48068790925934
116.48068790925934
116.48068790925934
116.48068790925934
116.48068790925934
116.48068790925934
116.48068790925934
116.48068790925934
116.48068790925934
116.48068790925934
116.48068790925934
116.48068790925934
116.48068790925934
116.48068790925934
116.48068790925934
116.48068790925934
116.48068790925934
116.48068790925934
116.48068790925934
117.24440295868868
117.48483177054607
117.48483177054607
117.48483177054607
117.48483177054607
117.48483177054607
117.48483177054607
117.48483177054607
117.48483177054607
117.48483177054607
116.84840256268829
116.48068790925934
116.48068790925934
116.48068790925934
116.48068790925934
116.48068790925934
116.48068790925934
116.48068790925934
116.48068790925934
116.48068790925934
114.35925721640008
110.45582474153903
110.45582474153903
110.45582474153903
110.45582474153903
110.45582474153903
110.45582474153903
110.45582474153903
110.45582474153903
110.45582474153903
112.11054068196927
113.4682563253992
113.4682563253992
113.4682563253992
113.4682563253992
113.4682563253992
113.4682563253992
113.4682563253992
113.4682563253992
113.4682563253992
113.86425672139958
115.47654404797262
115.47654404797262
115.47654404797262
115.47654404797262
115.47654404797262
115.47654404797262
115.47654404797262
115.47654404797262
115.47654404797262
115.47654404797262
115.47654404797262
115.47654404797262
113.49654206797065
113.4682563253992
113.4682563253992
113.4682563253992
113.4682563253992
113.4682563253992
113.4682563253992
113.4682563253992
113.4682563253992
113.4682563253992
113.4682563253992
113.38339909768482
111.45996860282575
111.45996860282575
111.45996860282575
111.45996860282575
111.45996860282575
111.45996860282575
111.45996860282575
111.45996860282575
111.45996860282575
111.45996860282575
111.45996860282575
111.45996860282575
111.45996860282575
111.45996860282575
111.45996860282575
111.45996860282575
111.45996860282575
111.45996860282575
111.45996860282575
111.45996860282575
111.45996860282575
114.68454325597183
115.47654404797262
115.47654404797262
115.47654404797262
115.47654404797262
115.47654404797262
115.47654404797262
115.47654404797262
115.47654404797262
115.47654404797262
115.47654404797262
115.47654404797262
115.47654404797262
115.47654404797262
115.47654404797262
115.47654404797262
115.47654404797262
115.47654404797262
115.47654404797262
115.47654404797262
115.47654404797262
115.47654404797262
115.41997256282971
113.4682563253992
113.4682563253992
113.4682563253992
113.4682563253992
113.4682563253992
113.4682563253992
113.4682563253992
113.4682563253992
113.4682563253992
114.35925721640008
116.48068790925934
116.48068790925934
116.48068790925934
116.48068790925934
116.48068790925934
116.48068790925934
116.48068790925934
116.48068790925934
116.48068790925934
116.48068790925934
115.99983028554458
115.47654404797262
115.47654404797262
115.47654404797262
115.47654404797262
115.47654404797262
115.47654404797262
115.47654404797262
115.47654404797262
115.47654404797262
115.47654404797262
115.47654404797262
115.47654404797262
115.47654404797262
115.47654404797262
115.47654404797262
115.47654404797262
115.47654404797262
115.47654404797262
115.47654404797262
115.47654404797262
116.24025909740196
117.48483177054607
117.48483177054607
117.48483177054607
117.48483177054607
117.48483177054607
117.48483177054607
117.48483177054607
117.48483177054607
117.48483177054607
117.48483177054607
117.48483177054607
117.48483177054607
117.48483177054607
117.48483177054607
117.48483177054607
117.48483177054607
117.48483177054607
117.48483177054607
117.48483177054607
117.48483177054607
118.55968998826143
119.49311949311951
119.49311949311951
119.49311949311951
119.49311949311951
119.49311949311951
119.49311949311951
119.49311949311951
119.49311949311951
119.49311949311951
119.49311949311951
119.49311949311951
118.84254741397599
117.48483177054607
117.48483177054607
117.48483177054607
117.48483177054607
117.48483177054607
117.48483177054607
117.48483177054607
117.48483177054607
117.48483177054607
117.48483177054607
111.14882543453973
110.45582474153903
110.45582474153903
110.45582474153903
110.45582474153903
110.45582474153903
110.45582474153903
110.45582474153903
110.45582474153903
110.45582474153903
110.45582474153903
112.23782652354082
117.48483177054607
117.48483177054607
117.48483177054607
117.48483177054607
117.48483177054607
117.48483177054607
117.48483177054607
117.48483177054607
117.48483177054607
117.48483177054607
117.48483177054607
117.48483177054607
117.48483177054607
117.48483177054607
117.48483177054607
117.48483177054607
117.48483177054607
117.48483177054607
117.48483177054607
117.48483177054607
117.48483177054607
117.48483177054607
117.48483177054607
117.48483177054607
117.48483177054607
117.48483177054607
117.48483177054607
117.48483177054607
117.48483177054607
117.48483177054607
117.48483177054607
117.48483177054607
117.48483177054607
116.551402265688
116.48068790925934
116.48068790925934
116.48068790925934
116.48068790925934
116.48068790925934
116.48068790925934
116.48068790925934
116.48068790925934
116.48068790925934
116.25440196868769
115.47654404797262
115.47654404797262
115.47654404797262
115.47654404797262
115.47654404797262
115.47654404797262
115.47654404797262
115.47654404797262
115.47654404797262
115.47654404797262
115.73111573111574
118.48897563183279
118.48897563183279
118.48897563183279
118.48897563183279
118.48897563183279
118.48897563183279
118.48897563183279
118.48897563183279
118.48897563183279
118.48897563183279
118.48897563183279
118.48897563183279
118.48897563183279
118.48897563183279
118.48897563183279
118.48897563183279
118.48897563183279
118.48897563183279
118.48897563183279
118.48897563183279
118.48897563183279
118.48897563183279
124.52798167083883
125.51798266083982
125.51798266083982
125.51798266083982
125.51798266083982
