82.10947930574099
82.10947930574099
82.10947930574099
82.10947930574099
82.10947930574099
82.10947930574099
82.10947930574099
82.10947930574099
82.10947930574099
82.10947930574099
82.10947930574099
82.10947930574099
82.2825495722692
83.1231765811205
83.1231765811205
83.1231765811205
83.1231765811205
83.1231765811205
83.1231765811205
83.1231765811205
83.1231765811205
83.1231765811205
83.1231765811205
83.1231765811205
83.1231765811205
83.1231765811205
83.32097117143847
85.15057113187954
85.15057113187954
85.15057113187954
85.15057113187954
85.15057113187954
85.15057113187954
85.15057113187954
85.15057113187954
85.15057113187954
85.15057113187954
85.15057113187954
85.15057113187954
85.15057113187954
85.15057113187954
84.85387924640261
83.1231765811205
83.1231765811205
83.1231765811205
83.1231765811205
83.1231765811205
83.1231765811205
83.1231765811205
83.1231765811205
83.1231765811205
83.1231765811205
83.1231765811205
83.1231765811205
83.1231765811205
83.1231765811205
81.12050635415122
80.08208475498195
80.08208475498195
80.08208475498195
80.08208475498195
80.08208475498195
80.08208475498195
80.08208475498195
80.08208475498195
80.08208475498195
80.08208475498195
80.08208475498195
80.08208475498195
80.08208475498195
80.08208475498195
79.93373881224349
79.06838747960244
79.06838747960244
79.06838747960244
79.06838747960244
79.06838747960244
79.06838747960244
79.06838747960244
79.06838747960244
79.06838747960244
79.06838747960244
79.06838747960244
79.06838747960244
79.06838747960244
79.11783612718193
80.08208475498195
80.08208475498195
80.08208475498195
80.08208475498195
80.08208475498195
80.08208475498195
80.08208475498195
80.08208475498195
80.08208475498195
80.08208475498195
80.08208475498195
80.08208475498195
80.08208475498195
80.08208475498195
80.08208475498195
78.74697127033576
78.05469020422292
78.05469020422292
78.05469020422292
78.05469020422292
78.05469020422292
78.05469020422292
78.05469020422292
78.05469020422292
78.05469020422292
78.05469020422292
78.05469020422292
78.05469020422292
78.05469020422292
76.27453889136133
75.01359837808437
75.01359837808437
75.01359837808437
75.01359837808437
75.01359837808437
75.01359837808437
75.01359837808437
75.01359837808437
75.01359837808437
75.01359837808437
75.01359837808437
75.01359837808437
75.01359837808437
75.01359837808437
75.01359837808437
75.01359837808437
77.83217129011521
78.05469020422292
78.05469020422292
78.05469020422292
78.05469020422292
78.05469020422292
78.05469020422292
78.05469020422292
78.05469020422292
78.05469020422292
78.05469020422292
78.05469020422292
78.05469020422292
78.05469020422292
78.05469020422292
78.05469020422292
78.05469020422292
78.05469020422292
78.05469020422292
78.05469020422292
78.05469020422292
78.05469020422292
78.05469020422292
78.05469020422292
78.05469020422292
78.05469020422292
76.8679226623152
73.99990110270484
73.99990110270484
73.99990110270484
73.99990110270484
73.99990110270484
73.99990110270484
73.99990110270484
73.99990110270484
73.99990110270484
73.99990110270484
73.99990110270484
73.99990110270484
73.99990110270484
73.99990110270484
73.99990110270484
73.99990110270484
73.99990110270484
73.99990110270484
73.99990110270484
73.99990110270484
73.99990110270484
73.99990110270484
73.99990110270484
73.99990110270484
73.99990110270484
73.99990110270484
73.99990110270484
73.307620036592
69.94511200118677
69.94511200118677
69.94511200118677
69.94511200118677
69.94511200118677
69.94511200118677
69.94511200118677
69.94511200118677
69.94511200118677
69.94511200118677
69.94511200118677
69.94511200118677
69.94511200118677
69.94511200118677
72.4175443801612
73.99990110270484
73.99990110270484
73.99990110270484
73.99990110270484
73.99990110270484
73.99990110270484
73.99990110270484
73.99990110270484
73.99990110270484
73.99990110270484
73.99990110270484
73.99990110270484
73.99990110270484
74.29659298818177
77.0409929288434
77.0409929288434
77.0409929288434
77.0409929288434
77.0409929288434
77.0409929288434
77.0409929288434
77.0409929288434
77.0409929288434
77.0409929288434
77.0409929288434
77.0409929288434
76.54650645304851
75.01359837808437
75.01359837808437
75.01359837808437
75.01359837808437
75.01359837808437
75.01359837808437
75.01359837808437
75.01359837808437
75.01359837808437
75.01359837808437
75.01359837808437
75.01359837808437
75.01359837808437
75.01359837808437
74.4202146071305
72.98620382732533
72.98620382732533
72.98620382732533
72.98620382732533
72.98620382732533
72.98620382732533
72.98620382732533
72.98620382732533
72.98620382732533
72.98620382732533
72.98620382732533
72.98620382732533
72.98620382732533
72.98620382732533
72.98620382732533
72.98620382732533
72.98620382732533
72.98620382732533
72.98620382732533
72.98620382732533
72.98620382732533
72.98620382732533
72.98620382732533
72.98620382732533
72.98620382732533
72.98620382732533
72.98620382732533
72.98620382732533
70.09345794392523
69.94511200118677
69.94511200118677
69.94511200118677
69.94511200118677
69.94511200118677
69.94511200118677
69.94511200118677
69.94511200118677
69.94511200118677
69.94511200118677
69.94511200118677
69.94511200118677
69.94511200118677
69.94511200118677
69.94511200118677
69.50007417297137
68.93141472580726
68.93141472580726
68.93141472580726
68.93141472580726
68.93141472580726
68.93141472580726
68.93141472580726
68.93141472580726
68.93141472580726
68.93141472580726
68.93141472580726
69.05503634475598
69.94511200118677
69.94511200118677
69.94511200118677
69.94511200118677
69.94511200118677
69.94511200118677
69.94511200118677
69.94511200118677
69.94511200118677
69.94511200118677
69.94511200118677
69.94511200118677
69.94511200118677
69.94511200118677
69.94511200118677
69.94511200118677
69.69786876328932
68.93141472580726
68.93141472580726
68.93141472580726
68.93141472580726
68.93141472580726
68.93141472580726
68.93141472580726
68.93141472580726
68.93141472580726
68.93141472580726
68.93141472580726
68.93141472580726
68.93141472580726
69.32700390644317
69.94511200118677
69.94511200118677
69.94511200118677
69.94511200118677
69.94511200118677
69.94511200118677
69.94511200118677
69.94511200118677
69.94511200118677
69.94511200118677
69.94511200118677
69.94511200118677
69.94511200118677
69.94511200118677
69.94511200118677
69.94511200118677
69.94511200118677
69.94511200118677
69.94511200118677
69.94511200118677
69.94511200118677
69.94511200118677
69.94511200118677
69.94511200118677
69.94511200118677
69.94511200118677
69.94511200118677
69.94511200118677
69.94511200118677
69.94511200118677
69.94511200118677
69.94511200118677
69.94511200118677
69.94511200118677
69.94511200118677
69.94511200118677
69.94511200118677
69.94511200118677
69.94511200118677
69.94511200118677
69.94511200118677
69.94511200118677
69.94511200118677
69.94511200118677
69.94511200118677
69.94511200118677
69.94511200118677
69.94511200118677
69.94511200118677
69.94511200118677
69.94511200118677
69.94511200118677
69.94511200118677
69.94511200118677
69.94511200118677
69.94511200118677
69.94511200118677
69.94511200118677
69.94511200118677
66.08811748998666
65.8903228996687
65.8903228996687
65.8903228996687
65.8903228996687
65.8903228996687
65.8903228996687
65.8903228996687
65.8903228996687
65.8903228996687
65.8903228996687
65.8903228996687
65.8903228996687
65.8903228996687
65.8903228996687
69.54952282055086
69.94511200118677
69.94511200118677
69.94511200118677
69.94511200118677
69.94511200118677
69.94511200118677
69.94511200118677
69.94511200118677
69.94511200118677
69.94511200118677
69.94511200118677
69.94511200118677
69.94511200118677
71.28022548583297
71.97250655194581
71.97250655194581
71.97250655194581
71.97250655194581
71.97250655194581
71.97250655194581
71.97250655194581
71.97250655194581
71.97250655194581
71.97250655194581
71.97250655194581
71.97250655194581
71.97250655194581
71.97250655194581
71.97250655194581
71.97250655194581
71.97250655194581
71.97250655194581
71.97250655194581
71.97250655194581
71.97250655194581
71.97250655194581
71.97250655194581
71.97250655194581
71.97250655194581
71.97250655194581
71.97250655194581
71.97250655194581
71.77471196162786
69.94511200118677
69.94511200118677
69.94511200118677
69.94511200118677
69.94511200118677
69.94511200118677
69.94511200118677
69.94511200118677
69.94511200118677
69.94511200118677
69.94511200118677
69.94511200118677
69.94511200118677
69.94511200118677
70.98353360035604
72.98620382732533
72.98620382732533
72.98620382732533
72.98620382732533
72.98620382732533
72.98620382732533
72.98620382732533
72.98620382732533
72.98620382732533
72.98620382732533
72.98620382732533
72.98620382732533
72.98620382732533
73.06037679869456
73.99990110270484
73.99990110270484
73.99990110270484
73.99990110270484
73.99990110270484
73.99990110270484
73.99990110270484
73.99990110270484
73.99990110270484
73.99990110270484
73.99990110270484
73.99990110270484
73.99990110270484
73.99990110270484
73.80210651238689
71.97250655194581
71.97250655194581
71.97250655194581
71.97250655194581
71.97250655194581
71.97250655194581
71.97250655194581
71.97250655194581
71.97250655194581
71.97250655194581
71.97250655194581
71.97250655194581
71.97250655194581
71.97250655194581
71.97250655194581
71.72526331404836
69.94511200118677
69.94511200118677
69.94511200118677
69.94511200118677
69.94511200118677
69.94511200118677
69.94511200118677
69.94511200118677
69.94511200118677
69.94511200118677
69.94511200118677
69.94511200118677
69.94511200118677
69.94511200118677
69.54952282055086
68.93141472580726
68.93141472580726
68.93141472580726
68.93141472580726
68.93141472580726
68.93141472580726
68.93141472580726
68.93141472580726
68.93141472580726
68.93141472580726
68.93141472580726
68.93141472580726
68.93141472580726
68.93141472580726
68.93141472580726
68.93141472580726
65.37111210008406
64.87662562428918
64.87662562428918
64.87662562428918
64.87662562428918
64.87662562428918
64.87662562428918
64.87662562428918
64.87662562428918
64.87662562428918
64.87662562428918
64.87662562428918
64.87662562428918
64.87662562428918
64.87662562428918
64.87662562428918
64.87662562428918
64.87662562428918
64.87662562428918
64.87662562428918
64.87662562428918
64.87662562428918
64.87662562428918
64.87662562428918
64.87662562428918
64.87662562428918
64.87662562428918
64.87662562428918
64.87662562428918
64.87662562428918
64.87662562428918
66.90402017504822
66.90402017504822
66.90402017504822
66.90402017504822
66.90402017504822
66.90402017504822
66.90402017504822
66.90402017504822
66.90402017504822
66.90402017504822
66.90402017504822
66.90402017504822
66.90402017504822
66.90402017504822
66.90402017504822
66.90402017504822
66.90402017504822
66.90402017504822
66.90402017504822
66.90402017504822
66.90402017504822
66.90402017504822
66.90402017504822
66.90402017504822
66.90402017504822
66.90402017504822
66.90402017504822
66.90402017504822
66.90402017504822
63.93710132027889
63.86292834890966
63.86292834890966
63.86292834890966
63.86292834890966
63.86292834890966
63.86292834890966
63.86292834890966
63.86292834890966
63.86292834890966
63.86292834890966
63.86292834890966
63.86292834890966
63.86292834890966
65.04969589081739
66.90402017504822
66.90402017504822
66.90402017504822
66.90402017504822
66.90402017504822
66.90402017504822
66.90402017504822
66.90402017504822
66.90402017504822
66.90402017504822
66.90402017504822
66.90402017504822
66.90402017504822
66.90402017504822
68.83251743064828
68.93141472580726
68.93141472580726
68.93141472580726
68.93141472580726
68.93141472580726
68.93141472580726
68.93141472580726
68.93141472580726
68.93141472580726
68.93141472580726
68.93141472580726
68.93141472580726
68.93141472580726
68.93141472580726
68.93141472580726
68.93141472580726
68.93141472580726
68.93141472580726
68.93141472580726
68.93141472580726
68.93141472580726
68.93141472580726
68.93141472580726
68.93141472580726
68.93141472580726
68.93141472580726
68.93141472580726
68.56054986896109
67.91771745042773
67.91771745042773
67.91771745042773
67.91771745042773
67.91771745042773
67.91771745042773
67.91771745042773
67.91771745042773
67.91771745042773
67.91771745042773
67.91771745042773
67.91771745042773
67.91771745042773
69.50007417297137
69.94511200118677
69.94511200118677
69.94511200118677
69.94511200118677
69.94511200118677
69.94511200118677
69.94511200118677
69.94511200118677
69.94511200118677
69.94511200118677
69.94511200118677
69.94511200118677
69.94511200118677
69.94511200118677
69.94511200118677
69.94511200118677
69.94511200118677
69.94511200118677
69.94511200118677
69.94511200118677
69.94511200118677
69.94511200118677
69.94511200118677
69.94511200118677
69.94511200118677
69.94511200118677
69.05503634475598
67.91771745042773
67.91771745042773
67.91771745042773
67.91771745042773
67.91771745042773
67.91771745042773
67.91771745042773
67.91771745042773
67.91771745042773
67.91771745042773
67.91771745042773
67.91771745042773
67.91771745042773
67.91771745042773
67.91771745042773
66.48370667062257
65.8903228996687
65.8903228996687
65.8903228996687
65.8903228996687
65.8903228996687
65.8903228996687
65.8903228996687
65.8903228996687
65.8903228996687
65.8903228996687
65.8903228996687
65.8903228996687
65.8903228996687
65.8903228996687
65.8903228996687
65.8903228996687
65.8903228996687
65.8903228996687
65.8903228996687
65.8903228996687
65.8903228996687
65.8903228996687
65.8903228996687
65.8903228996687
65.8903228996687
65.8903228996687
65.8903228996687
65.76670128071997
64.87662562428918
64.87662562428918
64.87662562428918
64.87662562428918
64.87662562428918
64.87662562428918
64.87662562428918
64.87662562428918
64.87662562428918
64.87662562428918
64.87662562428918
64.87662562428918
64.87662562428918
64.87662562428918
64.87662562428918
64.87662562428918
64.87662562428918
64.87662562428918
64.87662562428918
64.87662562428918
64.87662562428918
64.87662562428918
64.87662562428918
64.87662562428918
64.87662562428918
64.87662562428918
64.87662562428918
64.87662562428918
64.7777283291302
63.86292834890966
63.86292834890966
63.86292834890966
63.86292834890966
63.86292834890966
63.86292834890966
63.86292834890966
63.86292834890966
63.86292834890966
63.86292834890966
63.86292834890966
63.86292834890966
63.86292834890966
63.86292834890966
63.64040943480196
60.82183652277111
60.82183652277111
60.82183652277111
60.82183652277111
60.82183652277111
60.82183652277111
60.82183652277111
60.82183652277111
60.82183652277111
60.82183652277111
60.82183652277111
60.82183652277111
60.82183652277111
60.82183652277111
60.82183652277111
62.55253918805321
62.84923107353014
62.84923107353014
62.84923107353014
62.84923107353014
62.84923107353014
62.84923107353014
62.84923107353014
62.84923107353014
62.84923107353014
62.84923107353014
62.84923107353014
62.84923107353014
62.84923107353014
63.68985808238145
63.86292834890966
63.86292834890966
63.86292834890966
63.86292834890966
63.86292834890966
63.86292834890966
63.86292834890966
63.86292834890966
63.86292834890966
63.86292834890966
63.86292834890966
63.86292834890966
61.88498244573011
61.83553379815062
61.83553379815062
61.83553379815062
61.83553379815062
61.83553379815062
61.83553379815062
61.83553379815062
61.83553379815062
61.83553379815062
61.83553379815062
61.83553379815062
61.83553379815062
61.83553379815062
61.83553379815062
61.83553379815062
62.354744597735255
62.84923107353014
62.84923107353014
62.84923107353014
62.84923107353014
62.84923107353014
62.84923107353014
62.84923107353014
62.84923107353014
62.84923107353014
62.84923107353014
62.84923107353014
62.84923107353014
62.84923107353014
62.84923107353014
62.84923107353014
62.84923107353014
64.40686347228403
71.97250655194581
71.97250655194581
71.97250655194581
71.97250655194581
71.97250655194581
71.97250655194581
71.97250655194581
71.97250655194581
74.34604163576127
76.02729565346388
76.02729565346388
76.02729565346388
76.02729565346388
76.02729565346388
76.02729565346388
76.02729565346388
76.02729565346388
76.02729565346388
76.02729565346388
76.02729565346388
76.02729565346388
76.02729565346388
74.39549028334075
72.98620382732533
72.98620382732533
72.98620382732533
72.98620382732533
72.98620382732533
72.98620382732533
72.98620382732533
72.98620382732533
72.98620382732533
72.98620382732533
72.98620382732533
72.98620382732533
74.17297136923305
76.02729565346388
76.02729565346388
76.02729565346388
76.02729565346388
76.02729565346388
76.02729565346388
76.02729565346388
76.02729565346388
76.02729565346388
76.02729565346388
76.02729565346388
76.02729565346388
76.02729565346388
76.02729565346388
72.26919843742274
71.97250655194581
71.97250655194581
71.97250655194581
71.97250655194581
71.97250655194581
71.97250655194581
71.97250655194581
71.97250655194581
71.97250655194581
71.97250655194581
71.97250655194581
71.97250655194581
71.97250655194581
72.66478761805865
72.98620382732533
72.98620382732533
72.98620382732533
72.98620382732533
72.98620382732533
72.98620382732533
72.98620382732533
72.98620382732533
72.98620382732533
72.98620382732533
72.98620382732533
72.98620382732533
73.25817138901252
73.99990110270484
73.99990110270484
73.99990110270484
73.99990110270484
73.99990110270484
73.99990110270484
73.99990110270484
73.99990110270484
73.99990110270484
73.99990110270484
73.99990110270484
73.99990110270484
73.99990110270484
73.99990110270484
73.99990110270484
73.99990110270484
73.99990110270484
73.99990110270484
73.99990110270484
73.99990110270484
73.99990110270484
