110.88082901554404
110.88082901554404
110.88082901554404
110.88082901554404
110.88082901554404
110.88082901554404
110.88082901554404
110.88082901554404
110.88082901554404
111.71781586289359
113.98963730569949
113.98963730569949
113.98963730569949
113.98963730569949
113.98963730569949
113.98963730569949
113.98963730569949
113.98963730569949
113.98963730569949
113.98963730569949
113.98963730569949
113.98963730569949
113.98963730569949
113.98963730569949
113.98963730569949
113.98963730569949
113.98963730569949
113.98963730569949
113.98963730569949
113.98963730569949
114.54762853726584
115.02590673575129
115.02590673575129
115.02590673575129
115.02590673575129
115.02590673575129
115.02590673575129
115.02590673575129
115.02590673575129
115.02590673575129
115.02590673575129
115.02590673575129
115.02590673575129
115.02590673575129
115.02590673575129
115.02590673575129
115.02590673575129
115.02590673575129
115.02590673575129
115.02590673575129
115.02590673575129
115.02590673575129
115.02590673575129
115.02590673575129
115.02590673575129
115.02590673575129
115.02590673575129
115.02590673575129
115.02590673575129
115.02590673575129
115.02590673575129
115.02590673575129
115.02590673575129
115.02590673575129
115.02590673575129
115.02590673575129
115.02590673575129
115.02590673575129
115.02590673575129
115.02590673575129
115.02590673575129
115.02590673575129
115.02590673575129
115.02590673575129
114.50777202072538
113.98963730569949
113.98963730569949
113.98963730569949
113.98963730569949
113.98963730569949
113.98963730569949
113.98963730569949
113.98963730569949
113.98963730569949
113.98963730569949
113.98963730569949
113.98963730569949
113.98963730569949
113.98963730569949
113.98963730569949
113.98963730569949
113.98963730569949
113.98963730569949
113.98963730569949
113.98963730569949
113.98963730569949
111.95695496213631
110.88082901554404
110.88082901554404
110.88082901554404
110.88082901554404
110.88082901554404
110.88082901554404
110.88082901554404
110.88082901554404
110.88082901554404
110.88082901554404
110.88082901554404
110.88082901554404
110.88082901554404
110.88082901554404
110.88082901554404
110.88082901554404
110.88082901554404
110.88082901554404
110.88082901554404
110.88082901554404
110.88082901554404
110.88082901554404
110.88082901554404
110.88082901554404
110.88082901554404
110.88082901554404
110.88082901554404
110.88082901554404
110.88082901554404
110.88082901554404
110.88082901554404
110.88082901554404
110.88082901554404
110.88082901554404
110.88082901554404
110.88082901554404
110.88082901554404
110.88082901554404
110.88082901554404
110.88082901554404
110.88082901554404
110.88082901554404
110.88082901554404
110.88082901554404
108.25029892387406
107.7720207253886
107.7720207253886
107.7720207253886
107.7720207253886
107.7720207253886
107.7720207253886
107.7720207253886
107.7720207253886
107.7720207253886
107.7720207253886
107.7720207253886
107.7720207253886
107.7720207253886
107.7720207253886
107.7720207253886
107.7720207253886
107.7720207253886
107.7720207253886
107.7720207253886
107.7720207253886
107.7720207253886
107.7720207253886
106.93503387803906
104.66321243523316
104.66321243523316
104.66321243523316
104.66321243523316
104.66321243523316
104.66321243523316
104.66321243523316
104.66321243523316
104.66321243523316
104.66321243523316
104.66321243523316
104.66321243523316
104.66321243523316
104.66321243523316
104.66321243523316
104.66321243523316
104.66321243523316
104.66321243523316
104.66321243523316
104.66321243523316
104.66321243523316
104.66321243523316
100.0797130330809
99.48186528497409
99.48186528497409
99.48186528497409
99.48186528497409
99.48186528497409
99.48186528497409
99.48186528497409
99.48186528497409
99.48186528497409
99.48186528497409
99.48186528497409
99.48186528497409
99.48186528497409
99.48186528497409
99.48186528497409
99.48186528497409
99.48186528497409
99.48186528497409
99.48186528497409
99.48186528497409
99.48186528497409
99.48186528497409
99.48186528497409
99.04344360302909
98.44559585492227
98.44559585492227
98.44559585492227
98.44559585492227
98.44559585492227
98.44559585492227
98.44559585492227
98.44559585492227
98.44559585492227
98.44559585492227
98.44559585492227
98.44559585492227
98.44559585492227
98.44559585492227
98.44559585492227
98.44559585492227
98.44559585492227
98.44559585492227
98.44559585492227
98.44559585492227
98.44559585492227
98.44559585492227
96.89119170984456
95.33678756476684
95.33678756476684
95.33678756476684
95.33678756476684
95.33678756476684
95.33678756476684
95.33678756476684
95.33678756476684
95.33678756476684
95.33678756476684
95.33678756476684
95.33678756476684
95.33678756476684
95.33678756476684
95.33678756476684
95.33678756476684
95.33678756476684
95.33678756476684
95.33678756476684
95.33678756476684
95.33678756476684
95.33678756476684
95.33678756476684
95.33678756476684
95.33678756476684
95.33678756476684
95.33678756476684
95.33678756476684
95.33678756476684
95.33678756476684
95.33678756476684
95.33678756476684
95.33678756476684
95.33678756476684
95.33678756476684
95.33678756476684
95.33678756476684
95.33678756476684
95.33678756476684
95.33678756476684
95.33678756476684
95.33678756476684
95.33678756476684
95.33678756476684
95.33678756476684
95.33678756476684
95.33678756476684
96.13391789557593
97.40932642487047
97.40932642487047
97.40932642487047
97.40932642487047
97.40932642487047
97.40932642487047
97.40932642487047
97.40932642487047
97.40932642487047
97.40932642487047
97.40932642487047
97.40932642487047
97.40932642487047
97.40932642487047
97.40932642487047
97.40932642487047
97.40932642487047
97.40932642487047
97.40932642487047
97.40932642487047
97.40932642487047
97.40932642487047
97.807891590275
98.44559585492227
98.44559585492227
98.44559585492227
98.44559585492227
98.44559585492227
98.44559585492227
98.44559585492227
98.44559585492227
98.44559585492227
98.44559585492227
98.44559585492227
98.44559585492227
98.44559585492227
98.44559585492227
98.44559585492227
98.44559585492227
98.44559585492227
98.44559585492227
98.44559585492227
98.44559585492227
98.44559585492227
98.44559585492227
98.44559585492227
98.44559585492227
98.44559585492227
98.44559585492227
98.44559585492227
98.44559585492227
98.44559585492227
98.44559585492227
98.44559585492227
98.44559585492227
98.44559585492227
98.44559585492227
98.44559585492227
98.44559585492227
98.44559585492227
98.44559585492227
98.44559585492227
98.44559585492227
98.44559585492227
98.44559585492227
98.44559585492227
98.44559585492227
98.44559585492227
98.44559585492227
98.44559585492227
98.44559585492227
98.44559585492227
98.44559585492227
98.44559585492227
98.44559585492227
98.44559585492227
98.44559585492227
98.44559585492227
98.44559585492227
98.44559585492227
98.44559585492227
98.44559585492227
98.44559585492227
98.44559585492227
98.44559585492227
98.44559585492227
98.44559585492227
98.44559585492227
98.44559585492227
98.44559585492227
98.44559585492227
98.44559585492227
98.44559585492227
98.44559585492227
98.44559585492227
98.44559585492227
98.44559585492227
98.44559585492227
98.44559585492227
98.44559585492227
98.44559585492227
98.44559585492227
98.44559585492227
98.44559585492227
98.44559585492227
98.44559585492227
98.44559585492227
98.44559585492227
98.44559585492227
98.44559585492227
98.44559585492227
98.44559585492227
98.44559585492227
98.12674372259865
97.40932642487047
97.40932642487047
97.40932642487047
97.40932642487047
97.40932642487047
97.40932642487047
97.40932642487047
97.40932642487047
97.40932642487047
97.40932642487047
97.40932642487047
97.40932642487047
97.40932642487047
97.40932642487047
97.40932642487047
97.40932642487047
97.40932642487047
97.40932642487047
97.40932642487047
97.40932642487047
97.40932642487047
97.40932642487047
97.40932642487047
98.28616978876046
98.44559585492227
98.44559585492227
98.44559585492227
98.44559585492227
98.44559585492227
98.44559585492227
98.44559585492227
98.44559585492227
98.44559585492227
98.44559585492227
98.44559585492227
98.44559585492227
98.44559585492227
98.44559585492227
98.44559585492227
98.44559585492227
98.44559585492227
98.44559585492227
98.44559585492227
98.44559585492227
98.44559585492227
98.44559585492227
97.09047429254683
96.37305699481865
96.37305699481865
96.37305699481865
96.37305699481865
96.37305699481865
96.37305699481865
96.37305699481865
96.37305699481865
96.37305699481865
96.37305699481865
96.37305699481865
96.37305699481865
96.37305699481865
96.37305699481865
96.37305699481865
96.37305699481865
96.37305699481865
96.37305699481865
96.37305699481865
96.37305699481865
96.37305699481865
96.37305699481865
96.37305699481865
98.36588282184137
98.44559585492227
98.44559585492227
98.44559585492227
98.44559585492227
98.44559585492227
98.44559585492227
98.44559585492227
98.44559585492227
98.44559585492227
98.44559585492227
98.44559585492227
98.44559585492227
98.44559585492227
98.44559585492227
98.44559585492227
98.44559585492227
98.44559585492227
98.44559585492227
98.44559585492227
98.44559585492227
98.44559585492227
98.44559585492227
98.44559585492227
100.3587086488641
100.51813471502591
100.51813471502591
100.51813471502591
100.51813471502591
100.51813471502591
100.51813471502591
100.51813471502591
100.51813471502591
100.51813471502591
100.51813471502591
100.51813471502591
100.51813471502591
100.51813471502591
100.51813471502591
100.51813471502591
100.51813471502591
100.51813471502591
100.51813471502591
100.51813471502591
100.51813471502591
99.12315663611001
95.33678756476684
95.33678756476684
95.33678756476684
95.33678756476684
95.33678756476684
95.33678756476684
95.33678756476684
95.33678756476684
95.33678756476684
95.33678756476684
95.33678756476684
95.33678756476684
95.33678756476684
95.33678756476684
95.33678756476684
95.33678756476684
95.33678756476684
95.33678756476684
95.33678756476684
95.33678756476684
95.33678756476684
95.33678756476684
95.33678756476684
95.33678756476684
97.88760462335591
99.48186528497409
99.48186528497409
99.48186528497409
99.48186528497409
99.48186528497409
99.48186528497409
99.48186528497409
99.48186528497409
99.48186528497409
99.48186528497409
99.48186528497409
99.48186528497409
99.48186528497409
99.48186528497409
99.48186528497409
99.48186528497409
99.48186528497409
99.48186528497409
99.48186528497409
99.48186528497409
99.48186528497409
99.48186528497409
99.48186528497409
99.48186528497409
99.48186528497409
99.48186528497409
99.48186528497409
99.48186528497409
99.48186528497409
99.48186528497409
99.48186528497409
99.48186528497409
99.48186528497409
99.48186528497409
99.48186528497409
99.48186528497409
99.48186528497409
99.48186528497409
99.48186528497409
99.48186528497409
99.48186528497409
99.48186528497409
99.48186528497409
99.48186528497409
99.48186528497409
99.48186528497409
99.48186528497409
99.48186528497409
99.48186528497409
99.48186528497409
99.48186528497409
99.48186528497409
99.48186528497409
99.48186528497409
99.48186528497409
99.48186528497409
99.48186528497409
99.48186528497409
99.48186528497409
99.48186528497409
99.48186528497409
99.48186528497409
99.48186528497409
99.48186528497409
99.48186528497409
99.48186528497409
99.00358708648864
96.37305699481865
96.37305699481865
96.37305699481865
96.37305699481865
96.37305699481865
96.37305699481865
96.37305699481865
96.37305699481865
96.37305699481865
96.37305699481865
96.37305699481865
96.37305699481865
96.37305699481865
96.37305699481865
96.37305699481865
96.37305699481865
96.37305699481865
96.37305699481865
96.37305699481865
96.37305699481865
96.37305699481865
96.37305699481865
96.85133519330411
97.40932642487047
97.40932642487047
97.40932642487047
97.40932642487047
97.40932642487047
97.40932642487047
97.40932642487047
97.40932642487047
97.40932642487047
97.40932642487047
97.40932642487047
97.40932642487047
97.40932642487047
97.40932642487047
97.40932642487047
97.40932642487047
97.40932642487047
97.40932642487047
97.40932642487047
97.40932642487047
97.40932642487047
98.20645675567955
99.48186528497409
99.48186528497409
99.48186528497409
99.48186528497409
99.48186528497409
99.48186528497409
99.48186528497409
99.48186528497409
99.48186528497409
99.48186528497409
99.48186528497409
99.48186528497409
99.48186528497409
99.48186528497409
99.48186528497409
99.48186528497409
99.48186528497409
99.48186528497409
99.48186528497409
99.48186528497409
99.48186528497409
99.48186528497409
99.52172180151454
100.51813471502591
100.51813471502591
100.51813471502591
100.51813471502591
100.51813471502591
100.51813471502591
100.51813471502591
100.51813471502591
100.51813471502591
100.51813471502591
100.51813471502591
100.51813471502591
100.51813471502591
100.51813471502591
100.51813471502591
100.51813471502591
100.51813471502591
100.51813471502591
100.51813471502591
100.51813471502591
100.51813471502591
99.80071741729773
97.40932642487047
97.40932642487047
97.40932642487047
97.40932642487047
97.40932642487047
97.40932642487047
97.40932642487047
97.40932642487047
97.40932642487047
97.40932642487047
97.40932642487047
97.40932642487047
97.40932642487047
97.40932642487047
97.40932642487047
97.40932642487047
97.40932642487047
97.40932642487047
97.40932642487047
97.40932642487047
97.40932642487047
97.76803507373455
98.44559585492227
98.44559585492227
98.44559585492227
98.44559585492227
98.44559585492227
98.44559585492227
98.44559585492227
98.44559585492227
98.44559585492227
98.44559585492227
98.44559585492227
98.44559585492227
98.44559585492227
98.44559585492227
98.44559585492227
98.44559585492227
98.44559585492227
98.44559585492227
98.44559585492227
98.44559585492227
98.44559585492227
98.44559585492227
98.44559585492227
98.12674372259865
97.40932642487047
97.40932642487047
97.40932642487047
97.40932642487047
97.40932642487047
97.40932642487047
97.40932642487047
97.40932642487047
97.40932642487047
97.40932642487047
97.40932642487047
97.40932642487047
97.40932642487047
97.40932642487047
97.40932642487047
97.40932642487047
97.40932642487047
97.40932642487047
97.40932642487047
97.40932642487047
97.40932642487047
97.40932642487047
97.40932642487047
97.40932642487047
97.40932642487047
97.40932642487047
97.40932642487047
97.40932642487047
97.40932642487047
97.40932642487047
97.40932642487047
97.40932642487047
97.40932642487047
97.40932642487047
97.40932642487047
97.40932642487047
97.40932642487047
97.40932642487047
97.40932642487047
97.40932642487047
96.81147867676366
94.30051813471502
94.30051813471502
94.30051813471502
94.30051813471502
94.30051813471502
94.30051813471502
94.30051813471502
94.30051813471502
94.30051813471502
94.30051813471502
94.30051813471502
94.30051813471502
94.30051813471502
94.30051813471502
94.30051813471502
94.30051813471502
94.30051813471502
94.30051813471502
94.30051813471502
94.30051813471502
94.30051813471502
95.25707453168593
95.33678756476684
95.33678756476684
95.33678756476684
95.33678756476684
95.33678756476684
95.33678756476684
95.33678756476684
95.33678756476684
95.33678756476684
95.33678756476684
95.33678756476684
95.33678756476684
95.33678756476684
95.33678756476684
95.33678756476684
95.33678756476684
95.33678756476684
95.33678756476684
95.33678756476684
95.33678756476684
95.81506576325229
97.40932642487047
97.40932642487047
97.40932642487047
97.40932642487047
97.40932642487047
97.40932642487047
97.40932642487047
97.40932642487047
97.40932642487047
97.40932642487047
97.40932642487047
97.40932642487047
97.40932642487047
97.40932642487047
97.40932642487047
97.40932642487047
97.40932642487047
97.40932642487047
97.40932642487047
97.40932642487047
97.24990035870864
96.37305699481865
96.37305699481865
96.37305699481865
96.37305699481865
96.37305699481865
96.37305699481865
96.37305699481865
96.37305699481865
96.37305699481865
96.37305699481865
96.37305699481865
96.37305699481865
96.37305699481865
96.37305699481865
96.37305699481865
96.37305699481865
96.37305699481865
96.37305699481865
96.37305699481865
96.37305699481865
98.76444798724592
99.48186528497409
99.48186528497409
99.48186528497409
99.48186528497409
99.48186528497409
99.48186528497409
99.48186528497409
99.48186528497409
99.48186528497409
99.48186528497409
99.48186528497409
99.48186528497409
99.48186528497409
99.48186528497409
99.48186528497409
99.48186528497409
99.48186528497409
99.48186528497409
99.48186528497409
99.48186528497409
99.48186528497409
99.48186528497409
99.48186528497409
99.48186528497409
99.48186528497409
99.48186528497409
99.48186528497409
99.48186528497409
99.48186528497409
99.48186528497409
99.48186528497409
99.48186528497409
99.48186528497409
99.48186528497409
99.48186528497409
99.48186528497409
99.48186528497409
99.48186528497409
99.48186528497409
99.48186528497409
98.84416102032682
97.40932642487047
97.40932642487047
97.40932642487047
97.40932642487047
97.40932642487047
97.40932642487047
97.40932642487047
97.40932642487047
97.40932642487047
97.40932642487047
97.40932642487047
97.40932642487047
97.40932642487047
97.40932642487047
97.40932642487047
97.40932642487047
97.40932642487047
97.40932642487047
97.40932642487047
97.40932642487047
97.40932642487047
