104.78183368208943
104.78183368208943
104.78183368208943
104.78183368208943
104.78183368208943
104.78183368208943
110.82693947144075
110.82693947144075
110.82693947144075
110.82693947144075
110.82693947144075
110.82693947144075
110.82693947144075
110.82693947144075
110.82693947144075
110.82693947144075
110.82693947144075
110.82693947144075
110.82693947144075
110.82693947144075
110.82693947144075
110.82693947144075
110.82693947144075
110.82693947144075
110.82693947144075
110.82693947144075
110.82693947144075
110.82693947144075
111.6019530341781
112.84197473455785
112.84197473455785
112.84197473455785
112.84197473455785
112.84197473455785
112.84197473455785
112.84197473455785
112.84197473455785
112.84197473455785
112.84197473455785
112.84197473455785
112.84197473455785
112.84197473455785
112.84197473455785
112.84197473455785
112.84197473455785
112.84197473455785
112.84197473455785
112.84197473455785
112.84197473455785
112.84197473455785
112.84197473455785
112.80322405642099
111.8344571029993
111.8344571029993
111.8344571029993
111.8344571029993
111.8344571029993
111.8344571029993
111.8344571029993
111.8344571029993
111.8344571029993
111.8344571029993
111.8344571029993
111.8344571029993
111.8344571029993
111.8344571029993
111.8344571029993
111.8344571029993
111.8344571029993
111.8344571029993
111.8344571029993
111.8344571029993
111.8344571029993
111.8344571029993
111.33069828722002
110.82693947144075
110.82693947144075
110.82693947144075
110.82693947144075
110.82693947144075
110.82693947144075
110.82693947144075
110.82693947144075
110.82693947144075
110.82693947144075
110.82693947144075
110.82693947144075
110.82693947144075
110.82693947144075
110.82693947144075
110.82693947144075
110.82693947144075
110.82693947144075
110.82693947144075
110.82693947144075
110.82693947144075
110.82693947144075
110.82693947144075
110.82693947144075
112.29946524064171
112.84197473455785
112.84197473455785
112.84197473455785
112.84197473455785
112.84197473455785
112.84197473455785
112.84197473455785
112.84197473455785
112.84197473455785
112.84197473455785
112.84197473455785
112.84197473455785
112.84197473455785
112.84197473455785
112.84197473455785
112.84197473455785
112.84197473455785
112.84197473455785
112.84197473455785
112.84197473455785
112.84197473455785
110.168177943114
109.8194218398822
109.8194218398822
109.8194218398822
109.8194218398822
109.8194218398822
109.8194218398822
109.8194218398822
109.8194218398822
109.8194218398822
109.8194218398822
109.8194218398822
109.8194218398822
109.8194218398822
109.8194218398822
109.8194218398822
109.8194218398822
109.8194218398822
109.8194218398822
109.8194218398822
109.8194218398822
109.8194218398822
110.2844299775246
111.8344571029993
111.8344571029993
111.8344571029993
111.8344571029993
111.8344571029993
111.8344571029993
111.8344571029993
111.8344571029993
111.8344571029993
111.8344571029993
111.8344571029993
111.8344571029993
111.8344571029993
111.8344571029993
111.8344571029993
111.8344571029993
111.8344571029993
111.8344571029993
111.8344571029993
111.8344571029993
111.8344571029993
111.8344571029993
111.8344571029993
112.80322405642099
112.84197473455785
112.84197473455785
112.84197473455785
112.84197473455785
112.84197473455785
112.84197473455785
112.84197473455785
112.84197473455785
112.84197473455785
112.84197473455785
112.84197473455785
112.84197473455785
112.84197473455785
112.84197473455785
112.84197473455785
112.84197473455785
112.84197473455785
112.84197473455785
112.84197473455785
112.84197473455785
112.84197473455785
112.84197473455785
111.09819421839882
107.80438657676508
107.80438657676508
107.80438657676508
107.80438657676508
107.80438657676508
107.80438657676508
107.80438657676508
107.80438657676508
107.80438657676508
107.80438657676508
107.80438657676508
107.80438657676508
107.80438657676508
107.80438657676508
107.80438657676508
107.80438657676508
107.80438657676508
107.80438657676508
107.80438657676508
107.80438657676508
107.80438657676508
107.80438657676508
109.74192048360845
109.8194218398822
109.8194218398822
109.8194218398822
109.8194218398822
109.8194218398822
109.8194218398822
109.8194218398822
109.8194218398822
109.8194218398822
109.8194218398822
109.8194218398822
109.8194218398822
109.8194218398822
109.8194218398822
109.8194218398822
109.8194218398822
109.8194218398822
109.8194218398822
109.8194218398822
109.8194218398822
109.8194218398822
109.8194218398822
109.8194218398822
113.77199100984267
115.8645276292335
115.8645276292335
115.8645276292335
115.8645276292335
115.8645276292335
115.8645276292335
115.8645276292335
115.8645276292335
115.8645276292335
115.8645276292335
115.8645276292335
115.8645276292335
115.8645276292335
115.8645276292335
115.8645276292335
115.8645276292335
115.8645276292335
115.8645276292335
115.8645276292335
115.8645276292335
115.8645276292335
115.78702627295978
113.84949236611641
113.84949236611641
113.84949236611641
113.84949236611641
113.84949236611641
113.84949236611641
113.84949236611641
113.84949236611641
113.84949236611641
113.84949236611641
113.84949236611641
113.84949236611641
113.84949236611641
113.84949236611641
113.84949236611641
113.84949236611641
113.84949236611641
113.84949236611641
113.84949236611641
113.84949236611641
113.84949236611641
113.84949236611641
113.84949236611641
113.384484228474
110.82693947144075
110.82693947144075
110.82693947144075
110.82693947144075
110.82693947144075
110.82693947144075
110.82693947144075
110.82693947144075
110.82693947144075
110.82693947144075
110.82693947144075
110.82693947144075
110.82693947144075
110.82693947144075
110.82693947144075
110.82693947144075
110.82693947144075
110.82693947144075
110.82693947144075
110.82693947144075
110.82693947144075
110.0519259087034
108.81190420832364
108.81190420832364
108.81190420832364
108.81190420832364
108.81190420832364
108.81190420832364
108.81190420832364
108.81190420832364
108.81190420832364
108.81190420832364
108.81190420832364
108.81190420832364
108.81190420832364
108.81190420832364
108.81190420832364
108.81190420832364
108.81190420832364
108.81190420832364
108.81190420832364
108.81190420832364
108.81190420832364
108.81190420832364
111.3694489653569
111.8344571029993
111.8344571029993
111.8344571029993
111.8344571029993
111.8344571029993
111.8344571029993
111.8344571029993
111.8344571029993
111.8344571029993
111.8344571029993
111.8344571029993
111.8344571029993
111.8344571029993
111.8344571029993
111.8344571029993
111.8344571029993
111.8344571029993
111.8344571029993
111.8344571029993
111.8344571029993
111.8344571029993
109.85817251801906
108.81190420832364
108.81190420832364
108.81190420832364
108.81190420832364
108.81190420832364
108.81190420832364
108.81190420832364
108.81190420832364
108.81190420832364
108.81190420832364
108.81190420832364
108.81190420832364
108.81190420832364
108.81190420832364
108.81190420832364
108.81190420832364
108.81190420832364
108.81190420832364
108.81190420832364
108.81190420832364
108.81190420832364
108.81190420832364
108.81190420832364
108.81190420832364
112.06696117182051
112.84197473455785
112.84197473455785
112.84197473455785
112.84197473455785
112.84197473455785
112.84197473455785
112.84197473455785
112.84197473455785
112.84197473455785
112.84197473455785
112.84197473455785
112.84197473455785
112.84197473455785
112.84197473455785
112.84197473455785
112.84197473455785
112.84197473455785
112.84197473455785
112.84197473455785
112.84197473455785
112.84197473455785
110.2844299775246
109.8194218398822
109.8194218398822
109.8194218398822
109.8194218398822
109.8194218398822
109.8194218398822
109.8194218398822
109.8194218398822
109.8194218398822
109.8194218398822
109.8194218398822
109.8194218398822
109.8194218398822
109.8194218398822
109.8194218398822
109.8194218398822
109.8194218398822
109.8194218398822
109.8194218398822
109.8194218398822
109.8194218398822
109.8194218398822
110.98194218398821
114.85700999767495
114.85700999767495
114.85700999767495
114.85700999767495
114.85700999767495
114.85700999767495
114.85700999767495
114.85700999767495
114.85700999767495
114.85700999767495
114.85700999767495
114.85700999767495
114.85700999767495
114.85700999767495
114.85700999767495
114.85700999767495
114.85700999767495
114.85700999767495
114.85700999767495
114.85700999767495
114.85700999767495
114.85700999767495
114.85700999767495
115.6320235604123
118.88708052390916
118.88708052390916
118.88708052390916
118.88708052390916
118.88708052390916
118.88708052390916
118.88708052390916
118.88708052390916
118.88708052390916
118.88708052390916
118.88708052390916
118.88708052390916
118.88708052390916
118.88708052390916
118.88708052390916
118.88708052390916
118.88708052390916
118.88708052390916
118.88708052390916
118.88708052390916
118.88708052390916
117.49205611098193
114.85700999767495
114.85700999767495
114.85700999767495
114.85700999767495
114.85700999767495
114.85700999767495
114.85700999767495
114.85700999767495
114.85700999767495
114.85700999767495
114.85700999767495
114.85700999767495
114.85700999767495
114.85700999767495
114.85700999767495
114.85700999767495
114.85700999767495
114.85700999767495
114.85700999767495
114.85700999767495
114.85700999767495
114.85700999767495
114.85700999767495
113.30698287220027
109.8194218398822
109.8194218398822
109.8194218398822
109.8194218398822
109.8194218398822
109.8194218398822
109.8194218398822
109.8194218398822
109.8194218398822
109.8194218398822
109.8194218398822
109.8194218398822
109.8194218398822
109.8194218398822
109.8194218398822
109.8194218398822
109.8194218398822
109.8194218398822
109.8194218398822
109.8194218398822
109.8194218398822
109.8194218398822
110.43943269007207
111.8344571029993
111.8344571029993
111.8344571029993
111.8344571029993
111.8344571029993
111.8344571029993
111.8344571029993
111.8344571029993
111.8344571029993
111.8344571029993
111.8344571029993
111.8344571029993
111.8344571029993
111.8344571029993
111.8344571029993
111.8344571029993
111.8344571029993
111.8344571029993
111.8344571029993
111.8344571029993
111.8344571029993
111.8344571029993
113.1519801596528
113.84949236611641
113.84949236611641
113.84949236611641
113.84949236611641
113.84949236611641
113.84949236611641
113.84949236611641
113.84949236611641
113.84949236611641
113.84949236611641
113.84949236611641
113.84949236611641
113.84949236611641
113.84949236611641
113.84949236611641
113.84949236611641
113.84949236611641
113.84949236611641
113.84949236611641
113.84949236611641
113.84949236611641
113.84949236611641
113.84949236611641
113.84949236611641
113.84949236611641
113.84949236611641
113.84949236611641
113.84949236611641
113.84949236611641
113.84949236611641
113.84949236611641
113.84949236611641
113.84949236611641
113.84949236611641
113.84949236611641
113.84949236611641
113.84949236611641
113.84949236611641
113.84949236611641
113.84949236611641
113.84949236611641
113.84949236611641
113.84949236611641
113.84949236611641
113.84949236611641
113.84949236611641
112.68697202201038
111.8344571029993
111.8344571029993
111.8344571029993
111.8344571029993
111.8344571029993
111.8344571029993
111.8344571029993
111.8344571029993
111.8344571029993
111.8344571029993
111.8344571029993
111.8344571029993
111.8344571029993
111.8344571029993
111.8344571029993
111.8344571029993
111.8344571029993
111.8344571029993
111.8344571029993
111.8344571029993
111.8344571029993
111.8344571029993
111.8344571029993
111.8344571029993
111.8344571029993
111.8344571029993
111.8344571029993
111.8344571029993
111.8344571029993
111.8344571029993
111.8344571029993
111.8344571029993
111.8344571029993
111.8344571029993
111.8344571029993
111.8344571029993
111.8344571029993
111.8344571029993
111.8344571029993
111.8344571029993
111.8344571029993
111.8344571029993
111.8344571029993
111.8344571029993
111.8344571029993
111.8344571029993
111.8344571029993
112.80322405642099
116.87204526079206
116.87204526079206
116.87204526079206
116.87204526079206
116.87204526079206
116.87204526079206
116.87204526079206
116.87204526079206
116.87204526079206
116.87204526079206
116.87204526079206
116.87204526079206
116.87204526079206
116.87204526079206
116.87204526079206
116.87204526079206
116.87204526079206
116.87204526079206
116.87204526079206
116.87204526079206
116.87204526079206
116.87204526079206
116.87204526079206
115.94202898550724
115.8645276292335
115.8645276292335
115.8645276292335
115.8645276292335
115.8645276292335
115.8645276292335
115.8645276292335
115.8645276292335
115.8645276292335
115.8645276292335
115.8645276292335
115.8645276292335
115.8645276292335
115.8645276292335
115.8645276292335
115.8645276292335
115.8645276292335
115.8645276292335
115.8645276292335
115.8645276292335
115.8645276292335
115.8645276292335
115.8645276292335
115.8645276292335
113.65573897543207
112.84197473455785
112.84197473455785
112.84197473455785
112.84197473455785
112.84197473455785
112.84197473455785
112.84197473455785
112.84197473455785
112.84197473455785
112.84197473455785
112.84197473455785
112.84197473455785
112.84197473455785
112.84197473455785
112.84197473455785
112.84197473455785
112.84197473455785
112.84197473455785
112.84197473455785
112.84197473455785
112.84197473455785
112.84197473455785
112.84197473455785
111.6019530341781
110.82693947144075
110.82693947144075
110.82693947144075
110.82693947144075
110.82693947144075
110.82693947144075
110.82693947144075
110.82693947144075
110.82693947144075
110.82693947144075
110.82693947144075
110.82693947144075
110.82693947144075
110.82693947144075
110.82693947144075
110.82693947144075
110.82693947144075
110.82693947144075
110.82693947144075
110.82693947144075
110.82693947144075
110.82693947144075
110.82693947144075
110.82693947144075
109.12190963341858
108.81190420832364
108.81190420832364
108.81190420832364
108.81190420832364
108.81190420832364
108.81190420832364
108.81190420832364
108.81190420832364
108.81190420832364
108.81190420832364
108.81190420832364
108.81190420832364
108.81190420832364
108.81190420832364
108.81190420832364
108.81190420832364
108.81190420832364
108.81190420832364
108.81190420832364
108.81190420832364
108.81190420832364
108.81190420832364
108.81190420832364
108.81190420832364
108.81190420832364
112.53196930946291
112.84197473455785
112.84197473455785
112.84197473455785
112.84197473455785
112.84197473455785
112.84197473455785
112.84197473455785
112.84197473455785
112.84197473455785
112.84197473455785
112.84197473455785
112.84197473455785
112.84197473455785
112.84197473455785
112.84197473455785
112.84197473455785
112.84197473455785
112.84197473455785
112.84197473455785
112.84197473455785
112.84197473455785
112.84197473455785
112.26071456250484
109.8194218398822
109.8194218398822
109.8194218398822
109.8194218398822
109.8194218398822
109.8194218398822
109.8194218398822
109.8194218398822
109.8194218398822
109.8194218398822
109.8194218398822
109.8194218398822
109.8194218398822
109.8194218398822
109.8194218398822
109.8194218398822
109.8194218398822
109.8194218398822
109.8194218398822
109.8194218398822
109.8194218398822
109.8194218398822
109.8194218398822
109.8194218398822
114.23699914748508
115.8645276292335
115.8645276292335
115.8645276292335
115.8645276292335
115.8645276292335
115.8645276292335
115.8645276292335
115.8645276292335
115.8645276292335
115.8645276292335
115.8645276292335
115.8645276292335
115.8645276292335
115.8645276292335
115.8645276292335
115.8645276292335
115.8645276292335
115.8645276292335
115.8645276292335
115.8645276292335
115.8645276292335
115.8645276292335
115.8645276292335
115.8645276292335
114.12074711307447
112.84197473455785
112.84197473455785
112.84197473455785
112.84197473455785
112.84197473455785
112.84197473455785
112.84197473455785
112.84197473455785
112.84197473455785
112.84197473455785
112.84197473455785
112.84197473455785
112.84197473455785
112.84197473455785
112.84197473455785
112.84197473455785
112.84197473455785
112.84197473455785
112.84197473455785
112.84197473455785
112.84197473455785
112.84197473455785
112.14446252809424
109.8194218398822
109.8194218398822
109.8194218398822
109.8194218398822
109.8194218398822
109.8194218398822
109.8194218398822
109.8194218398822
109.8194218398822
109.8194218398822
109.8194218398822
109.8194218398822
109.8194218398822
109.8194218398822
109.8194218398822
109.8194218398822
109.8194218398822
109.8194218398822
109.8194218398822
109.8194218398822
109.8194218398822
109.8194218398822
109.8194218398822
109.8194218398822
109.8194218398822
112.84197473455785
112.84197473455785
112.84197473455785
112.84197473455785
112.84197473455785
112.84197473455785
112.84197473455785
112.84197473455785
112.84197473455785
112.84197473455785
112.84197473455785
112.84197473455785
112.84197473455785
112.84197473455785
112.84197473455785
112.84197473455785
112.84197473455785
112.84197473455785
112.84197473455785
112.84197473455785
112.84197473455785
112.84197473455785
112.84197473455785
112.84197473455785
112.84197473455785
114.35325118189567
115.8645276292335
115.8645276292335
115.8645276292335
115.8645276292335
115.8645276292335
115.8645276292335
115.8645276292335
115.8645276292335
115.8645276292335
115.8645276292335
115.8645276292335
115.8645276292335
115.8645276292335
115.8645276292335
115.8645276292335
115.8645276292335
115.8645276292335
115.8645276292335
115.8645276292335
115.8645276292335
115.8645276292335
115.8645276292335
115.3995194915911
111.8344571029993
111.8344571029993
111.8344571029993
111.8344571029993
111.8344571029993
111.8344571029993
111.8344571029993
111.8344571029993
111.8344571029993
111.8344571029993
111.8344571029993
111.8344571029993
111.8344571029993
111.8344571029993
111.8344571029993
111.8344571029993
111.8344571029993
111.8344571029993
111.8344571029993
111.8344571029993
111.8344571029993
111.8344571029993
111.8344571029993
111.8344571029993
111.8344571029993
112.53196930946291
114.85700999767495
114.85700999767495
114.85700999767495
