192.15603550391873
192.15603550391873
192.15603550391873
192.15603550391873
192.15603550391873
192.15603550391873
192.15603550391873
192.15603550391873
192.15603550391873
192.15603550391873
192.15603550391873
192.15603550391873
192.15603550391873
192.15603550391873
192.15603550391873
192.15603550391873
192.15603550391873
192.15603550391873
192.15603550391873
192.15603550391873
192.15603550391873
9.297872685673488
0.0
0.0
19.471984682038716
150.90788128580004
150.90788128580004
150.90788128580004
150.90788128580004
150.90788128580004
150.90788128580004
150.90788128580004
150.90788128580004
150.90788128580004
150.90788128580004
150.90788128580004
150.90788128580004
150.90788128580004
150.90788128580004
151.6867606730816
152.9199863696107
152.9199863696107
152.9199863696107
152.9199863696107
152.9199863696107
152.10865367452578
151.9139338277054
151.9139338277054
151.9139338277054
151.9139338277054
151.9139338277054
151.9139338277054
151.9139338277054
151.9139338277054
151.9139338277054
151.9139338277054
151.9139338277054
151.9139338277054
151.9139338277054
151.9139338277054
151.9139338277054
151.9139338277054
151.9139338277054
151.9139338277054
151.9139338277054
151.9139338277054
152.05997371282066
152.9199863696107
152.9199863696107
152.9199863696107
152.9199863696107
152.9199863696107
152.9199863696107
152.9199863696107
152.9199863696107
152.9199863696107
152.9199863696107
153.79622568030246
154.93209145342138
154.93209145342138
154.93209145342138
154.93209145342138
154.93209145342138
154.93209145342138
154.93209145342138
154.93209145342138
154.38038522076363
153.92603891151606
153.92603891151606
153.92603891151606
153.92603891151606
153.92603891151606
153.92603891151606
153.92603891151606
153.92603891151606
153.92603891151606
153.92603891151606
153.2607461015464
152.9199863696107
152.9199863696107
152.9199863696107
152.9199863696107
152.9199863696107
152.9199863696107
152.9199863696107
152.9199863696107
152.9199863696107
152.9199863696107
152.9199863696107
152.9199863696107
153.21206613984128
153.92603891151606
153.92603891151606
153.92603891151606
153.92603891151606
153.92603891151606
153.92603891151606
153.92603891151606
153.92603891151606
153.92603891151606
154.8347315300112
155.93814399532673
155.93814399532673
155.93814399532673
155.93814399532673
155.93814399532673
155.93814399532673
155.93814399532673
155.93814399532673
155.93814399532673
155.37021110876725
154.93209145342138
154.93209145342138
154.93209145342138
154.93209145342138
154.93209145342138
154.93209145342138
154.93209145342138
154.93209145342138
154.93209145342138
154.93209145342138
154.6075583753874
153.92603891151606
153.92603891151606
153.92603891151606
153.92603891151606
153.92603891151606
153.92603891151606
153.92603891151606
153.92603891151606
153.92603891151606
153.92603891151606
153.92603891151606
153.92603891151606
153.92603891151606
153.92603891151606
153.92603891151606
153.92603891151606
153.92603891151606
153.92603891151606
153.92603891151606
153.92603891151606
153.92603891151606
153.92603891151606
153.92603891151606
153.92603891151606
153.92603891151606
153.92603891151606
153.92603891151606
153.92603891151606
153.92603891151606
153.92603891151606
153.92603891151606
153.92603891151606
153.92603891151606
153.92603891151606
153.92603891151606
153.92603891151606
154.6075583753874
154.93209145342138
154.93209145342138
154.93209145342138
154.93209145342138
154.93209145342138
154.93209145342138
154.93209145342138
154.4939717980755
153.92603891151606
153.92603891151606
153.92603891151606
153.92603891151606
153.92603891151606
153.92603891151606
153.92603891151606
153.92603891151606
153.92603891151606
153.92603891151606
153.92603891151606
153.92603891151606
154.6075583753874
155.93814399532673
155.93814399532673
155.93814399532673
155.93814399532673
155.93814399532673
155.93814399532673
155.93814399532673
155.93814399532673
155.93814399532673
155.93814399532673
155.93814399532673
155.93814399532673
155.93814399532673
155.93814399532673
155.93814399532673
155.93814399532673
155.93814399532673
155.93814399532673
155.93814399532673
155.93814399532673
155.93814399532673
158.9563016210427
158.9563016210427
158.9563016210427
158.9563016210427
158.9563016210427
158.9563016210427
158.9563016210427
158.9563016210427
158.9563016210427
158.9563016210427
158.9563016210427
158.9563016210427
158.9563016210427
158.9563016210427
158.9563016210427
158.9563016210427
158.9563016210427
158.9563016210427
158.9563016210427
159.39442127638858
159.96235416294806
159.96235416294806
159.96235416294806
159.96235416294806
159.96235416294806
159.96235416294806
159.96235416294806
159.96235416294806
159.96235416294806
159.96235416294806
159.96235416294806
160.5140603956058
160.96840670485338
160.96840670485338
160.96840670485338
160.96840670485338
160.96840670485338
160.96840670485338
160.96840670485338
160.96840670485338
160.96840670485338
160.96840670485338
160.96840670485338
160.96840670485338
160.96840670485338
160.96840670485338
160.96840670485338
160.96840670485338
160.96840670485338
160.96840670485338
160.96840670485338
160.96840670485338
161.56879289921625
161.97445924675873
161.97445924675873
161.97445924675873
161.97445924675873
161.97445924675873
161.97445924675873
161.97445924675873
161.97445924675873
161.97445924675873
161.97445924675873
161.97445924675873
162.0393658623655
162.98051178866405
162.98051178866405
162.98051178866405
162.98051178866405
162.98051178866405
162.98051178866405
162.98051178866405
162.98051178866405
162.98051178866405
162.98051178866405
162.98051178866405
162.98051178866405
162.98051178866405
162.98051178866405
162.98051178866405
162.98051178866405
162.98051178866405
162.98051178866405
162.98051178866405
162.98051178866405
162.98051178866405
163.6620312525354
164.9926168724747
164.9926168724747
164.9926168724747
164.9926168724747
164.9926168724747
164.9926168724747
164.9926168724747
164.9926168724747
165.75526960585458
165.99866941438006
165.99866941438006
165.99866941438006
165.99866941438006
165.99866941438006
165.99866941438006
165.99866941438006
165.99866941438006
165.99866941438006
165.99866941438006
165.99866941438006
165.99866941438006
165.99866941438006
165.99866941438006
165.99866941438006
165.99866941438006
165.99866941438006
165.99866941438006
165.99866941438006
166.03112272218345
168.01077449819073
168.01077449819073
168.01077449819073
168.01077449819073
168.01077449819073
168.01077449819073
168.01077449819073
168.01077449819073
168.01077449819073
164.70053710224414
163.9865643305694
163.9865643305694
163.9865643305694
163.9865643305694
163.9865643305694
163.9865643305694
163.9865643305694
163.9865643305694
163.9865643305694
162.78579194184366
161.97445924675873
161.97445924675873
161.97445924675873
161.97445924675873
161.97445924675873
161.97445924675873
161.97445924675873
161.97445924675873
161.97445924675873
161.97445924675873
163.04541840427086
163.9865643305694
163.9865643305694
163.9865643305694
163.9865643305694
163.9865643305694
163.9865643305694
163.9865643305694
163.9865643305694
163.9865643305694
164.1650575234881
164.9926168724747
164.9926168724747
164.9926168724747
164.9926168724747
164.9926168724747
164.9926168724747
164.9926168724747
164.9926168724747
164.9926168724747
164.9926168724747
164.9926168724747
164.9926168724747
164.9926168724747
164.9926168724747
164.9926168724747
164.9926168724747
164.9926168724747
164.9926168724747
162.80201859574535
161.97445924675873
161.97445924675873
161.97445924675873
161.97445924675873
161.97445924675873
161.97445924675873
161.97445924675873
161.97445924675873
161.97445924675873
161.97445924675873
161.97445924675873
162.68843201843347
163.9865643305694
163.9865643305694
163.9865643305694
163.9865643305694
163.9865643305694
163.9865643305694
163.9865643305694
163.04541840427086
161.97445924675873
161.97445924675873
161.97445924675873
161.97445924675873
161.97445924675873
161.97445924675873
161.97445924675873
161.97445924675873
161.97445924675873
161.97445924675873
161.97445924675873
161.97445924675873
165.70658964414946
167.00472195628538
167.00472195628538
167.00472195628538
167.00472195628538
167.00472195628538
167.00472195628538
167.00472195628538
165.57677641293589
162.98051178866405
162.98051178866405
162.98051178866405
162.98051178866405
162.98051178866405
162.98051178866405
162.98051178866405
162.98051178866405
162.98051178866405
162.98051178866405
162.98051178866405
162.98051178866405
162.98051178866405
162.98051178866405
162.98051178866405
162.98051178866405
162.98051178866405
162.98051178866405
162.98051178866405
162.98051178866405
162.98051178866405
162.98051178866405
160.05971408635824
159.96235416294806
159.96235416294806
159.96235416294806
159.96235416294806
159.96235416294806
159.96235416294806
159.96235416294806
159.96235416294806
159.96235416294806
159.96235416294806
159.96235416294806
159.96235416294806
159.97858081684976
160.96840670485338
160.96840670485338
160.96840670485338
160.96840670485338
160.96840670485338
160.96840670485338
160.96840670485338
160.96840670485338
160.96840670485338
160.96840670485338
160.96840670485338
160.96840670485338
160.96840670485338
160.96840670485338
160.96840670485338
160.96840670485338
160.96840670485338
160.96840670485338
160.96840670485338
160.96840670485338
160.96840670485338
160.96840670485338
160.96840670485338
160.96840670485338
160.96840670485338
160.96840670485338
160.96840670485338
160.96840670485338
160.96840670485338
160.96840670485338
160.96840670485338
160.96840670485338
160.96840670485338
160.96840670485338
160.96840670485338
160.96840670485338
160.96840670485338
160.96840670485338
160.96840670485338
160.96840670485338
160.96840670485338
160.96840670485338
160.96840670485338
160.96840670485338
160.96840670485338
160.96840670485338
160.96840670485338
160.96840670485338
160.96840670485338
158.30723546497475
156.94419653723205
156.94419653723205
156.94419653723205
156.94419653723205
156.94419653723205
156.94419653723205
156.94419653723205
156.94419653723205
156.94419653723205
156.94419653723205
156.94419653723205
156.94419653723205
156.94419653723205
164.68431044834244
165.99866941438006
165.99866941438006
165.99866941438006
165.99866941438006
165.4145098739189
163.9865643305694
163.9865643305694
163.9865643305694
163.9865643305694
163.9865643305694
163.9865643305694
163.9865643305694
163.9865643305694
163.9865643305694
163.9865643305694
163.9865643305694
163.9865643305694
163.9865643305694
163.9865643305694
163.9865643305694
163.9865643305694
163.9865643305694
163.9865643305694
163.9865643305694
163.9865643305694
163.9865643305694
163.9865643305694
163.9865643305694
163.9865643305694
163.9865643305694
163.9865643305694
163.9865643305694
163.9865643305694
163.9865643305694
163.9865643305694
163.9865643305694
163.9865643305694
163.9865643305694
42.319113375630806
0.0
0.0
0.0
0.0
0.0
0.0
32.27481461047917
153.92603891151606
153.92603891151606
153.92603891151606
153.92603891151606
153.92603891151606
153.92603891151606
153.92603891151606
153.92603891151606
153.92603891151606
153.92603891151606
153.92603891151606
153.92603891151606
153.92603891151606
155.41889107047234
157.9502490791374
157.9502490791374
157.9502490791374
157.9502490791374
157.9502490791374
157.9502490791374
158.14496892595778
160.96840670485338
160.96840670485338
160.96840670485338
160.96840670485338
160.96840670485338
160.96840670485338
160.96840670485338
160.96840670485338
160.8385934736398
156.94419653723205
156.94419653723205
156.94419653723205
156.94419653723205
156.94419653723205
156.94419653723205
156.94419653723205
156.94419653723205
156.94419653723205
156.94419653723205
156.94419653723205
156.94419653723205
157.46344946208643
157.9502490791374
157.9502490791374
157.9502490791374
157.9502490791374
157.9502490791374
157.9502490791374
157.9502490791374
157.9502490791374
157.9502490791374
157.9502490791374
157.9502490791374
157.9502490791374
157.9502490791374
157.9502490791374
157.9502490791374
157.9502490791374
157.9502490791374
157.9502490791374
157.9502490791374
157.9502490791374
157.9502490791374
157.9502490791374
157.9502490791374
157.9502490791374
157.9502490791374
157.9502490791374
157.9502490791374
157.9502490791374
157.9502490791374
157.9502490791374
157.9502490791374
157.9502490791374
157.9502490791374
157.9502490791374
157.9502490791374
157.9502490791374
157.9502490791374
156.246450419459
154.93209145342138
154.93209145342138
154.93209145342138
154.93209145342138
154.93209145342138
154.93209145342138
154.93209145342138
154.93209145342138
154.93209145342138
154.93209145342138
154.93209145342138
155.0294513768316
157.9502490791374
157.9502490791374
157.9502490791374
157.9502490791374
157.9502490791374
157.9502490791374
157.7393025784153
156.94419653723205
156.94419653723205
156.94419653723205
156.94419653723205
156.94419653723205
156.94419653723205
156.94419653723205
156.94419653723205
156.94419653723205
153.92603891151606
153.92603891151606
153.92603891151606
153.92603891151606
153.92603891151606
153.92603891151606
153.92603891151606
153.92603891151606
153.92603891151606
153.92603891151606
153.92603891151606
153.92603891151606
153.92603891151606
153.92603891151606
153.92603891151606
153.92603891151606
153.92603891151606
153.92603891151606
153.92603891151606
153.92603891151606
151.97884044331218
151.9139338277054
151.9139338277054
151.9139338277054
151.9139338277054
151.9139338277054
151.9139338277054
151.9139338277054
151.9139338277054
151.9139338277054
151.9139338277054
151.9139338277054
151.9139338277054
151.9139338277054
151.9139338277054
151.9139338277054
151.9139338277054
151.9139338277054
151.9139338277054
151.9139338277054
151.9139338277054
151.9139338277054
151.9139338277054
151.9139338277054
151.9139338277054
151.9139338277054
151.9139338277054
151.9139338277054
151.9139338277054
151.9139338277054
151.9139338277054
151.9139338277054
151.9139338277054
151.9139338277054
151.9139338277054
151.9139338277054
151.9139338277054
151.9139338277054
151.9139338277054
151.9139338277054
151.9139338277054
151.9139338277054
151.9139338277054
151.9139338277054
151.9139338277054
151.9139338277054
151.9139338277054
151.9139338277054
151.9139338277054
151.9139338277054
151.9139338277054
151.9139338277054
151.9139338277054
151.9139338277054
151.9139338277054
151.9139338277054
151.9139338277054
151.9139338277054
151.9139338277054
151.9139338277054
151.9139338277054
151.9139338277054
151.9139338277054
151.9139338277054
151.9139338277054
151.9139338277054
151.9139338277054
151.9139338277054
151.9139338277054
151.9139338277054
150.87542797799665
149.90182874389473
149.90182874389473
149.90182874389473
149.90182874389473
149.90182874389473
149.90182874389473
149.90182874389473
149.90182874389473
149.90182874389473
149.90182874389473
148.40897658493842
147.88972366008406
147.88972366008406
147.88972366008406
147.88972366008406
147.88972366008406
147.88972366008406
147.88972366008406
147.88972366008406
147.88972366008406
147.88972366008406
147.88972366008406
147.88972366008406
148.7984162785792
148.89577620198938
148.89577620198938
148.89577620198938
148.89577620198938
148.89577620198938
148.89577620198938
148.89577620198938
148.89577620198938
149.28521589563016
149.90182874389473
149.90182874389473
149.90182874389473
149.90182874389473
149.90182874389473
149.90182874389473
149.90182874389473
149.90182874389473
149.90182874389473
149.90182874389473
151.07014782481704
151.9139338277054
151.9139338277054
151.9139338277054
151.9139338277054
151.9139338277054
151.9139338277054
151.9139338277054
151.9139338277054
151.9139338277054
151.9139338277054
152.54677332987166
152.9199863696107
152.9199863696107
152.9199863696107
152.9199863696107
152.9199863696107
152.9199863696107
152.9199863696107
152.9199863696107
152.9199863696107
154.21811868174663
154.93209145342138
154.93209145342138
154.93209145342138
154.93209145342138
154.93209145342138
154.93209145342138
154.93209145342138
154.93209145342138
154.41283852856702
152.9199863696107
152.9199863696107
152.9199863696107
152.9199863696107
152.9199863696107
152.9199863696107
152.9199863696107
152.9199863696107
152.9199863696107
152.9199863696107
152.9199863696107
152.05997371282066
151.9139338277054
151.9139338277054
151.9139338277054
151.9139338277054
151.9139338277054
151.9139338277054
151.9139338277054
151.9139338277054
151.9139338277054
151.9139338277054
151.9139338277054
153.21206613984128
153.92603891151606
153.92603891151606
153.92603891151606
153.92603891151606
153.92603891151606
153.92603891151606
153.92603891151606
153.92603891151606
153.92603891151606
153.92603891151606
153.92603891151606
155.62983757119443
156.94419653723205
156.94419653723205
156.94419653723205
156.94419653723205
156.94419653723205
156.94419653723205
157.23627630746265
158.9563016210427
158.9563016210427
158.9563016210427
158.9563016210427
158.9563016210427
158.9563016210427
158.9563016210427
158.9563016210427
158.9563016210427
158.9563016210427
158.9563016210427
158.9563016210427
158.9563016210427
158.9563016210427
158.9563016210427
158.9563016210427
158.9563016210427
158.9563016210427
158.9563016210427
158.9563016210427
158.9563016210427
158.9563016210427
158.9563016210427
158.9563016210427
158.9563016210427
158.9563016210427
158.9563016210427
158.9563016210427
158.9563016210427
158.9563016210427
158.9563016210427
158.9563016210427
128.19056582342154
114.49526993038765
144.87156603436804
144.87156603436804
144.87156603436804
144.87156603436804
144.87156603436804
144.87156603436804
144.87156603436804
144.87156603436804
144.87156603436804
144.87156603436804
155.75965080240803
155.93814399532673
155.93814399532673
155.93814399532673
155.93814399532673
155.20794456975025
152.9199863696107
152.9199863696107
152.9199863696107
152.9199863696107
152.9199863696107
152.9199863696107
152.9199863696107
152.9199863696107
152.9199863696107
152.9199863696107
152.9199863696107
152.9199863696107
152.9199863696107
152.9199863696107
152.9199863696107
152.9199863696107
152.9199863696107
152.9199863696107
152.9199863696107
152.9199863696107
152.9199863696107
150.87542797799665
149.90182874389473
149.90182874389473
149.90182874389473
149.90182874389473
149.90182874389473
