92.41918270389368
92.41918270389368
92.41918270389368
92.41918270389368
92.41918270389368
92.41918270389368
92.41918270389368
92.41918270389368
92.41918270389368
92.41918270389368
92.41918270389368
92.41918270389368
81.45419492546563
0.0
0.0
0.0
3.718112025338245
24.37428994388405
24.37428994388405
24.37428994388405
24.37428994388405
24.37428994388405
24.37428994388405
24.37428994388405
24.37428994388405
24.37428994388405
96.44713739801011
104.60632767583571
104.60632767583571
104.60632767583571
104.60632767583571
104.60632767583571
104.60632767583571
104.60632767583571
104.60632767583571
104.60632767583571
102.78169862636416
102.57513684717871
102.57513684717871
102.57513684717871
102.57513684717871
102.57513684717871
102.57513684717871
102.57513684717871
102.57513684717871
103.36695700072296
104.60632767583571
104.60632767583571
104.60632767583571
104.60632767583571
104.60632767583571
104.60632767583571
104.60632767583571
104.60632767583571
104.60632767583571
104.26205804385995
99.52835060419321
99.52835060419321
99.52835060419321
99.52835060419321
99.52835060419321
99.52835060419321
99.52835060419321
99.52835060419321
99.52835060419321
99.52835060419321
99.52835060419321
99.52835060419321
99.52835060419321
99.52835060419321
99.52835060419321
99.52835060419321
99.52835060419321
99.52835060419321
99.52835060419321
100.25131683134231
102.57513684717871
102.57513684717871
102.57513684717871
102.57513684717871
102.57513684717871
102.57513684717871
102.57513684717871
102.57513684717871
102.57513684717871
102.57513684717871
102.57513684717871
93.2798567838331
90.38799187523668
90.38799187523668
90.38799187523668
90.38799187523668
90.38799187523668
90.38799187523668
90.38799187523668
90.38799187523668
90.38799187523668
90.38799187523668
91.30030639997246
91.40358728956518
91.40358728956518
91.40358728956518
91.40358728956518
91.40358728956518
91.40358728956518
91.40358728956518
91.40358728956518
91.40358728956518
92.17819396151066
94.45037353255069
94.45037353255069
94.45037353255069
94.45037353255069
94.45037353255069
94.45037353255069
94.45037353255069
94.45037353255069
94.45037353255069
94.45037353255069
94.45037353255069
94.45037353255069
94.45037353255069
94.45037353255069
94.45037353255069
94.45037353255069
94.45037353255069
94.45037353255069
94.45037353255069
94.45037353255069
68.1137466864048
48.7485798877681
48.7485798877681
48.7485798877681
48.7485798877681
48.7485798877681
48.7485798877681
48.7485798877681
48.7485798877681
48.7485798877681
87.06578992667056
102.57513684717871
102.57513684717871
102.57513684717871
102.57513684717871
102.57513684717871
102.57513684717871
102.57513684717871
102.57513684717871
102.57513684717871
106.3621027989121
106.63751850449272
106.63751850449272
106.63751850449272
106.63751850449272
106.63751850449272
106.63751850449272
106.63751850449272
106.63751850449272
106.12111405652907
101.55954143285021
101.55954143285021
101.55954143285021
101.55954143285021
101.55954143285021
101.55954143285021
101.55954143285021
101.55954143285021
101.55954143285021
101.55954143285021
99.6660584569835
99.52835060419321
99.52835060419321
99.52835060419321
99.52835060419321
99.52835060419321
99.52835060419321
99.52835060419321
99.52835060419321
99.8381932729714
102.57513684717871
102.57513684717871
102.57513684717871
102.57513684717871
102.57513684717871
102.57513684717871
102.57513684717871
102.57513684717871
102.57513684717871
102.57513684717871
98.70210348745137
97.4971597755362
97.4971597755362
97.4971597755362
97.4971597755362
97.4971597755362
97.4971597755362
97.4971597755362
97.4971597755362
97.4971597755362
97.4971597755362
93.77904775019795
91.40358728956518
91.40358728956518
91.40358728956518
91.40358728956518
91.40358728956518
91.40358728956518
91.40358728956518
91.40358728956518
91.40358728956518
91.40358728956518
91.40358728956518
91.40358728956518
91.40358728956518
91.40358728956518
91.40358728956518
91.40358728956518
91.40358728956518
91.40358728956518
91.40358728956518
91.40358728956518
91.40358728956518
88.23630667538816
44.68619823045409
44.68619823045409
44.68619823045409
44.68619823045409
44.68619823045409
44.68619823045409
44.68619823045409
44.68619823045409
44.68619823045409
44.68619823045409
82.43536337659656
96.4815643612077
96.4815643612077
96.4815643612077
96.4815643612077
96.4815643612077
96.4815643612077
96.4815643612077
96.4815643612077
96.4815643612077
96.4815643612077
94.1577443453713
93.43477811822218
93.43477811822218
93.43477811822218
93.43477811822218
93.43477811822218
93.43477811822218
93.43477811822218
93.43477811822218
93.43477811822218
100.87100216889868
101.55954143285021
101.55954143285021
101.55954143285021
101.55954143285021
101.55954143285021
101.55954143285021
101.55954143285021
101.55954143285021
101.55954143285021
101.55954143285021
94.55365442214342
90.38799187523668
90.38799187523668
90.38799187523668
90.38799187523668
90.38799187523668
90.38799187523668
90.38799187523668
90.38799187523668
90.38799187523668
90.38799187523668
94.17495782697009
94.45037353255069
94.45037353255069
94.45037353255069
94.45037353255069
94.45037353255069
94.45037353255069
94.45037353255069
94.45037353255069
94.45037353255069
94.45037353255069
90.9388232863979
88.35680104657968
88.35680104657968
88.35680104657968
88.35680104657968
88.35680104657968
88.35680104657968
88.35680104657968
88.35680104657968
88.35680104657968
88.35680104657968
88.25352015698695
87.34120563225117
87.34120563225117
87.34120563225117
87.34120563225117
87.34120563225117
87.34120563225117
87.34120563225117
87.34120563225117
87.34120563225117
87.34120563225117
87.34120563225117
87.34120563225117
84.79361035563053
83.27882397493717
83.27882397493717
83.27882397493717
83.27882397493717
83.27882397493717
83.27882397493717
83.27882397493717
83.27882397493717
83.27882397493717
83.27882397493717
87.10021688986814
89.37239646090818
89.37239646090818
89.37239646090818
89.37239646090818
89.37239646090818
89.37239646090818
89.37239646090818
89.37239646090818
89.37239646090818
92.29868833270217
99.52835060419321
99.52835060419321
99.52835060419321
99.52835060419321
99.52835060419321
99.52835060419321
99.52835060419321
99.52835060419321
99.52835060419321
99.52835060419321
97.10124969876406
96.4815643612077
96.4815643612077
96.4815643612077
96.4815643612077
96.4815643612077
96.4815643612077
96.4815643612077
96.4815643612077
96.4815643612077
96.4815643612077
96.4815643612077
96.4815643612077
96.4815643612077
96.4815643612077
96.4815643612077
96.4815643612077
96.4815643612077
96.4815643612077
96.4815643612077
96.4815643612077
96.4815643612077
96.4815643612077
96.4815643612077
96.4815643612077
96.4815643612077
96.4815643612077
96.4815643612077
96.4815643612077
96.4815643612077
96.4815643612077
96.4815643612077
96.4815643612077
96.4815643612077
96.4815643612077
96.4815643612077
96.4815643612077
50.848624642820255
26.405480772541054
26.405480772541054
26.405480772541054
26.405480772541054
26.405480772541054
26.405480772541054
85.79199228836025
178.74479292181636
178.74479292181636
178.74479292181636
178.74479292181636
178.74479292181636
178.74479292181636
178.74479292181636
178.74479292181636
178.74479292181636
178.74479292181636
175.57751230763935
170.62002960718834
170.62002960718834
170.62002960718834
170.62002960718834
133.50776328020106
92.41918270389368
92.41918270389368
92.41918270389368
92.41918270389368
92.41918270389368
92.41918270389368
92.41918270389368
92.41918270389368
92.41918270389368
92.41918270389368
93.38313767342582
94.45037353255069
94.45037353255069
94.45037353255069
94.45037353255069
94.45037353255069
94.45037353255069
94.45037353255069
94.45037353255069
94.45037353255069
94.45037353255069
92.59131751988157
90.38799187523668
90.38799187523668
90.38799187523668
90.38799187523668
90.38799187523668
90.38799187523668
90.38799187523668
90.38799187523668
90.38799187523668
90.38799187523668
91.04210417599063
91.40358728956518
91.40358728956518
91.40358728956518
91.40358728956518
91.40358728956518
91.40358728956518
91.40358728956518
91.40358728956518
91.40358728956518
91.40358728956518
91.40358728956518
88.21909319378938
86.32561021792267
86.32561021792267
86.32561021792267
86.32561021792267
86.32561021792267
86.32561021792267
86.32561021792267
86.32561021792267
86.32561021792267
86.32561021792267
86.32561021792267
86.32561021792267
86.32561021792267
86.32561021792267
86.32561021792267
86.32561021792267
86.32561021792267
86.32561021792267
86.32561021792267
86.32561021792267
86.32561021792267
86.32561021792267
88.80435156814818
89.37239646090818
89.37239646090818
89.37239646090818
89.37239646090818
89.37239646090818
89.37239646090818
89.37239646090818
89.37239646090818
89.37239646090818
89.37239646090818
89.85437394567425
90.38799187523668
90.38799187523668
90.38799187523668
90.38799187523668
90.38799187523668
90.38799187523668
90.38799187523668
90.38799187523668
90.38799187523668
90.38799187523668
90.38799187523668
89.14862120012394
82.26322856060867
82.26322856060867
82.26322856060867
82.26322856060867
82.26322856060867
82.26322856060867
82.26322856060867
82.26322856060867
82.26322856060867
82.26322856060867
82.26322856060867
82.26322856060867
81.40255448066925
77.18525148896616
77.18525148896616
77.18525148896616
77.18525148896616
77.18525148896616
77.18525148896616
77.18525148896616
77.18525148896616
77.18525148896616
77.18525148896616
77.18525148896616
79.80170069198196
85.31001480359417
85.31001480359417
85.31001480359417
85.31001480359417
85.31001480359417
85.31001480359417
85.31001480359417
85.31001480359417
85.31001480359417
85.31001480359417
85.31001480359417
85.31001480359417
81.09271181189108
80.23203773195166
80.23203773195166
80.23203773195166
80.23203773195166
80.23203773195166
80.23203773195166
80.23203773195166
80.23203773195166
80.23203773195166
80.23203773195166
80.23203773195166
80.23203773195166
78.85495920404861
78.20084690329466
78.20084690329466
78.20084690329466
78.20084690329466
78.20084690329466
78.20084690329466
78.20084690329466
78.20084690329466
78.20084690329466
78.20084690329466
78.20084690329466
78.20084690329466
78.20084690329466
78.20084690329466
78.20084690329466
78.20084690329466
78.20084690329466
78.20084690329466
78.20084690329466
78.20084690329466
78.20084690329466
78.20084690329466
78.20084690329466
78.20084690329466
84.29441938926567
84.29441938926567
84.29441938926567
84.29441938926567
84.29441938926567
84.29441938926567
84.29441938926567
84.29441938926567
84.29441938926567
84.29441938926567
84.29441938926567
84.29441938926567
82.98619478775777
80.23203773195166
80.23203773195166
80.23203773195166
80.23203773195166
80.23203773195166
80.23203773195166
80.23203773195166
80.23203773195166
80.23203773195166
80.23203773195166
80.23203773195166
80.23203773195166
80.23203773195166
80.23203773195166
80.23203773195166
80.23203773195166
80.23203773195166
80.23203773195166
80.23203773195166
80.23203773195166
80.23203773195166
80.23203773195166
80.23203773195166
80.23203773195166
80.23203773195166
80.23203773195166
80.23203773195166
80.23203773195166
80.23203773195166
80.23203773195166
80.23203773195166
80.23203773195166
80.23203773195166
80.23203773195166
80.23203773195166
80.23203773195166
87.97810445140634
89.37239646090818
89.37239646090818
89.37239646090818
89.37239646090818
89.37239646090818
89.37239646090818
89.37239646090818
89.37239646090818
89.37239646090818
89.37239646090818
89.37239646090818
86.61823940510207
81.24763314628017
81.24763314628017
81.24763314628017
81.24763314628017
81.24763314628017
81.24763314628017
81.24763314628017
81.24763314628017
81.24763314628017
81.24763314628017
81.24763314628017
81.40255448066925
82.26322856060867
82.26322856060867
82.26322856060867
82.26322856060867
82.26322856060867
82.26322856060867
82.26322856060867
82.26322856060867
82.26322856060867
82.26322856060867
82.26322856060867
82.26322856060867
83.12390264054808
83.27882397493717
83.27882397493717
83.27882397493717
83.27882397493717
83.27882397493717
83.27882397493717
83.27882397493717
83.27882397493717
83.27882397493717
83.27882397493717
84.10507109167901
87.34120563225117
87.34120563225117
87.34120563225117
87.34120563225117
87.34120563225117
87.34120563225117
87.34120563225117
87.34120563225117
87.34120563225117
87.34120563225117
87.34120563225117
86.27396977312631
85.31001480359417
85.31001480359417
85.31001480359417
85.31001480359417
85.31001480359417
85.31001480359417
85.31001480359417
85.31001480359417
85.31001480359417
85.31001480359417
85.31001480359417
85.31001480359417
80.83450958790925
80.23203773195166
80.23203773195166
80.23203773195166
80.23203773195166
80.23203773195166
80.23203773195166
80.23203773195166
80.23203773195166
80.23203773195166
82.09109374462078
92.41918270389368
92.41918270389368
92.41918270389368
92.41918270389368
92.41918270389368
92.41918270389368
92.41918270389368
92.41918270389368
92.41918270389368
92.41918270389368
92.41918270389368
91.09374462078699
85.31001480359417
85.31001480359417
85.31001480359417
85.31001480359417
85.31001480359417
85.31001480359417
85.31001480359417
85.31001480359417
85.31001480359417
85.31001480359417
85.31001480359417
87.06578992667056
87.34120563225117
87.34120563225117
87.34120563225117
87.34120563225117
87.34120563225117
87.34120563225117
87.34120563225117
87.34120563225117
87.34120563225117
87.34120563225117
87.34120563225117
87.23792474265845
81.24763314628017
81.24763314628017
81.24763314628017
81.24763314628017
81.24763314628017
81.24763314628017
81.24763314628017
81.24763314628017
81.24763314628017
81.24763314628017
81.24763314628017
81.24763314628017
81.24763314628017
81.24763314628017
81.24763314628017
81.24763314628017
81.24763314628017
81.24763314628017
81.24763314628017
81.24763314628017
81.24763314628017
81.24763314628017
81.24763314628017
81.24763314628017
81.7812510758426
82.26322856060867
82.26322856060867
82.26322856060867
82.26322856060867
82.26322856060867
82.26322856060867
82.26322856060867
82.26322856060867
82.26322856060867
82.26322856060867
82.26322856060867
82.07388026302199
81.24763314628017
81.24763314628017
81.24763314628017
81.24763314628017
81.24763314628017
81.24763314628017
81.24763314628017
81.24763314628017
81.24763314628017
81.24763314628017
81.24763314628017
81.24763314628017
81.24763314628017
81.24763314628017
81.24763314628017
81.24763314628017
81.24763314628017
81.24763314628017
81.24763314628017
81.24763314628017
81.24763314628017
81.24763314628017
81.24763314628017
81.24763314628017
81.24763314628017
81.24763314628017
81.24763314628017
81.24763314628017
81.24763314628017
81.24763314628017
81.24763314628017
81.24763314628017
81.24763314628017
81.24763314628017
81.24763314628017
81.24763314628017
52.3806245051124
41.639411987468584
41.639411987468584
41.639411987468584
41.639411987468584
41.639411987468584
41.639411987468584
41.639411987468584
41.639411987468584
41.639411987468584
41.639411987468584
85.49936310118085
91.40358728956518
91.40358728956518
91.40358728956518
91.40358728956518
91.40358728956518
91.40358728956518
91.40358728956518
91.40358728956518
91.40358728956518
91.40358728956518
91.40358728956518
91.40358728956518
91.40358728956518
91.40358728956518
91.40358728956518
91.40358728956518
91.40358728956518
91.40358728956518
91.40358728956518
91.40358728956518
96.08565428443556
99.52835060419321
99.52835060419321
99.52835060419321
99.52835060419321
99.52835060419321
99.52835060419321
99.52835060419321
99.52835060419321
99.52835060419321
99.52835060419321
99.52835060419321
99.52835060419321
99.52835060419321
99.52835060419321
99.52835060419321
99.52835060419321
99.52835060419321
99.52835060419321
99.52835060419321
99.52835060419321
99.52835060419321
99.52835060419321
99.52835060419321
99.52835060419321
99.52835060419321
99.52835060419321
99.52835060419321
99.52835060419321
99.52835060419321
99.52835060419321
99.52835060419321
99.52835060419321
99.52835060419321
99.52835060419321
99.52835060419321
99.52835060419321
74.22453265397459
0.0
0.0
1.2910111199091128
25.389885358212553
25.389885358212553
25.389885358212553
25.389885358212553
25.389885358212553
25.389885358212553
25.389885358212553
25.389885358212553
25.389885358212553
25.389885358212553
25.389885358212553
25.389885358212553
25.389885358212553
25.389885358212553
25.389885358212553
25.389885358212553
25.389885358212553
25.389885358212553
25.389885358212553
26.577615588528936
48.7485798877681
48.7485798877681
48.7485798877681
48.7485798877681
48.7485798877681
48.7485798877681
48.7485798877681
48.7485798877681
48.7485798877681
48.7485798877681
76.01473474024856
97.4971597755362
97.4971597755362
97.4971597755362
97.4971597755362
97.4971597755362
97.4971597755362
97.4971597755362
97.4971597755362
97.4971597755362
97.29059799635074
96.4815643612077
96.4815643612077
96.4815643612077
96.4815643612077
96.4815643612077
96.4815643612077
96.4815643612077
96.4815643612077
96.4815643612077
96.4815643612077
96.22336213722588
91.40358728956518
91.40358728956518
91.40358728956518
91.40358728956518
91.40358728956518
91.40358728956518
91.40358728956518
91.40358728956518
91.40358728956518
91.40358728956518
92.9872275966537
95.46596894687919
95.46596894687919
95.46596894687919
95.46596894687919
95.46596894687919
95.46596894687919
95.46596894687919
95.46596894687919
95.46596894687919
95.46596894687919
93.77904775019795
88.35680104657968
88.35680104657968
88.35680104657968
88.35680104657968
88.35680104657968
88.35680104657968
88.35680104657968
88.35680104657968
88.35680104657968
