87.12851455897449
87.12851455897449
87.12851455897449
87.12851455897449
87.12851455897449
87.12851455897449
87.12851455897449
87.12851455897449
87.12851455897449
87.12851455897449
87.12851455897449
87.12851455897449
84.8751909065872
82.12112866478054
82.12112866478054
82.12112866478054
82.12112866478054
82.12112866478054
82.12112866478054
82.12112866478054
82.12112866478054
82.12112866478054
82.12112866478054
82.12112866478054
82.12112866478054
82.12112866478054
82.12112866478054
82.12112866478054
82.12112866478054
80.1682481660449
79.11669712826418
79.11669712826418
79.11669712826418
79.11669712826418
79.11669712826418
79.11669712826418
79.11669712826418
79.11669712826418
79.11669712826418
79.11669712826418
79.11669712826418
79.11669712826418
79.11669712826418
79.11669712826418
79.11669712826418
79.11669712826418
79.11669712826418
79.11669712826418
79.11669712826418
79.11669712826418
78.96647555143836
78.1152199494254
78.1152199494254
78.1152199494254
78.1152199494254
78.1152199494254
78.1152199494254
78.1152199494254
78.1152199494254
78.1152199494254
78.1152199494254
78.1152199494254
78.1152199494254
78.1152199494254
78.1152199494254
78.1152199494254
78.1152199494254
78.41566310307704
81.11965148594176
81.11965148594176
81.11965148594176
81.11965148594176
81.11965148594176
81.11965148594176
81.11965148594176
81.11965148594176
81.11965148594176
81.11965148594176
81.11965148594176
81.11965148594176
81.11965148594176
81.11965148594176
81.11965148594176
81.11965148594176
81.11965148594176
81.11965148594176
81.11965148594176
81.11965148594176
81.11965148594176
81.11965148594176
81.11965148594176
81.11965148594176
81.11965148594176
81.11965148594176
81.11965148594176
81.11965148594176
81.11965148594176
81.11965148594176
81.11965148594176
81.11965148594176
81.11965148594176
84.7249693297614
87.12851455897449
87.12851455897449
87.12851455897449
87.12851455897449
87.12851455897449
87.12851455897449
87.12851455897449
87.12851455897449
87.12851455897449
87.12851455897449
87.12851455897449
87.12851455897449
87.12851455897449
87.12851455897449
87.12851455897449
87.12851455897449
87.12851455897449
87.12851455897449
87.12851455897449
87.12851455897449
87.12851455897449
87.12851455897449
87.12851455897449
87.12851455897449
87.12851455897449
87.12851455897449
87.12851455897449
87.12851455897449
87.12851455897449
87.12851455897449
87.12851455897449
87.12851455897449
87.12851455897449
87.12851455897449
87.12851455897449
87.12851455897449
87.12851455897449
87.12851455897449
87.12851455897449
87.12851455897449
87.12851455897449
87.12851455897449
87.12851455897449
87.12851455897449
87.12851455897449
26.138554367692343
0.0
0.0
0.0
19.153251045291803
85.1255602012969
85.1255602012969
85.1255602012969
85.1255602012969
85.1255602012969
85.1255602012969
85.1255602012969
85.1255602012969
85.1255602012969
85.1255602012969
85.1255602012969
85.1255602012969
85.1255602012969
87.22866227685836
92.13590045316842
92.13590045316842
92.13590045316842
92.13590045316842
92.13590045316842
92.13590045316842
92.13590045316842
92.13590045316842
92.13590045316842
92.13590045316842
92.13590045316842
92.13590045316842
92.13590045316842
92.13590045316842
92.13590045316842
92.13590045316842
92.13590045316842
92.13590045316842
88.83102576300043
86.12703738013569
86.12703738013569
86.12703738013569
86.12703738013569
86.12703738013569
86.12703738013569
86.12703738013569
86.12703738013569
86.12703738013569
86.12703738013569
86.12703738013569
86.12703738013569
86.12703738013569
86.12703738013569
86.12703738013569
86.12703738013569
86.55266518114217
87.12851455897449
87.12851455897449
87.12851455897449
87.12851455897449
87.12851455897449
87.12851455897449
87.12851455897449
87.12851455897449
87.12851455897449
87.12851455897449
87.12851455897449
87.12851455897449
87.12851455897449
87.12851455897449
87.12851455897449
87.12851455897449
87.12851455897449
87.2787361358003
88.12999173781327
88.12999173781327
88.12999173781327
88.12999173781327
88.12999173781327
88.12999173781327
88.12999173781327
88.12999173781327
88.12999173781327
88.12999173781327
88.12999173781327
88.12999173781327
88.12999173781327
88.12999173781327
88.12999173781327
89.65724443554242
93.1373776320072
93.1373776320072
93.1373776320072
93.1373776320072
93.1373776320072
93.1373776320072
93.1373776320072
93.1373776320072
93.1373776320072
93.1373776320072
93.1373776320072
93.1373776320072
93.1373776320072
93.1373776320072
93.1373776320072
93.1373776320072
93.1373776320072
93.1373776320072
93.1373776320072
93.1373776320072
93.1373776320072
93.1373776320072
93.1373776320072
93.1373776320072
93.1373776320072
93.1373776320072
93.1373776320072
93.1373776320072
93.1373776320072
93.1373776320072
93.1373776320072
93.1373776320072
93.1373776320072
93.1373776320072
93.1373776320072
93.1373776320072
93.1373776320072
93.1373776320072
93.1373776320072
93.1373776320072
93.1373776320072
93.1373776320072
93.1373776320072
93.1373776320072
93.1373776320072
93.1373776320072
93.1373776320072
93.1373776320072
93.1373776320072
93.1373776320072
93.1373776320072
93.1373776320072
93.1373776320072
93.1373776320072
46.5686888160036
0.0
0.0
0.0
0.0
0.0
40.48471495455797
77.11374277058661
77.11374277058661
77.11374277058661
77.11374277058661
77.11374277058661
77.11374277058661
77.11374277058661
77.11374277058661
77.11374277058661
77.11374277058661
77.11374277058661
77.11374277058661
77.11374277058661
77.11374277058661
77.11374277058661
77.11374277058661
77.11374277058661
77.11374277058661
79.66750957662552
80.11817430710298
80.11817430710298
80.11817430710298
80.11817430710298
80.11817430710298
80.11817430710298
80.11817430710298
80.11817430710298
80.11817430710298
80.11817430710298
80.11817430710298
80.11817430710298
80.11817430710298
80.11817430710298
80.11817430710298
80.11817430710298
80.11817430710298
80.11817430710298
80.11817430710298
80.11817430710298
80.11817430710298
80.11817430710298
80.11817430710298
80.11817430710298
80.11817430710298
80.11817430710298
80.11817430710298
80.11817430710298
80.11817430710298
80.11817430710298
80.11817430710298
80.11817430710298
80.11817430710298
80.11817430710298
80.11817430710298
80.56883903758043
82.12112866478054
82.12112866478054
82.12112866478054
82.12112866478054
82.12112866478054
82.12112866478054
82.12112866478054
82.12112866478054
82.12112866478054
82.12112866478054
82.12112866478054
82.12112866478054
82.12112866478054
82.12112866478054
82.12112866478054
82.12112866478054
82.12112866478054
85.92674194436793
86.12703738013569
86.12703738013569
86.12703738013569
86.12703738013569
86.12703738013569
86.12703738013569
86.12703738013569
86.12703738013569
86.12703738013569
86.12703738013569
86.12703738013569
86.12703738013569
86.12703738013569
86.12703738013569
86.12703738013569
86.12703738013569
86.12703738013569
86.12703738013569
86.12703738013569
86.12703738013569
86.12703738013569
86.12703738013569
86.12703738013569
86.12703738013569
86.12703738013569
86.12703738013569
86.12703738013569
86.12703738013569
86.12703738013569
86.12703738013569
86.12703738013569
86.12703738013569
86.12703738013569
86.12703738013569
86.12703738013569
86.12703738013569
84.24926766981297
83.12260584361934
83.12260584361934
83.12260584361934
83.12260584361934
83.12260584361934
83.12260584361934
83.12260584361934
83.12260584361934
83.12260584361934
83.12260584361934
83.12260584361934
83.12260584361934
83.12260584361934
83.12260584361934
83.12260584361934
83.12260584361934
83.12260584361934
83.12260584361934
82.52171953631606
82.12112866478054
82.12112866478054
82.12112866478054
82.12112866478054
82.12112866478054
82.12112866478054
82.12112866478054
82.12112866478054
82.12112866478054
82.12112866478054
82.12112866478054
82.12112866478054
82.12112866478054
82.12112866478054
82.12112866478054
82.12112866478054
82.12112866478054
82.12112866478054
83.3229012793871
84.12408302245812
84.12408302245812
84.12408302245812
84.12408302245812
84.12408302245812
84.12408302245812
84.12408302245812
84.12408302245812
84.12408302245812
84.12408302245812
84.12408302245812
84.12408302245812
84.12408302245812
84.12408302245812
84.12408302245812
84.12408302245812
84.12408302245812
84.12408302245812
82.52171953631606
82.12112866478054
82.12112866478054
82.12112866478054
82.12112866478054
82.12112866478054
82.12112866478054
82.12112866478054
82.12112866478054
82.12112866478054
82.12112866478054
82.12112866478054
82.12112866478054
82.12112866478054
82.12112866478054
82.12112866478054
82.12112866478054
82.12112866478054
82.62186725419994
83.12260584361934
83.12260584361934
83.12260584361934
83.12260584361934
83.12260584361934
83.12260584361934
83.12260584361934
83.12260584361934
83.12260584361934
83.12260584361934
83.12260584361934
83.12260584361934
83.12260584361934
83.12260584361934
83.12260584361934
83.12260584361934
83.12260584361934
83.12260584361934
87.12851455897449
87.12851455897449
87.12851455897449
87.12851455897449
87.12851455897449
87.12851455897449
87.12851455897449
87.12851455897449
87.12851455897449
87.12851455897449
87.12851455897449
87.12851455897449
87.12851455897449
87.12851455897449
87.12851455897449
87.12851455897449
87.12851455897449
87.12851455897449
87.12851455897449
87.12851455897449
87.12851455897449
87.12851455897449
87.12851455897449
87.12851455897449
87.12851455897449
87.12851455897449
87.12851455897449
87.12851455897449
87.12851455897449
87.12851455897449
87.12851455897449
87.12851455897449
87.12851455897449
87.12851455897449
87.12851455897449
87.12851455897449
87.12851455897449
87.12851455897449
87.12851455897449
87.12851455897449
87.12851455897449
87.12851455897449
87.12851455897449
87.12851455897449
87.12851455897449
19.60391577576926
0.0
0.0
0.0
0.0
0.0
86.12703738013569
86.12703738013569
86.12703738013569
86.12703738013569
86.12703738013569
86.12703738013569
86.12703738013569
86.12703738013569
86.12703738013569
86.12703738013569
86.12703738013569
86.12703738013569
86.12703738013569
86.12703738013569
86.12703738013569
86.12703738013569
86.12703738013569
85.20067098970982
85.1255602012969
85.1255602012969
85.1255602012969
85.1255602012969
85.1255602012969
85.1255602012969
85.1255602012969
85.1255602012969
85.1255602012969
85.1255602012969
85.1255602012969
85.1255602012969
85.1255602012969
85.1255602012969
85.1255602012969
85.1255602012969
85.52615107283242
86.12703738013569
86.12703738013569
86.12703738013569
86.12703738013569
86.12703738013569
86.12703738013569
86.12703738013569
86.12703738013569
86.12703738013569
86.12703738013569
86.12703738013569
86.12703738013569
86.12703738013569
86.12703738013569
86.12703738013569
86.12703738013569
82.8221626899677
82.12112866478054
82.12112866478054
82.12112866478054
82.12112866478054
82.12112866478054
82.12112866478054
82.12112866478054
82.12112866478054
82.12112866478054
82.12112866478054
82.12112866478054
82.12112866478054
82.12112866478054
82.12112866478054
82.12112866478054
82.12112866478054
82.12112866478054
82.12112866478054
78.91640169249642
78.1152199494254
78.1152199494254
78.1152199494254
78.1152199494254
78.1152199494254
78.1152199494254
78.1152199494254
78.1152199494254
78.1152199494254
78.1152199494254
78.1152199494254
78.1152199494254
78.1152199494254
78.1152199494254
78.1152199494254
78.1152199494254
78.56588467990285
79.11669712826418
79.11669712826418
79.11669712826418
79.11669712826418
79.11669712826418
79.11669712826418
79.11669712826418
79.11669712826418
79.11669712826418
79.11669712826418
79.11669712826418
79.11669712826418
79.11669712826418
79.11669712826418
79.11669712826418
79.11669712826418
79.11669712826418
79.26691870509
80.11817430710298
80.11817430710298
80.11817430710298
80.11817430710298
80.11817430710298
80.11817430710298
80.11817430710298
80.11817430710298
80.11817430710298
80.11817430710298
80.11817430710298
80.11817430710298
80.11817430710298
80.11817430710298
80.11817430710298
80.11817430710298
80.11817430710298
80.76913447334819
81.11965148594176
81.11965148594176
81.11965148594176
81.11965148594176
81.11965148594176
81.11965148594176
81.11965148594176
81.11965148594176
81.11965148594176
81.11965148594176
81.11965148594176
81.11965148594176
81.11965148594176
81.11965148594176
81.11965148594176
81.11965148594176
81.11965148594176
79.81773115345133
77.11374277058661
77.11374277058661
77.11374277058661
77.11374277058661
77.11374277058661
77.11374277058661
77.11374277058661
77.11374277058661
77.11374277058661
77.11374277058661
77.11374277058661
77.11374277058661
77.11374277058661
77.11374277058661
77.11374277058661
77.11374277058661
77.11374277058661
77.11374277058661
77.11374277058661
77.71462907788988
83.12260584361934
83.12260584361934
83.12260584361934
83.12260584361934
83.12260584361934
83.12260584361934
83.12260584361934
83.12260584361934
83.12260584361934
83.12260584361934
83.12260584361934
89.4319120703037
90.13294609549084
90.13294609549084
90.13294609549084
90.13294609549084
90.13294609549084
90.13294609549084
90.13294609549084
90.13294609549084
90.13294609549084
90.13294609549084
90.13294609549084
90.13294609549084
90.13294609549084
90.13294609549084
90.13294609549084
90.13294609549084
90.13294609549084
90.13294609549084
90.13294609549084
90.13294609549084
90.13294609549084
90.13294609549084
90.13294609549084
90.13294609549084
90.13294609549084
90.13294609549084
90.13294609549084
90.13294609549084
90.13294609549084
90.13294609549084
90.13294609549084
90.13294609549084
90.13294609549084
90.13294609549084
90.13294609549084
90.13294609549084
90.13294609549084
90.13294609549084
90.13294609549084
90.13294609549084
90.13294609549084
90.13294609549084
90.13294609549084
90.13294609549084
90.13294609549084
90.13294609549084
27.039883828647252
0.0
0.0
0.0
37.02961868756415
87.12851455897449
87.12851455897449
87.12851455897449
87.12851455897449
87.12851455897449
87.12851455897449
87.12851455897449
87.12851455897449
87.12851455897449
87.12851455897449
87.12851455897449
87.12851455897449
87.12851455897449
87.12851455897449
87.12851455897449
87.12851455897449
87.12851455897449
87.12851455897449
87.12851455897449
87.12851455897449
87.12851455897449
87.12851455897449
87.12851455897449
87.12851455897449
87.12851455897449
87.12851455897449
87.12851455897449
87.12851455897449
87.12851455897449
87.12851455897449
87.12851455897449
87.12851455897449
87.12851455897449
87.12851455897449
87.12851455897449
87.12851455897449
87.12851455897449
87.12851455897449
87.12851455897449
87.12851455897449
87.12851455897449
87.12851455897449
87.12851455897449
87.12851455897449
87.12851455897449
85.47607721389048
84.12408302245812
84.12408302245812
84.12408302245812
84.12408302245812
84.12408302245812
84.12408302245812
84.12408302245812
84.12408302245812
84.12408302245812
84.12408302245812
84.12408302245812
84.12408302245812
84.12408302245812
84.12408302245812
84.12408302245812
84.12408302245812
84.12408302245812
84.12408302245812
84.12408302245812
84.12408302245812
84.12408302245812
84.12408302245812
84.12408302245812
84.12408302245812
84.12408302245812
84.12408302245812
84.12408302245812
84.12408302245812
84.12408302245812
84.12408302245812
84.12408302245812
84.12408302245812
84.12408302245812
84.12408302245812
84.12408302245812
84.12408302245812
84.12408302245812
84.12408302245812
84.12408302245812
84.12408302245812
84.12408302245812
84.12408302245812
84.12408302245812
84.12408302245812
84.12408302245812
84.12408302245812
84.12408302245812
84.12408302245812
84.12408302245812
84.12408302245812
84.12408302245812
84.12408302245812
84.12408302245812
84.12408302245812
84.12408302245812
84.12408302245812
84.12408302245812
84.12408302245812
84.12408302245812
84.12408302245812
84.12408302245812
84.12408302245812
84.12408302245812
84.12408302245812
84.12408302245812
84.12408302245812
84.12408302245812
84.12408302245812
84.12408302245812
84.12408302245812
84.12408302245812
84.12408302245812
84.12408302245812
84.12408302245812
84.12408302245812
84.12408302245812
84.12408302245812
84.12408302245812
84.12408302245812
84.12408302245812
84.12408302245812
84.12408302245812
84.12408302245812
84.12408302245812
84.12408302245812
84.12408302245812
84.12408302245812
84.12408302245812
84.12408302245812
84.12408302245812
84.12408302245812
84.12408302245812
84.12408302245812
0.0
0.0
0.0
43.63936806790015
83.12260584361934
83.12260584361934
83.12260584361934
83.12260584361934
83.12260584361934
83.12260584361934
83.12260584361934
83.12260584361934
83.12260584361934
83.12260584361934
83.12260584361934
83.12260584361934
83.12260584361934
83.12260584361934
83.12260584361934
83.12260584361934
83.12260584361934
81.21979920382564
79.11669712826418
79.11669712826418
79.11669712826418
79.11669712826418
79.11669712826418
79.11669712826418
79.11669712826418
79.11669712826418
79.11669712826418
79.11669712826418
79.11669712826418
79.11669712826418
79.11669712826418
79.11669712826418
79.11669712826418
79.11669712826418
79.11669712826418
79.11669712826418
79.11669712826418
79.11669712826418
79.11669712826418
79.11669712826418
78.29047845572218
78.1152199494254
78.1152199494254
78.1152199494254
78.1152199494254
78.1152199494254
78.1152199494254
78.1152199494254
78.1152199494254
80.21832202498685
82.12112866478054
82.12112866478054
82.12112866478054
82.12112866478054
82.12112866478054
