86.17234468937876
86.17234468937876
86.21789032610675
100.56476589542721
99.6993987975952
97.33102568773911
95.69138276553106
94.23392239023502
91.59227546001094
89.67935871743487
87.2198943341228
85.80797959555474
85.17034068136273
84.57824740389871
83.02969575514666
82.11878302058663
74.33047914009838
72.32647112406632
69.95809801421024
68.6828201858262
66.49662962288212
64.21934778648206
62.260885407177994
60.43905993805794
59.118236472945895
59.4370559300419
60.120240480961925
60.347968664601936
68.8194570960102
85.44361450173074
107.21442885771543
107.35106576789944
107.21442885771543
107.12333758425943
106.53124430679541
106.0302423027874
104.70941883767536
102.70541082164328
100.10930952814721
97.83202769174713
96.32902167972308
94.96265257788303
94.78047003097103
93.09528147203498
91.45563854982693
91.18236472945893
81.70887229003462
78.97613408635453
76.06121333576243
73.64729458917836
71.32446711605029
69.18382218983422
66.76990344325014
64.44707597012206
63.17179814173802
63.399526325378034
65.95008198214612
68.8194570960102
85.03370377117872
100.56476589542721
105.52924029877938
105.21042084168337
104.89160138458736
104.29950810712334
102.47768263800329
100.88358535252323
99.19839679358718
97.55875387137912
95.32701767170705
93.14082710876298
91.09127345600292
89.86154126434688
87.62980506467481
87.17434869739479
85.12479504463472
81.2989615594826
76.51666970304245
74.23938786664237
71.96210603024231
69.63927855711422
67.49863363089815
65.7678994352341
64.40153033339406
62.80743304791401
62.67079613773001
64.12825651302606
64.12825651302606
69.36600473674622
84.4871561304427
87.08325742393879
106.1668792129714
105.80251411914739
105.21042084168337
104.20841683366734
103.29750409910731
101.43013299325925
99.24394243031517
96.6478411368191
94.00619420659501
91.72891237019493
89.36053926033887
88.17635270541082
87.72089633813081
85.44361450173074
84.03169976316269
77.7464018946985
74.5126616870104
71.5521952996903
68.7739114592822
65.6768081617781
63.217343778466024
61.031153215521954
60.120240480961925
60.39351430132994
61.122244488977955
64.08271087629805
80.02368373109856
99.10730552013118
106.2124248496994
105.71142284569139
105.52924029877938
105.21042084168337
104.25396247039534
102.9786846420113
101.20240480961924
99.47167061395518
97.33102568773911
94.14283111677902
92.32100564765895
92.13882310074695
90.3625432683549
88.40408088905083
88.17635270541082
87.26543997085079
79.06722535981054
76.01566769903444
73.51065767899435
71.23337584259428
68.9560940061942
66.67881216979414
64.31043905993806
62.351976680633996
60.80342503188195
61.71433776644198
62.033157223537984
64.67480415376207
80.93459646565859
103.2064128256513
102.65986518491529
102.34104572781928
102.02222627072327
101.56676990344326
100.10930952814721
98.60630351612316
96.51120422663509
94.051739843323
91.95664055383494
89.58826744397886
89.17835671342685
88.63180907269084
86.35452723629076
85.17034068136273
80.88905082893059
74.8770267808344
73.14629258517034
71.05119329568228
68.5006376389142
66.45108398615413
64.40153033339406
62.62525050100201
60.57569684824194
58.981599562761886
58.11623246492986
58.02514119147386
59.118236472945895
59.118236472945895
59.57369284022591
70.09473492439425
85.80797959555474
88.22189834213883
104.02623428675533
104.25396247039534
104.16287119693934
102.9786846420113
101.88558936053926
99.9271269812352
98.28748405902715
96.69338677354709
95.23592639825105
94.91710694115504
94.91710694115504
93.414100929131
93.04973583530698
89.90708690107488
86.58225541993077
85.17034068136273
83.66733466933869
82.43760247768265
81.4355984696666
80.57023137183458
79.61377300054654
79.43159045363454
80.25141191473857
81.98214611040262
82.48314811441064
89.58826744397886
112.4066314447076
122.19894334122792
121.6979413372199
122.06230643104391
121.24248496993988
120.92366551284387
119.73947895791584
118.5097467662598
116.59683002368374
114.91164146474767
113.45418108945164
111.81453816724358
110.81253415922755
109.71943887775551
108.58079795955548
107.21442885771543
107.07779194753142
100.42812898524322
98.19639278557115
95.96465658589908
94.46165057387502
92.45764255784296
90.86354527236291
88.90508289305885
87.5387137912188
87.4931681544908
88.85953725633084
97.0122062306431
113.36308981599564
124.840590271452
128.25651302605212
127.57332847513209
126.93568956094006
126.70796137730005
126.34359628347605
125.29604663873201
124.24849699398798
122.51776279832393
121.10584805975587
119.19293131717981
117.64437966842777
116.00473674621972
115.23046092184369
114.27400255055566
113.31754417926763
113.22645290581163
109.76498451448352
104.39059938057935
101.65786117689926
99.33503370377117
97.51320823465112
95.28147203497905
93.323009655675
91.31900163964292
89.99817817453088
90.18036072144288
90.18036072144288
90.3625432683549
93.27746401894699
115.3670978320277
131.5813445071962
130.26052104208418
129.34960830752414
128.3020586627801
128.0287848424121
126.07032246310804
124.749498997996
122.47221716159592
120.14938968846785
117.91765348879578
115.68591728912371
115.23046092184369
114.50173073419566
112.81654217525961
112.2244488977956
108.89961741665148
100.33703771178722
97.37657132446712
95.09928948806704
92.00218619056295
89.54272180725087
86.53670978320277
84.3960648569867
81.70887229003462
81.1623246492986
82.16432865731463
82.71087629805065
83.66733466933869
93.596283476043
111.86008380397158
119.10184004372381
118.14538167243579
117.28001457460375
116.46019311349973
115.5492803789397
114.00072873018765
110.99471670613956
108.80852614319548
106.2579704864274
104.52723629076334
104.07177992348333
102.47768263800329
101.24795044634725
100.47367462197121
92.27546001093096
89.13281107669886
86.58225541993077
83.30296957551467
80.25141191473857
77.38203680087447
75.0592093277464
72.1898342138823
69.73036983057024
67.58972490435417
66.22335580251412
67.45308799417016
69.86700674075423
82.71087629805065
94.78047003097103
99.7904900710512
100.0182182546912
99.19839679358718
98.56075787939515
98.51521224266716
96.96666059391511
95.82801967571507
93.778466022955
92.32100564765895
91.41009291309892
90.2714519948989
90.18036072144288
90.18036072144288
89.58826744397886
88.22189834213883
87.90307888504282
83.75842594279469
82.66533066132264
81.48114410639461
80.06922936782657
79.15831663326654
77.56421934778649
76.38003279285844
75.19584623793041
75.1503006012024
75.1503006012024
75.83348515212244
77.88303880488249
88.17635270541082
102.61431954818728
105.07378393149936
104.48169065403535
104.39059938057935
103.38859537256332
102.20440881763527
101.29349608307524
99.8815813445072
98.24193842229914
97.46766259792312
96.10129349608307
95.14483512479505
95.19038076152304
94.14283111677902
93.18637274549098
92.22991437420295
82.48314811441064
81.02568773911459
78.65731462925852
76.51666970304245
74.42157041355438
72.37201676079432
70.41355438149026
69.18382218983422
69.13827655310621
71.00564765895427
75.3324831481144
86.35452723629076
98.83403169976316
104.07177992348333
105.21042084168337
105.21042084168337
105.07378393149936
104.25396247039534
104.25396247039534
104.07177992348333
103.79850610311533
102.38659136454727
101.93113499726726
100.88358535252323
100.1548551648752
100.1548551648752
100.20040080160321
100.0182182546912
96.14683913281108
93.73292038622701
89.22390235015486
86.94662051375478
84.80597558753871
83.30296957551467
81.0712333758426
79.52268172709054
78.15631262525051
77.29094552741847
78.1107669885225
78.93058844962653
85.94461650573875
97.74093641829113
105.07378393149936
106.62233558025142
107.21442885771543
106.53124430679541
106.34906175988341
106.2124248496994
106.2124248496994
105.21042084168337
104.48169065403535
103.57077791947532
102.75095645837129
101.97668063399527
101.20240480961924
101.15685917289125
99.9271269812352
99.19839679358718
93.414100929131
91.18236472945893
89.13281107669886
86.94662051375478
84.66933867735472
82.57423938786664
80.43359446165057
80.16032064128257
79.56822736381855
78.65731462925852
79.61377300054654
85.85352523228275
96.4656585899071
103.52523228274731
105.30151211513937
105.30151211513937
105.21042084168337
104.75496447440335
104.25396247039534
103.47968664601932
102.75095645837129
101.47567862998724
99.9726726179632
99.24394243031517
97.69539078156313
97.19438877755512
96.8755693204591
95.87356531244308
94.18837675350701
94.18837675350701
91.13681909273092
85.44361450173074
83.16633266533066
80.9801421023866
78.61176899253051
76.92658043359447
75.3324831481144
74.74038987065039
75.69684824193843
79.88704682091456
90.04372381125889
101.56676990344326
106.34906175988341
107.62433958826745
108.21643286573146
108.21643286573146
108.21643286573146
108.21643286573146
108.03425031881946
107.25997449444344
107.25997449444344
107.21442885771543
106.98670067407542
105.9391510293314
105.48369466205138
105.80251411914739
103.84405173984332
101.88558936053926
100.56476589542721
96.8300236837311
95.32701767170705
94.27946802696302
93.04973583530698
92.00218619056295
90.22590635817089
89.45163053379487
89.17835671342685
89.72490435416287
90.9090909090909
95.96465658589908
106.89560940061942
114.77500455456368
117.96319912552377
118.37310985607579
118.91965749681181
118.7374749498998
118.4186554928038
118.23647294589179
117.55328839497176
117.23446893787576
117.00674075423575
116.09582801967572
115.95919110949171
116.23246492985972
115.68591728912371
114.45618509746767
114.22845691382766
111.04026234286755
105.89360539260339
104.07177992348333
101.79449808708326
99.42612497722719
97.1032975040991
95.32701767170705
95.19038076152304
94.32501366369102
92.09327746401895
91.18236472945893
93.73292038622701
98.19639278557115
105.62033157223539
114.91164146474767
120.92366551284387
122.15339770449991
122.19894334122792
121.37912188012389
121.33357624339588
120.28602659865186
119.83057023137184
118.46420112953179
117.73547094188378
116.55128438695573
116.23246492985972
115.13936964838769
113.86409182000365
113.22645290581163
112.4066314447076
108.89961741665148
106.0302423027874
104.11732556021133
101.93113499726726
100.61031153215522
99.33503370377117
97.78648205501914
95.60029149207506
93.869557296411
91.91109491710694
91.50118418655494
92.82200765166698
93.14082710876298
93.18637274549098
98.60630351612316
112.26999453452359
115.6403716523957
115.32155219529969
115.23046092184369
114.68391328110768
114.09182000364365
113.81854618327564
112.90763344871561
111.26799052650756
108.48970668609947
106.75897249043543
105.25596647841137
105.21042084168337
103.29750409910731
101.52122426671525
100.74694844233923
90.13481508471489
87.62980506467481
84.62379304062671
81.84550920021861
79.24940790672254
76.88103479686646
74.6037529604664
72.82747312807433
71.18783020586628
70.91455638549827
71.8254691200583
74.10275095645838
81.75441792676261
90.5447258152669
96.8300236837311
100.0182182546912
100.20040080160321
100.20040080160321
100.88358535252323
100.0637638914192
99.19839679358718
99.01621424667518
97.74093641829113
96.60229550009109
95.32701767170705
94.41610493714703
93.414100929131
93.18637274549098
92.09327746401895
91.13681909273092
86.44561850974677
82.16432865731463
79.70486427400255
78.15631262525051
77.10876298050647
74.83148114410639
72.87301876480234
71.41555838950629
69.63927855711422
67.54417926762616
66.22335580251412
66.95208599016215
70.55019129167425
76.83548916013847
88.35853525232282
95.50920021861906
97.74093641829113
98.56075787939515
98.33302969575514
98.33302969575514
98.51521224266716
98.19639278557115
97.33102568773911
96.8755693204591
96.19238476953907
95.32701767170705
95.05374385133905
94.18837675350701
93.778466022955
92.27546001093096
92.36655128438696
90.40808890508289
84.98815813445073
82.71087629805065
80.88905082893059
79.11277099653853
77.56421934778649
75.28693751138641
73.73838586263436
72.55419930770633
71.8254691200583
72.91856440153033
75.92457642557844
85.80797959555474
93.09528147203498
95.91911094917107
97.19438877755512
97.19438877755512
97.51320823465112
96.8300236837311
96.19238476953907
96.19238476953907
95.91911094917107
95.23592639825105
95.19038076152304
94.96265257788303
94.78047003097103
94.91710694115504
93.73292038622701
93.18637274549098
92.32100564765895
88.08526143195482
86.80998360357079
85.48916013845874
83.84951721625069
81.98214611040262
80.57023137183458
78.24740389870651
76.74439788668246
75.1503006012024
75.3324831481144
76.51666970304245
80.16032064128257
90.6358170887229
99.47167061395518
103.38859537256332
105.21042084168337
105.89360539260339
106.2124248496994
106.3946073966114
106.2124248496994
105.48369466205138
105.21042084168337
104.20841683366734
104.20841683366734
103.75296046638732
103.0697759154673
102.24995445436328
102.20440881763527
100.97467662597923
99.56276188741118
99.19839679358718
96.28347604299508
91.54672982328293
89.81599562761888
87.85753324831481
85.94461650573875
84.71488431408271
83.02969575514666
82.39205684095464
82.84751320823466
83.43960648569868
88.03971579522683
93.960648569867
102.9331390052833
107.62433958826745
109.3550737839315
110.22044088176352
110.63035161231554
110.53926033885953
110.58480597558754
109.85607578793952
109.3095281472035
108.58079795955548
107.48770267808344
106.3035161231554
104.66387320094735
104.20841683366734
102.8875933685553
101.61231554017125
100.20040080160321
98.28748405902715
93.505192202587
91.50118418655494
89.08726543997085
86.94662051375478
85.44361450173074
83.43960648569868
82.61978502459465
80.66132264529058
80.16032064128257
80.57023137183458
82.98415011841865
88.17635270541082
88.17635270541082
94.00619420659501
102.61431954818728
108.48970668609947
109.21843687374749
109.2639825104755
109.21843687374749
108.76298050646749
107.30552013117143
106.98670067407542
106.2124248496994
106.2124248496994
105.21042084168337
104.93714702131535
104.20841683366734
104.11732556021133
103.2064128256513
103.2064128256513
98.83403169976316
97.0122062306431
95.46365458189106
94.46165057387502
93.778466022955
93.14082710876298
92.18436873747495
91.27345600291493
91.41009291309892
92.82200765166698
96.32902167972308
105.62033157223539
111.86008380397158
114.59282200765168
115.23046092184369
115.95919110949171
116.23246492985972
116.87010384405174
116.23246492985972
116.23246492985972
116.23246492985972
115.5948260156677
115.23046092184369
114.86609582801968
114.41063946073966
114.22845691382766
114.22845691382766
113.68190927309163
113.22645290581163
111.81453816724358
108.71743486973948
107.57879395153944
106.44015303333941
104.84605574785935
103.38859537256332
101.93113499726726
101.20240480961924
101.20240480961924
101.43013299325925
102.52322827473128
107.80652213517945
114.77500455456368
118.28201858261978
120.10384405173984
120.24048096192385
120.24048096192385
120.24048096192385
120.05829841501185
119.23847695390782
118.5552924029878
118.14538167243579
117.09783202769175
115.95919110949171
114.77500455456368
114.22845691382766
113.13536163235563
112.2244488977956
111.54126434687556
109.67389324102751
105.21042084168337
102.75095645837129
100.70140280561122
100.20040080160321
98.51521224266716
96.32902167972308
94.18837675350701
92.32100564765895
91.72891237019493
92.18436873747495
92.50318819457097
94.46165057387502
97.23993441428311
109.21843687374749
113.68190927309163
114.22845691382766
114.22845691382766
114.22845691382766
114.18291127709966
113.22645290581163
113.18090726908362
112.4066314447076
111.58680998360357
110.90362543268355
110.22044088176352
109.94716706139552
108.89961741665148
108.21643286573146
107.16888322098742
106.1668792129714
102.02222627072327
100.70140280561122
99.24394243031517
97.1032975040991
95.09928948806704
92.59427946802697
91.50118418655494
89.72490435416287
87.81198761158682
87.08325742393879
87.26543997085079
88.31298961559483
95.28147203497905
103.43414100929131
106.0757879395154
107.35106576789944
107.89761340863545
108.35306977591547
108.58079795955548
107.57879395153944
107.25997449444344
106.57678994352341
105.02823829477137
104.20841683366734
104.20841683366734
103.0697759154673
102.24995445436328
102.20440881763527
98.56075787939515
96.69338677354709
93.91510293313901
88.08526143195482
85.99016214246676
83.48515212242667
81.61778101657862
79.70486427400255
77.15430861723448
75.28693751138641
74.01165968300236
73.14629258517034
73.14629258517034
73.55620331572236
75.19584623793041
81.39005283293861
89.54272180725087
94.32501366369102
96.01020222262707
97.1032975040991
98.19639278557115
98.19639278557115
98.19639278557115
97.23993441428311
97.19438877755512
97.19438877755512
97.19438877755512
96.8300236837311
95.91911094917107
95.19038076152304
94.96265257788303
94.37055930041902
93.778466022955
91.13681909273092
88.99617416651485
87.3109856075788
85.67134268537075
83.98615412643468
82.43760247768265
81.75441792676261
80.38804882492258
77.7464018946985
76.33448715613045
77.10876298050647
77.56421934778649
80.61577700856259
86.12679905265075
92.86755328839497
96.51120422663509
97.60429950810713
98.19639278557115
98.83403169976316
98.74294042630716
98.19639278557115
97.96866460193114
96.4656585899071
96.14683913281108
95.09928948806704
94.23392239023502
93.27746401894699
93.18637274549098
92.32100564765895
91.36454727637093
88.31298961559483
84.2594279468027
82.02769174713063
79.97813809437056
78.88504281289853
77.15430861723448
75.69684824193843
73.55620331572236
72.14428857715431
69.95809801421024
69.13827655310621
69.95809801421024
72.59974494443432
74.14829659318637
78.33849517216251
90.13481508471489
