120.12138125364078
111.01778723058375
104.24427977295204
102.25286858040832
100.54594470108512
96.96953276345558
93.21700963192761
90.4805126190444
97.52496037498138
122.80369020686292
111.20744543939745
101.69744096888252
99.24543126921984
99.05577306040615
96.87470365904873
94.50397604887763
92.48547082650339
101.76517604345884
127.2200170692388
113.32077976617853
104.84034842922362
102.41543275939148
101.72453499871304
98.52743947871087
95.11359172006449
93.31183873633445
97.37594321091349
120.79873199940394
111.00424021566849
105.6260752943089
104.2578267878673
103.75658723600256
100.16662828345775
97.02372082311663
94.99166858582713
112.92791633363589
122.24826259533712
111.04488126041427
106.0731267865126
105.12483574244416
103.53983499735834
98.78483276210088
95.27615589904765
93.63696709430079
103.48564693769728
123.21010065432083
111.96607827465219
105.28739992142732
104.2578267878673
103.1876126095615
99.90923500006774
96.95598574854031
95.20842082447133
96.86115664413347
123.71134020618558
114.66193424278961
106.65564842786893
105.2603058915968
104.31201484752836
101.14201335735672
97.52496037498138
94.58525813836921
96.65795142040453
128.83211184415515
119.07826110516548
110.24560738041373
106.60146036820788
105.61252827939364
101.91419320752674
98.24295216549034
95.79094246582767
94.30077082514869
104.23073275803678
132.8149342292426
118.23834618041916
110.58428275329533
106.46599021905524
105.65316932413944
101.54842380481462
98.52743947871087
96.40055813701451
94.55816410853869
95.15423276481029
120.47360364143762
124.46997304144033
113.99813051194171
108.01034991939527
107.0349648454963
103.86496335532466
100.09889320888144
97.53850738989665
95.66901933159029
95.87222455531925
103.53983499735834
123.31847677364294
111.73577902109271
106.19504992074997
105.31449395125784
101.72453499871304
97.70107156887981
94.97812157091185
92.97316336345287
91.40170963328231
103.24180066922254
125.68920438381404
113.03629245295801
107.79359768075106
104.97581857837626
103.63466410176518
99.2589782841351
96.12961783870925
94.40914694447079
93.10863351260551
92.79705216955445
115.17672080956962
128.38506035195147
114.98706260075593
108.64705962041265
106.41180215939418
105.38222902583416
101.06073126786514
98.13457604616823
95.89931858514977
94.40914694447079
93.94854843735183
119.91817602991182
120.21621035804762
109.7037267838032
104.77261335464732
104.2578267878673
101.08782529769566
96.73923350989611
94.36850589972501
92.07906037904549
90.91401709633283
108.11872603871738
122.68176707262556
109.62244469431162
103.68885216142624
102.26641559532358
101.25038947667882
98.56808052345667
95.87222455531925
93.69115515396183
91.94359022989285
107.60393947193737
126.89488871127249
114.49937006380645
107.22462305430999
104.13590365362994
103.45855290786676
99.76021783599985
96.40055813701451
94.05692455667395
92.20098351328285
92.22807754311339
118.00804692685968
115.17672080956962
108.43030738176844
105.28739992142732
105.00291260820678
102.65927902786622
99.32671335871142
96.96953276345558
94.91038649633555
96.45474619667557
110.95005215600743
117.14103797228282
108.86381185905687
104.71842529498626
104.2578267878673
101.86000514786568
98.17521709091403
95.18132679464081
93.60987306447025
104.48812604142678
123.2913827438124
112.12864245363535
106.05957977159734
104.27137380278256
103.39081783329044
99.74667082108458
96.57666933091295
94.42269395938605
93.63696709430079
111.43774469295691
127.3690342333067
112.91436931872063
107.54975141227632
106.66919544278419
104.19009171329098
100.45111559667828
97.64688350921875
95.61483127192923
94.44978798921659
112.27765961770325
126.19044393567879
115.52894319736647
109.22958126176898
107.26526409905578
105.01645962312206
101.19620141701778
98.39196932955824
96.31927604752293
94.46333500413185
96.59021634582821
125.98723871194983
117.76420065838494
110.90941111126165
106.94013574108946
106.31697305498734
102.76765514718832
99.62474768684721
97.76880664345613
95.15423276481029
95.52000216752239
121.47608274516712
119.45757752279286
109.51406857498951
105.2603058915968
104.37974992210468
101.49423574515356
97.64688350921875
94.74782231735239
92.90542828887655
92.36354769226602
106.16795589091944
122.46501483398134
111.47838573770271
105.49060514515628
104.24427977295204
101.30457753633988
97.60624246447296
94.12465963125027
92.06551336413023
90.11474321633229
89.89799097768808
115.50184916753595
113.86266036278907
107.46846932278473
103.17406559464622
102.185133505832
98.89320888142299
95.23551485430187
92.43128276684233
90.60243575328177
89.23418724684016
114.4451820041454
118.54992752347022
107.83423872549685
101.98192828210304
101.25038947667882
99.39444843328774
96.60376336074347
93.75889022853815
91.79457306582495
90.30440142514598
102.64573201295096
119.07826110516548
108.66060663532791
102.98440738583254
102.25286858040832
100.15308126854248
96.98307977837085
94.46333500413185
92.75641112480865
92.25517157294391
121.61155289431974
117.75065364346968
108.93154693363319
104.54231410108784
104.01398051939256
100.89816708888198
96.83406261430295
93.86726634786025
92.2958126176897
104.09526260888414
123.25074169906662
111.74932603600797
105.04355365295258
103.63466410176518
101.03363723803461
97.7417126136256
94.57171112345395
92.7022230651476
112.81954021431379
127.97864990449355
114.35035289973855
106.7775715621063
104.74551932481678
103.58047604210414
99.77376485091511
96.4818402265061
94.81555739192869
102.8489372366799
126.93552975601827
113.5917200644838
106.99432380075052
105.89701559261418
104.2984678326131
100.5594917160004
97.07790888277769
98.71709768752456
128.05993199398515
122.31599766991344
110.96359917092269
106.35761409973314
105.55834021973259
102.0767573865099
98.52743947871087
96.82051559938769
112.86018125905957
125.59437527940719
112.68407006516115
107.08915290515736
107.26526409905578
104.82680141430836
100.6678678353225
97.22692604684559
98.7441917173551
120.01300513431866
116.69398648007912
107.83423872549685
105.50415216007154
105.09774171261364
102.51026186379832
98.67645664277877
97.86363574786297
125.32343498110193
128.20894915805303
116.07082379397701
128.53407751601935
136.31006407738056
118.83441483669074
113.46979693024643
110.74684693227849
109.77146185837951
129.0082230380536
118.10287603126652
114.52646409363697
110.17787230583743
107.1433409648184
98.41906335938877
93.79953127328395
93.47440291531761
115.1496267797391
118.27898722516494
102.46962081905254
100.4104745519325
100.91171410379724
98.4461573892193
95.66901933159029
112.73825812482221
129.8210439329694
114.49937006380645
108.05099096414106
107.08915290515736
105.57188723464786
100.78979096955986
98.28359321023613
113.21240364685643
122.7765961770324
111.73577902109271
106.76402454719104
106.1815029058347
103.05214246040886
98.47325141904982
101.10137231261092
134.5218581085658
123.50813498245662
111.87124917024535
106.5879133532926
106.26278499532629
102.51026186379832
96.92889171870979
97.45722530040507
120.43296259669184
120.852920059065
111.34291558855007
106.91304171125893
106.24923798041102
103.17406559464622
98.60872156820245
95.88577157023451
105.12483574244416
128.29023124754463
120.595526775675
109.36505141092161
107.26526409905578
105.12483574244416
100.27500440277986
96.45474619667557
94.47688201904711
117.58808946448652
131.2299334841568
117.05975588279124
109.16184618719267
106.26278499532629
104.74551932481678
100.4104745519325
97.30820813633717
94.46333500413185
92.74286410989339
108.67415365024318
127.97864990449355
117.29005513635072
109.9611200671932
108.15936708346317
105.76154544346154
100.39692753701723
97.07790888277769
94.85619843667449
92.64803500548655
101.98192828210304
130.56612975330887
116.69398648007912
109.06701708278582
106.26278499532629
105.12483574244416
100.60013276074618
96.80696858447241
94.76136933226765
92.62094097565603
91.97068425972338
121.63864692415028
119.94527005974234
113.83556633295855
106.6285543980384
105.19257081702048
101.04718425294988
96.60376336074347
93.43376187057183
91.64555590175705
89.72187978378965
90.29085441023071
120.4058685668613
117.01911483804545
108.82317081431108
103.71594619125676
103.07923649023938
99.38090141837247
94.62589918311501
91.75393202107917
89.85734993294228
88.28589620277172
96.27863500277715
127.58578647195091
114.26907081024697
103.64821111668044
100.24791037294933
99.48927753769458
95.75030142108187
92.62094097565603
90.56179470853598
88.69230665022963
89.28837530650122
120.50069767126814
116.45014021160438
106.7775715621063
101.64325290922146
101.06073126786514
97.72816559871033
93.63696709430079
90.90047008141757
88.74649470989068
92.64803500548655
124.15839169838927
115.17672080956962
105.49060514515628
100.65432082040724
99.92278201498301
96.45474619667557
92.58029993091023
90.75145291734967
88.74649470989068
88.23170814311068
117.01911483804545
123.4403999078803
110.05594917160005
103.7430402210873
101.23684246176356
99.36735440345721
95.33034395870871
92.02487231938443
89.55931560480649
87.35115217361854
88.47555441158542
117.89967080753758
113.84911334787381
105.55834021973259
101.44004768549252
100.78979096955986
97.87718276277823
94.44978798921659
91.591367842096
89.59995664955228
88.44846038175488
117.3713372258423
120.22975737296288
107.25171708414052
101.20974843193304
100.24791037294933
97.87718276277823
93.73179619870763
90.7379059024344
88.7058536651449
87.47307530785592
90.4398715742986
124.63253722042349
112.23701857295745
104.1494506685452
100.45111559667828
99.86859395532196
96.888250673964
93.06799246785971
90.96820515599389
89.41029844073859
88.2181611281954
107.41428126312368
121.27287752143816
108.05099096414106
101.5213297749841
100.70850888006828
98.5951745532872
94.82910440684397
91.64555590175705
89.54576858989122
88.2181611281954
115.23090886923067
123.5894170719482
110.19141932075269
104.2984678326131
102.25286858040832
100.9659021634583
97.49786634515085
94.58525813836921
94.30077082514869
100.39692753701723
126.5562133383909
120.18911632821708
112.79244618448325
107.4413752929542
105.76154544346154
102.49671484888306
98.92030291125351
95.88577157023451
94.51752306379291
108.48449544142949
125.43181110042403
112.80599319939853
106.14086186108892
104.88098947396942
103.8514163404094
99.5570126122709
95.43872007803081
93.06799246785971
107.26526409905578
121.99086931194712
110.16432529092215
104.65069022040994
104.2578267878673
102.76765514718832
99.24543126921984
96.03478873430241
96.00769470447187
122.53274990855766
121.110313342455
112.60278797566957
107.82069171058158
106.99432380075052
103.64821111668044
99.5163715675251
97.25402007667611
104.89453648888468
127.50450438245933
117.01911483804545
110.24560738041373
108.20000812820896
105.01645962312206
100.61367977566144
97.17273798718453
96.65795142040453
123.34557080347346
125.1473237872035
114.10650663126381
107.45492230786947
106.24923798041102
102.87603126651044
98.79837977701614
95.53354918243765
94.58525813836921
113.37496782583959
124.5918961756777
113.46979693024643
107.56329842719158
106.8859476814284
103.82432231057888
99.50282455260984
96.72568649498083
95.28970291396291
103.28244171396834
132.48980587127627
119.37629543330128
111.65449693160113
108.20000812820896
106.46599021905524
102.30705664006938
98.79837977701614
95.96705365972609
95.65547231667503
125.56728124957667
127.04390587534039
114.78385737702698
110.02885514176953
109.27022230651477
107.49556335261526
103.2553476841378
99.94987604481354
98.05329395667665
100.31564544752565
131.28412154381783
122.68176707262556
114.16069469092487
111.09906932007533
110.57073573838005
109.06701708278582
106.5879133532926
102.19868052074726
99.59765365701669
111.80351409566903
132.0833954238184
119.51176558245392
112.58924096075431
110.55718872346479
109.67663275397267
104.71842529498626
101.23684246176356
98.90675589633825
97.47077231532033
100.39692753701723
129.76685587330832
120.24330438787814
113.55107901973801
111.27518051397375
110.06949618651531
105.4093230556647
101.69744096888252
99.407995448203
97.49786634515085
107.46846932278473
139.64262974653536
122.99334841567662
115.08189170516277
110.97714618583797
109.71727379871847
105.78863947329206
101.44004768549252
98.66290962786351
97.49786634515085
113.72719021363643
124.90347751872876
114.54001110855224
108.32193126244633
107.26526409905578
105.6667163390547
101.6297058943062
99.32671335871142
96.83406261430295
120.77163796957342
134.16963572076895
118.45509841906338
110.96359917092269
109.17539320210793
107.26526409905578
103.37727081837518
99.7060297763388
97.75525962854086
104.20363872820624
135.1179267648374
122.27535662516766
114.26907081024697
110.39462454448163
109.92047902244741
106.1815029058347
102.06321037159464
99.54346559735563
109.08056409770109
139.6290827316201
123.19655363940556
114.54001110855224
110.55718872346479
110.06949618651531
106.31697305498734
102.36124469973042
98.81192679193141
108.41676036685317
136.4455342265332
121.09676632753974
110.90941111126165
107.26526409905578
106.70983648752998
103.0385954454936
99.34026037362668
97.76880664345613
115.2580028990612
130.25454841025783
118.27898722516494
111.39710364821113
110.27270141024427
108.34902529227686
104.84034842922362
101.64325290922146
109.79855588821005
136.55391034585531
121.95022826720134
114.4451820041454
112.27765961770325
111.22099245431271
105.9241096224447
101.06073126786514
99.16414917972826
118.71249170245338
131.09446333500415
119.41693647804708
113.5917200644838
112.27765961770325
110.08304320143057
104.61004917566416
100.74914992481408
108.06453797905633
136.63519243534688
123.96873348957558
113.83556633295855
110.09659021634585
109.27022230651477
106.08667380142786
101.42650067057725
98.98803798582983
114.77031036211172
130.25454841025783
116.07082379397701
110.8145820068548
110.01530812685426
108.13227305363264
104.46103201159626
104.17654469837572
119.87753498516604
147.94694988959185
131.63634393161468
126.43429020415353
119.10535513499602
119.32210737364024
114.62129319804382
108.48449544142949
107.68522156142895
119.45757752279286
137.58348347941532
120.4465096116071
111.53257379736377
111.28872752888903
109.41923947058267
102.90312529634096
101.19620141701778
112.46731782651693
124.75446035466086
108.75543573973476
101.60261186447568
101.25038947667882
100.45111559667828
97.29466112142191
98.35132828481245
128.19540214313778
126.23108498042457
113.49689096007695
103.72949320617202
103.3366297736294
100.73560290989882
96.37346410718399
100.30209843261038
135.8901066150074
123.0339894604224
125.09313572754245
134.54895213839632
128.6289066204262
65.73011636885813
-3.00743731118848
-3.00743731118848
-3.00743731118848
-3.00743731118848
-3.00743731118848
-3.00743731118848
-3.00743731118848
-3.00743731118848
-3.00743731118848
-3.00743731118848
-3.00743731118848
-3.0616253708495336
-3.1293604454258506
-3.1564544752563775
-3.1835485050869043
-3.1429074603411142
-3.197095520002168
-3.2106425349174312
-3.1835485050869043
-3.2512835796632213
-3.197095520002168
-3.2783776094937482
-3.1293604454258506
-3.1293604454258506
-3.1158134305105873
-3.237736564747958
-3.3461126840700657
-3.4138477586463827
-3.373206713900592
-3.454488803392173
-3.5628649227142803
-3.4138477586463827
-3.4409417884769096
-3.4138477586463827
-3.319018654239539
-3.1835485050869043
-3.2512835796632213
-3.373206713900592
-3.2783776094937482
-3.2512835796632213
-3.197095520002168
-3.1564544752563775
-3.0751723857647972
-3.0751723857647972
-3.0480783559342703
-3.0345313410190067
-3.0209843261037435
-3.00743731118848
-3.00743731118848
-3.00743731118848
-3.0480783559342703
-3.170001490171641
-3.1835485050869043
-3.00743731118848
-3.00743731118848
-3.00743731118848
-3.00743731118848
-3.00743731118848
-3.00743731118848
-3.00743731118848
-3.0345313410190067
-3.00743731118848
-3.0887194006800605
-3.0480783559342703
-3.1158134305105873
-3.1564544752563775
-3.1158134305105873
-3.2106425349174312
-3.1429074603411142
-3.197095520002168
-3.1835485050869043
-3.319018654239539
-3.0751723857647972
-3.2241895498326945
-3.264830594578485
-3.0480783559342703
-3.0616253708495336
-3.0345313410190067
-3.0209843261037435
-3.00743731118848
-3.00743731118848
-3.00743731118848
-3.00743731118848
-3.00743731118848
-3.00743731118848
-3.0209843261037435
-3.0209843261037435
-3.00743731118848
-3.0480783559342703
-3.1564544752563775
-3.0480783559342703
-3.0480783559342703
-3.00743731118848
-3.00743731118848
-3.00743731118848
-3.00743731118848
-3.00743731118848
-3.00743731118848
-3.00743731118848
-3.00743731118848
-3.00743731118848
-3.00743731118848
-3.00743731118848
-3.00743731118848
-3.00743731118848
-3.00743731118848
-3.00743731118848
-3.00743731118848
-3.00743731118848
-3.00743731118848
-3.00743731118848
-3.00743731118848
-3.00743731118848
-3.00743731118848
-3.0480783559342703
-3.0345313410190067
-3.0616253708495336
-3.0887194006800605
-3.0751723857647972
-3.1293604454258506
-3.170001490171641
-3.170001490171641
-3.1158134305105873
-3.0480783559342703
-3.1564544752563775
-3.1293604454258506
-3.3461126840700657
-3.1429074603411142
-3.1564544752563775
-3.0751723857647972
-3.00743731118848
-3.00743731118848
-3.00743731118848
-3.00743731118848
-3.0209843261037435
-3.0209843261037435
-3.00743731118848
-3.00743731118848
-3.0209843261037435
-3.00743731118848
-3.00743731118848
-3.00743731118848
-3.00743731118848
-3.170001490171641
-3.0616253708495336
71.02699920072612
71.86691412547246
68.64272457563976
66.97644174106236
67.2202880095371
96.10252380887873
90.3314954549765
82.89418426649688
77.63794247937467
77.19089098717099
73.6280260644567
69.45554547055556
66.97644174106236
67.28802308411342
91.27978649904495
94.58525813836921
84.8855954590406
78.04435292683257
77.20443800208625
75.22657382445779
70.7018708427598
68.15503203869028
66.47520218919762
88.19106709836488
103.10633052006992
87.12085292005908
80.72666188005473
78.85717382174839
77.71922456886625
73.50610293021933
70.09225517157294
67.54541636750342
69.90259696275926
97.85008873294771
92.25517157294391
83.02965441564952
80.00867008954577
79.2229432244605
75.185932779712
72.0701193492014
69.42845144072504
74.64405218310146
104.52876708617258
97.06436186786243
84.4791850115827
80.29315740276631
80.1847812834442
75.22657382445779
71.2572984542856
68.4801603966566
70.36319546987822
99.99051708955932
92.95961634853761
81.28208949158054
