94.23303575057237
94.23303575057237
94.23303575057237
94.23303575057237
94.23303575057237
94.23303575057237
94.23303575057237
94.23303575057237
93.08153948277499
89.2206402319249
89.2206402319249
89.2206402319249
89.2206402319249
89.2206402319249
89.2206402319249
89.2206402319249
89.2206402319249
89.84380291802702
91.22559843938389
91.22559843938389
91.22559843938389
91.22559843938389
91.22559843938389
91.22559843938389
91.22559843938389
91.22559843938389
91.4423506780281
92.22807754311339
92.22807754311339
92.22807754311339
92.22807754311339
92.22807754311339
92.22807754311339
92.22807754311339
92.22807754311339
93.63696709430079
94.23303575057237
94.23303575057237
94.23303575057237
94.23303575057237
94.23303575057237
94.23303575057237
94.23303575057237
94.23303575057237
93.86726634786025
93.23055664684287
93.23055664684287
93.23055664684287
93.23055664684287
93.23055664684287
93.23055664684287
93.23055664684287
93.23055664684287
93.27119769158867
94.23303575057237
94.23303575057237
94.23303575057237
94.23303575057237
94.23303575057237
94.23303575057237
94.23303575057237
94.23303575057237
94.13820664616553
93.23055664684287
93.23055664684287
93.23055664684287
93.23055664684287
93.23055664684287
93.23055664684287
93.23055664684287
93.23055664684287
93.23055664684287
93.23055664684287
93.23055664684287
93.23055664684287
93.23055664684287
93.23055664684287
93.23055664684287
93.23055664684287
93.23055664684287
93.23055664684287
93.23055664684287
93.23055664684287
93.9620954522671
94.23303575057237
94.23303575057237
94.23303575057237
94.23303575057237
94.23303575057237
94.23303575057237
94.23303575057237
94.23303575057237
94.23303575057237
94.23303575057237
94.23303575057237
94.23303575057237
94.23303575057237
94.23303575057237
94.23303575057237
94.23303575057237
94.23303575057237
94.23303575057237
94.23303575057237
92.93252231870709
90.2231193356544
90.2231193356544
90.2231193356544
90.2231193356544
90.2231193356544
90.2231193356544
90.2231193356544
90.2231193356544
90.2231193356544
90.2231193356544
90.83273500684125
91.22559843938389
91.22559843938389
91.22559843938389
91.22559843938389
91.22559843938389
91.22559843938389
91.22559843938389
91.22559843938389
91.22559843938389
91.22559843938389
92.95961634853761
93.23055664684287
93.23055664684287
93.23055664684287
93.23055664684287
93.23055664684287
93.23055664684287
93.23055664684287
93.23055664684287
93.23055664684287
91.4423506780281
90.2231193356544
90.2231193356544
90.2231193356544
90.2231193356544
90.2231193356544
90.2231193356544
90.2231193356544
90.2231193356544
90.2231193356544
90.81918799192599
91.22559843938389
91.22559843938389
91.22559843938389
91.22559843938389
91.22559843938389
91.22559843938389
91.22559843938389
91.22559843938389
91.22559843938389
91.22559843938389
91.22559843938389
91.22559843938389
91.22559843938389
91.22559843938389
91.22559843938389
91.22559843938389
91.22559843938389
91.22559843938389
91.22559843938389
91.22559843938389
92.30935963260497
93.23055664684287
93.23055664684287
93.23055664684287
93.23055664684287
93.23055664684287
93.23055664684287
93.23055664684287
93.23055664684287
93.23055664684287
93.23055664684287
93.23055664684287
93.23055664684287
93.23055664684287
93.23055664684287
93.23055664684287
93.23055664684287
93.23055664684287
93.23055664684287
93.23055664684287
93.23055664684287
93.23055664684287
93.23055664684287
93.23055664684287
93.23055664684287
93.23055664684287
93.23055664684287
93.23055664684287
93.23055664684287
93.84017231802973
94.23303575057237
94.23303575057237
94.23303575057237
94.23303575057237
94.23303575057237
94.23303575057237
94.23303575057237
94.23303575057237
94.23303575057237
94.16530067599605
93.23055664684287
93.23055664684287
93.23055664684287
93.23055664684287
93.23055664684287
93.23055664684287
93.23055664684287
93.23055664684287
93.23055664684287
93.23055664684287
94.17884769091131
94.23303575057237
94.23303575057237
94.23303575057237
94.23303575057237
94.23303575057237
94.23303575057237
94.23303575057237
94.23303575057237
94.23303575057237
93.01380440819867
91.22559843938389
91.22559843938389
91.22559843938389
91.22559843938389
91.22559843938389
91.22559843938389
91.22559843938389
91.22559843938389
91.22559843938389
91.22559843938389
89.70833276887439
89.2206402319249
89.2206402319249
89.2206402319249
89.2206402319249
89.2206402319249
89.2206402319249
89.2206402319249
89.2206402319249
89.2206402319249
89.2206402319249
89.2206402319249
89.2206402319249
89.2206402319249
89.2206402319249
89.2206402319249
89.2206402319249
89.2206402319249
89.2206402319249
89.2206402319249
89.70833276887439
90.2231193356544
90.2231193356544
90.2231193356544
90.2231193356544
90.2231193356544
90.2231193356544
90.2231193356544
90.2231193356544
90.2231193356544
91.76747903599443
92.22807754311339
92.22807754311339
92.22807754311339
92.22807754311339
92.22807754311339
92.22807754311339
92.22807754311339
92.22807754311339
91.80812008074022
91.22559843938389
91.22559843938389
91.22559843938389
91.22559843938389
91.22559843938389
91.22559843938389
91.22559843938389
91.22559843938389
91.86230814040127
92.22807754311339
92.22807754311339
92.22807754311339
92.22807754311339
92.22807754311339
92.22807754311339
92.22807754311339
92.22807754311339
93.01380440819867
94.23303575057237
94.23303575057237
94.23303575057237
94.23303575057237
94.23303575057237
94.23303575057237
94.23303575057237
94.26012978040289
95.23551485430187
95.23551485430187
95.23551485430187
95.23551485430187
95.23551485430187
95.23551485430187
95.23551485430187
95.23551485430187
95.85867754040397
96.23799395803135
96.23799395803135
96.23799395803135
96.23799395803135
96.23799395803135
96.23799395803135
96.23799395803135
96.23799395803135
96.23799395803135
96.23799395803135
96.23799395803135
96.23799395803135
96.23799395803135
96.23799395803135
96.23799395803135
96.23799395803135
96.23799395803135
96.23799395803135
96.23799395803135
96.23799395803135
96.23799395803135
96.23799395803135
96.23799395803135
96.23799395803135
96.23799395803135
96.23799395803135
96.23799395803135
96.23799395803135
96.23799395803135
96.23799395803135
96.23799395803135
96.23799395803135
96.23799395803135
93.14927455735129
92.22807754311339
92.22807754311339
92.22807754311339
92.22807754311339
92.22807754311339
92.22807754311339
93.93500142243657
95.23551485430187
95.23551485430187
95.23551485430187
95.23551485430187
95.23551485430187
95.23551485430187
95.23551485430187
96.53602828616715
98.24295216549034
98.24295216549034
98.24295216549034
98.24295216549034
98.24295216549034
98.24295216549034
98.05329395667665
96.23799395803135
96.23799395803135
96.23799395803135
96.23799395803135
96.23799395803135
96.23799395803135
96.23799395803135
96.23799395803135
95.53354918243765
95.23551485430187
95.23551485430187
95.23551485430187
95.23551485430187
95.23551485430187
95.23551485430187
95.23551485430187
95.23551485430187
95.23551485430187
95.23551485430187
95.23551485430187
95.23551485430187
95.23551485430187
95.23551485430187
95.23551485430187
95.23551485430187
94.59880515328449
94.23303575057237
94.23303575057237
94.23303575057237
94.23303575057237
94.23303575057237
94.23303575057237
94.23303575057237
94.23303575057237
94.23303575057237
93.23055664684287
92.22807754311339
92.22807754311339
92.22807754311339
92.22807754311339
92.22807754311339
92.22807754311339
92.22807754311339
92.22807754311339
92.22807754311339
92.22807754311339
92.22807754311339
92.22807754311339
92.22807754311339
92.22807754311339
92.22807754311339
92.22807754311339
92.22807754311339
92.22807754311339
92.22807754311339
92.22807754311339
91.38816261836705
91.22559843938389
91.22559843938389
91.22559843938389
91.22559843938389
91.22559843938389
91.22559843938389
91.22559843938389
91.22559843938389
91.22559843938389
91.22559843938389
88.50264844141594
88.2181611281954
88.2181611281954
88.2181611281954
88.2181611281954
88.2181611281954
88.2181611281954
88.2181611281954
88.2181611281954
88.2181611281954
88.2181611281954
88.2181611281954
88.2181611281954
88.2181611281954
88.2181611281954
88.2181611281954
88.2181611281954
88.2181611281954
88.2181611281954
88.2181611281954
88.2181611281954
88.2181611281954
88.2181611281954
88.2181611281954
88.2181611281954
88.2181611281954
88.2181611281954
88.2181611281954
88.2181611281954
88.2181611281954
88.2181611281954
88.2181611281954
88.2181611281954
88.2181611281954
88.2181611281954
88.2181611281954
88.2181611281954
88.2181611281954
88.2181611281954
88.2181611281954
88.2181611281954
87.37824620344908
87.21568202446592
87.21568202446592
87.21568202446592
87.21568202446592
87.21568202446592
87.21568202446592
87.21568202446592
87.21568202446592
87.21568202446592
87.21568202446592
86.294485010228
86.21320292073642
86.21320292073642
86.21320292073642
86.21320292073642
86.21320292073642
86.21320292073642
86.21320292073642
86.21320292073642
86.21320292073642
87.13439993497434
87.21568202446592
87.21568202446592
87.21568202446592
87.21568202446592
87.21568202446592
87.21568202446592
87.21568202446592
87.21568202446592
87.21568202446592
87.09375889022854
86.21320292073642
86.21320292073642
86.21320292073642
86.21320292073642
86.21320292073642
86.21320292073642
86.21320292073642
86.21320292073642
86.21320292073642
86.21320292073642
87.4053402332796
88.2181611281954
88.2181611281954
88.2181611281954
88.2181611281954
88.2181611281954
88.2181611281954
88.2181611281954
88.2181611281954
88.2181611281954
88.2181611281954
88.2181611281954
88.2181611281954
88.2181611281954
88.2181611281954
88.2181611281954
88.2181611281954
88.2181611281954
88.2181611281954
89.84380291802702
94.23303575057237
94.23303575057237
94.23303575057237
94.23303575057237
94.23303575057237
94.23303575057237
94.23303575057237
94.23303575057237
94.23303575057237
93.82662530311447
93.23055664684287
93.23055664684287
93.23055664684287
93.23055664684287
93.23055664684287
93.23055664684287
93.23055664684287
93.23055664684287
92.75641112480865
92.22807754311339
92.22807754311339
92.22807754311339
92.22807754311339
92.22807754311339
92.22807754311339
92.22807754311339
92.22807754311339
94.95102754108133
95.23551485430187
95.23551485430187
95.23551485430187
95.23551485430187
95.23551485430187
95.23551485430187
95.23551485430187
96.02124171938715
97.24047306176085
97.24047306176085
97.24047306176085
97.24047306176085
97.24047306176085
97.24047306176085
97.24047306176085
97.24047306176085
96.4818402265061
96.23799395803135
96.23799395803135
96.23799395803135
96.23799395803135
96.23799395803135
96.23799395803135
96.23799395803135
96.23799395803135
95.15423276481029
94.23303575057237
94.23303575057237
94.23303575057237
94.23303575057237
94.23303575057237
94.23303575057237
94.23303575057237
94.23303575057237
94.57171112345395
95.23551485430187
95.23551485430187
95.23551485430187
95.23551485430187
95.23551485430187
95.23551485430187
95.23551485430187
95.23551485430187
95.23551485430187
94.35495888480975
94.23303575057237
94.23303575057237
94.23303575057237
94.23303575057237
94.23303575057237
94.23303575057237
94.23303575057237
94.23303575057237
94.63944619803027
97.24047306176085
97.24047306176085
97.24047306176085
97.24047306176085
97.24047306176085
97.24047306176085
97.24047306176085
97.24047306176085
97.24047306176085
98.08038798650718
99.24543126921984
99.24543126921984
99.24543126921984
99.24543126921984
99.24543126921984
99.24543126921984
99.24543126921984
99.24543126921984
99.24543126921984
99.20479022447405
96.23799395803135
96.23799395803135
96.23799395803135
96.23799395803135
96.23799395803135
96.23799395803135
96.23799395803135
96.23799395803135
96.23799395803135
96.23799395803135
96.23799395803135
96.23799395803135
96.23799395803135
96.23799395803135
96.23799395803135
96.23799395803135
96.23799395803135
96.23799395803135
96.23799395803135
96.77987455464189
97.24047306176085
97.24047306176085
97.24047306176085
97.24047306176085
97.24047306176085
97.24047306176085
97.24047306176085
97.24047306176085
96.60376336074347
96.23799395803135
96.23799395803135
96.23799395803135
96.23799395803135
96.23799395803135
96.23799395803135
96.23799395803135
96.23799395803135
96.50893425633663
97.24047306176085
97.24047306176085
97.24047306176085
97.24047306176085
97.24047306176085
97.24047306176085
97.24047306176085
97.24047306176085
97.94491783735455
99.24543126921984
99.24543126921984
99.24543126921984
99.24543126921984
99.24543126921984
99.24543126921984
99.24543126921984
99.24543126921984
98.75773873227035
97.24047306176085
97.24047306176085
97.24047306176085
97.24047306176085
97.24047306176085
97.24047306176085
97.24047306176085
97.24047306176085
96.23799395803135
95.23551485430187
95.23551485430187
95.23551485430187
95.23551485430187
95.23551485430187
95.23551485430187
95.23551485430187
97.43013127057453
101.25038947667882
101.25038947667882
101.25038947667882
101.25038947667882
101.25038947667882
101.25038947667882
101.25038947667882
101.25038947667882
99.02867903057562
97.24047306176085
97.24047306176085
97.24047306176085
97.24047306176085
97.24047306176085
97.24047306176085
97.24047306176085
98.08038798650718
99.24543126921984
99.24543126921984
99.24543126921984
99.24543126921984
99.24543126921984
99.24543126921984
99.24543126921984
99.24543126921984
98.75773873227035
98.24295216549034
98.24295216549034
98.24295216549034
98.24295216549034
98.24295216549034
98.24295216549034
98.24295216549034
102.71346708752728
103.2553476841378
103.2553476841378
103.2553476841378
103.2553476841378
103.2553476841378
103.2553476841378
103.2553476841378
103.2553476841378
104.962271563461
106.26278499532629
106.26278499532629
106.26278499532629
106.26278499532629
106.26278499532629
106.26278499532629
106.26278499532629
104.63714320549468
100.24791037294933
100.24791037294933
100.24791037294933
100.24791037294933
100.24791037294933
100.24791037294933
100.24791037294933
96.04833574921767
95.23551485430187
95.23551485430187
95.23551485430187
95.23551485430187
95.23551485430187
95.23551485430187
95.23551485430187
95.23551485430187
95.23551485430187
95.23551485430187
95.23551485430187
95.23551485430187
95.23551485430187
95.23551485430187
95.23551485430187
95.23551485430187
95.23551485430187
95.23551485430187
95.23551485430187
95.23551485430187
95.23551485430187
95.23551485430187
95.23551485430187
95.23551485430187
95.23551485430187
95.23551485430187
95.23551485430187
95.23551485430187
95.23551485430187
95.23551485430187
95.23551485430187
95.23551485430187
95.23551485430187
95.23551485430187
95.23551485430187
81.07888426785159
0.0
0.0
0.0
0.0
0.0
0.0
0.0
0.0
0.0
0.0
0.0
0.0
0.0
-2.438462684747416
-4.009916414917973
-4.009916414917973
-4.009916414917973
-4.009916414917973
-4.009916414917973
-4.009916414917973
-4.009916414917973
-4.009916414917973
-4.009916414917973
-4.009916414917973
-4.009916414917973
-4.009916414917973
-4.009916414917973
-4.009916414917973
-4.009916414917973
-4.009916414917973
-4.009916414917973
-4.009916414917973
-4.009916414917973
-4.009916414917973
-4.009916414917973
-4.009916414917973
-4.009916414917973
-4.009916414917973
-4.009916414917973
-4.009916414917973
-4.009916414917973
-4.009916414917973
-4.009916414917973
-4.009916414917973
-3.2106425349174312
-3.00743731118848
-3.00743731118848
-3.4815828332226997
-4.009916414917973
-4.009916414917973
-4.009916414917973
-4.009916414917973
-4.009916414917973
-4.009916414917973
-3.291924624409012
-3.00743731118848
-3.00743731118848
-3.00743731118848
-3.00743731118848
-3.00743731118848
-3.00743731118848
-3.00743731118848
-3.00743731118848
-3.00743731118848
-3.00743731118848
-3.00743731118848
-3.00743731118848
-3.00743731118848
-3.00743731118848
-3.00743731118848
-3.00743731118848
-3.00743731118848
-3.00743731118848
-3.00743731118848
-3.00743731118848
-3.00743731118848
-3.00743731118848
-3.00743731118848
-3.00743731118848
-3.00743731118848
-3.00743731118848
-3.00743731118848
-3.00743731118848
-3.00743731118848
-3.00743731118848
-3.00743731118848
-3.00743731118848
-3.00743731118848
-3.00743731118848
-3.00743731118848
-3.00743731118848
-3.00743731118848
-3.00743731118848
-3.00743731118848
-3.1429074603411142
-4.009916414917973
-4.009916414917973
-4.009916414917973
-4.009916414917973
-3.6576940271211242
-3.00743731118848
-3.00743731118848
-3.00743731118848
-3.00743731118848
-3.00743731118848
-3.00743731118848
-3.00743731118848
-3.00743731118848
-3.00743731118848
-3.00743731118848
-3.00743731118848
-3.00743731118848
-3.00743731118848
-3.00743731118848
-3.00743731118848
-3.00743731118848
-3.00743731118848
-3.00743731118848
-3.00743731118848
-3.00743731118848
-3.4680358183074365
-4.009916414917973
-4.009916414917973
-4.009916414917973
-4.009916414917973
-4.009916414917973
-4.009916414917973
-4.009916414917973
-4.009916414917973
-4.009916414917973
-4.009916414917973
-4.009916414917973
-4.009916414917973
-4.009916414917973
-4.009916414917973
-4.009916414917973
-4.009916414917973
-4.009916414917973
-4.009916414917973
-4.009916414917973
-4.009916414917973
-4.009916414917973
-4.009916414917973
-4.009916414917973
-4.009916414917973
-4.009916414917973
-4.009916414917973
-4.009916414917973
-4.009916414917973
-4.009916414917973
-2.113334326781094
0.0
0.0
0.0
0.8805559694921224
65.16114174241706
65.16114174241706
65.16114174241706
65.16114174241706
65.16114174241706
65.16114174241706
65.16114174241706
65.16114174241706
65.77075741360392
68.16857905360554
68.16857905360554
68.16857905360554
68.16857905360554
68.16857905360554
68.16857905360554
68.16857905360554
68.16857905360554
68.16857905360554
68.16857905360554
68.16857905360554
68.16857905360554
