3.018027685373967
3.018027685373967
3.018027685373967
3.018027685373967
3.018027685373967
3.018027685373967
3.018027685373967
3.018027685373967
3.018027685373967
3.018027685373967
3.018027685373967
3.018027685373967
3.018027685373967
3.018027685373967
3.018027685373967
3.018027685373967
3.018027685373967
3.018027685373967
3.018027685373967
3.018027685373967
3.018027685373967
3.018027685373967
3.018027685373967
3.018027685373967
3.018027685373967
3.018027685373967
3.018027685373967
3.018027685373967
3.018027685373967
3.018027685373967
3.018027685373967
3.018027685373967
3.018027685373967
3.018027685373967
3.018027685373967
3.018027685373967
3.018027685373967
3.018027685373967
3.018027685373967
3.018027685373967
3.018027685373967
3.018027685373967
3.018027685373967
3.018027685373967
3.018027685373967
3.018027685373967
3.018027685373967
3.018027685373967
3.018027685373967
3.018027685373967
3.018027685373967
3.018027685373967
3.018027685373967
3.018027685373967
3.018027685373967
3.018027685373967
3.018027685373967
3.018027685373967
3.018027685373967
3.018027685373967
3.018027685373967
3.018027685373967
3.018027685373967
3.018027685373967
3.018027685373967
3.018027685373967
3.018027685373967
3.018027685373967
3.018027685373967
3.018027685373967
3.018027685373967
3.018027685373967
3.018027685373967
3.018027685373967
3.018027685373967
3.018027685373967
3.018027685373967
3.018027685373967
3.018027685373967
3.018027685373967
3.018027685373967
3.018027685373967
3.018027685373967
3.018027685373967
3.018027685373967
3.018027685373967
3.018027685373967
3.018027685373967
4.493507887112351
8.048073827663911
8.048073827663911
8.048073827663911
8.048073827663911
8.048073827663911
8.048073827663911
8.048073827663911
8.048073827663911
8.048073827663911
8.048073827663911
8.048073827663911
8.048073827663911
8.048073827663911
8.048073827663911
8.048073827663911
8.048073827663911
8.048073827663911
8.048073827663911
8.048073827663911
8.048073827663911
8.048073827663911
8.048073827663911
8.048073827663911
8.048073827663911
8.048073827663911
8.048073827663911
8.048073827663911
8.048073827663911
8.048073827663911
8.048073827663911
14.097542654791285
19.11417534070179
19.11417534070179
19.11417534070179
19.11417534070179
19.11417534070179
19.11417534070179
19.11417534070179
19.11417534070179
19.11417534070179
19.11417534070179
19.11417534070179
19.11417534070179
19.11417534070179
19.11417534070179
19.11417534070179
19.11417534070179
19.11417534070179
19.11417534070179
19.11417534070179
19.11417534070179
19.11417534070179
19.11417534070179
19.11417534070179
19.11417534070179
19.11417534070179
19.11417534070179
19.11417534070179
19.11417534070179
19.11417534070179
19.11417534070179
19.11417534070179
19.11417534070179
19.11417534070179
19.11417534070179
19.11417534070179
19.11417534070179
19.11417534070179
19.11417534070179
19.11417534070179
19.11417534070179
19.11417534070179
19.11417534070179
19.11417534070179
19.11417534070179
19.11417534070179
19.11417534070179
19.11417534070179
19.11417534070179
19.11417534070179
19.11417534070179
19.11417534070179
19.11417534070179
19.11417534070179
19.11417534070179
19.11417534070179
19.11417534070179
19.11417534070179
19.11417534070179
19.11417534070179
19.11417534070179
19.11417534070179
19.11417534070179
19.11417534070179
19.11417534070179
12.917158493400578
12.072110741495868
12.072110741495868
12.072110741495868
12.072110741495868
12.072110741495868
12.072110741495868
12.072110741495868
12.072110741495868
12.072110741495868
12.072110741495868
12.072110741495868
12.072110741495868
12.072110741495868
12.072110741495868
12.072110741495868
12.072110741495868
12.072110741495868
12.072110741495868
12.072110741495868
12.072110741495868
12.072110741495868
12.072110741495868
12.072110741495868
12.072110741495868
12.072110741495868
12.072110741495868
12.072110741495868
12.072110741495868
12.072110741495868
12.072110741495868
12.072110741495868
12.072110741495868
12.072110741495868
12.072110741495868
12.072110741495868
12.072110741495868
12.072110741495868
12.072110741495868
12.072110741495868
12.072110741495868
12.072110741495868
12.072110741495868
12.072110741495868
12.072110741495868
12.072110741495868
12.072110741495868
12.072110741495868
12.072110741495868
12.072110741495868
12.072110741495868
12.072110741495868
12.072110741495868
12.072110741495868
12.072110741495868
12.072110741495868
12.072110741495868
12.072110741495868
12.072110741495868
12.072110741495868
12.072110741495868
12.072110741495868
12.072110741495868
12.072110741495868
12.072110741495868
12.072110741495868
12.072110741495868
12.072110741495868
12.072110741495868
12.072110741495868
12.072110741495868
12.072110741495868
12.072110741495868
12.072110741495868
12.072110741495868
12.072110741495868
12.072110741495868
12.072110741495868
12.072110741495868
12.072110741495868
12.072110741495868
12.072110741495868
12.072110741495868
12.072110741495868
12.072110741495868
12.072110741495868
12.072110741495868
12.072110741495868
12.072110741495868
12.072110741495868
12.072110741495868
12.072110741495868
12.072110741495868
12.072110741495868
12.072110741495868
12.072110741495868
12.072110741495868
12.072110741495868
12.072110741495868
12.072110741495868
12.072110741495868
12.072110741495868
12.072110741495868
12.072110741495868
12.072110741495868
12.072110741495868
12.072110741495868
12.072110741495868
12.072110741495868
12.072110741495868
12.072110741495868
12.072110741495868
12.072110741495868
12.072110741495868
12.072110741495868
12.072110741495868
12.072110741495868
12.072110741495868
12.072110741495868
12.072110741495868
12.072110741495868
12.072110741495868
12.072110741495868
12.072110741495868
12.072110741495868
12.072110741495868
12.072110741495868
12.072110741495868
12.072110741495868
12.072110741495868
12.072110741495868
12.072110741495868
12.072110741495868
12.072110741495868
12.072110741495868
12.072110741495868
12.072110741495868
12.072110741495868
12.072110741495868
12.072110741495868
12.072110741495868
12.072110741495868
12.072110741495868
12.072110741495868
12.072110741495868
12.072110741495868
12.072110741495868
12.072110741495868
12.072110741495868
12.072110741495868
12.072110741495868
12.072110741495868
12.072110741495868
12.072110741495868
12.072110741495868
12.072110741495868
12.072110741495868
12.072110741495868
12.072110741495868
12.072110741495868
12.072110741495868
12.072110741495868
12.072110741495868
12.072110741495868
12.072110741495868
12.072110741495868
12.072110741495868
12.072110741495868
12.072110741495868
12.072110741495868
12.072110741495868
12.072110741495868
12.072110741495868
9.1211503380191
7.042064599205923
7.042064599205923
7.042064599205923
7.042064599205923
7.042064599205923
7.042064599205923
7.042064599205923
7.042064599205923
7.042064599205923
7.042064599205923
7.042064599205923
7.042064599205923
7.042064599205923
7.042064599205923
7.042064599205923
7.042064599205923
7.042064599205923
7.042064599205923
7.042064599205923
7.042064599205923
7.042064599205923
7.042064599205923
7.042064599205923
7.042064599205923
7.042064599205923
7.042064599205923
7.042064599205923
7.042064599205923
7.042064599205923
7.042064599205923
7.042064599205923
7.042064599205923
7.042064599205923
7.042064599205923
7.042064599205923
7.042064599205923
7.042064599205923
11.05268805665844
20.12018456915978
20.12018456915978
20.12018456915978
20.12018456915978
20.12018456915978
20.12018456915978
20.12018456915978
20.12018456915978
20.12018456915978
20.12018456915978
20.12018456915978
20.12018456915978
20.12018456915978
20.12018456915978
20.12018456915978
20.12018456915978
20.12018456915978
20.12018456915978
20.12018456915978
20.12018456915978
20.12018456915978
20.12018456915978
20.12018456915978
20.12018456915978
20.12018456915978
20.12018456915978
20.12018456915978
20.12018456915978
20.12018456915978
20.12018456915978
20.12018456915978
20.12018456915978
20.12018456915978
20.12018456915978
20.12018456915978
20.12018456915978
20.12018456915978
20.12018456915978
20.12018456915978
20.12018456915978
20.12018456915978
20.12018456915978
20.12018456915978
20.12018456915978
20.12018456915978
20.12018456915978
20.12018456915978
20.12018456915978
20.12018456915978
20.12018456915978
20.12018456915978
20.12018456915978
20.12018456915978
20.12018456915978
20.12018456915978
20.12018456915978
20.12018456915978
20.12018456915978
20.12018456915978
20.12018456915978
20.12018456915978
20.12018456915978
20.12018456915978
20.12018456915978
20.12018456915978
20.12018456915978
20.12018456915978
16.981435776370855
11.066101513037879
11.066101513037879
11.066101513037879
11.066101513037879
11.066101513037879
11.066101513037879
11.066101513037879
11.066101513037879
11.066101513037879
11.066101513037879
11.066101513037879
11.066101513037879
11.066101513037879
11.066101513037879
11.066101513037879
11.066101513037879
11.066101513037879
11.066101513037879
11.066101513037879
11.066101513037879
11.066101513037879
11.066101513037879
11.066101513037879
11.066101513037879
11.066101513037879
11.066101513037879
11.066101513037879
11.066101513037879
11.066101513037879
11.066101513037879
11.066101513037879
11.066101513037879
11.066101513037879
11.066101513037879
11.066101513037879
11.066101513037879
11.066101513037879
11.066101513037879
11.066101513037879
11.066101513037879
11.066101513037879
11.066101513037879
11.066101513037879
11.066101513037879
11.066101513037879
11.066101513037879
11.066101513037879
11.066101513037879
11.066101513037879
11.066101513037879
11.066101513037879
11.066101513037879
11.066101513037879
11.066101513037879
11.066101513037879
11.066101513037879
11.066101513037879
11.066101513037879
11.066101513037879
11.066101513037879
11.066101513037879
11.066101513037879
11.066101513037879
11.066101513037879
11.066101513037879
11.066101513037879
11.066101513037879
11.066101513037879
11.066101513037879
11.066101513037879
11.066101513037879
11.066101513037879
10.542976714239725
10.06009228457989
10.06009228457989
10.06009228457989
10.06009228457989
10.06009228457989
10.06009228457989
10.06009228457989
10.06009228457989
10.06009228457989
10.06009228457989
10.06009228457989
10.06009228457989
10.06009228457989
10.06009228457989
10.06009228457989
10.06009228457989
10.06009228457989
10.06009228457989
10.06009228457989
10.06009228457989
10.06009228457989
10.06009228457989
10.06009228457989
10.06009228457989
10.06009228457989
10.06009228457989
10.06009228457989
10.06009228457989
10.06009228457989
10.06009228457989
10.06009228457989
10.06009228457989
10.06009228457989
10.06009228457989
10.06009228457989
10.06009228457989
17.035089601888615
20.12018456915978
20.12018456915978
20.12018456915978
20.12018456915978
20.12018456915978
20.12018456915978
20.12018456915978
20.12018456915978
20.12018456915978
20.12018456915978
20.12018456915978
20.12018456915978
20.12018456915978
20.12018456915978
20.12018456915978
20.12018456915978
20.12018456915978
20.12018456915978
20.12018456915978
20.12018456915978
20.12018456915978
20.12018456915978
20.12018456915978
20.12018456915978
20.12018456915978
20.12018456915978
20.12018456915978
20.12018456915978
20.12018456915978
20.12018456915978
20.12018456915978
20.12018456915978
20.12018456915978
20.12018456915978
20.12018456915978
20.12018456915978
20.12018456915978
20.12018456915978
20.12018456915978
20.12018456915978
20.12018456915978
20.12018456915978
20.12018456915978
20.12018456915978
20.12018456915978
20.12018456915978
20.12018456915978
20.12018456915978
20.12018456915978
20.12018456915978
20.12018456915978
20.12018456915978
20.12018456915978
20.12018456915978
20.12018456915978
20.12018456915978
20.12018456915978
20.12018456915978
20.12018456915978
20.12018456915978
20.12018456915978
20.12018456915978
20.12018456915978
20.12018456915978
20.12018456915978
17.772829702757804
13.078119969953857
13.078119969953857
13.078119969953857
13.078119969953857
13.078119969953857
13.078119969953857
13.078119969953857
13.078119969953857
13.078119969953857
13.078119969953857
13.078119969953857
13.078119969953857
13.078119969953857
13.078119969953857
13.078119969953857
13.078119969953857
13.078119969953857
13.078119969953857
13.078119969953857
13.078119969953857
13.078119969953857
13.078119969953857
13.078119969953857
13.078119969953857
13.078119969953857
13.078119969953857
13.078119969953857
13.078119969953857
13.078119969953857
13.078119969953857
13.078119969953857
13.078119969953857
13.078119969953857
13.078119969953857
13.078119969953857
13.078119969953857
13.078119969953857
13.078119969953857
13.078119969953857
13.078119969953857
13.078119969953857
13.078119969953857
13.078119969953857
13.078119969953857
13.078119969953857
13.078119969953857
13.078119969953857
13.078119969953857
13.078119969953857
13.078119969953857
13.078119969953857
13.078119969953857
13.078119969953857
13.078119969953857
13.078119969953857
13.078119969953857
13.078119969953857
13.078119969953857
13.078119969953857
13.078119969953857
13.078119969953857
13.078119969953857
13.078119969953857
13.078119969953857
13.078119969953857
13.078119969953857
13.078119969953857
13.078119969953857
13.078119969953857
13.078119969953857
13.078119969953857
13.078119969953857
13.078119969953857
13.078119969953857
13.078119969953857
13.078119969953857
13.078119969953857
13.078119969953857
13.078119969953857
11.146582251314518
9.0540830561219
9.0540830561219
9.0540830561219
9.0540830561219
9.0540830561219
9.0540830561219
9.0540830561219
9.0540830561219
9.0540830561219
9.0540830561219
9.0540830561219
9.0540830561219
9.0540830561219
9.0540830561219
9.0540830561219
9.0540830561219
9.0540830561219
9.0540830561219
9.0540830561219
9.0540830561219
9.0540830561219
9.0540830561219
9.0540830561219
9.0540830561219
9.0540830561219
9.0540830561219
9.0540830561219
9.0540830561219
9.0540830561219
9.0540830561219
9.0540830561219
9.0540830561219
9.0540830561219
9.0540830561219
9.0540830561219
9.0540830561219
9.0540830561219
10.127159566477088
19.11417534070179
19.11417534070179
19.11417534070179
19.11417534070179
19.11417534070179
19.11417534070179
19.11417534070179
19.11417534070179
19.11417534070179
19.11417534070179
19.11417534070179
19.11417534070179
19.11417534070179
19.11417534070179
19.11417534070179
19.11417534070179
19.11417534070179
19.11417534070179
19.11417534070179
19.11417534070179
19.11417534070179
19.11417534070179
19.11417534070179
19.11417534070179
19.11417534070179
19.11417534070179
19.11417534070179
19.11417534070179
19.11417534070179
19.11417534070179
19.11417534070179
19.11417534070179
19.11417534070179
19.11417534070179
19.11417534070179
19.11417534070179
19.11417534070179
19.11417534070179
19.11417534070179
19.11417534070179
19.11417534070179
19.11417534070179
19.11417534070179
19.11417534070179
19.11417534070179
19.11417534070179
19.11417534070179
19.11417534070179
19.11417534070179
19.11417534070179
19.11417534070179
19.11417534070179
19.11417534070179
19.11417534070179
19.11417534070179
19.11417534070179
19.11417534070179
19.11417534070179
19.11417534070179
19.11417534070179
19.11417534070179
19.11417534070179
19.11417534070179
19.11417534070179
19.11417534070179
19.11417534070179
19.11417534070179
19.11417534070179
19.11417534070179
19.11417534070179
19.11417534070179
19.11417534070179
19.11417534070179
19.11417534070179
19.11417534070179
19.11417534070179
19.11417534070179
19.11417534070179
19.11417534070179
19.11417534070179
19.11417534070179
19.11417534070179
19.11417534070179
19.11417534070179
19.11417534070179
19.11417534070179
19.11417534070179
19.11417534070179
19.11417534070179
19.11417534070179
19.11417534070179
19.11417534070179
19.11417534070179
19.11417534070179
19.11417534070179
19.11417534070179
19.11417534070179
19.11417534070179
19.11417534070179
19.11417534070179
19.11417534070179
19.11417534070179
19.11417534070179
19.11417534070179
19.11417534070179
19.11417534070179
19.11417534070179
12.997639231677217
11.066101513037879
11.066101513037879
11.066101513037879
11.066101513037879
11.066101513037879
11.066101513037879
11.066101513037879
11.066101513037879
11.066101513037879
11.066101513037879
11.066101513037879
11.066101513037879
11.066101513037879
11.066101513037879
11.066101513037879
11.066101513037879
11.066101513037879
11.066101513037879
11.066101513037879
11.066101513037879
11.066101513037879
11.066101513037879
11.066101513037879
11.066101513037879
11.066101513037879
11.066101513037879
11.066101513037879
11.066101513037879
11.066101513037879
11.066101513037879
11.066101513037879
11.066101513037879
11.066101513037879
11.066101513037879
11.066101513037879
11.066101513037879
11.066101513037879
11.066101513037879
11.066101513037879
11.066101513037879
11.066101513037879
11.066101513037879
11.066101513037879
11.066101513037879
11.066101513037879
11.066101513037879
11.066101513037879
11.066101513037879
13.480523661337052
15.090138426869835
15.090138426869835
15.090138426869835
15.090138426869835
15.090138426869835
15.090138426869835
15.090138426869835
15.090138426869835
15.090138426869835
15.090138426869835
15.090138426869835
15.090138426869835
15.090138426869835
15.090138426869835
15.090138426869835
15.090138426869835
15.090138426869835
15.090138426869835
15.090138426869835
15.090138426869835
15.090138426869835
15.090138426869835
15.090138426869835
15.090138426869835
15.090138426869835
15.090138426869835
15.090138426869835
15.090138426869835
15.090138426869835
15.090138426869835
15.090138426869835
15.090138426869835
15.090138426869835
15.090138426869835
15.090138426869835
15.090138426869835
15.090138426869835
15.090138426869835
15.090138426869835
15.090138426869835
15.090138426869835
15.090138426869835
15.090138426869835
15.090138426869835
15.090138426869835
15.090138426869835
15.090138426869835
15.626676682047428
16.096147655327822
16.096147655327822
16.096147655327822
16.096147655327822
16.096147655327822
16.096147655327822
16.096147655327822
16.096147655327822
16.096147655327822
16.096147655327822
16.096147655327822
16.096147655327822
16.096147655327822
16.096147655327822
16.096147655327822
16.096147655327822
16.096147655327822
