5.017326500849601
5.017326500849601
5.017326500849601
5.017326500849601
5.017326500849601
5.017326500849601
5.017326500849601
5.017326500849601
5.017326500849601
5.017326500849601
5.017326500849601
5.017326500849601
5.017326500849601
5.017326500849601
5.017326500849601
5.017326500849601
5.017326500849601
5.017326500849601
5.017326500849601
5.017326500849601
5.017326500849601
5.017326500849601
5.017326500849601
5.017326500849601
5.017326500849601
5.017326500849601
5.017326500849601
5.017326500849601
5.017326500849601
5.017326500849601
5.017326500849601
5.017326500849601
5.017326500849601
5.017326500849601
5.017326500849601
5.017326500849601
5.017326500849601
5.017326500849601
5.017326500849601
5.017326500849601
5.017326500849601
5.017326500849601
5.017326500849601
5.017326500849601
5.017326500849601
5.017326500849601
5.017326500849601
5.017326500849601
5.017326500849601
5.017326500849601
5.017326500849601
5.017326500849601
5.017326500849601
5.017326500849601
5.017326500849601
5.017326500849601
5.017326500849601
5.017326500849601
5.017326500849601
5.017326500849601
5.017326500849601
5.017326500849601
5.017326500849601
5.017326500849601
5.017326500849601
5.017326500849601
5.017326500849601
5.017326500849601
5.017326500849601
5.017326500849601
5.017326500849601
5.017326500849601
5.017326500849601
5.017326500849601
5.017326500849601
5.017326500849601
5.017326500849601
5.017326500849601
5.017326500849601
5.017326500849601
5.044085575520799
5.846857815656735
6.020791801019521
6.020791801019521
5.137742336869991
5.017326500849601
5.017326500849601
5.017326500849601
5.017326500849601
5.017326500849601
5.017326500849601
5.017326500849601
5.017326500849601
5.017326500849601
5.017326500849601
5.017326500849601
5.017326500849601
5.017326500849601
5.017326500849601
5.017326500849601
5.017326500849601
5.017326500849601
5.017326500849601
5.017326500849601
5.017326500849601
5.017326500849601
5.017326500849601
5.017326500849601
5.017326500849601
5.017326500849601
5.017326500849601
5.017326500849601
5.017326500849601
5.017326500849601
5.017326500849601
5.017326500849601
5.017326500849601
5.017326500849601
5.017326500849601
5.017326500849601
5.017326500849601
5.017326500849601
5.017326500849601
5.017326500849601
5.017326500849601
5.017326500849601
5.017326500849601
5.017326500849601
5.017326500849601
5.017326500849601
5.017326500849601
5.017326500849601
5.017326500849601
5.017326500849601
5.017326500849601
5.017326500849601
5.017326500849601
5.017326500849601
5.017326500849601
5.017326500849601
5.017326500849601
5.017326500849601
5.017326500849601
5.017326500849601
5.017326500849601
5.017326500849601
5.017326500849601
5.017326500849601
5.017326500849601
5.017326500849601
5.017326500849601
5.017326500849601
5.017326500849601
5.017326500849601
5.017326500849601
5.017326500849601
5.017326500849601
5.017326500849601
5.017326500849601
5.017326500849601
5.017326500849601
5.017326500849601
5.017326500849601
5.017326500849601
5.017326500849601
5.017326500849601
5.017326500849601
5.017326500849601
5.017326500849601
5.017326500849601
5.017326500849601
5.017326500849601
5.017326500849601
5.017326500849601
5.017326500849601
5.017326500849601
5.017326500849601
5.017326500849601
5.017326500849601
5.017326500849601
5.017326500849601
5.017326500849601
5.017326500849601
5.017326500849601
5.017326500849601
5.017326500849601
5.017326500849601
5.017326500849601
5.017326500849601
5.017326500849601
5.017326500849601
5.017326500849601
5.017326500849601
5.017326500849601
5.017326500849601
5.017326500849601
5.017326500849601
5.017326500849601
5.017326500849601
5.017326500849601
5.017326500849601
5.017326500849601
5.017326500849601
5.017326500849601
5.017326500849601
5.017326500849601
5.017326500849601
5.017326500849601
5.017326500849601
5.017326500849601
5.017326500849601
5.017326500849601
5.017326500849601
5.017326500849601
5.017326500849601
5.017326500849601
5.017326500849601
5.017326500849601
5.017326500849601
5.017326500849601
5.017326500849601
5.044085575520799
5.686303367629548
6.020791801019521
6.020791801019521
6.020791801019521
6.020791801019521
6.007412263683922
5.017326500849601
5.017326500849601
5.017326500849601
5.017326500849601
5.017326500849601
5.017326500849601
5.017326500849601
5.017326500849601
5.017326500849601
5.017326500849601
5.017326500849601
5.017326500849601
5.017326500849601
5.017326500849601
5.017326500849601
5.017326500849601
5.017326500849601
5.017326500849601
5.017326500849601
5.017326500849601
5.017326500849601
5.017326500849601
5.017326500849601
5.017326500849601
5.017326500849601
5.017326500849601
5.017326500849601
5.017326500849601
5.017326500849601
5.017326500849601
5.017326500849601
5.017326500849601
5.017326500849601
5.017326500849601
5.017326500849601
5.017326500849601
5.017326500849601
5.017326500849601
5.017326500849601
5.017326500849601
5.017326500849601
5.017326500849601
5.017326500849601
5.017326500849601
5.017326500849601
5.017326500849601
5.017326500849601
5.017326500849601
5.017326500849601
5.017326500849601
5.017326500849601
5.017326500849601
5.017326500849601
5.017326500849601
5.017326500849601
5.017326500849601
5.017326500849601
5.017326500849601
5.017326500849601
5.017326500849601
5.017326500849601
5.017326500849601
5.017326500849601
5.017326500849601
5.017326500849601
5.017326500849601
5.017326500849601
5.017326500849601
5.017326500849601
5.017326500849601
5.017326500849601
5.017326500849601
5.017326500849601
5.017326500849601
5.017326500849601
5.017326500849601
5.017326500849601
5.017326500849601
5.017326500849601
5.017326500849601
5.017326500849601
5.017326500849601
5.017326500849601
5.017326500849601
5.017326500849601
5.017326500849601
5.017326500849601
5.766580591643141
6.020791801019521
6.020791801019521
6.020791801019521
6.020791801019521
5.6996829049651465
5.017326500849601
5.017326500849601
5.017326500849601
5.017326500849601
5.017326500849601
5.017326500849601
5.017326500849601
5.017326500849601
5.017326500849601
5.017326500849601
5.017326500849601
5.017326500849601
5.017326500849601
5.017326500849601
5.017326500849601
5.017326500849601
5.017326500849601
5.017326500849601
5.017326500849601
5.017326500849601
5.017326500849601
5.017326500849601
5.017326500849601
5.017326500849601
5.017326500849601
5.017326500849601
5.017326500849601
5.017326500849601
5.017326500849601
5.017326500849601
5.017326500849601
5.017326500849601
5.017326500849601
5.017326500849601
5.017326500849601
5.017326500849601
5.017326500849601
5.017326500849601
5.017326500849601
5.017326500849601
5.017326500849601
5.017326500849601
5.017326500849601
5.017326500849601
5.338435396903975
6.020791801019521
6.020791801019521
6.020791801019521
6.020791801019521
6.020791801019521
6.020791801019521
6.020791801019521
6.020791801019521
6.020791801019521
5.726441979636344
5.017326500849601
5.017326500849601
5.017326500849601
5.017326500849601
5.017326500849601
5.017326500849601
5.017326500849601
5.017326500849601
5.017326500849601
5.017326500849601
5.017326500849601
5.017326500849601
5.017326500849601
5.017326500849601
5.017326500849601
5.017326500849601
5.017326500849601
5.017326500849601
5.017326500849601
5.017326500849601
5.017326500849601
5.017326500849601
5.017326500849601
5.017326500849601
5.017326500849601
5.017326500849601
5.017326500849601
5.017326500849601
5.017326500849601
5.017326500849601
5.017326500849601
5.017326500849601
5.017326500849601
5.017326500849601
5.017326500849601
5.017326500849601
5.017326500849601
5.017326500849601
5.017326500849601
5.017326500849601
5.017326500849601
5.017326500849601
5.806719203649938
6.020791801019521
5.258158172890382
5.017326500849601
5.017326500849601
5.017326500849601
5.017326500849601
5.017326500849601
5.017326500849601
5.017326500849601
5.017326500849601
5.017326500849601
5.017326500849601
5.017326500849601
5.017326500849601
5.017326500849601
5.017326500849601
5.017326500849601
5.017326500849601
5.017326500849601
5.017326500849601
5.017326500849601
5.017326500849601
5.017326500849601
5.017326500849601
5.017326500849601
5.017326500849601
5.017326500849601
5.017326500849601
5.017326500849601
5.017326500849601
5.017326500849601
5.017326500849601
5.017326500849601
5.017326500849601
5.017326500849601
5.017326500849601
5.017326500849601
5.017326500849601
5.017326500849601
5.017326500849601
5.017326500849601
5.017326500849601
5.017326500849601
5.017326500849601
5.017326500849601
5.017326500849601
5.017326500849601
5.017326500849601
5.017326500849601
5.017326500849601
5.017326500849601
5.017326500849601
5.017326500849601
5.017326500849601
5.017326500849601
5.017326500849601
5.017326500849601
5.017326500849601
5.017326500849601
5.017326500849601
5.017326500849601
5.017326500849601
5.017326500849601
5.017326500849601
5.017326500849601
5.017326500849601
5.017326500849601
5.017326500849601
5.017326500849601
5.017326500849601
5.017326500849601
5.017326500849601
5.017326500849601
5.017326500849601
5.017326500849601
5.017326500849601
5.017326500849601
5.017326500849601
5.017326500849601
5.017326500849601
5.017326500849601
5.017326500849601
5.017326500849601
5.017326500849601
5.017326500849601
5.017326500849601
5.017326500849601
5.017326500849601
5.017326500849601
5.084224187527595
6.020791801019521
6.020791801019521
6.020791801019521
5.097603724863195
5.017326500849601
5.017326500849601
5.017326500849601
5.017326500849601
5.017326500849601
5.017326500849601
5.017326500849601
5.017326500849601
5.017326500849601
5.017326500849601
5.017326500849601
5.017326500849601
5.017326500849601
5.017326500849601
5.017326500849601
5.017326500849601
5.017326500849601
5.017326500849601
5.017326500849601
5.017326500849601
5.017326500849601
5.017326500849601
5.017326500849601
5.017326500849601
5.017326500849601
5.017326500849601
5.017326500849601
5.017326500849601
5.017326500849601
5.017326500849601
5.017326500849601
5.017326500849601
5.017326500849601
5.017326500849601
5.017326500849601
5.017326500849601
5.017326500849601
5.017326500849601
5.017326500849601
5.271537710225981
6.020791801019521
6.020791801019521
6.020791801019521
6.020791801019521
5.6595442929583495
5.017326500849601
5.017326500849601
5.017326500849601
5.017326500849601
5.017326500849601
5.017326500849601
5.017326500849601
5.017326500849601
5.017326500849601
5.017326500849601
5.017326500849601
5.017326500849601
5.017326500849601
5.017326500849601
5.017326500849601
5.017326500849601
5.017326500849601
5.017326500849601
5.017326500849601
5.017326500849601
5.017326500849601
5.017326500849601
5.017326500849601
5.017326500849601
5.017326500849601
5.017326500849601
5.017326500849601
5.017326500849601
5.017326500849601
5.017326500849601
5.017326500849601
5.017326500849601
5.017326500849601
5.017326500849601
5.017326500849601
5.017326500849601
5.017326500849601
5.204640023547986
6.020791801019521
6.020791801019521
6.020791801019521
6.020791801019521
6.020791801019521
6.020791801019521
6.020791801019521
6.020791801019521
6.020791801019521
5.632785218287152
5.017326500849601
5.017326500849601
5.017326500849601
5.017326500849601
5.017326500849601
5.017326500849601
5.017326500849601
5.017326500849601
5.017326500849601
5.017326500849601
5.017326500849601
5.017326500849601
5.017326500849601
5.017326500849601
5.017326500849601
5.017326500849601
5.017326500849601
5.017326500849601
5.017326500849601
5.017326500849601
5.017326500849601
5.017326500849601
5.017326500849601
5.017326500849601
5.017326500849601
5.017326500849601
5.017326500849601
5.017326500849601
5.017326500849601
5.017326500849601
5.017326500849601
5.017326500849601
5.017326500849601
5.017326500849601
5.017326500849601
5.070844650191996
5.9137555023347295
6.020791801019521
6.020791801019521
6.020791801019521
5.485610307595564
5.017326500849601
5.017326500849601
5.017326500849601
5.017326500849601
5.017326500849601
5.017326500849601
5.017326500849601
5.017326500849601
5.017326500849601
5.017326500849601
5.017326500849601
5.017326500849601
5.017326500849601
5.017326500849601
5.017326500849601
5.017326500849601
5.017326500849601
5.017326500849601
5.017326500849601
5.017326500849601
5.017326500849601
5.017326500849601
5.017326500849601
5.017326500849601
5.017326500849601
5.017326500849601
5.017326500849601
5.017326500849601
5.017326500849601
5.030706038185199
5.860237352992334
6.020791801019521
6.020791801019521
6.020791801019521
6.020791801019521
6.020791801019521
6.020791801019521
6.020791801019521
6.020791801019521
6.020791801019521
6.020791801019521
5.806719203649938
5.017326500849601
5.017326500849601
5.017326500849601
5.017326500849601
5.017326500849601
5.017326500849601
5.017326500849601
5.017326500849601
5.017326500849601
5.017326500849601
5.017326500849601
5.017326500849601
5.017326500849601
5.017326500849601
5.017326500849601
5.017326500849601
5.017326500849601
5.017326500849601
5.017326500849601
5.017326500849601
5.017326500849601
5.017326500849601
5.017326500849601
5.017326500849601
5.017326500849601
5.017326500849601
5.017326500849601
5.017326500849601
5.017326500849601
5.017326500849601
5.017326500849601
5.017326500849601
5.017326500849601
5.017326500849601
5.391953546246371
6.020791801019521
6.020791801019521
6.020791801019521
6.020791801019521
6.020791801019521
6.020791801019521
6.020791801019521
6.020791801019521
6.020791801019521
6.020791801019521
5.7398215169719435
5.017326500849601
5.017326500849601
5.017326500849601
5.017326500849601
5.017326500849601
5.017326500849601
5.017326500849601
5.017326500849601
5.017326500849601
5.017326500849601
5.017326500849601
5.017326500849601
5.017326500849601
5.017326500849601
5.017326500849601
5.017326500849601
5.017326500849601
5.017326500849601
5.017326500849601
5.017326500849601
5.017326500849601
5.017326500849601
5.017326500849601
5.017326500849601
5.017326500849601
5.017326500849601
5.017326500849601
5.017326500849601
5.017326500849601
5.017326500849601
5.017326500849601
5.017326500849601
5.017326500849601
5.017326500849601
5.017326500849601
5.686303367629548
6.020791801019521
6.020791801019521
6.020791801019521
6.020791801019521
6.020791801019521
6.020791801019521
6.020791801019521
6.020791801019521
6.020791801019521
6.020791801019521
6.020791801019521
6.020791801019521
6.020791801019521
5.6996829049651465
5.017326500849601
5.017326500849601
5.017326500849601
5.017326500849601
5.017326500849601
5.017326500849601
5.017326500849601
5.017326500849601
5.017326500849601
5.017326500849601
5.017326500849601
5.017326500849601
5.017326500849601
5.017326500849601
5.017326500849601
5.017326500849601
5.017326500849601
5.017326500849601
5.017326500849601
5.017326500849601
5.017326500849601
5.017326500849601
5.017326500849601
5.017326500849601
5.017326500849601
5.017326500849601
5.017326500849601
5.017326500849601
5.017326500849601
5.017326500849601
5.017326500849601
5.686303367629548
6.020791801019521
6.020791801019521
6.020791801019521
6.020791801019521
6.020791801019521
6.020791801019521
6.020791801019521
6.020791801019521
5.713062442300745
5.017326500849601
5.017326500849601
5.017326500849601
5.017326500849601
5.017326500849601
5.017326500849601
5.017326500849601
5.017326500849601
5.017326500849601
5.017326500849601
5.017326500849601
5.017326500849601
5.017326500849601
5.017326500849601
5.017326500849601
5.017326500849601
5.017326500849601
5.017326500849601
5.017326500849601
5.017326500849601
5.017326500849601
5.017326500849601
5.017326500849601
5.017326500849601
5.017326500849601
5.017326500849601
5.017326500849601
5.017326500849601
5.017326500849601
5.017326500849601
5.017326500849601
5.017326500849601
5.391953546246371
6.020791801019521
6.020791801019521
6.020791801019521
6.020791801019521
6.020791801019521
6.020791801019521
6.020791801019521
6.020791801019521
6.020791801019521
6.020791801019521
6.020791801019521
5.552507994273558
5.017326500849601
5.017326500849601
5.017326500849601
5.017326500849601
5.017326500849601
5.017326500849601
5.017326500849601
5.017326500849601
5.017326500849601
5.017326500849601
5.017326500849601
5.017326500849601
5.017326500849601
5.017326500849601
5.017326500849601
5.017326500849601
5.017326500849601
5.017326500849601
5.017326500849601
5.017326500849601
5.017326500849601
5.017326500849601
5.017326500849601
5.017326500849601
5.017326500849601
5.017326500849601
5.017326500849601
5.017326500849601
5.017326500849601
5.017326500849601
5.017326500849601
5.017326500849601
5.017326500849601
5.017326500849601
5.017326500849601
5.017326500849601
5.017326500849601
5.017326500849601
5.017326500849601
5.017326500849601
5.017326500849601
5.017326500849601
5.017326500849601
5.017326500849601
5.017326500849601
5.017326500849601
5.017326500849601
5.017326500849601
5.017326500849601
5.017326500849601
5.017326500849601
5.017326500849601
5.017326500849601
5.017326500849601
5.017326500849601
5.017326500849601
5.017326500849601
5.017326500849601
5.017326500849601
5.017326500849601
5.017326500849601
5.097603724863195
6.020791801019521
6.020791801019521
6.020791801019521
6.020791801019521
6.020791801019521
6.020791801019521
6.020791801019521
6.020791801019521
6.020791801019521
6.020791801019521
6.020791801019521
5.672923830293948
5.017326500849601
5.017326500849601
5.017326500849601
5.017326500849601
5.017326500849601
5.017326500849601
5.017326500849601
5.017326500849601
5.017326500849601
5.017326500849601
5.017326500849601
5.017326500849601
5.017326500849601
5.017326500849601
5.017326500849601
5.017326500849601
5.017326500849601
5.017326500849601
5.017326500849601
5.017326500849601
5.017326500849601
5.017326500849601
5.017326500849601
5.017326500849601
5.017326500849601
5.191260486212387
6.020791801019521
6.020791801019521
6.020791801019521
6.020791801019521
6.020791801019521
6.020791801019521
6.020791801019521
6.020791801019521
6.020791801019521
6.020791801019521
5.820098740985537
5.017326500849601
