92.01571189670594
92.01571189670594
92.01571189670594
92.01571189670594
92.01571189670594
92.01571189670594
92.01571189670594
92.01571189670594
92.01571189670594
92.01571189670594
92.01571189670594
92.01571189670594
92.01571189670594
92.01571189670594
93.96025356823397
94.03803523509508
94.03803523509508
94.03803523509508
94.03803523509508
94.03803523509508
94.03803523509508
94.03803523509508
94.03803523509508
94.03803523509508
94.03803523509508
94.03803523509508
94.03803523509508
94.03803523509508
94.03803523509508
94.03803523509508
94.03803523509508
94.03803523509508
94.03803523509508
94.03803523509508
94.03803523509508
94.03803523509508
94.03803523509508
93.02687356590052
92.01571189670594
92.01571189670594
92.01571189670594
92.01571189670594
92.01571189670594
92.01571189670594
92.01571189670594
92.01571189670594
92.01571189670594
92.01571189670594
92.01571189670594
92.01571189670594
92.01571189670594
92.01571189670594
92.01571189670594
92.01571189670594
92.01571189670594
92.01571189670594
92.01571189670594
92.01571189670594
92.01571189670594
92.01571189670594
92.67685606502548
93.02687356590052
93.02687356590052
93.02687356590052
93.02687356590052
93.02687356590052
93.02687356590052
93.02687356590052
93.02687356590052
93.02687356590052
93.02687356590052
93.02687356590052
93.02687356590052
93.02687356590052
93.02687356590052
93.02687356590052
93.02687356590052
93.02687356590052
93.02687356590052
93.02687356590052
93.02687356590052
93.02687356590052
93.02687356590052
93.02687356590052
93.02687356590052
93.02687356590052
93.02687356590052
93.02687356590052
93.02687356590052
93.02687356590052
93.02687356590052
93.02687356590052
93.02687356590052
93.02687356590052
93.02687356590052
93.02687356590052
93.02687356590052
93.02687356590052
93.02687356590052
93.02687356590052
93.02687356590052
93.02687356590052
93.02687356590052
93.02687356590052
93.02687356590052
93.02687356590052
93.02687356590052
92.56018356473379
91.00455022751137
91.00455022751137
91.00455022751137
91.00455022751137
91.00455022751137
91.00455022751137
91.00455022751137
91.00455022751137
91.00455022751137
91.00455022751137
91.00455022751137
91.00455022751137
91.00455022751137
91.00455022751137
91.00455022751137
91.00455022751137
91.00455022751137
91.00455022751137
91.00455022751137
91.00455022751137
91.00455022751137
91.00455022751137
91.00455022751137
91.00455022751137
92.6379652315949
93.02687356590052
93.02687356590052
93.02687356590052
93.02687356590052
93.02687356590052
93.02687356590052
93.02687356590052
93.02687356590052
93.02687356590052
93.02687356590052
93.02687356590052
93.02687356590052
93.02687356590052
93.02687356590052
93.02687356590052
93.02687356590052
93.02687356590052
93.02687356590052
93.02687356590052
93.02687356590052
93.02687356590052
93.02687356590052
93.02687356590052
93.02687356590052
93.02687356590052
91.23789522809473
91.00455022751137
91.00455022751137
91.00455022751137
91.00455022751137
91.00455022751137
91.00455022751137
91.00455022751137
91.00455022751137
91.00455022751137
91.00455022751137
91.00455022751137
91.00455022751137
91.00455022751137
91.00455022751137
91.00455022751137
91.00455022751137
91.00455022751137
91.00455022751137
91.00455022751137
91.00455022751137
91.00455022751137
91.00455022751137
91.00455022751137
91.00455022751137
91.00455022751137
86.6487768832886
83.92641854314938
83.92641854314938
83.92641854314938
83.92641854314938
83.92641854314938
83.92641854314938
83.92641854314938
83.92641854314938
83.92641854314938
83.92641854314938
83.92641854314938
83.92641854314938
83.92641854314938
83.92641854314938
83.92641854314938
83.92641854314938
83.92641854314938
83.92641854314938
83.92641854314938
83.92641854314938
83.92641854314938
83.92641854314938
83.92641854314938
83.8097460428577
82.9152568739548
82.9152568739548
82.9152568739548
82.9152568739548
82.9152568739548
82.9152568739548
82.9152568739548
82.9152568739548
82.9152568739548
82.9152568739548
82.9152568739548
82.9152568739548
82.9152568739548
82.9152568739548
82.9152568739548
82.9152568739548
82.9152568739548
82.9152568739548
82.9152568739548
82.9152568739548
82.9152568739548
82.9152568739548
82.9152568739548
82.9152568739548
82.9152568739548
84.66534437833002
85.94874188153852
85.94874188153852
85.94874188153852
85.94874188153852
85.94874188153852
85.94874188153852
85.94874188153852
85.94874188153852
85.94874188153852
85.94874188153852
85.94874188153852
85.94874188153852
85.94874188153852
85.94874188153852
85.94874188153852
85.94874188153852
85.94874188153852
85.94874188153852
85.94874188153852
85.94874188153852
85.94874188153852
85.94874188153852
85.94874188153852
85.94874188153852
85.94874188153852
85.94874188153852
85.94874188153852
85.94874188153852
85.94874188153852
85.94874188153852
85.94874188153852
85.94874188153852
85.94874188153852
85.94874188153852
85.94874188153852
85.94874188153852
85.94874188153852
85.94874188153852
85.94874188153852
85.94874188153852
85.94874188153852
85.94874188153852
85.94874188153852
85.94874188153852
85.94874188153852
85.94874188153852
87.19324855131646
87.97106521992767
87.97106521992767
87.97106521992767
87.97106521992767
87.97106521992767
87.97106521992767
87.97106521992767
87.97106521992767
87.97106521992767
87.97106521992767
87.97106521992767
87.97106521992767
87.97106521992767
87.97106521992767
87.97106521992767
87.97106521992767
87.97106521992767
87.97106521992767
87.97106521992767
87.97106521992767
87.97106521992767
87.97106521992767
87.3488118850387
86.95990355073309
86.95990355073309
86.95990355073309
86.95990355073309
86.95990355073309
86.95990355073309
86.95990355073309
86.95990355073309
86.95990355073309
86.95990355073309
86.95990355073309
86.95990355073309
86.95990355073309
86.95990355073309
86.95990355073309
86.95990355073309
86.95990355073309
86.95990355073309
86.95990355073309
86.95990355073309
86.95990355073309
86.95990355073309
86.95990355073309
85.24870687978843
82.9152568739548
82.9152568739548
82.9152568739548
82.9152568739548
82.9152568739548
82.9152568739548
82.9152568739548
82.9152568739548
82.9152568739548
82.9152568739548
82.9152568739548
82.9152568739548
82.9152568739548
82.9152568739548
82.9152568739548
82.9152568739548
82.9152568739548
82.9152568739548
82.9152568739548
82.9152568739548
82.9152568739548
82.9152568739548
82.9152568739548
82.9152568739548
85.24870687978843
85.94874188153852
85.94874188153852
85.94874188153852
85.94874188153852
85.94874188153852
85.94874188153852
85.94874188153852
85.94874188153852
85.94874188153852
85.94874188153852
85.94874188153852
85.94874188153852
85.94874188153852
85.94874188153852
85.94874188153852
85.94874188153852
85.94874188153852
85.94874188153852
85.94874188153852
85.94874188153852
85.94874188153852
85.94874188153852
85.94874188153852
86.6487768832886
86.95990355073309
86.95990355073309
86.95990355073309
86.95990355073309
86.95990355073309
86.95990355073309
86.95990355073309
86.95990355073309
86.95990355073309
86.95990355073309
86.95990355073309
86.95990355073309
86.95990355073309
86.95990355073309
86.95990355073309
86.95990355073309
86.95990355073309
86.95990355073309
86.95990355073309
86.95990355073309
86.95990355073309
86.95990355073309
86.95990355073309
86.37654104927468
85.94874188153852
85.94874188153852
85.94874188153852
85.94874188153852
85.94874188153852
85.94874188153852
85.94874188153852
85.94874188153852
85.94874188153852
85.94874188153852
85.94874188153852
85.94874188153852
85.94874188153852
85.94874188153852
85.94874188153852
85.94874188153852
85.94874188153852
85.94874188153852
85.94874188153852
85.94874188153852
85.94874188153852
85.94874188153852
85.94874188153852
85.94874188153852
85.94874188153852
85.94874188153852
85.94874188153852
85.94874188153852
85.94874188153852
85.94874188153852
85.94874188153852
85.94874188153852
85.94874188153852
85.94874188153852
85.94874188153852
85.94874188153852
85.94874188153852
85.94874188153852
85.94874188153852
85.94874188153852
85.94874188153852
85.94874188153852
85.94874188153852
85.94874188153852
85.94874188153852
85.94874188153852
86.10430521526077
86.95990355073309
86.95990355073309
86.95990355073309
86.95990355073309
86.95990355073309
86.95990355073309
86.95990355073309
86.95990355073309
86.95990355073309
86.95990355073309
86.95990355073309
86.95990355073309
86.95990355073309
86.95990355073309
86.95990355073309
86.95990355073309
86.95990355073309
86.95990355073309
86.95990355073309
86.95990355073309
86.95990355073309
86.95990355073309
86.95990355073309
86.02652354839964
85.94874188153852
85.94874188153852
85.94874188153852
85.94874188153852
85.94874188153852
85.94874188153852
85.94874188153852
85.94874188153852
85.94874188153852
85.94874188153852
85.94874188153852
85.94874188153852
85.94874188153852
85.94874188153852
85.94874188153852
85.94874188153852
85.94874188153852
85.94874188153852
85.94874188153852
85.94874188153852
85.94874188153852
85.94874188153852
85.94874188153852
86.0654143818302
88.98222688912223
88.98222688912223
88.98222688912223
88.98222688912223
88.98222688912223
88.98222688912223
88.98222688912223
88.98222688912223
88.98222688912223
88.98222688912223
88.98222688912223
88.98222688912223
88.98222688912223
88.98222688912223
88.98222688912223
88.98222688912223
88.98222688912223
88.98222688912223
88.98222688912223
88.98222688912223
88.98222688912223
88.98222688912223
88.98222688912223
88.98222688912223
88.98222688912223
88.98222688912223
88.98222688912223
88.98222688912223
88.98222688912223
88.98222688912223
88.98222688912223
88.98222688912223
88.98222688912223
88.98222688912223
88.98222688912223
88.98222688912223
88.98222688912223
88.98222688912223
88.98222688912223
88.98222688912223
88.98222688912223
88.98222688912223
88.98222688912223
88.98222688912223
88.35997355423326
86.95990355073309
86.95990355073309
86.95990355073309
86.95990355073309
86.95990355073309
86.95990355073309
86.95990355073309
86.95990355073309
86.95990355073309
86.95990355073309
86.95990355073309
86.95990355073309
86.95990355073309
86.95990355073309
86.95990355073309
86.95990355073309
86.95990355073309
86.95990355073309
86.95990355073309
86.95990355073309
86.95990355073309
86.95990355073309
86.95990355073309
86.95990355073309
86.95990355073309
86.95990355073309
86.95990355073309
86.95990355073309
86.95990355073309
86.95990355073309
86.95990355073309
86.95990355073309
86.95990355073309
86.95990355073309
86.95990355073309
86.95990355073309
86.95990355073309
86.95990355073309
86.95990355073309
86.95990355073309
86.95990355073309
86.95990355073309
86.95990355073309
86.95990355073309
88.82666355539999
91.00455022751137
91.00455022751137
91.00455022751137
91.00455022751137
91.00455022751137
91.00455022751137
91.00455022751137
91.00455022751137
91.00455022751137
91.00455022751137
91.00455022751137
91.00455022751137
91.00455022751137
91.00455022751137
91.00455022751137
91.00455022751137
91.00455022751137
91.00455022751137
91.00455022751137
91.08233189437249
93.02687356590052
93.02687356590052
93.02687356590052
93.02687356590052
93.02687356590052
93.02687356590052
93.02687356590052
93.02687356590052
93.02687356590052
93.02687356590052
93.02687356590052
93.02687356590052
93.02687356590052
93.02687356590052
93.02687356590052
93.02687356590052
93.02687356590052
93.02687356590052
93.02687356590052
93.02687356590052
93.02687356590052
89.9933885583168
89.9933885583168
89.9933885583168
89.9933885583168
89.9933885583168
89.9933885583168
89.9933885583168
89.9933885583168
89.9933885583168
89.9933885583168
89.9933885583168
89.9933885583168
89.9933885583168
89.9933885583168
89.9933885583168
89.9933885583168
89.9933885583168
89.9933885583168
89.9933885583168
89.9933885583168
89.9933885583168
87.19324855131646
86.95990355073309
86.95990355073309
86.95990355073309
86.95990355073309
86.95990355073309
86.95990355073309
86.95990355073309
86.95990355073309
86.95990355073309
86.95990355073309
86.95990355073309
86.95990355073309
86.95990355073309
86.95990355073309
86.95990355073309
86.95990355073309
86.95990355073309
86.95990355073309
86.95990355073309
86.95990355073309
86.95990355073309
86.95990355073309
88.04884688678878
88.98222688912223
88.98222688912223
88.98222688912223
88.98222688912223
88.98222688912223
88.98222688912223
88.98222688912223
88.98222688912223
88.98222688912223
88.98222688912223
88.98222688912223
88.98222688912223
88.98222688912223
88.98222688912223
88.98222688912223
88.98222688912223
88.98222688912223
88.98222688912223
88.98222688912223
88.98222688912223
88.59331855481662
83.92641854314938
83.92641854314938
83.92641854314938
83.92641854314938
83.92641854314938
83.92641854314938
83.92641854314938
83.92641854314938
83.92641854314938
83.92641854314938
83.92641854314938
83.92641854314938
83.92641854314938
83.92641854314938
83.92641854314938
83.92641854314938
83.92641854314938
83.92641854314938
83.92641854314938
83.92641854314938
83.92641854314938
83.92641854314938
86.95990355073309
89.9933885583168
89.9933885583168
89.9933885583168
89.9933885583168
89.9933885583168
89.9933885583168
89.9933885583168
89.9933885583168
89.9933885583168
89.9933885583168
89.9933885583168
89.9933885583168
89.9933885583168
89.9933885583168
89.9933885583168
89.9933885583168
89.9933885583168
89.9933885583168
89.9933885583168
89.9933885583168
89.9933885583168
88.74888188853886
87.97106521992767
87.97106521992767
87.97106521992767
87.97106521992767
87.97106521992767
87.97106521992767
87.97106521992767
87.97106521992767
87.97106521992767
87.97106521992767
87.97106521992767
87.97106521992767
87.97106521992767
87.97106521992767
87.97106521992767
87.97106521992767
87.97106521992767
87.97106521992767
87.97106521992767
87.97106521992767
87.97106521992767
87.58215688562206
86.95990355073309
86.95990355073309
86.95990355073309
86.95990355073309
86.95990355073309
86.95990355073309
86.95990355073309
86.95990355073309
86.95990355073309
86.95990355073309
86.95990355073309
86.95990355073309
86.95990355073309
86.95990355073309
86.95990355073309
86.95990355073309
86.95990355073309
86.95990355073309
86.95990355073309
86.95990355073309
86.95990355073309
86.95990355073309
86.95990355073309
86.95990355073309
86.95990355073309
86.95990355073309
86.95990355073309
86.95990355073309
86.95990355073309
86.95990355073309
86.95990355073309
86.95990355073309
86.95990355073309
86.95990355073309
86.95990355073309
86.95990355073309
86.95990355073309
86.95990355073309
86.95990355073309
86.95990355073309
86.95990355073309
86.95990355073309
86.95990355073309
86.95990355073309
86.95990355073309
86.95990355073309
86.95990355073309
86.95990355073309
86.02652354839964
85.94874188153852
85.94874188153852
85.94874188153852
85.94874188153852
85.94874188153852
85.94874188153852
85.94874188153852
85.94874188153852
85.94874188153852
85.94874188153852
85.94874188153852
85.94874188153852
85.94874188153852
85.94874188153852
85.94874188153852
85.94874188153852
85.94874188153852
85.94874188153852
85.94874188153852
85.94874188153852
85.94874188153852
85.94874188153852
85.94874188153852
83.26527437482984
82.9152568739548
82.9152568739548
82.9152568739548
82.9152568739548
82.9152568739548
82.9152568739548
82.9152568739548
82.9152568739548
82.9152568739548
82.9152568739548
82.9152568739548
82.9152568739548
82.9152568739548
82.9152568739548
82.9152568739548
82.9152568739548
82.9152568739548
82.9152568739548
82.9152568739548
82.9152568739548
82.9152568739548
82.9152568739548
82.9152568739548
83.6152918757049
84.93758021234395
84.93758021234395
84.93758021234395
84.93758021234395
84.93758021234395
84.93758021234395
84.93758021234395
84.93758021234395
84.93758021234395
84.93758021234395
84.93758021234395
84.93758021234395
84.93758021234395
84.93758021234395
84.93758021234395
84.93758021234395
84.93758021234395
84.93758021234395
84.93758021234395
84.93758021234395
84.93758021234395
84.93758021234395
84.93758021234395
84.93758021234395
86.80434021701085
87.97106521992767
87.97106521992767
87.97106521992767
87.97106521992767
87.97106521992767
87.97106521992767
87.97106521992767
87.97106521992767
87.97106521992767
87.97106521992767
87.97106521992767
87.97106521992767
87.97106521992767
87.97106521992767
87.97106521992767
87.97106521992767
87.97106521992767
87.97106521992767
87.97106521992767
87.97106521992767
87.97106521992767
88.35997355423326
88.98222688912223
88.98222688912223
88.98222688912223
88.98222688912223
88.98222688912223
88.98222688912223
88.98222688912223
88.98222688912223
88.98222688912223
88.98222688912223
88.98222688912223
88.98222688912223
88.98222688912223
88.98222688912223
88.98222688912223
88.98222688912223
88.98222688912223
88.98222688912223
88.98222688912223
88.98222688912223
88.98222688912223
88.98222688912223
88.98222688912223
88.98222688912223
88.98222688912223
88.98222688912223
88.98222688912223
88.98222688912223
88.98222688912223
88.98222688912223
88.98222688912223
88.98222688912223
88.98222688912223
88.98222688912223
88.98222688912223
88.98222688912223
88.98222688912223
88.98222688912223
88.98222688912223
88.98222688912223
88.98222688912223
88.98222688912223
88.98222688912223
88.98222688912223
89.17668105627503
89.9933885583168
89.9933885583168
