87.34372324028087
87.34372324028087
87.34372324028087
87.34372324028087
87.34372324028087
87.34372324028087
87.34372324028087
87.34372324028087
87.34372324028087
87.34372324028087
87.34372324028087
87.34372324028087
87.34372324028087
87.34372324028087
87.34372324028087
87.34372324028087
87.34372324028087
87.34372324028087
87.34372324028087
75.0128446651824
75.0128446651824
75.0128446651824
75.0128446651824
75.0128446651824
75.0128446651824
75.0128446651824
75.0128446651824
75.0128446651824
75.0128446651824
75.0128446651824
75.0128446651824
75.0128446651824
75.0128446651824
75.0128446651824
75.0128446651824
75.0128446651824
75.0128446651824
75.0128446651824
75.0128446651824
75.0128446651824
75.0128446651824
75.0128446651824
75.0128446651824
75.0128446651824
75.0128446651824
75.0128446651824
75.0128446651824
75.0128446651824
75.0128446651824
75.0128446651824
75.0128446651824
75.0128446651824
75.0128446651824
75.0128446651824
75.0128446651824
75.0128446651824
75.0128446651824
75.0128446651824
74.67032026031855
73.98527145059086
73.98527145059086
73.98527145059086
73.98527145059086
73.98527145059086
73.98527145059086
73.98527145059086
73.98527145059086
73.98527145059086
73.98527145059086
73.98527145059086
73.98527145059086
73.98527145059086
73.98527145059086
73.98527145059086
73.98527145059086
73.98527145059086
73.98527145059086
73.98527145059086
73.98527145059086
73.98527145059086
73.98527145059086
73.98527145059086
73.98527145059086
73.98527145059086
73.98527145059086
73.98527145059086
73.98527145059086
73.98527145059086
73.98527145059086
73.98527145059086
73.98527145059086
73.98527145059086
73.98527145059086
73.98527145059086
73.98527145059086
73.98527145059086
73.98527145059086
73.98527145059086
73.98527145059086
72.61517383113546
71.93012502140778
71.93012502140778
71.93012502140778
71.93012502140778
71.93012502140778
71.93012502140778
71.93012502140778
71.93012502140778
71.93012502140778
71.93012502140778
71.93012502140778
71.93012502140778
71.93012502140778
71.93012502140778
71.93012502140778
71.93012502140778
71.93012502140778
71.93012502140778
71.93012502140778
71.93012502140778
71.93012502140778
71.93012502140778
71.93012502140778
71.93012502140778
71.93012502140778
71.93012502140778
71.93012502140778
71.93012502140778
71.93012502140778
71.93012502140778
71.93012502140778
71.93012502140778
71.93012502140778
71.93012502140778
71.93012502140778
71.93012502140778
71.93012502140778
71.93012502140778
71.93012502140778
71.93012502140778
71.93012502140778
71.93012502140778
71.58760061654394
70.90255180681623
70.90255180681623
70.90255180681623
70.90255180681623
70.90255180681623
70.90255180681623
70.90255180681623
70.90255180681623
70.90255180681623
70.90255180681623
70.90255180681623
70.90255180681623
70.90255180681623
70.90255180681623
70.90255180681623
70.90255180681623
70.90255180681623
70.90255180681623
70.90255180681623
70.90255180681623
70.90255180681623
70.90255180681623
70.90255180681623
70.90255180681623
70.90255180681623
70.90255180681623
70.90255180681623
70.90255180681623
70.90255180681623
70.90255180681623
70.90255180681623
70.90255180681623
70.90255180681623
70.90255180681623
70.90255180681623
70.90255180681623
70.90255180681623
70.90255180681623
70.90255180681623
70.90255180681623
70.90255180681623
70.90255180681623
70.90255180681623
70.90255180681623
70.90255180681623
70.90255180681623
70.90255180681623
70.90255180681623
70.90255180681623
70.90255180681623
70.90255180681623
70.90255180681623
70.90255180681623
70.90255180681623
70.90255180681623
70.90255180681623
70.90255180681623
70.90255180681623
70.90255180681623
70.90255180681623
70.90255180681623
70.90255180681623
70.90255180681623
70.90255180681623
70.90255180681623
70.90255180681623
70.90255180681623
70.90255180681623
70.90255180681623
70.90255180681623
70.90255180681623
70.90255180681623
70.90255180681623
70.90255180681623
70.90255180681623
70.90255180681623
70.90255180681623
70.90255180681623
70.90255180681623
71.70177541816521
72.95769823599932
72.95769823599932
72.95769823599932
72.95769823599932
72.95769823599932
72.95769823599932
72.95769823599932
72.95769823599932
72.95769823599932
72.95769823599932
72.95769823599932
72.95769823599932
72.95769823599932
72.95769823599932
72.95769823599932
72.95769823599932
72.95769823599932
72.95769823599932
72.95769823599932
72.95769823599932
72.95769823599932
72.95769823599932
72.95769823599932
72.95769823599932
72.95769823599932
72.95769823599932
72.95769823599932
72.95769823599932
72.95769823599932
72.95769823599932
72.95769823599932
72.95769823599932
72.95769823599932
72.95769823599932
72.95769823599932
72.95769823599932
72.95769823599932
72.95769823599932
72.7864360335674
71.93012502140778
71.93012502140778
71.93012502140778
71.93012502140778
71.93012502140778
71.93012502140778
71.93012502140778
71.93012502140778
71.93012502140778
71.93012502140778
71.93012502140778
71.93012502140778
71.93012502140778
71.93012502140778
71.93012502140778
71.93012502140778
71.93012502140778
71.93012502140778
71.93012502140778
71.93012502140778
71.93012502140778
71.93012502140778
71.93012502140778
71.93012502140778
71.93012502140778
73.81400924815894
75.0128446651824
75.0128446651824
75.0128446651824
75.0128446651824
75.0128446651824
75.0128446651824
75.0128446651824
75.0128446651824
75.0128446651824
75.0128446651824
75.0128446651824
75.0128446651824
75.0128446651824
75.0128446651824
75.0128446651824
75.0128446651824
75.0128446651824
75.0128446651824
75.0128446651824
75.0128446651824
75.0128446651824
75.0128446651824
75.0128446651824
75.0128446651824
75.0128446651824
75.0128446651824
75.0128446651824
75.0128446651824
75.0128446651824
75.0128446651824
75.0128446651824
75.0128446651824
75.0128446651824
75.0128446651824
75.0128446651824
75.0128446651824
75.0128446651824
75.0128446651824
75.0128446651824
75.0128446651824
75.0128446651824
75.0128446651824
75.0128446651824
75.0128446651824
75.0128446651824
75.0128446651824
75.0128446651824
75.0128446651824
75.0128446651824
75.0128446651824
75.0128446651824
75.0128446651824
75.0128446651824
70.21750299708854
62.68196609008392
62.68196609008392
62.68196609008392
62.68196609008392
62.68196609008392
62.68196609008392
62.68196609008392
62.68196609008392
62.68196609008392
62.68196609008392
62.68196609008392
62.68196609008392
62.68196609008392
62.68196609008392
62.68196609008392
62.68196609008392
62.68196609008392
62.68196609008392
62.68196609008392
62.68196609008392
62.68196609008392
62.68196609008392
62.68196609008392
62.68196609008392
62.68196609008392
62.68196609008392
62.68196609008392
62.68196609008392
62.68196609008392
62.68196609008392
62.68196609008392
62.68196609008392
62.68196609008392
62.68196609008392
62.68196609008392
62.68196609008392
62.68196609008392
62.68196609008392
62.68196609008392
62.68196609008392
62.68196609008392
62.68196609008392
62.68196609008392
62.68196609008392
62.68196609008392
62.68196609008392
62.68196609008392
62.68196609008392
62.68196609008392
62.68196609008392
62.68196609008392
62.68196609008392
62.68196609008392
62.68196609008392
62.68196609008392
62.68196609008392
62.68196609008392
62.68196609008392
62.68196609008392
62.68196609008392
62.68196609008392
62.68196609008392
62.68196609008392
62.68196609008392
62.68196609008392
62.68196609008392
62.68196609008392
62.68196609008392
62.68196609008392
62.68196609008392
62.68196609008392
62.68196609008392
62.967403094137126
63.70953930467546
63.70953930467546
63.70953930467546
63.70953930467546
63.70953930467546
63.70953930467546
63.70953930467546
63.70953930467546
63.70953930467546
63.70953930467546
63.70953930467546
63.70953930467546
63.70953930467546
63.70953930467546
63.70953930467546
63.70953930467546
63.70953930467546
63.70953930467546
63.70953930467546
63.70953930467546
63.70953930467546
63.70953930467546
63.70953930467546
63.70953930467546
63.70953930467546
63.70953930467546
63.70953930467546
63.70953930467546
63.70953930467546
63.70953930467546
63.70953930467546
63.70953930467546
63.70953930467546
63.70953930467546
63.08157789575841
62.68196609008392
62.68196609008392
62.68196609008392
62.68196609008392
62.68196609008392
62.68196609008392
62.68196609008392
62.68196609008392
62.68196609008392
62.68196609008392
62.68196609008392
62.68196609008392
62.68196609008392
62.68196609008392
62.68196609008392
62.68196609008392
62.68196609008392
62.68196609008392
62.68196609008392
62.68196609008392
62.68196609008392
62.68196609008392
62.68196609008392
62.68196609008392
62.68196609008392
62.68196609008392
62.68196609008392
62.68196609008392
62.68196609008392
62.68196609008392
62.68196609008392
62.68196609008392
62.68196609008392
62.68196609008392
62.68196609008392
62.68196609008392
65.07963692413085
65.76468573385854
65.76468573385854
65.76468573385854
65.76468573385854
65.76468573385854
65.76468573385854
65.76468573385854
65.76468573385854
65.76468573385854
65.76468573385854
65.76468573385854
65.76468573385854
65.76468573385854
65.76468573385854
65.76468573385854
65.76468573385854
65.76468573385854
65.76468573385854
65.76468573385854
65.76468573385854
65.76468573385854
65.76468573385854
65.76468573385854
65.76468573385854
65.76468573385854
65.76468573385854
65.76468573385854
65.76468573385854
65.76468573385854
65.76468573385854
65.76468573385854
65.76468573385854
65.87886053547982
66.79225894845008
66.79225894845008
66.79225894845008
66.79225894845008
66.79225894845008
66.79225894845008
66.79225894845008
66.79225894845008
66.79225894845008
66.79225894845008
66.79225894845008
66.79225894845008
66.79225894845008
66.79225894845008
66.79225894845008
66.79225894845008
66.79225894845008
66.79225894845008
66.79225894845008
66.79225894845008
66.79225894845008
66.79225894845008
66.79225894845008
66.79225894845008
66.79225894845008
66.79225894845008
66.79225894845008
66.79225894845008
66.79225894845008
66.79225894845008
66.79225894845008
66.79225894845008
66.79225894845008
66.79225894845008
66.79225894845008
66.79225894845008
66.62099674601815
65.76468573385854
65.76468573385854
65.76468573385854
65.76468573385854
65.76468573385854
65.76468573385854
65.76468573385854
65.76468573385854
65.76468573385854
65.76468573385854
65.76468573385854
65.76468573385854
65.76468573385854
65.76468573385854
65.76468573385854
65.76468573385854
65.76468573385854
65.76468573385854
65.76468573385854
65.76468573385854
65.76468573385854
65.76468573385854
65.76468573385854
65.76468573385854
65.76468573385854
65.76468573385854
65.76468573385854
65.76468573385854
65.76468573385854
65.76468573385854
65.76468573385854
65.76468573385854
65.76468573385854
65.76468573385854
65.76468573385854
65.76468573385854
65.30798652737342
64.737112519267
64.737112519267
64.737112519267
64.737112519267
64.737112519267
64.737112519267
64.737112519267
64.737112519267
64.737112519267
64.737112519267
64.737112519267
64.737112519267
64.737112519267
64.737112519267
64.737112519267
64.737112519267
64.737112519267
64.737112519267
64.737112519267
64.737112519267
64.737112519267
64.737112519267
64.737112519267
64.737112519267
64.737112519267
64.737112519267
64.737112519267
64.737112519267
64.737112519267
64.737112519267
64.737112519267
64.737112519267
64.737112519267
64.737112519267
64.737112519267
64.737112519267
64.737112519267
64.737112519267
64.737112519267
64.737112519267
64.737112519267
64.737112519267
64.737112519267
64.737112519267
64.737112519267
64.737112519267
64.737112519267
64.737112519267
66.27847234115431
73.98527145059086
73.98527145059086
73.98527145059086
73.98527145059086
73.98527145059086
73.98527145059086
73.98527145059086
73.98527145059086
73.98527145059086
73.98527145059086
73.98527145059086
73.98527145059086
73.98527145059086
73.98527145059086
73.98527145059086
73.98527145059086
73.98527145059086
73.98527145059086
73.98527145059086
73.98527145059086
73.98527145059086
73.98527145059086
67.13478335331392
65.76468573385854
65.76468573385854
65.76468573385854
65.76468573385854
65.76468573385854
65.76468573385854
65.76468573385854
65.76468573385854
65.76468573385854
65.76468573385854
65.76468573385854
65.76468573385854
65.76468573385854
65.76468573385854
65.76468573385854
65.76468573385854
65.76468573385854
65.76468573385854
65.76468573385854
65.76468573385854
65.76468573385854
65.76468573385854
65.76468573385854
65.76468573385854
65.76468573385854
65.76468573385854
65.76468573385854
65.76468573385854
65.76468573385854
65.76468573385854
65.76468573385854
66.22138494034367
67.81983216304162
67.81983216304162
67.81983216304162
67.81983216304162
67.81983216304162
67.81983216304162
67.81983216304162
67.81983216304162
67.81983216304162
67.81983216304162
67.81983216304162
67.81983216304162
67.81983216304162
67.81983216304162
67.81983216304162
67.81983216304162
67.81983216304162
67.81983216304162
67.81983216304162
67.81983216304162
67.81983216304162
67.81983216304162
67.81983216304162
67.81983216304162
67.81983216304162
67.81983216304162
67.81983216304162
67.81983216304162
67.81983216304162
67.81983216304162
67.81983216304162
67.81983216304162
67.81983216304162
67.81983216304162
67.81983216304162
67.81983216304162
67.81983216304162
70.38876519952046
70.90255180681623
70.90255180681623
70.90255180681623
70.90255180681623
70.90255180681623
70.90255180681623
70.90255180681623
70.90255180681623
70.90255180681623
70.90255180681623
70.90255180681623
70.90255180681623
70.90255180681623
70.90255180681623
70.90255180681623
70.90255180681623
70.90255180681623
70.90255180681623
70.90255180681623
70.90255180681623
70.90255180681623
70.90255180681623
70.90255180681623
70.90255180681623
70.90255180681623
70.90255180681623
70.90255180681623
70.90255180681623
70.90255180681623
70.90255180681623
70.90255180681623
70.90255180681623
70.90255180681623
70.90255180681623
70.90255180681623
72.27264942627163
73.98527145059086
73.98527145059086
73.98527145059086
73.98527145059086
73.98527145059086
73.98527145059086
73.98527145059086
73.98527145059086
73.98527145059086
73.98527145059086
73.98527145059086
73.98527145059086
73.98527145059086
73.98527145059086
73.98527145059086
73.98527145059086
73.98527145059086
73.98527145059086
73.98527145059086
73.98527145059086
73.98527145059086
73.98527145059086
73.98527145059086
73.98527145059086
73.98527145059086
73.98527145059086
73.98527145059086
73.98527145059086
73.98527145059086
73.98527145059086
73.98527145059086
73.98527145059086
73.98527145059086
73.98527145059086
73.98527145059086
73.98527145059086
73.98527145059086
73.98527145059086
73.98527145059086
73.98527145059086
73.98527145059086
73.98527145059086
73.98527145059086
73.98527145059086
73.98527145059086
73.98527145059086
73.98527145059086
73.98527145059086
73.98527145059086
73.98527145059086
73.98527145059086
73.98527145059086
73.98527145059086
73.98527145059086
73.98527145059086
73.98527145059086
73.98527145059086
73.98527145059086
73.98527145059086
73.98527145059086
73.98527145059086
73.98527145059086
73.98527145059086
73.98527145059086
73.98527145059086
73.98527145059086
73.98527145059086
73.98527145059086
73.98527145059086
73.98527145059086
73.98527145059086
73.98527145059086
73.98527145059086
73.98527145059086
73.98527145059086
73.98527145059086
73.98527145059086
73.98527145059086
73.98527145059086
73.98527145059086
73.98527145059086
73.98527145059086
73.98527145059086
73.98527145059086
73.98527145059086
73.98527145059086
73.98527145059086
73.98527145059086
73.98527145059086
73.98527145059086
73.98527145059086
73.98527145059086
73.98527145059086
73.98527145059086
73.98527145059086
73.98527145059086
73.98527145059086
73.98527145059086
73.98527145059086
73.98527145059086
73.98527145059086
73.98527145059086
73.98527145059086
73.98527145059086
73.98527145059086
73.98527145059086
73.98527145059086
73.98527145059086
73.98527145059086
73.98527145059086
73.98527145059086
73.98527145059086
73.98527145059086
73.58565964491638
72.95769823599932
72.95769823599932
72.95769823599932
72.95769823599932
72.95769823599932
72.95769823599932
72.95769823599932
72.95769823599932
72.95769823599932
72.95769823599932
72.95769823599932
72.95769823599932
72.95769823599932
72.95769823599932
72.95769823599932
72.95769823599932
72.95769823599932
72.95769823599932
72.95769823599932
72.95769823599932
72.95769823599932
72.95769823599932
72.95769823599932
72.95769823599932
72.95769823599932
72.95769823599932
72.95769823599932
72.95769823599932
72.95769823599932
72.95769823599932
72.95769823599932
72.95769823599932
72.95769823599932
72.95769823599932
72.95769823599932
