78.02600866955652
78.02600866955652
79.51856968195747
80.02667555851951
80.02667555851951
80.02667555851951
80.02667555851951
80.02667555851951
80.02667555851951
80.02667555851951
80.02667555851951
80.02667555851951
84.47260197843725
90.03001000333444
90.03001000333444
90.03001000333444
90.03001000333444
90.03001000333444
90.03001000333444
90.03001000333444
90.03001000333444
90.03001000333444
90.03001000333444
90.03001000333444
83.17058066974705
78.02600866955652
78.02600866955652
78.02600866955652
78.02600866955652
78.02600866955652
78.02600866955652
78.02600866955652
78.02600866955652
78.02600866955652
78.02600866955652
78.02600866955652
81.027009003001
81.027009003001
81.027009003001
81.027009003001
81.027009003001
81.027009003001
81.027009003001
81.027009003001
81.027009003001
81.027009003001
81.027009003001
80.66180790422204
80.02667555851951
80.02667555851951
80.02667555851951
80.02667555851951
80.02667555851951
80.02667555851951
80.02667555851951
80.02667555851951
80.02667555851951
80.02667555851951
80.02667555851951
79.74086600295337
77.02567522507502
77.02567522507502
77.02567522507502
77.02567522507502
77.02567522507502
77.02567522507502
77.02567522507502
77.02567522507502
77.02567522507502
77.02567522507502
77.02567522507502
77.02567522507502
75.88243700281046
73.02434144714906
73.02434144714906
73.02434144714906
73.02434144714906
73.02434144714906
73.02434144714906
73.02434144714906
73.02434144714906
73.02434144714906
73.02434144714906
73.02434144714906
73.02434144714906
73.02434144714906
73.02434144714906
73.02434144714906
73.02434144714906
73.02434144714906
73.02434144714906
73.02434144714906
73.02434144714906
73.02434144714906
73.02434144714906
73.02434144714906
73.02434144714906
78.35945315105035
80.02667555851951
80.02667555851951
80.02667555851951
80.02667555851951
80.02667555851951
80.02667555851951
80.02667555851951
80.02667555851951
80.02667555851951
80.02667555851951
80.02667555851951
80.02667555851951
73.35778592864288
73.02434144714906
73.02434144714906
73.02434144714906
73.02434144714906
73.02434144714906
73.02434144714906
73.02434144714906
73.02434144714906
73.02434144714906
73.02434144714906
76.32702964480224
81.027009003001
81.027009003001
81.027009003001
81.027009003001
81.027009003001
81.027009003001
81.027009003001
81.027009003001
81.027009003001
81.027009003001
81.027009003001
80.40775496594102
80.02667555851951
80.02667555851951
80.02667555851951
80.02667555851951
80.02667555851951
80.02667555851951
80.02667555851951
80.02667555851951
80.02667555851951
80.02667555851951
80.02667555851951
79.35978659553184
74.02467489163054
74.02467489163054
74.02467489163054
74.02467489163054
74.02467489163054
74.02467489163054
74.02467489163054
74.02467489163054
74.02467489163054
74.02467489163054
74.02467489163054
75.93007192873816
80.02667555851951
80.02667555851951
80.02667555851951
80.02667555851951
80.02667555851951
80.02667555851951
80.02667555851951
80.02667555851951
80.02667555851951
80.02667555851951
80.16958033630257
83.027675891964
83.027675891964
83.027675891964
83.027675891964
83.027675891964
83.027675891964
83.027675891964
83.027675891964
83.027675891964
83.027675891964
83.027675891964
82.154368916623
78.02600866955652
78.02600866955652
78.02600866955652
78.02600866955652
78.02600866955652
78.02600866955652
78.02600866955652
78.02600866955652
78.02600866955652
78.02600866955652
78.02600866955652
81.83680274377173
82.0273424474825
82.0273424474825
82.0273424474825
82.0273424474825
82.0273424474825
82.0273424474825
82.0273424474825
82.0273424474825
82.0273424474825
82.0273424474825
85.77462328712745
86.02867622540847
86.02867622540847
86.02867622540847
86.02867622540847
86.02867622540847
86.02867622540847
86.02867622540847
86.02867622540847
86.02867622540847
86.02867622540847
83.72632147223678
81.027009003001
81.027009003001
81.027009003001
81.027009003001
81.027009003001
81.027009003001
81.027009003001
81.027009003001
81.027009003001
81.027009003001
81.88443766969942
83.027675891964
83.027675891964
83.027675891964
83.027675891964
83.027675891964
83.027675891964
83.027675891964
83.027675891964
83.027675891964
83.027675891964
83.027675891964
82.05909906476762
82.0273424474825
82.0273424474825
82.0273424474825
82.0273424474825
82.0273424474825
82.0273424474825
82.0273424474825
82.0273424474825
82.0273424474825
82.0273424474825
82.0273424474825
77.13682338557297
75.02500833611204
75.02500833611204
75.02500833611204
75.02500833611204
75.02500833611204
75.02500833611204
75.02500833611204
75.02500833611204
75.02500833611204
75.02500833611204
75.02500833611204
78.01013036091396
79.02634211403802
79.02634211403802
79.02634211403802
79.02634211403802
79.02634211403802
79.02634211403802
79.02634211403802
79.02634211403802
79.02634211403802
79.02634211403802
79.21688181774877
80.02667555851951
80.02667555851951
80.02667555851951
80.02667555851951
80.02667555851951
80.02667555851951
80.02667555851951
80.02667555851951
80.02667555851951
80.02667555851951
80.02667555851951
80.02667555851951
78.88343733625494
71.02367455818606
71.02367455818606
71.02367455818606
71.02367455818606
71.02367455818606
71.02367455818606
71.02367455818606
71.02367455818606
71.02367455818606
71.02367455818606
71.02367455818606
71.02367455818606
73.31015100271519
75.02500833611204
75.02500833611204
75.02500833611204
75.02500833611204
75.02500833611204
75.02500833611204
75.02500833611204
75.02500833611204
75.02500833611204
75.02500833611204
75.02500833611204
75.02500833611204
75.02500833611204
75.02500833611204
75.02500833611204
75.02500833611204
75.02500833611204
75.02500833611204
75.02500833611204
75.02500833611204
75.02500833611204
75.02500833611204
75.02500833611204
75.02500833611204
73.88177011384748
73.02434144714906
73.02434144714906
73.02434144714906
73.02434144714906
73.02434144714906
73.02434144714906
73.02434144714906
73.02434144714906
73.02434144714906
73.02434144714906
74.31048444719669
82.0273424474825
82.0273424474825
82.0273424474825
82.0273424474825
82.0273424474825
82.0273424474825
82.0273424474825
82.0273424474825
82.0273424474825
82.0273424474825
82.0273424474825
80.88410422521792
78.02600866955652
78.02600866955652
78.02600866955652
78.02600866955652
78.02600866955652
78.02600866955652
78.02600866955652
78.02600866955652
78.02600866955652
78.02600866955652
78.02600866955652
78.02600866955652
75.21554803982279
75.02500833611204
75.02500833611204
75.02500833611204
75.02500833611204
75.02500833611204
75.02500833611204
75.02500833611204
75.02500833611204
75.02500833611204
75.02500833611204
75.02500833611204
77.78783403991807
78.02600866955652
78.02600866955652
78.02600866955652
78.02600866955652
78.02600866955652
78.02600866955652
78.02600866955652
78.02600866955652
78.02600866955652
78.02600866955652
78.02600866955652
76.88277044729196
76.02534178059354
76.02534178059354
76.02534178059354
76.02534178059354
76.02534178059354
76.02534178059354
76.02534178059354
76.02534178059354
76.02534178059354
76.02534178059354
76.02534178059354
76.58108258308324
77.02567522507502
77.02567522507502
77.02567522507502
77.02567522507502
77.02567522507502
77.02567522507502
77.02567522507502
77.02567522507502
77.02567522507502
77.02567522507502
77.02567522507502
76.96216199050477
75.02500833611204
75.02500833611204
75.02500833611204
75.02500833611204
75.02500833611204
75.02500833611204
75.02500833611204
75.02500833611204
75.02500833611204
75.02500833611204
75.02500833611204
75.59662744724432
78.02600866955652
78.02600866955652
78.02600866955652
78.02600866955652
78.02600866955652
78.02600866955652
78.02600866955652
78.02600866955652
78.02600866955652
78.02600866955652
78.02600866955652
78.02600866955652
75.59662744724432
75.02500833611204
75.02500833611204
75.02500833611204
75.02500833611204
75.02500833611204
75.02500833611204
75.02500833611204
75.02500833611204
75.02500833611204
75.02500833611204
75.02500833611204
76.97804029914734
78.02600866955652
78.02600866955652
78.02600866955652
78.02600866955652
78.02600866955652
78.02600866955652
78.02600866955652
78.02600866955652
78.02600866955652
78.02600866955652
78.02600866955652
77.24797154607091
77.02567522507502
77.02567522507502
77.02567522507502
77.02567522507502
77.02567522507502
77.02567522507502
77.02567522507502
77.02567522507502
77.02567522507502
77.02567522507502
77.02567522507502
77.02567522507502
73.59596055828133
69.02300766922308
69.02300766922308
69.02300766922308
69.02300766922308
69.02300766922308
69.02300766922308
69.02300766922308
69.02300766922308
69.02300766922308
69.02300766922308
69.02300766922308
71.88110322488448
78.02600866955652
78.02600866955652
78.02600866955652
78.02600866955652
78.02600866955652
78.02600866955652
78.02600866955652
78.02600866955652
78.02600866955652
78.02600866955652
78.02600866955652
78.02600866955652
76.69223074358119
71.02367455818606
71.02367455818606
71.02367455818606
71.02367455818606
71.02367455818606
71.02367455818606
71.02367455818606
71.02367455818606
71.02367455818606
71.02367455818606
71.02367455818606
71.02367455818606
71.02367455818606
71.02367455818606
71.02367455818606
71.02367455818606
71.02367455818606
71.02367455818606
71.02367455818606
71.02367455818606
71.02367455818606
71.02367455818606
64.62471617523302
40.01333777925976
40.01333777925976
40.01333777925976
40.01333777925976
40.01333777925976
40.01333777925976
40.01333777925976
40.01333777925976
40.01333777925976
40.01333777925976
41.37887232252021
83.027675891964
83.027675891964
83.027675891964
83.027675891964
83.027675891964
83.027675891964
83.027675891964
83.027675891964
83.027675891964
83.027675891964
83.027675891964
83.91686117594755
84.02800933644548
84.02800933644548
84.02800933644548
84.02800933644548
84.02800933644548
84.02800933644548
84.02800933644548
84.02800933644548
84.02800933644548
84.02800933644548
84.02800933644548
78.43884469426317
76.02534178059354
76.02534178059354
76.02534178059354
76.02534178059354
76.02534178059354
76.02534178059354
76.02534178059354
76.02534178059354
76.02534178059354
76.02534178059354
76.73986566950889
81.027009003001
81.027009003001
81.027009003001
81.027009003001
81.027009003001
81.027009003001
81.027009003001
81.027009003001
81.027009003001
81.027009003001
81.027009003001
81.75741120055892
82.0273424474825
82.0273424474825
82.0273424474825
82.0273424474825
82.0273424474825
82.0273424474825
82.0273424474825
82.0273424474825
82.0273424474825
82.0273424474825
82.0273424474825
82.0273424474825
82.0273424474825
82.0273424474825
82.0273424474825
82.0273424474825
82.0273424474825
82.0273424474825
82.0273424474825
82.0273424474825
82.0273424474825
82.09085568205275
83.027675891964
83.027675891964
83.027675891964
83.027675891964
83.027675891964
83.027675891964
83.027675891964
83.027675891964
83.027675891964
83.027675891964
83.027675891964
83.027675891964
80.48714650915385
73.02434144714906
73.02434144714906
73.02434144714906
73.02434144714906
73.02434144714906
73.02434144714906
73.02434144714906
73.02434144714906
73.02434144714906
73.02434144714906
73.02434144714906
77.91486050905857
80.02667555851951
80.02667555851951
80.02667555851951
80.02667555851951
80.02667555851951
80.02667555851951
80.02667555851951
80.02667555851951
80.02667555851951
80.02667555851951
81.61450642277585
84.02800933644548
84.02800933644548
84.02800933644548
84.02800933644548
84.02800933644548
84.02800933644548
84.02800933644548
84.02800933644548
84.02800933644548
84.02800933644548
84.02800933644548
84.02800933644548
75.45372266946124
75.02500833611204
75.02500833611204
75.02500833611204
75.02500833611204
75.02500833611204
75.02500833611204
75.02500833611204
75.02500833611204
75.02500833611204
75.02500833611204
75.02500833611204
75.81892376824021
76.02534178059354
76.02534178059354
76.02534178059354
76.02534178059354
76.02534178059354
76.02534178059354
76.02534178059354
76.02534178059354
76.02534178059354
76.02534178059354
76.27939471887454
80.02667555851951
80.02667555851951
80.02667555851951
80.02667555851951
80.02667555851951
80.02667555851951
80.02667555851951
80.02667555851951
80.02667555851951
80.02667555851951
80.02667555851951
80.02667555851951
76.69223074358119
75.02500833611204
75.02500833611204
75.02500833611204
75.02500833611204
75.02500833611204
75.02500833611204
75.02500833611204
75.02500833611204
75.02500833611204
75.02500833611204
75.02500833611204
77.12094507693041
78.02600866955652
78.02600866955652
78.02600866955652
78.02600866955652
78.02600866955652
78.02600866955652
78.02600866955652
78.02600866955652
78.02600866955652
78.02600866955652
78.02600866955652
77.32736308928374
76.02534178059354
76.02534178059354
76.02534178059354
76.02534178059354
76.02534178059354
76.02534178059354
76.02534178059354
76.02534178059354
76.02534178059354
76.02534178059354
76.02534178059354
76.02534178059354
76.02534178059354
76.02534178059354
76.02534178059354
76.02534178059354
76.02534178059354
76.02534178059354
76.02534178059354
76.02534178059354
76.02534178059354
76.02534178059354
76.02534178059354
76.02534178059354
76.02534178059354
76.02534178059354
76.02534178059354
76.02534178059354
76.02534178059354
76.02534178059354
76.02534178059354
76.02534178059354
76.02534178059354
76.02534178059354
76.02534178059354
79.5503262992426
82.0273424474825
82.0273424474825
82.0273424474825
82.0273424474825
82.0273424474825
82.0273424474825
82.0273424474825
82.0273424474825
82.0273424474825
82.0273424474825
82.0273424474825
80.36012004001334
75.02500833611204
75.02500833611204
75.02500833611204
75.02500833611204
75.02500833611204
75.02500833611204
75.02500833611204
75.02500833611204
75.02500833611204
75.02500833611204
75.02500833611204
75.02500833611204
75.02500833611204
75.02500833611204
75.02500833611204
75.02500833611204
75.02500833611204
75.02500833611204
75.02500833611204
75.02500833611204
75.02500833611204
75.02500833611204
75.02500833611204
77.02567522507502
81.027009003001
81.027009003001
81.027009003001
81.027009003001
81.027009003001
81.027009003001
81.027009003001
81.027009003001
81.027009003001
81.027009003001
81.027009003001
81.027009003001
76.96216199050477
73.02434144714906
73.02434144714906
73.02434144714906
73.02434144714906
73.02434144714906
73.02434144714906
73.02434144714906
73.02434144714906
73.02434144714906
73.02434144714906
73.02434144714906
73.97703996570286
76.02534178059354
76.02534178059354
76.02534178059354
76.02534178059354
76.02534178059354
76.02534178059354
76.02534178059354
76.02534178059354
76.02534178059354
76.02534178059354
76.02534178059354
80.40775496594102
82.0273424474825
82.0273424474825
82.0273424474825
82.0273424474825
82.0273424474825
82.0273424474825
82.0273424474825
82.0273424474825
82.0273424474825
82.0273424474825
81.93207259562712
80.02667555851951
80.02667555851951
80.02667555851951
80.02667555851951
80.02667555851951
80.02667555851951
80.02667555851951
80.02667555851951
80.02667555851951
80.02667555851951
80.02667555851951
80.02667555851951
78.4706013115483
73.02434144714906
73.02434144714906
73.02434144714906
73.02434144714906
73.02434144714906
73.02434144714906
73.02434144714906
73.02434144714906
73.02434144714906
73.02434144714906
73.02434144714906
76.69223074358119
80.02667555851951
80.02667555851951
80.02667555851951
80.02667555851951
80.02667555851951
80.02667555851951
80.02667555851951
80.02667555851951
80.02667555851951
80.02667555851951
80.02667555851951
79.0739770399657
75.02500833611204
75.02500833611204
75.02500833611204
75.02500833611204
75.02500833611204
75.02500833611204
75.02500833611204
75.02500833611204
75.02500833611204
75.02500833611204
75.02500833611204
75.02500833611204
77.02567522507502
77.02567522507502
77.02567522507502
77.02567522507502
77.02567522507502
77.02567522507502
77.02567522507502
77.02567522507502
77.02567522507502
77.02567522507502
77.02567522507502
77.02567522507502
77.02567522507502
77.02567522507502
77.02567522507502
77.02567522507502
77.02567522507502
77.02567522507502
77.02567522507502
77.02567522507502
77.02567522507502
77.02567522507502
77.02567522507502
77.02567522507502
77.99425205227139
78.02600866955652
78.02600866955652
78.02600866955652
78.02600866955652
78.02600866955652
78.02600866955652
78.02600866955652
78.02600866955652
78.02600866955652
78.13715683005447
85.02834278092698
85.02834278092698
85.02834278092698
85.02834278092698
85.02834278092698
85.02834278092698
85.02834278092698
85.02834278092698
85.02834278092698
85.02834278092698
85.02834278092698
83.59929500309627
80.02667555851951
80.02667555851951
80.02667555851951
80.02667555851951
80.02667555851951
80.02667555851951
80.02667555851951
80.02667555851951
80.02667555851951
80.02667555851951
85.48881373156132
88.02934311437146
88.02934311437146
88.02934311437146
88.02934311437146
88.02934311437146
88.02934311437146
88.02934311437146
88.02934311437146
88.02934311437146
88.02934311437146
86.21921592911923
86.02867622540847
86.02867622540847
86.02867622540847
86.02867622540847
86.02867622540847
86.02867622540847
86.02867622540847
86.02867622540847
86.02867622540847
86.02867622540847
83.55166007716858
80.02667555851951
80.02667555851951
80.02667555851951
80.02667555851951
80.02667555851951
80.02667555851951
80.02667555851951
80.02667555851951
80.02667555851951
80.02667555851951
80.02667555851951
79.96316232394925
76.02534178059354
76.02534178059354
76.02534178059354
76.02534178059354
76.02534178059354
76.02534178059354
76.02534178059354
76.02534178059354
76.02534178059354
76.02534178059354
76.02534178059354
80.80471268200512
83.027675891964
83.027675891964
83.027675891964
83.027675891964
