103.08703889446116
103.3099297893681
103.3099297893681
103.3099297893681
103.3099297893681
103.3099297893681
103.3099297893681
103.3099297893681
103.3099297893681
103.3099297893681
103.3099297893681
103.3099297893681
103.3099297893681
103.3099297893681
103.3099297893681
104.59155243508302
105.31594784353058
105.31594784353058
105.31594784353058
105.31594784353058
105.31594784353058
105.31594784353058
105.31594784353058
105.31594784353058
105.31594784353058
105.31594784353058
105.31594784353058
105.31594784353058
105.31594784353058
105.31594784353058
105.31594784353058
103.64426613172851
101.3039117352056
101.3039117352056
101.3039117352056
101.3039117352056
101.3039117352056
101.3039117352056
101.3039117352056
101.3039117352056
101.3039117352056
101.3039117352056
101.3039117352056
101.3039117352056
101.3039117352056
101.3039117352056
101.7496935250195
103.3099297893681
103.3099297893681
103.3099297893681
103.3099297893681
103.3099297893681
103.3099297893681
103.3099297893681
103.3099297893681
103.3099297893681
103.3099297893681
103.3099297893681
103.3099297893681
103.3099297893681
103.3099297893681
103.3099297893681
103.3099297893681
103.3099297893681
99.74367547085701
95.28585757271814
95.28585757271814
95.28585757271814
95.28585757271814
95.28585757271814
95.28585757271814
95.28585757271814
95.28585757271814
95.28585757271814
95.28585757271814
95.28585757271814
95.28585757271814
95.28585757271814
95.28585757271814
95.28585757271814
100.30090270812437
100.30090270812437
100.30090270812437
100.30090270812437
100.30090270812437
100.30090270812437
100.30090270812437
100.30090270812437
100.30090270812437
100.30090270812437
100.30090270812437
100.30090270812437
100.30090270812437
100.30090270812437
100.30090270812437
100.30090270812437
100.30090270812437
97.29187562688064
96.28886659979939
96.28886659979939
96.28886659979939
96.28886659979939
96.28886659979939
96.28886659979939
96.28886659979939
96.28886659979939
96.28886659979939
96.28886659979939
96.28886659979939
96.28886659979939
96.28886659979939
96.28886659979939
96.28886659979939
96.28886659979939
96.28886659979939
96.28886659979939
96.28886659979939
96.28886659979939
96.28886659979939
96.28886659979939
96.28886659979939
96.28886659979939
96.28886659979939
96.28886659979939
96.28886659979939
96.28886659979939
96.28886659979939
96.28886659979939
96.28886659979939
96.28886659979939
73.5539953192912
48.144433299899696
48.144433299899696
48.144433299899696
48.144433299899696
48.144433299899696
48.144433299899696
48.144433299899696
48.144433299899696
48.144433299899696
48.144433299899696
48.144433299899696
48.144433299899696
48.144433299899696
48.144433299899696
48.144433299899696
48.144433299899696
96.28886659979939
96.28886659979939
96.28886659979939
96.28886659979939
96.28886659979939
96.28886659979939
96.28886659979939
96.28886659979939
96.28886659979939
96.28886659979939
96.28886659979939
96.28886659979939
96.28886659979939
96.28886659979939
96.28886659979939
96.28886659979939
96.28886659979939
98.29488465396187
98.29488465396187
98.29488465396187
98.29488465396187
98.29488465396187
98.29488465396187
98.29488465396187
98.29488465396187
98.29488465396187
98.29488465396187
98.29488465396187
98.29488465396187
98.29488465396187
98.29488465396187
98.29488465396187
99.82725955644712
103.3099297893681
103.3099297893681
103.3099297893681
103.3099297893681
103.3099297893681
103.3099297893681
103.3099297893681
103.3099297893681
103.3099297893681
103.3099297893681
103.3099297893681
103.3099297893681
103.3099297893681
103.3099297893681
103.3099297893681
103.3099297893681
103.3099297893681
103.3099297893681
103.3099297893681
103.3099297893681
103.3099297893681
103.3099297893681
103.3099297893681
103.3099297893681
103.3099297893681
103.3099297893681
103.3099297893681
103.3099297893681
103.3099297893681
103.3099297893681
103.3099297893681
102.05616850551654
100.30090270812437
100.30090270812437
100.30090270812437
100.30090270812437
100.30090270812437
100.30090270812437
100.30090270812437
100.30090270812437
100.30090270812437
100.30090270812437
100.30090270812437
100.30090270812437
100.30090270812437
100.30090270812437
101.97258441992643
106.31895687061183
106.31895687061183
106.31895687061183
106.31895687061183
106.31895687061183
106.31895687061183
106.31895687061183
106.31895687061183
106.31895687061183
106.31895687061183
106.31895687061183
106.31895687061183
106.31895687061183
106.31895687061183
106.31895687061183
103.56068204613841
103.3099297893681
103.3099297893681
103.3099297893681
103.3099297893681
103.3099297893681
103.3099297893681
103.3099297893681
103.3099297893681
103.3099297893681
103.3099297893681
103.3099297893681
103.3099297893681
103.3099297893681
103.3099297893681
106.31895687061183
107.32196589769308
107.32196589769308
107.32196589769308
107.32196589769308
107.32196589769308
107.32196589769308
107.32196589769308
107.32196589769308
107.32196589769308
107.32196589769308
107.32196589769308
107.32196589769308
107.32196589769308
107.32196589769308
107.32196589769308
107.32196589769308
107.32196589769308
107.32196589769308
107.32196589769308
107.32196589769308
107.32196589769308
107.32196589769308
107.32196589769308
107.32196589769308
107.32196589769308
107.32196589769308
107.32196589769308
107.32196589769308
107.32196589769308
107.32196589769308
107.32196589769308
101.97258441992643
95.28585757271814
95.28585757271814
95.28585757271814
95.28585757271814
95.28585757271814
95.28585757271814
95.28585757271814
95.28585757271814
95.28585757271814
95.28585757271814
95.28585757271814
95.28585757271814
95.28585757271814
95.28585757271814
95.28585757271814
95.28585757271814
95.20227348712804
92.27683049147441
92.27683049147441
92.27683049147441
92.27683049147441
92.27683049147441
92.27683049147441
92.27683049147441
92.27683049147441
92.27683049147441
92.27683049147441
92.27683049147441
92.27683049147441
92.27683049147441
92.27683049147441
92.27683049147441
92.27683049147441
92.27683049147441
92.27683049147441
91.77532597793379
86.25877632898695
86.25877632898695
86.25877632898695
86.25877632898695
86.25877632898695
86.25877632898695
86.25877632898695
86.25877632898695
86.25877632898695
86.25877632898695
86.25877632898695
86.25877632898695
86.25877632898695
86.25877632898695
86.25877632898695
86.25877632898695
86.25877632898695
86.25877632898695
87.76328986960883
88.26479438314944
88.26479438314944
88.26479438314944
88.26479438314944
88.26479438314944
88.26479438314944
88.26479438314944
88.26479438314944
88.26479438314944
88.26479438314944
88.26479438314944
88.26479438314944
88.26479438314944
88.26479438314944
88.26479438314944
88.26479438314944
93.33556224228239
95.28585757271814
95.28585757271814
95.28585757271814
95.28585757271814
95.28585757271814
95.28585757271814
95.28585757271814
95.28585757271814
95.28585757271814
95.28585757271814
95.28585757271814
95.28585757271814
95.28585757271814
95.28585757271814
95.28585757271814
97.29187562688064
99.29789368104312
99.29789368104312
99.29789368104312
99.29789368104312
99.29789368104312
99.29789368104312
99.29789368104312
99.29789368104312
99.29789368104312
99.29789368104312
99.29789368104312
99.29789368104312
99.29789368104312
99.29789368104312
99.29789368104312
99.29789368104312
97.04112337011033
96.28886659979939
96.28886659979939
96.28886659979939
96.28886659979939
96.28886659979939
96.28886659979939
96.28886659979939
96.28886659979939
96.28886659979939
96.28886659979939
96.28886659979939
96.28886659979939
96.28886659979939
96.28886659979939
96.28886659979939
96.28886659979939
95.59233255321519
95.28585757271814
95.28585757271814
95.28585757271814
95.28585757271814
95.28585757271814
95.28585757271814
95.28585757271814
95.28585757271814
95.28585757271814
95.28585757271814
95.28585757271814
95.28585757271814
95.28585757271814
95.28585757271814
95.28585757271814
97.9326869497381
100.30090270812437
100.30090270812437
100.30090270812437
100.30090270812437
100.30090270812437
100.30090270812437
100.30090270812437
100.30090270812437
100.30090270812437
100.30090270812437
100.30090270812437
100.30090270812437
100.30090270812437
100.30090270812437
100.55165496489468
103.3099297893681
103.3099297893681
103.3099297893681
103.3099297893681
103.3099297893681
103.3099297893681
103.3099297893681
103.3099297893681
103.3099297893681
103.3099297893681
103.3099297893681
103.3099297893681
103.3099297893681
103.3099297893681
103.3099297893681
103.3099297893681
98.71280508191239
98.29488465396187
98.29488465396187
98.29488465396187
98.29488465396187
98.29488465396187
98.29488465396187
98.29488465396187
98.29488465396187
98.29488465396187
98.29488465396187
98.29488465396187
98.29488465396187
98.29488465396187
98.29488465396187
98.29488465396187
98.29488465396187
98.29488465396187
96.28886659979939
89.26780341023068
89.26780341023068
89.26780341023068
89.26780341023068
89.26780341023068
89.26780341023068
89.26780341023068
89.26780341023068
89.26780341023068
89.26780341023068
89.26780341023068
89.26780341023068
89.26780341023068
89.26780341023068
89.26780341023068
89.26780341023068
92.27683049147441
95.28585757271814
95.28585757271814
95.28585757271814
95.28585757271814
95.28585757271814
95.28585757271814
95.28585757271814
95.28585757271814
95.28585757271814
95.28585757271814
95.28585757271814
95.28585757271814
95.28585757271814
95.28585757271814
95.28585757271814
95.28585757271814
95.28585757271814
94.61718488799731
89.26780341023068
89.26780341023068
89.26780341023068
89.26780341023068
89.26780341023068
89.26780341023068
89.26780341023068
89.26780341023068
89.26780341023068
89.26780341023068
89.26780341023068
89.26780341023068
89.26780341023068
89.26780341023068
89.26780341023068
89.26780341023068
89.26780341023068
89.26780341023068
87.37323080352166
85.2557673019057
85.2557673019057
85.2557673019057
85.2557673019057
85.2557673019057
85.2557673019057
85.2557673019057
85.2557673019057
85.2557673019057
85.2557673019057
85.2557673019057
85.2557673019057
85.2557673019057
85.2557673019057
85.2557673019057
85.2557673019057
85.2557673019057
85.2557673019057
86.98317173743452
87.2617853560682
87.2617853560682
87.2617853560682
87.2617853560682
87.2617853560682
87.2617853560682
87.2617853560682
87.2617853560682
87.2617853560682
87.2617853560682
87.2617853560682
87.2617853560682
87.2617853560682
87.2617853560682
87.2617853560682
87.2617853560682
87.2617853560682
87.90259667892566
88.26479438314944
88.26479438314944
88.26479438314944
88.26479438314944
88.26479438314944
88.26479438314944
88.26479438314944
88.26479438314944
88.26479438314944
88.26479438314944
88.26479438314944
88.26479438314944
88.26479438314944
88.26479438314944
88.26479438314944
88.26479438314944
98.29488465396187
98.29488465396187
98.29488465396187
98.29488465396187
98.29488465396187
98.29488465396187
98.29488465396187
98.29488465396187
98.29488465396187
98.29488465396187
98.29488465396187
98.29488465396187
98.29488465396187
98.29488465396187
98.29488465396187
98.29488465396187
97.849102864148
96.28886659979939
96.28886659979939
96.28886659979939
96.28886659979939
96.28886659979939
96.28886659979939
96.28886659979939
96.28886659979939
96.28886659979939
96.28886659979939
96.28886659979939
96.28886659979939
96.28886659979939
96.28886659979939
96.28886659979939
96.28886659979939
96.28886659979939
93.36342360414577
93.27983951855566
93.27983951855566
93.27983951855566
93.27983951855566
93.27983951855566
93.27983951855566
93.27983951855566
93.27983951855566
93.27983951855566
93.27983951855566
93.27983951855566
93.27983951855566
93.27983951855566
93.27983951855566
93.27983951855566
93.27983951855566
93.27983951855566
93.27983951855566
93.27983951855566
93.27983951855566
93.27983951855566
93.27983951855566
93.27983951855566
93.27983951855566
93.27983951855566
93.27983951855566
93.27983951855566
93.27983951855566
93.27983951855566
93.27983951855566
93.27983951855566
93.27983951855566
93.44700768973587
96.28886659979939
96.28886659979939
96.28886659979939
96.28886659979939
96.28886659979939
96.28886659979939
96.28886659979939
96.28886659979939
96.28886659979939
96.28886659979939
96.28886659979939
96.28886659979939
96.28886659979939
96.28886659979939
96.28886659979939
97.849102864148
103.3099297893681
103.3099297893681
103.3099297893681
103.3099297893681
103.3099297893681
103.3099297893681
103.3099297893681
103.3099297893681
103.3099297893681
103.3099297893681
103.3099297893681
103.3099297893681
103.3099297893681
103.3099297893681
103.3099297893681
103.3099297893681
98.43419146327872
98.29488465396187
98.29488465396187
98.29488465396187
98.29488465396187
98.29488465396187
98.29488465396187
98.29488465396187
98.29488465396187
98.29488465396187
98.29488465396187
98.29488465396187
98.29488465396187
98.29488465396187
98.29488465396187
98.29488465396187
98.29488465396187
98.29488465396187
98.29488465396187
98.29488465396187
98.29488465396187
98.29488465396187
98.29488465396187
98.29488465396187
98.29488465396187
98.29488465396187
98.29488465396187
98.29488465396187
98.29488465396187
98.29488465396187
98.29488465396187
98.29488465396187
98.90783461495597
100.30090270812437
100.30090270812437
100.30090270812437
100.30090270812437
100.30090270812437
100.30090270812437
100.30090270812437
100.30090270812437
100.30090270812437
100.30090270812437
100.30090270812437
100.30090270812437
100.30090270812437
100.30090270812437
100.30090270812437
100.30090270812437
98.62922099632229
98.29488465396187
98.29488465396187
98.29488465396187
98.29488465396187
98.29488465396187
98.29488465396187
98.29488465396187
98.29488465396187
98.29488465396187
98.29488465396187
98.29488465396187
98.29488465396187
98.29488465396187
98.29488465396187
98.29488465396187
104.53582971135629
105.31594784353058
105.31594784353058
105.31594784353058
105.31594784353058
105.31594784353058
105.31594784353058
105.31594784353058
105.31594784353058
105.31594784353058
105.31594784353058
105.31594784353058
105.31594784353058
105.31594784353058
105.31594784353058
105.31594784353058
105.31594784353058
96.5396188565697
90.27081243731193
90.27081243731193
90.27081243731193
90.27081243731193
90.27081243731193
90.27081243731193
90.27081243731193
90.27081243731193
90.27081243731193
90.27081243731193
90.27081243731193
90.27081243731193
90.27081243731193
90.27081243731193
90.27081243731193
93.89278947954975
100.30090270812437
100.30090270812437
100.30090270812437
100.30090270812437
100.30090270812437
100.30090270812437
100.30090270812437
100.30090270812437
100.30090270812437
100.30090270812437
100.30090270812437
100.30090270812437
100.30090270812437
100.30090270812437
100.30090270812437
100.30090270812437
100.30090270812437
97.2361529031539
90.27081243731193
90.27081243731193
90.27081243731193
90.27081243731193
90.27081243731193
90.27081243731193
90.27081243731193
90.27081243731193
90.27081243731193
90.27081243731193
90.27081243731193
90.27081243731193
90.27081243731193
90.27081243731193
90.27081243731193
90.27081243731193
90.77231695085256
92.27683049147441
92.27683049147441
92.27683049147441
92.27683049147441
92.27683049147441
92.27683049147441
92.27683049147441
92.27683049147441
92.27683049147441
92.27683049147441
92.27683049147441
92.27683049147441
92.27683049147441
92.27683049147441
92.27683049147441
92.27683049147441
92.27683049147441
92.27683049147441
89.93647609495152
88.26479438314944
88.26479438314944
88.26479438314944
88.26479438314944
88.26479438314944
88.26479438314944
88.26479438314944
88.26479438314944
88.26479438314944
88.26479438314944
88.26479438314944
88.26479438314944
88.26479438314944
88.26479438314944
88.26479438314944
88.26479438314944
88.26479438314944
88.26479438314944
87.28964671793156
87.2617853560682
87.2617853560682
87.2617853560682
87.2617853560682
87.2617853560682
87.2617853560682
87.2617853560682
87.2617853560682
87.2617853560682
87.2617853560682
87.2617853560682
87.2617853560682
87.2617853560682
87.2617853560682
87.2617853560682
97.79338014042125
101.3039117352056
101.3039117352056
101.3039117352056
101.3039117352056
101.3039117352056
101.3039117352056
101.3039117352056
101.3039117352056
101.3039117352056
101.3039117352056
101.3039117352056
101.3039117352056
101.3039117352056
101.3039117352056
101.3039117352056
101.3039117352056
101.3039117352056
101.3039117352056
101.3039117352056
101.3039117352056
101.3039117352056
101.3039117352056
101.3039117352056
101.3039117352056
101.3039117352056
101.3039117352056
101.3039117352056
101.3039117352056
101.3039117352056
101.3039117352056
102.97559344700768
105.31594784353058
105.31594784353058
105.31594784353058
105.31594784353058
105.31594784353058
105.31594784353058
105.31594784353058
105.31594784353058
105.31594784353058
105.31594784353058
105.31594784353058
105.31594784353058
105.31594784353058
105.31594784353058
105.31594784353058
105.31594784353058
105.31594784353058
105.31594784353058
105.31594784353058
105.31594784353058
105.31594784353058
105.31594784353058
105.31594784353058
105.31594784353058
105.31594784353058
105.31594784353058
105.31594784353058
105.31594784353058
105.31594784353058
105.31594784353058
105.31594784353058
105.31594784353058
105.31594784353058
105.31594784353058
105.31594784353058
105.31594784353058
105.31594784353058
105.31594784353058
105.31594784353058
105.31594784353058
105.31594784353058
105.31594784353058
105.31594784353058
105.31594784353058
105.31594784353058
105.31594784353058
105.31594784353058
75.67145882090716
49.147442326980936
49.147442326980936
49.147442326980936
49.147442326980936
49.147442326980936
49.147442326980936
49.147442326980936
49.147442326980936
49.147442326980936
49.147442326980936
49.147442326980936
49.147442326980936
49.147442326980936
49.147442326980936
49.147442326980936
82.24674022066198
103.3099297893681
103.3099297893681
