64.1925777331996
63.913964114565914
63.18956870611835
63.18956870611835
63.18956870611835
63.18956870611835
63.18956870611835
63.18956870611835
63.18956870611835
63.18956870611835
63.18956870611835
63.18956870611835
63.18956870611835
63.18956870611835
63.18956870611835
63.18956870611835
63.18956870611835
63.18956870611835
63.18956870611835
63.18956870611835
63.18956870611835
63.18956870611835
63.18956870611835
63.18956870611835
63.18956870611835
63.18956870611835
63.18956870611835
63.18956870611835
63.18956870611835
63.18956870611835
63.18956870611835
63.18956870611835
63.18956870611835
63.55176641034213
64.1925777331996
64.1925777331996
64.1925777331996
64.1925777331996
64.1925777331996
64.1925777331996
64.1925777331996
64.1925777331996
64.1925777331996
64.1925777331996
64.1925777331996
64.1925777331996
64.1925777331996
64.1925777331996
64.1925777331996
66.28217987295218
67.20160481444333
67.20160481444333
67.20160481444333
67.20160481444333
67.20160481444333
67.20160481444333
67.20160481444333
67.20160481444333
67.20160481444333
67.20160481444333
67.20160481444333
67.20160481444333
67.20160481444333
67.20160481444333
67.20160481444333
67.20160481444333
65.25130948400758
65.19558676028083
65.19558676028083
65.19558676028083
65.19558676028083
65.19558676028083
65.19558676028083
65.19558676028083
65.19558676028083
65.19558676028083
65.19558676028083
65.19558676028083
65.19558676028083
65.19558676028083
65.19558676028083
65.19558676028083
66.19859578736208
67.20160481444333
67.20160481444333
67.20160481444333
67.20160481444333
67.20160481444333
67.20160481444333
67.20160481444333
67.20160481444333
67.20160481444333
67.20160481444333
67.20160481444333
67.20160481444333
67.20160481444333
67.20160481444333
67.20160481444333
66.95085255767302
66.19859578736208
66.19859578736208
66.19859578736208
66.19859578736208
66.19859578736208
66.19859578736208
66.19859578736208
66.19859578736208
66.19859578736208
66.19859578736208
66.19859578736208
66.19859578736208
66.19859578736208
66.19859578736208
66.19859578736208
66.31004123481556
70.21063189568706
70.21063189568706
70.21063189568706
70.21063189568706
70.21063189568706
70.21063189568706
70.21063189568706
70.21063189568706
70.21063189568706
70.21063189568706
70.21063189568706
70.21063189568706
70.21063189568706
70.21063189568706
70.21063189568706
70.21063189568706
70.21063189568706
70.21063189568706
70.21063189568706
70.21063189568706
70.21063189568706
70.21063189568706
70.21063189568706
70.21063189568706
70.21063189568706
70.21063189568706
70.21063189568706
70.21063189568706
70.21063189568706
70.21063189568706
70.21063189568706
70.21063189568706
70.21063189568706
70.21063189568706
69.20762286860581
69.20762286860581
69.20762286860581
69.20762286860581
69.20762286860581
69.20762286860581
69.20762286860581
69.20762286860581
69.20762286860581
69.20762286860581
69.20762286860581
69.20762286860581
69.20762286860581
69.20762286860581
69.20762286860581
69.20762286860581
69.20762286860581
67.20160481444333
67.20160481444333
67.20160481444333
67.20160481444333
67.20160481444333
67.20160481444333
67.20160481444333
67.20160481444333
67.20160481444333
67.20160481444333
67.20160481444333
67.20160481444333
67.20160481444333
67.20160481444333
67.20160481444333
67.20160481444333
69.20762286860581
69.20762286860581
69.20762286860581
69.20762286860581
69.20762286860581
69.20762286860581
69.20762286860581
69.20762286860581
69.20762286860581
69.20762286860581
69.20762286860581
69.20762286860581
69.20762286860581
69.20762286860581
69.20762286860581
69.20762286860581
69.20762286860581
69.20762286860581
69.20762286860581
69.20762286860581
69.20762286860581
69.20762286860581
69.20762286860581
69.20762286860581
69.20762286860581
69.20762286860581
69.20762286860581
69.20762286860581
69.20762286860581
69.20762286860581
69.20762286860581
70.433522790594
71.2136409227683
71.2136409227683
71.2136409227683
71.2136409227683
71.2136409227683
71.2136409227683
71.2136409227683
71.2136409227683
71.2136409227683
71.2136409227683
71.2136409227683
71.2136409227683
71.2136409227683
71.2136409227683
71.2136409227683
71.2136409227683
71.2136409227683
71.2136409227683
71.2136409227683
71.2136409227683
71.2136409227683
71.2136409227683
71.2136409227683
71.2136409227683
71.2136409227683
71.2136409227683
71.2136409227683
71.2136409227683
71.2136409227683
71.32508637022177
72.21664994984954
72.21664994984954
72.21664994984954
72.21664994984954
72.21664994984954
72.21664994984954
72.21664994984954
72.21664994984954
72.21664994984954
72.21664994984954
72.21664994984954
72.21664994984954
72.21664994984954
72.21664994984954
72.21664994984954
72.21664994984954
72.21664994984954
72.21664994984954
72.21664994984954
72.21664994984954
72.21664994984954
72.21664994984954
72.21664994984954
72.21664994984954
72.21664994984954
72.21664994984954
72.21664994984954
72.21664994984954
72.21664994984954
72.21664994984954
74.3341134514655
76.22868605817452
76.22868605817452
76.22868605817452
76.22868605817452
76.22868605817452
76.22868605817452
76.22868605817452
76.22868605817452
76.22868605817452
76.22868605817452
76.22868605817452
76.22868605817452
76.22868605817452
76.22868605817452
76.22868605817452
75.83862699208737
75.22567703109327
75.22567703109327
75.22567703109327
75.22567703109327
75.22567703109327
75.22567703109327
75.22567703109327
75.22567703109327
75.22567703109327
75.22567703109327
75.22567703109327
75.22567703109327
75.22567703109327
75.22567703109327
75.22567703109327
75.22567703109327
75.22567703109327
75.22567703109327
73.21965897693079
73.21965897693079
73.21965897693079
73.21965897693079
73.21965897693079
73.21965897693079
73.21965897693079
73.21965897693079
73.21965897693079
73.21965897693079
73.21965897693079
73.21965897693079
73.21965897693079
73.21965897693079
73.21965897693079
73.21965897693079
73.21965897693079
73.21965897693079
72.99676808202385
71.2136409227683
71.2136409227683
71.2136409227683
71.2136409227683
71.2136409227683
71.2136409227683
71.2136409227683
71.2136409227683
71.2136409227683
71.2136409227683
71.2136409227683
71.2136409227683
71.2136409227683
71.2136409227683
71.2136409227683
71.2136409227683
71.2136409227683
71.2136409227683
69.20762286860581
69.20762286860581
69.20762286860581
69.20762286860581
69.20762286860581
69.20762286860581
69.20762286860581
69.20762286860581
69.20762286860581
69.20762286860581
69.20762286860581
69.20762286860581
69.20762286860581
69.20762286860581
69.20762286860581
69.20762286860581
69.20762286860581
67.20160481444333
67.20160481444333
67.20160481444333
67.20160481444333
67.20160481444333
67.20160481444333
67.20160481444333
67.20160481444333
67.20160481444333
67.20160481444333
67.20160481444333
67.20160481444333
67.20160481444333
67.20160481444333
67.20160481444333
67.20160481444333
67.20160481444333
67.20160481444333
67.20160481444333
67.20160481444333
67.20160481444333
67.20160481444333
67.20160481444333
67.20160481444333
67.20160481444333
67.20160481444333
67.20160481444333
67.20160481444333
67.20160481444333
67.20160481444333
67.20160481444333
67.20160481444333
67.20160481444333
67.92600022289089
68.20461384152456
68.20461384152456
68.20461384152456
68.20461384152456
68.20461384152456
68.20461384152456
68.20461384152456
68.20461384152456
68.20461384152456
68.20461384152456
68.20461384152456
68.20461384152456
68.20461384152456
68.20461384152456
68.20461384152456
68.42750473643152
69.20762286860581
69.20762286860581
69.20762286860581
69.20762286860581
69.20762286860581
69.20762286860581
69.20762286860581
69.20762286860581
69.20762286860581
69.20762286860581
69.20762286860581
69.20762286860581
69.20762286860581
69.20762286860581
69.20762286860581
69.20762286860581
71.54797726512871
72.21664994984954
72.21664994984954
72.21664994984954
72.21664994984954
72.21664994984954
72.21664994984954
72.21664994984954
72.21664994984954
72.21664994984954
72.21664994984954
72.21664994984954
72.21664994984954
72.21664994984954
72.21664994984954
72.27237267357629
73.21965897693079
73.21965897693079
73.21965897693079
73.21965897693079
73.21965897693079
73.21965897693079
73.21965897693079
73.21965897693079
73.21965897693079
73.21965897693079
73.21965897693079
73.21965897693079
73.21965897693079
73.21965897693079
73.21965897693079
73.21965897693079
73.21965897693079
73.4704112337011
74.22266800401204
74.22266800401204
74.22266800401204
74.22266800401204
74.22266800401204
74.22266800401204
74.22266800401204
74.22266800401204
74.22266800401204
74.22266800401204
74.22266800401204
74.22266800401204
74.22266800401204
74.22266800401204
74.22266800401204
74.22266800401204
74.22266800401204
74.22266800401204
74.22266800401204
74.22266800401204
74.22266800401204
74.22266800401204
74.22266800401204
74.22266800401204
74.22266800401204
74.22266800401204
74.22266800401204
74.22266800401204
74.22266800401204
74.22266800401204
74.22266800401204
74.22266800401204
74.22266800401204
74.22266800401204
74.22266800401204
74.22266800401204
74.22266800401204
74.22266800401204
74.22266800401204
74.22266800401204
74.22266800401204
74.22266800401204
74.22266800401204
74.22266800401204
74.22266800401204
74.22266800401204
74.22266800401204
74.22266800401204
74.22266800401204
74.22266800401204
74.22266800401204
74.13908391842193
73.21965897693079
73.21965897693079
73.21965897693079
73.21965897693079
73.21965897693079
73.21965897693079
73.21965897693079
73.21965897693079
73.21965897693079
73.21965897693079
73.21965897693079
73.21965897693079
73.21965897693079
73.21965897693079
73.21965897693079
73.21965897693079
73.21965897693079
73.21965897693079
74.66844979382591
75.22567703109327
75.22567703109327
75.22567703109327
75.22567703109327
75.22567703109327
75.22567703109327
75.22567703109327
75.22567703109327
75.22567703109327
75.22567703109327
75.22567703109327
75.22567703109327
75.22567703109327
75.22567703109327
75.22567703109327
75.22567703109327
75.22567703109327
74.97492477432296
72.21664994984954
72.21664994984954
72.21664994984954
72.21664994984954
72.21664994984954
72.21664994984954
72.21664994984954
72.21664994984954
72.21664994984954
72.21664994984954
72.21664994984954
72.21664994984954
72.21664994984954
72.21664994984954
72.21664994984954
72.21664994984954
72.21664994984954
72.21664994984954
71.82659088376239
70.21063189568706
70.21063189568706
70.21063189568706
70.21063189568706
70.21063189568706
70.21063189568706
70.21063189568706
70.21063189568706
70.21063189568706
70.21063189568706
70.21063189568706
70.21063189568706
70.21063189568706
70.21063189568706
70.21063189568706
70.21063189568706
70.21063189568706
70.21063189568706
70.21063189568706
70.21063189568706
70.21063189568706
70.21063189568706
70.21063189568706
70.21063189568706
70.21063189568706
70.21063189568706
70.21063189568706
70.21063189568706
70.21063189568706
70.21063189568706
70.21063189568706
70.21063189568706
70.21063189568706
70.21063189568706
70.21063189568706
70.21063189568706
70.21063189568706
70.21063189568706
70.21063189568706
70.21063189568706
70.21063189568706
70.21063189568706
70.21063189568706
70.21063189568706
70.21063189568706
70.21063189568706
70.21063189568706
70.21063189568706
70.21063189568706
68.20461384152456
68.20461384152456
68.20461384152456
68.20461384152456
68.20461384152456
68.20461384152456
68.20461384152456
68.20461384152456
68.20461384152456
68.20461384152456
68.20461384152456
68.20461384152456
68.20461384152456
68.20461384152456
68.20461384152456
68.20461384152456
68.20461384152456
68.06530703220773
67.20160481444333
67.20160481444333
67.20160481444333
67.20160481444333
67.20160481444333
67.20160481444333
67.20160481444333
67.20160481444333
67.20160481444333
67.20160481444333
67.20160481444333
67.20160481444333
67.20160481444333
67.20160481444333
67.20160481444333
67.20160481444333
68.14889111779783
68.20461384152456
68.20461384152456
68.20461384152456
68.20461384152456
68.20461384152456
68.20461384152456
68.20461384152456
68.20461384152456
68.20461384152456
68.20461384152456
68.20461384152456
68.20461384152456
68.20461384152456
68.20461384152456
68.20461384152456
68.20461384152456
68.20461384152456
68.20461384152456
68.20461384152456
68.20461384152456
68.20461384152456
68.20461384152456
68.20461384152456
68.20461384152456
68.20461384152456
68.20461384152456
68.20461384152456
68.20461384152456
68.20461384152456
68.20461384152456
68.20461384152456
68.20461384152456
71.10219547531483
72.21664994984954
72.21664994984954
72.21664994984954
72.21664994984954
72.21664994984954
72.21664994984954
72.21664994984954
72.21664994984954
72.21664994984954
72.21664994984954
72.21664994984954
72.21664994984954
72.21664994984954
72.21664994984954
72.21664994984954
71.77086816003566
71.2136409227683
71.2136409227683
71.2136409227683
71.2136409227683
71.2136409227683
71.2136409227683
71.2136409227683
71.2136409227683
71.2136409227683
71.2136409227683
71.2136409227683
71.2136409227683
71.2136409227683
71.2136409227683
71.2136409227683
71.77086816003566
72.21664994984954
72.21664994984954
72.21664994984954
72.21664994984954
72.21664994984954
72.21664994984954
72.21664994984954
72.21664994984954
72.21664994984954
72.21664994984954
72.21664994984954
72.21664994984954
72.21664994984954
72.21664994984954
72.21664994984954
71.88231360748912
71.2136409227683
71.2136409227683
71.2136409227683
71.2136409227683
71.2136409227683
71.2136409227683
71.2136409227683
71.2136409227683
71.2136409227683
71.2136409227683
71.2136409227683
71.2136409227683
71.2136409227683
71.2136409227683
71.2136409227683
70.82358185668114
70.21063189568706
70.21063189568706
70.21063189568706
70.21063189568706
70.21063189568706
70.21063189568706
70.21063189568706
70.21063189568706
70.21063189568706
70.21063189568706
70.21063189568706
70.21063189568706
70.21063189568706
70.21063189568706
70.21063189568706
70.21063189568706
67.53594115680374
67.20160481444333
67.20160481444333
67.20160481444333
67.20160481444333
67.20160481444333
67.20160481444333
67.20160481444333
67.20160481444333
67.20160481444333
67.20160481444333
67.20160481444333
67.20160481444333
67.20160481444333
67.20160481444333
67.20160481444333
67.20160481444333
67.20160481444333
67.20160481444333
67.20160481444333
67.20160481444333
67.20160481444333
67.20160481444333
67.20160481444333
67.20160481444333
67.20160481444333
67.20160481444333
67.20160481444333
67.20160481444333
67.20160481444333
67.20160481444333
67.20160481444333
67.20160481444333
67.20160481444333
67.20160481444333
66.39362532040566
66.19859578736208
66.19859578736208
66.19859578736208
66.19859578736208
66.19859578736208
66.19859578736208
66.19859578736208
66.19859578736208
66.19859578736208
66.19859578736208
66.19859578736208
66.19859578736208
66.19859578736208
66.19859578736208
66.19859578736208
66.19859578736208
66.19859578736208
66.89512983394627
67.20160481444333
67.20160481444333
67.20160481444333
67.20160481444333
67.20160481444333
67.20160481444333
67.20160481444333
67.20160481444333
67.20160481444333
67.20160481444333
67.20160481444333
67.20160481444333
67.20160481444333
67.20160481444333
67.20160481444333
67.20160481444333
67.20160481444333
66.58865485344923
66.19859578736208
66.19859578736208
66.19859578736208
66.19859578736208
66.19859578736208
66.19859578736208
66.19859578736208
66.19859578736208
66.19859578736208
66.19859578736208
66.19859578736208
66.19859578736208
66.19859578736208
66.19859578736208
66.19859578736208
66.19859578736208
66.19859578736208
65.19558676028083
64.1925777331996
64.1925777331996
64.1925777331996
64.1925777331996
64.1925777331996
64.1925777331996
64.1925777331996
64.1925777331996
64.1925777331996
64.1925777331996
64.1925777331996
64.1925777331996
64.1925777331996
64.1925777331996
64.1925777331996
64.1925777331996
62.1865596790371
62.1865596790371
62.1865596790371
62.1865596790371
62.1865596790371
62.1865596790371
62.1865596790371
62.1865596790371
62.1865596790371
62.1865596790371
62.1865596790371
62.1865596790371
62.1865596790371
62.1865596790371
62.1865596790371
62.214421040900476
63.18956870611835
63.18956870611835
63.18956870611835
63.18956870611835
63.18956870611835
63.18956870611835
63.18956870611835
63.18956870611835
63.18956870611835
63.18956870611835
63.18956870611835
63.18956870611835
63.18956870611835
63.18956870611835
63.18956870611835
64.3597459043798
65.19558676028083
65.19558676028083
65.19558676028083
65.19558676028083
65.19558676028083
65.19558676028083
65.19558676028083
65.19558676028083
65.19558676028083
65.19558676028083
65.19558676028083
65.19558676028083
65.19558676028083
65.19558676028083
65.19558676028083
65.9199821687284
66.19859578736208
66.19859578736208
66.19859578736208
66.19859578736208
66.19859578736208
66.19859578736208
66.19859578736208
66.19859578736208
66.19859578736208
66.19859578736208
66.19859578736208
66.19859578736208
66.19859578736208
66.19859578736208
66.19859578736208
69.82057282959991
71.2136409227683
71.2136409227683
71.2136409227683
71.2136409227683
71.2136409227683
71.2136409227683
71.2136409227683
71.2136409227683
71.2136409227683
71.2136409227683
71.2136409227683
71.2136409227683
71.2136409227683
71.2136409227683
71.2136409227683
71.2136409227683
71.2136409227683
71.2136409227683
71.2136409227683
71.2136409227683
71.2136409227683
71.2136409227683
71.2136409227683
71.2136409227683
71.2136409227683
71.2136409227683
71.2136409227683
71.2136409227683
71.2136409227683
71.2136409227683
73.0246294438872
76.22868605817452
