100.29850746268656
100.29850746268656
100.29850746268656
100.29850746268656
100.29850746268656
100.29850746268656
100.29850746268656
100.29850746268656
100.29850746268656
100.29850746268656
100.29850746268656
100.29850746268656
100.29850746268656
100.29850746268656
100.29850746268656
100.29850746268656
100.29850746268656
100.29850746268656
102.76119402985074
111.7910447761194
111.7910447761194
111.7910447761194
111.7910447761194
111.7910447761194
111.7910447761194
111.7910447761194
111.7910447761194
111.7910447761194
111.7910447761194
111.7910447761194
111.7910447761194
111.7910447761194
111.7910447761194
111.7910447761194
111.7910447761194
111.7910447761194
111.7910447761194
111.7910447761194
111.7910447761194
111.7910447761194
111.7910447761194
111.7910447761194
111.7910447761194
111.7910447761194
111.7910447761194
111.7910447761194
111.7910447761194
111.7910447761194
111.7910447761194
111.7910447761194
111.7910447761194
111.7910447761194
111.7910447761194
111.7910447761194
111.7910447761194
115.07462686567163
115.97014925373134
115.97014925373134
115.97014925373134
115.97014925373134
115.97014925373134
115.97014925373134
115.97014925373134
115.97014925373134
115.97014925373134
115.97014925373134
115.97014925373134
115.97014925373134
115.97014925373134
115.97014925373134
115.97014925373134
115.97014925373134
115.97014925373134
115.97014925373134
115.97014925373134
115.97014925373134
115.97014925373134
115.97014925373134
115.97014925373134
115.97014925373134
115.97014925373134
115.97014925373134
115.97014925373134
115.97014925373134
115.97014925373134
115.97014925373134
115.97014925373134
115.97014925373134
115.97014925373134
115.97014925373134
115.97014925373134
115.97014925373134
115.97014925373134
115.97014925373134
111.49253731343283
105.52238805970148
105.52238805970148
105.52238805970148
105.52238805970148
105.52238805970148
105.52238805970148
105.52238805970148
105.52238805970148
105.52238805970148
105.52238805970148
105.52238805970148
105.52238805970148
105.52238805970148
105.52238805970148
105.52238805970148
105.52238805970148
105.52238805970148
105.52238805970148
105.52238805970148
105.52238805970148
105.52238805970148
105.52238805970148
105.52238805970148
105.52238805970148
105.52238805970148
105.52238805970148
105.52238805970148
105.52238805970148
105.52238805970148
105.52238805970148
105.52238805970148
105.52238805970148
105.52238805970148
105.52238805970148
105.52238805970148
105.52238805970148
105.52238805970148
105.52238805970148
105.52238805970148
105.52238805970148
105.52238805970148
105.52238805970148
97.46268656716417
96.11940298507463
96.11940298507463
96.11940298507463
96.11940298507463
96.11940298507463
96.11940298507463
96.11940298507463
96.11940298507463
96.11940298507463
96.11940298507463
96.11940298507463
96.11940298507463
96.11940298507463
96.11940298507463
96.11940298507463
96.11940298507463
96.11940298507463
96.11940298507463
96.11940298507463
96.11940298507463
96.11940298507463
96.11940298507463
96.11940298507463
96.11940298507463
96.11940298507463
96.11940298507463
96.11940298507463
96.11940298507463
96.11940298507463
96.11940298507463
96.11940298507463
96.11940298507463
96.11940298507463
96.11940298507463
96.11940298507463
96.11940298507463
96.11940298507463
107.76119402985074
109.70149253731343
109.70149253731343
109.70149253731343
109.70149253731343
109.70149253731343
109.70149253731343
109.70149253731343
109.70149253731343
109.70149253731343
109.70149253731343
109.70149253731343
109.70149253731343
109.70149253731343
109.70149253731343
109.70149253731343
109.70149253731343
109.70149253731343
109.70149253731343
109.70149253731343
109.70149253731343
109.70149253731343
109.70149253731343
109.70149253731343
109.70149253731343
109.70149253731343
109.70149253731343
109.70149253731343
109.70149253731343
109.70149253731343
109.70149253731343
109.70149253731343
109.70149253731343
109.70149253731343
109.70149253731343
109.70149253731343
109.70149253731343
109.70149253731343
109.70149253731343
109.70149253731343
109.70149253731343
109.70149253731343
109.70149253731343
99.25373134328358
99.25373134328358
99.25373134328358
99.25373134328358
99.25373134328358
99.25373134328358
99.25373134328358
99.25373134328358
99.25373134328358
99.25373134328358
99.25373134328358
99.25373134328358
99.25373134328358
99.25373134328358
99.25373134328358
99.25373134328358
99.25373134328358
99.25373134328358
99.25373134328358
99.25373134328358
99.25373134328358
99.25373134328358
99.25373134328358
99.25373134328358
99.25373134328358
99.25373134328358
99.25373134328358
99.25373134328358
99.25373134328358
99.25373134328358
99.25373134328358
99.25373134328358
99.25373134328358
99.25373134328358
99.25373134328358
99.25373134328358
99.25373134328358
99.25373134328358
99.25373134328358
106.41791044776119
107.61194029850746
107.61194029850746
107.61194029850746
107.61194029850746
107.61194029850746
107.61194029850746
107.61194029850746
107.61194029850746
107.61194029850746
107.61194029850746
107.61194029850746
107.61194029850746
107.61194029850746
107.61194029850746
107.61194029850746
107.61194029850746
107.61194029850746
107.61194029850746
107.61194029850746
107.61194029850746
107.61194029850746
107.61194029850746
107.61194029850746
107.61194029850746
107.61194029850746
107.61194029850746
107.61194029850746
107.61194029850746
107.61194029850746
107.61194029850746
107.61194029850746
107.61194029850746
107.61194029850746
107.61194029850746
107.61194029850746
107.61194029850746
108.65671641791045
109.70149253731343
109.70149253731343
109.70149253731343
109.70149253731343
109.70149253731343
109.70149253731343
109.70149253731343
109.70149253731343
109.70149253731343
109.70149253731343
109.70149253731343
109.70149253731343
109.70149253731343
109.70149253731343
109.70149253731343
109.70149253731343
109.70149253731343
109.70149253731343
109.70149253731343
109.70149253731343
109.70149253731343
109.70149253731343
109.70149253731343
109.70149253731343
109.70149253731343
109.70149253731343
109.70149253731343
109.70149253731343
109.70149253731343
109.70149253731343
109.70149253731343
109.70149253731343
109.70149253731343
109.70149253731343
109.70149253731343
109.70149253731343
109.70149253731343
109.70149253731343
109.70149253731343
109.70149253731343
108.35820895522387
100.29850746268656
100.29850746268656
100.29850746268656
100.29850746268656
100.29850746268656
100.29850746268656
100.29850746268656
100.29850746268656
100.29850746268656
100.29850746268656
100.29850746268656
100.29850746268656
100.29850746268656
100.29850746268656
100.29850746268656
100.29850746268656
100.29850746268656
100.29850746268656
100.29850746268656
100.29850746268656
100.29850746268656
100.29850746268656
100.29850746268656
100.29850746268656
100.29850746268656
100.29850746268656
100.29850746268656
100.29850746268656
100.29850746268656
100.29850746268656
100.29850746268656
100.29850746268656
100.29850746268656
100.29850746268656
100.29850746268656
100.29850746268656
100.29850746268656
102.53731343283582
110.74626865671641
110.74626865671641
110.74626865671641
110.74626865671641
110.74626865671641
110.74626865671641
110.74626865671641
110.74626865671641
110.74626865671641
110.74626865671641
110.74626865671641
110.74626865671641
110.74626865671641
110.74626865671641
110.74626865671641
110.74626865671641
110.74626865671641
110.74626865671641
110.74626865671641
110.74626865671641
110.74626865671641
110.74626865671641
110.74626865671641
110.74626865671641
110.74626865671641
110.74626865671641
110.74626865671641
110.74626865671641
110.74626865671641
110.74626865671641
110.74626865671641
110.74626865671641
110.74626865671641
110.74626865671641
110.74626865671641
110.74626865671641
110.74626865671641
110.74626865671641
110.74626865671641
110.74626865671641
110.74626865671641
110.74626865671641
110.74626865671641
110.74626865671641
110.74626865671641
110.74626865671641
110.74626865671641
110.74626865671641
110.74626865671641
110.74626865671641
110.74626865671641
110.74626865671641
110.74626865671641
110.74626865671641
110.74626865671641
110.74626865671641
110.74626865671641
110.74626865671641
110.74626865671641
110.74626865671641
110.74626865671641
110.74626865671641
110.74626865671641
110.74626865671641
110.74626865671641
110.74626865671641
110.74626865671641
110.74626865671641
110.74626865671641
110.74626865671641
110.74626865671641
110.74626865671641
110.74626865671641
110.74626865671641
110.74626865671641
110.74626865671641
110.74626865671641
110.74626865671641
110.74626865671641
110.74626865671641
110.74626865671641
110.74626865671641
110.74626865671641
110.74626865671641
110.74626865671641
110.74626865671641
110.74626865671641
110.74626865671641
110.74626865671641
110.74626865671641
110.74626865671641
110.74626865671641
110.74626865671641
110.74626865671641
110.74626865671641
110.74626865671641
110.74626865671641
110.74626865671641
110.74626865671641
110.74626865671641
110.74626865671641
110.74626865671641
110.74626865671641
110.74626865671641
110.74626865671641
110.74626865671641
110.74626865671641
110.74626865671641
110.74626865671641
110.74626865671641
110.74626865671641
110.74626865671641
110.74626865671641
110.74626865671641
110.74626865671641
110.74626865671641
110.74626865671641
110.74626865671641
110.74626865671641
110.74626865671641
110.74626865671641
110.74626865671641
110.74626865671641
110.74626865671641
110.74626865671641
110.74626865671641
110.74626865671641
110.74626865671641
110.74626865671641
110.74626865671641
110.74626865671641
110.74626865671641
110.74626865671641
110.74626865671641
110.74626865671641
110.74626865671641
110.74626865671641
110.74626865671641
110.74626865671641
110.74626865671641
110.74626865671641
110.74626865671641
110.74626865671641
110.74626865671641
110.74626865671641
110.74626865671641
110.74626865671641
110.74626865671641
23.73134328358209
0.0
0.0
0.0
0.0
0.0
0.0
0.0
24.253731343283583
26.119402985074625
26.119402985074625
26.119402985074625
26.119402985074625
26.119402985074625
26.119402985074625
26.119402985074625
26.119402985074625
26.119402985074625
26.119402985074625
26.119402985074625
26.119402985074625
26.119402985074625
26.119402985074625
26.119402985074625
26.119402985074625
26.119402985074625
26.119402985074625
26.119402985074625
26.119402985074625
26.119402985074625
26.119402985074625
26.119402985074625
26.119402985074625
26.119402985074625
26.119402985074625
26.119402985074625
26.119402985074625
26.119402985074625
26.119402985074625
26.119402985074625
26.119402985074625
26.119402985074625
26.119402985074625
92.38805970149254
142.08955223880596
142.08955223880596
142.08955223880596
142.08955223880596
142.08955223880596
142.08955223880596
142.08955223880596
142.08955223880596
142.08955223880596
142.08955223880596
142.08955223880596
142.08955223880596
142.08955223880596
142.08955223880596
142.08955223880596
142.08955223880596
142.08955223880596
142.08955223880596
142.08955223880596
142.08955223880596
142.08955223880596
142.08955223880596
147.91044776119404
148.3582089552239
148.3582089552239
148.3582089552239
148.3582089552239
148.3582089552239
148.3582089552239
148.3582089552239
148.3582089552239
148.3582089552239
148.3582089552239
148.3582089552239
148.3582089552239
148.3582089552239
148.3582089552239
148.3582089552239
148.3582089552239
148.3582089552239
148.3582089552239
148.3582089552239
148.3582089552239
148.3582089552239
148.3582089552239
148.3582089552239
148.3582089552239
148.3582089552239
148.3582089552239
148.3582089552239
148.3582089552239
148.3582089552239
148.3582089552239
148.3582089552239
148.3582089552239
148.3582089552239
148.3582089552239
148.3582089552239
148.3582089552239
148.3582089552239
148.3582089552239
148.3582089552239
148.3582089552239
137.1641791044776
96.11940298507463
96.11940298507463
96.11940298507463
96.11940298507463
96.11940298507463
96.11940298507463
96.11940298507463
96.11940298507463
96.11940298507463
96.11940298507463
96.11940298507463
96.11940298507463
96.11940298507463
96.11940298507463
96.11940298507463
96.11940298507463
96.11940298507463
96.11940298507463
96.11940298507463
96.11940298507463
96.11940298507463
96.11940298507463
96.11940298507463
96.11940298507463
96.11940298507463
96.11940298507463
96.11940298507463
96.11940298507463
96.11940298507463
96.11940298507463
96.11940298507463
96.11940298507463
96.11940298507463
96.11940298507463
96.11940298507463
96.11940298507463
96.11940298507463
96.11940298507463
96.11940298507463
96.11940298507463
102.38805970149254
102.38805970149254
102.38805970149254
102.38805970149254
102.38805970149254
102.38805970149254
102.38805970149254
102.38805970149254
102.38805970149254
102.38805970149254
102.38805970149254
102.38805970149254
102.38805970149254
102.38805970149254
102.38805970149254
102.38805970149254
102.38805970149254
102.38805970149254
102.38805970149254
102.38805970149254
102.38805970149254
102.38805970149254
102.38805970149254
102.38805970149254
102.38805970149254
102.38805970149254
102.38805970149254
102.38805970149254
102.38805970149254
102.38805970149254
102.38805970149254
102.38805970149254
102.38805970149254
102.38805970149254
102.38805970149254
102.38805970149254
102.38805970149254
102.38805970149254
102.38805970149254
102.38805970149254
102.38805970149254
104.32835820895522
104.4776119402985
104.4776119402985
104.4776119402985
104.4776119402985
104.4776119402985
104.4776119402985
104.4776119402985
104.4776119402985
104.4776119402985
104.4776119402985
104.4776119402985
104.4776119402985
104.4776119402985
104.4776119402985
104.4776119402985
104.4776119402985
104.4776119402985
104.4776119402985
104.4776119402985
104.4776119402985
104.4776119402985
104.4776119402985
104.4776119402985
104.4776119402985
104.4776119402985
104.4776119402985
104.4776119402985
104.4776119402985
104.4776119402985
104.4776119402985
104.4776119402985
104.4776119402985
104.4776119402985
104.4776119402985
104.4776119402985
104.4776119402985
106.26865671641791
107.61194029850746
107.61194029850746
107.61194029850746
107.61194029850746
107.61194029850746
107.61194029850746
107.61194029850746
107.61194029850746
107.61194029850746
107.61194029850746
107.61194029850746
107.61194029850746
107.61194029850746
107.61194029850746
107.61194029850746
107.61194029850746
107.61194029850746
107.61194029850746
107.61194029850746
107.61194029850746
107.61194029850746
107.61194029850746
107.61194029850746
107.61194029850746
107.61194029850746
107.61194029850746
107.61194029850746
107.61194029850746
107.61194029850746
107.61194029850746
107.61194029850746
107.61194029850746
107.61194029850746
107.61194029850746
116.56716417910448
118.05970149253731
118.05970149253731
118.05970149253731
118.05970149253731
118.05970149253731
118.05970149253731
118.05970149253731
118.05970149253731
118.05970149253731
118.05970149253731
118.05970149253731
118.05970149253731
118.05970149253731
118.05970149253731
118.05970149253731
118.05970149253731
118.05970149253731
118.05970149253731
118.05970149253731
118.05970149253731
118.05970149253731
118.05970149253731
118.05970149253731
118.05970149253731
118.05970149253731
118.05970149253731
118.05970149253731
118.05970149253731
118.05970149253731
118.05970149253731
118.05970149253731
118.05970149253731
118.05970149253731
118.05970149253731
118.05970149253731
118.05970149253731
118.05970149253731
118.05970149253731
118.05970149253731
115.82089552238806
107.61194029850746
107.61194029850746
107.61194029850746
107.61194029850746
107.61194029850746
107.61194029850746
107.61194029850746
107.61194029850746
107.61194029850746
107.61194029850746
107.61194029850746
107.61194029850746
107.61194029850746
107.61194029850746
107.61194029850746
107.61194029850746
107.61194029850746
107.61194029850746
107.61194029850746
107.61194029850746
107.61194029850746
107.61194029850746
107.61194029850746
107.61194029850746
107.61194029850746
107.61194029850746
107.61194029850746
107.61194029850746
107.61194029850746
107.61194029850746
107.61194029850746
107.61194029850746
107.61194029850746
107.61194029850746
107.61194029850746
107.61194029850746
110.74626865671641
113.88059701492537
113.88059701492537
113.88059701492537
113.88059701492537
113.88059701492537
113.88059701492537
113.88059701492537
113.88059701492537
113.88059701492537
113.88059701492537
113.88059701492537
113.88059701492537
113.88059701492537
113.88059701492537
113.88059701492537
113.88059701492537
113.88059701492537
113.88059701492537
113.88059701492537
113.88059701492537
113.88059701492537
113.88059701492537
113.88059701492537
113.88059701492537
113.88059701492537
113.88059701492537
113.88059701492537
113.88059701492537
113.88059701492537
113.88059701492537
113.88059701492537
113.88059701492537
