24.43598949681153
24.43598949681153
24.43598949681153
24.43598949681153
24.43598949681153
24.43598949681153
24.43598949681153
24.43598949681153
24.43598949681153
49.51503134880231
183.26992122608647
183.26992122608647
183.26992122608647
183.26992122608647
183.26992122608647
183.26992122608647
183.26992122608647
183.26992122608647
183.26992122608647
183.26992122608647
183.26992122608647
183.26992122608647
183.26992122608647
183.26992122608647
183.26992122608647
183.26992122608647
183.26992122608647
183.26992122608647
183.26992122608647
183.26992122608647
183.26992122608647
183.26992122608647
183.26992122608647
183.26992122608647
183.26992122608647
150.25990032688495
104.87112159048282
104.87112159048282
104.87112159048282
104.87112159048282
104.87112159048282
104.87112159048282
104.87112159048282
104.87112159048282
104.87112159048282
104.87112159048282
104.87112159048282
104.87112159048282
104.87112159048282
104.87112159048282
104.87112159048282
104.87112159048282
104.87112159048282
104.87112159048282
104.87112159048282
104.87112159048282
104.87112159048282
104.87112159048282
104.87112159048282
104.87112159048282
104.87112159048282
104.87112159048282
104.87112159048282
104.87112159048282
104.87112159048282
104.87112159048282
100.31616740796312
99.78029044531375
99.78029044531375
99.78029044531375
99.78029044531375
99.78029044531375
99.78029044531375
99.78029044531375
99.78029044531375
99.78029044531375
99.78029044531375
99.78029044531375
99.78029044531375
99.78029044531375
99.78029044531375
99.78029044531375
99.78029044531375
99.78029044531375
99.78029044531375
99.78029044531375
99.78029044531375
99.78029044531375
99.78029044531375
99.78029044531375
99.78029044531375
99.78029044531375
99.78029044531375
99.78029044531375
99.78029044531375
105.4069985531322
106.90745404855045
106.90745404855045
106.90745404855045
106.90745404855045
106.90745404855045
106.90745404855045
106.90745404855045
106.90745404855045
106.90745404855045
106.90745404855045
106.90745404855045
106.90745404855045
106.90745404855045
106.90745404855045
106.90745404855045
106.90745404855045
106.90745404855045
106.90745404855045
106.90745404855045
106.90745404855045
106.90745404855045
106.90745404855045
106.90745404855045
106.90745404855045
106.90745404855045
106.90745404855045
106.90745404855045
106.90745404855045
104.9782969830127
104.87112159048282
104.87112159048282
104.87112159048282
104.87112159048282
104.87112159048282
104.87112159048282
104.87112159048282
104.87112159048282
104.87112159048282
104.87112159048282
104.87112159048282
104.87112159048282
104.87112159048282
104.87112159048282
104.87112159048282
104.87112159048282
104.87112159048282
104.87112159048282
104.87112159048282
104.87112159048282
104.87112159048282
104.87112159048282
104.87112159048282
104.87112159048282
104.87112159048282
104.87112159048282
104.87112159048282
104.87112159048282
104.87112159048282
101.87021059964631
97.74395798724612
97.74395798724612
97.74395798724612
97.74395798724612
97.74395798724612
97.74395798724612
97.74395798724612
97.74395798724612
97.74395798724612
97.74395798724612
97.74395798724612
97.74395798724612
97.74395798724612
97.74395798724612
97.74395798724612
97.74395798724612
97.74395798724612
97.74395798724612
97.74395798724612
97.74395798724612
97.74395798724612
97.74395798724612
97.74395798724612
97.74395798724612
97.74395798724612
97.74395798724612
97.74395798724612
97.74395798724612
108.35432184770376
108.94378650661807
108.94378650661807
108.94378650661807
108.94378650661807
108.94378650661807
108.94378650661807
108.94378650661807
108.94378650661807
108.94378650661807
108.94378650661807
108.94378650661807
108.94378650661807
108.94378650661807
108.94378650661807
108.94378650661807
108.94378650661807
108.94378650661807
108.94378650661807
108.94378650661807
108.94378650661807
108.94378650661807
108.94378650661807
108.94378650661807
108.94378650661807
108.94378650661807
108.94378650661807
108.94378650661807
108.94378650661807
108.94378650661807
104.60318310915812
99.78029044531375
99.78029044531375
99.78029044531375
99.78029044531375
99.78029044531375
99.78029044531375
99.78029044531375
99.78029044531375
99.78029044531375
99.78029044531375
99.78029044531375
99.78029044531375
99.78029044531375
99.78029044531375
99.78029044531375
99.78029044531375
99.78029044531375
99.78029044531375
99.78029044531375
99.78029044531375
99.78029044531375
99.78029044531375
99.78029044531375
99.78029044531375
99.78029044531375
99.78029044531375
99.78029044531375
102.4060875622957
106.90745404855045
106.90745404855045
106.90745404855045
106.90745404855045
106.90745404855045
106.90745404855045
106.90745404855045
106.90745404855045
106.90745404855045
106.90745404855045
106.90745404855045
106.90745404855045
106.90745404855045
106.90745404855045
106.90745404855045
106.90745404855045
106.90745404855045
106.90745404855045
106.90745404855045
106.90745404855045
106.90745404855045
106.90745404855045
106.90745404855045
106.90745404855045
106.90745404855045
106.90745404855045
106.90745404855045
106.90745404855045
106.90745404855045
106.90745404855045
106.90745404855045
106.90745404855045
106.90745404855045
106.90745404855045
106.90745404855045
106.90745404855045
106.90745404855045
106.90745404855045
106.90745404855045
106.90745404855045
106.90745404855045
106.90745404855045
106.90745404855045
106.90745404855045
106.90745404855045
106.90745404855045
106.90745404855045
106.90745404855045
106.90745404855045
106.90745404855045
106.90745404855045
106.90745404855045
106.90745404855045
106.90745404855045
106.90745404855045
106.90745404855045
106.90745404855045
106.90745404855045
106.90745404855045
106.90745404855045
106.90745404855045
106.90745404855045
106.90745404855045
106.90745404855045
106.90745404855045
106.90745404855045
106.90745404855045
106.90745404855045
106.90745404855045
106.90745404855045
106.90745404855045
106.90745404855045
106.90745404855045
106.90745404855045
106.90745404855045
106.90745404855045
106.90745404855045
106.90745404855045
106.90745404855045
106.90745404855045
106.90745404855045
106.90745404855045
106.90745404855045
106.90745404855045
106.90745404855045
106.90745404855045
106.90745404855045
106.90745404855045
97.74395798724612
97.74395798724612
97.74395798724612
97.74395798724612
97.74395798724612
97.74395798724612
97.74395798724612
97.74395798724612
97.74395798724612
97.74395798724612
97.74395798724612
97.74395798724612
97.74395798724612
97.74395798724612
97.74395798724612
97.74395798724612
97.74395798724612
97.74395798724612
97.74395798724612
97.74395798724612
97.74395798724612
97.74395798724612
97.74395798724612
97.74395798724612
97.74395798724612
97.74395798724612
103.31707839879962
110.9801189646857
110.9801189646857
110.9801189646857
110.9801189646857
110.9801189646857
110.9801189646857
110.9801189646857
110.9801189646857
110.9801189646857
110.9801189646857
110.9801189646857
110.9801189646857
110.9801189646857
110.9801189646857
110.9801189646857
110.9801189646857
110.9801189646857
110.9801189646857
110.9801189646857
110.9801189646857
110.9801189646857
110.9801189646857
110.9801189646857
110.9801189646857
110.9801189646857
110.9801189646857
110.9801189646857
110.9801189646857
110.9801189646857
108.4079095439687
104.87112159048282
104.87112159048282
104.87112159048282
104.87112159048282
104.87112159048282
104.87112159048282
104.87112159048282
104.87112159048282
104.87112159048282
104.87112159048282
104.87112159048282
104.87112159048282
104.87112159048282
104.87112159048282
104.87112159048282
104.87112159048282
104.87112159048282
104.87112159048282
104.87112159048282
104.87112159048282
104.87112159048282
104.87112159048282
104.87112159048282
104.87112159048282
104.87112159048282
104.87112159048282
104.87112159048282
104.87112159048282
104.87112159048282
104.87112159048282
104.87112159048282
99.565939660254
93.67129307111087
93.67129307111087
93.67129307111087
93.67129307111087
93.67129307111087
93.67129307111087
93.67129307111087
93.67129307111087
93.67129307111087
93.67129307111087
93.67129307111087
93.67129307111087
93.67129307111087
93.67129307111087
93.67129307111087
93.67129307111087
93.67129307111087
93.67129307111087
93.67129307111087
93.67129307111087
93.67129307111087
93.67129307111087
93.67129307111087
93.67129307111087
93.67129307111087
93.67129307111087
93.67129307111087
93.67129307111087
106.90745404855045
106.90745404855045
106.90745404855045
106.90745404855045
106.90745404855045
106.90745404855045
106.90745404855045
106.90745404855045
106.90745404855045
106.90745404855045
106.90745404855045
106.90745404855045
106.90745404855045
106.90745404855045
106.90745404855045
106.90745404855045
106.90745404855045
106.90745404855045
106.90745404855045
106.90745404855045
106.90745404855045
106.90745404855045
106.90745404855045
106.90745404855045
106.90745404855045
106.90745404855045
106.90745404855045
106.90745404855045
107.76485718878945
108.94378650661807
108.94378650661807
108.94378650661807
108.94378650661807
108.94378650661807
108.94378650661807
108.94378650661807
108.94378650661807
108.94378650661807
108.94378650661807
108.94378650661807
108.94378650661807
108.94378650661807
108.94378650661807
108.94378650661807
108.94378650661807
108.94378650661807
108.94378650661807
108.94378650661807
108.94378650661807
108.94378650661807
108.94378650661807
108.94378650661807
108.94378650661807
108.94378650661807
108.94378650661807
108.94378650661807
108.94378650661807
108.94378650661807
108.94378650661807
108.94378650661807
100.90563206687743
93.67129307111087
93.67129307111087
93.67129307111087
93.67129307111087
93.67129307111087
93.67129307111087
93.67129307111087
93.67129307111087
93.67129307111087
93.67129307111087
93.67129307111087
93.67129307111087
93.67129307111087
93.67129307111087
93.67129307111087
93.67129307111087
93.67129307111087
93.67129307111087
93.67129307111087
93.67129307111087
93.67129307111087
93.67129307111087
93.67129307111087
93.67129307111087
93.67129307111087
93.67129307111087
93.67129307111087
93.67129307111087
93.67129307111087
98.01189646857081
102.8347891324152
102.8347891324152
102.8347891324152
102.8347891324152
102.8347891324152
102.8347891324152
102.8347891324152
102.8347891324152
102.8347891324152
102.8347891324152
102.8347891324152
102.8347891324152
102.8347891324152
102.8347891324152
102.8347891324152
102.8347891324152
102.8347891324152
102.8347891324152
102.8347891324152
102.8347891324152
102.8347891324152
102.8347891324152
102.8347891324152
102.8347891324152
102.8347891324152
102.8347891324152
102.8347891324152
102.8347891324152
102.8347891324152
102.8347891324152
96.72579175821231
96.72579175821231
96.72579175821231
96.72579175821231
96.72579175821231
96.72579175821231
96.72579175821231
96.72579175821231
96.72579175821231
96.72579175821231
96.72579175821231
96.72579175821231
96.72579175821231
96.72579175821231
96.72579175821231
96.72579175821231
96.72579175821231
96.72579175821231
96.72579175821231
96.72579175821231
96.72579175821231
96.72579175821231
96.72579175821231
96.72579175821231
96.72579175821231
96.72579175821231
96.72579175821231
96.72579175821231
96.72579175821231
96.72579175821231
98.17265955736562
99.78029044531375
99.78029044531375
99.78029044531375
99.78029044531375
99.78029044531375
99.78029044531375
99.78029044531375
99.78029044531375
99.78029044531375
99.78029044531375
99.78029044531375
99.78029044531375
99.78029044531375
99.78029044531375
99.78029044531375
99.78029044531375
99.78029044531375
99.78029044531375
99.78029044531375
99.78029044531375
99.78029044531375
99.78029044531375
99.78029044531375
99.78029044531375
99.78029044531375
99.78029044531375
99.78029044531375
99.78029044531375
99.78029044531375
99.78029044531375
99.78029044531375
99.78029044531375
99.78029044531375
99.78029044531375
87.56229569690798
87.56229569690798
87.56229569690798
87.56229569690798
87.56229569690798
87.56229569690798
87.56229569690798
87.56229569690798
87.56229569690798
87.56229569690798
87.56229569690798
87.56229569690798
87.56229569690798
87.56229569690798
87.56229569690798
87.56229569690798
87.56229569690798
87.56229569690798
87.56229569690798
87.56229569690798
87.56229569690798
87.56229569690798
87.56229569690798
87.56229569690798
87.56229569690798
87.56229569690798
87.56229569690798
87.56229569690798
87.56229569690798
87.56229569690798
87.56229569690798
87.56229569690798
87.56229569690798
92.38518836075237
93.67129307111087
93.67129307111087
93.67129307111087
93.67129307111087
93.67129307111087
93.67129307111087
93.67129307111087
93.67129307111087
93.67129307111087
93.67129307111087
93.67129307111087
93.67129307111087
93.67129307111087
93.67129307111087
93.67129307111087
93.67129307111087
93.67129307111087
93.67129307111087
93.67129307111087
93.67129307111087
93.67129307111087
93.67129307111087
93.67129307111087
93.67129307111087
93.67129307111087
93.67129307111087
93.67129307111087
93.67129307111087
104.87112159048282
104.87112159048282
104.87112159048282
104.87112159048282
104.87112159048282
104.87112159048282
104.87112159048282
104.87112159048282
104.87112159048282
104.87112159048282
104.87112159048282
104.87112159048282
104.87112159048282
104.87112159048282
104.87112159048282
104.87112159048282
104.87112159048282
104.87112159048282
104.87112159048282
104.87112159048282
104.87112159048282
104.87112159048282
104.87112159048282
104.87112159048282
104.87112159048282
104.87112159048282
104.87112159048282
104.87112159048282
105.94287551578157
106.90745404855045
106.90745404855045
106.90745404855045
106.90745404855045
106.90745404855045
106.90745404855045
106.90745404855045
106.90745404855045
106.90745404855045
106.90745404855045
106.90745404855045
106.90745404855045
106.90745404855045
106.90745404855045
106.90745404855045
106.90745404855045
106.90745404855045
106.90745404855045
106.90745404855045
106.90745404855045
106.90745404855045
106.90745404855045
106.90745404855045
106.90745404855045
106.90745404855045
106.90745404855045
106.90745404855045
113.01645142275333
113.01645142275333
113.01645142275333
113.01645142275333
113.01645142275333
113.01645142275333
113.01645142275333
113.01645142275333
113.01645142275333
113.01645142275333
113.01645142275333
113.01645142275333
113.01645142275333
113.01645142275333
113.01645142275333
113.01645142275333
113.01645142275333
113.01645142275333
113.01645142275333
113.01645142275333
113.01645142275333
113.01645142275333
113.01645142275333
113.01645142275333
113.01645142275333
113.01645142275333
113.01645142275333
113.01645142275333
106.90745404855045
106.90745404855045
106.90745404855045
106.90745404855045
106.90745404855045
106.90745404855045
106.90745404855045
106.90745404855045
106.90745404855045
106.90745404855045
106.90745404855045
106.90745404855045
106.90745404855045
106.90745404855045
106.90745404855045
106.90745404855045
106.90745404855045
106.90745404855045
106.90745404855045
106.90745404855045
106.90745404855045
106.90745404855045
106.90745404855045
106.90745404855045
106.90745404855045
106.90745404855045
106.90745404855045
106.90745404855045
106.90745404855045
104.87112159048282
104.87112159048282
104.87112159048282
104.87112159048282
104.87112159048282
104.87112159048282
104.87112159048282
104.87112159048282
104.87112159048282
104.87112159048282
104.87112159048282
104.87112159048282
104.87112159048282
104.87112159048282
104.87112159048282
104.87112159048282
104.87112159048282
104.87112159048282
104.87112159048282
104.87112159048282
104.87112159048282
104.87112159048282
104.87112159048282
104.87112159048282
104.87112159048282
104.87112159048282
104.87112159048282
104.87112159048282
105.94287551578157
106.90745404855045
106.90745404855045
106.90745404855045
106.90745404855045
106.90745404855045
106.90745404855045
106.90745404855045
106.90745404855045
106.90745404855045
106.90745404855045
106.90745404855045
106.90745404855045
106.90745404855045
106.90745404855045
106.90745404855045
106.90745404855045
106.90745404855045
106.90745404855045
106.90745404855045
106.90745404855045
106.90745404855045
106.90745404855045
106.90745404855045
106.90745404855045
106.90745404855045
106.90745404855045
106.90745404855045
106.90745404855045
106.90745404855045
106.90745404855045
102.08456138470606
97.74395798724612
97.74395798724612
97.74395798724612
97.74395798724612
97.74395798724612
97.74395798724612
97.74395798724612
97.74395798724612
97.74395798724612
97.74395798724612
97.74395798724612
97.74395798724612
97.74395798724612
97.74395798724612
97.74395798724612
97.74395798724612
97.74395798724612
97.74395798724612
97.74395798724612
97.74395798724612
97.74395798724612
97.74395798724612
97.74395798724612
97.74395798724612
97.74395798724612
97.74395798724612
97.74395798724612
98.38701034242537
109.96195273565189
109.96195273565189
109.96195273565189
109.96195273565189
109.96195273565189
109.96195273565189
109.96195273565189
109.96195273565189
109.96195273565189
109.96195273565189
109.96195273565189
109.96195273565189
109.96195273565189
109.96195273565189
109.96195273565189
109.96195273565189
109.96195273565189
109.96195273565189
109.96195273565189
109.96195273565189
109.96195273565189
109.96195273565189
109.96195273565189
109.96195273565189
109.96195273565189
109.96195273565189
109.37248807673757
108.94378650661807
108.94378650661807
108.94378650661807
108.94378650661807
108.94378650661807
108.94378650661807
108.94378650661807
108.94378650661807
108.94378650661807
108.94378650661807
