95.96371882086167
95.96371882086167
95.96371882086167
95.96371882086167
95.96371882086167
95.96371882086167
95.96371882086167
95.96371882086167
95.96371882086167
95.96371882086167
95.96371882086167
95.96371882086167
95.96371882086167
95.96371882086167
95.96371882086167
95.96371882086167
95.96371882086167
100.49886621315193
106.39455782312925
106.39455782312925
106.39455782312925
106.39455782312925
106.39455782312925
106.39455782312925
106.39455782312925
106.39455782312925
106.39455782312925
106.39455782312925
106.39455782312925
106.39455782312925
106.39455782312925
106.39455782312925
106.39455782312925
106.39455782312925
106.39455782312925
106.39455782312925
106.39455782312925
106.39455782312925
106.39455782312925
106.39455782312925
105.35147392290249
105.35147392290249
105.35147392290249
105.35147392290249
105.35147392290249
105.35147392290249
105.35147392290249
105.35147392290249
105.35147392290249
105.35147392290249
105.35147392290249
105.35147392290249
105.35147392290249
105.35147392290249
105.35147392290249
105.35147392290249
105.35147392290249
105.35147392290249
105.35147392290249
105.35147392290249
105.35147392290249
105.35147392290249
105.35147392290249
100.1360544217687
100.1360544217687
100.1360544217687
100.1360544217687
100.1360544217687
100.1360544217687
100.1360544217687
100.1360544217687
100.1360544217687
100.1360544217687
100.1360544217687
100.1360544217687
100.1360544217687
100.1360544217687
100.1360544217687
100.1360544217687
100.1360544217687
100.1360544217687
100.1360544217687
100.1360544217687
100.1360544217687
100.1360544217687
100.1360544217687
100.1360544217687
100.58956916099773
101.17913832199547
101.17913832199547
101.17913832199547
101.17913832199547
101.17913832199547
101.17913832199547
101.17913832199547
101.17913832199547
101.17913832199547
101.17913832199547
101.17913832199547
101.17913832199547
101.17913832199547
101.17913832199547
101.17913832199547
101.17913832199547
101.17913832199547
101.17913832199547
101.17913832199547
101.17913832199547
101.17913832199547
101.17913832199547
101.17913832199547
101.63265306122449
106.39455782312925
106.39455782312925
106.39455782312925
106.39455782312925
106.39455782312925
106.39455782312925
106.39455782312925
106.39455782312925
106.39455782312925
106.39455782312925
106.39455782312925
106.39455782312925
106.39455782312925
106.39455782312925
106.39455782312925
106.39455782312925
106.39455782312925
106.39455782312925
106.39455782312925
106.39455782312925
106.39455782312925
106.39455782312925
102.40362811791383
102.22222222222221
102.22222222222221
102.22222222222221
102.22222222222221
102.22222222222221
102.22222222222221
102.22222222222221
102.22222222222221
102.22222222222221
102.22222222222221
102.22222222222221
102.22222222222221
102.22222222222221
102.22222222222221
102.22222222222221
102.22222222222221
102.22222222222221
102.22222222222221
102.22222222222221
102.22222222222221
102.22222222222221
102.22222222222221
102.22222222222221
102.22222222222221
102.22222222222221
105.35147392290249
105.35147392290249
105.35147392290249
105.35147392290249
105.35147392290249
105.35147392290249
105.35147392290249
105.35147392290249
105.35147392290249
105.35147392290249
105.35147392290249
105.35147392290249
105.35147392290249
105.35147392290249
105.35147392290249
105.35147392290249
105.35147392290249
105.35147392290249
105.35147392290249
105.35147392290249
105.35147392290249
105.35147392290249
105.35147392290249
105.35147392290249
105.35147392290249
105.35147392290249
105.35147392290249
105.35147392290249
105.35147392290249
105.35147392290249
105.35147392290249
105.35147392290249
105.35147392290249
105.35147392290249
105.35147392290249
105.35147392290249
105.35147392290249
105.35147392290249
105.35147392290249
105.35147392290249
105.35147392290249
105.35147392290249
105.35147392290249
105.35147392290249
105.35147392290249
105.35147392290249
105.35147392290249
105.35147392290249
105.35147392290249
105.75963718820861
106.39455782312925
106.39455782312925
106.39455782312925
106.39455782312925
106.39455782312925
106.39455782312925
106.39455782312925
106.39455782312925
106.39455782312925
106.39455782312925
106.39455782312925
106.39455782312925
106.39455782312925
106.39455782312925
106.39455782312925
106.39455782312925
106.39455782312925
106.39455782312925
106.39455782312925
106.39455782312925
106.39455782312925
106.39455782312925
106.39455782312925
106.39455782312925
106.39455782312925
106.39455782312925
106.39455782312925
106.39455782312925
106.39455782312925
106.39455782312925
106.39455782312925
106.39455782312925
106.39455782312925
106.39455782312925
106.39455782312925
106.39455782312925
106.39455782312925
106.39455782312925
106.39455782312925
106.39455782312925
106.39455782312925
106.39455782312925
106.39455782312925
106.39455782312925
106.39455782312925
106.39455782312925
106.39455782312925
106.39455782312925
106.39455782312925
106.39455782312925
105.89569160997732
105.35147392290249
105.35147392290249
105.35147392290249
105.35147392290249
105.35147392290249
105.35147392290249
105.35147392290249
105.35147392290249
105.35147392290249
105.35147392290249
105.35147392290249
105.35147392290249
105.35147392290249
105.35147392290249
105.35147392290249
105.35147392290249
105.35147392290249
105.35147392290249
105.35147392290249
105.35147392290249
105.35147392290249
105.35147392290249
105.35147392290249
105.35147392290249
105.35147392290249
103.03854875283446
102.22222222222221
102.22222222222221
102.22222222222221
102.22222222222221
102.22222222222221
102.22222222222221
102.22222222222221
102.22222222222221
102.22222222222221
102.22222222222221
102.22222222222221
102.22222222222221
102.22222222222221
102.22222222222221
102.22222222222221
102.22222222222221
102.22222222222221
102.22222222222221
102.22222222222221
102.22222222222221
102.22222222222221
102.22222222222221
102.22222222222221
102.22222222222221
102.22222222222221
105.85034013605441
106.39455782312925
106.39455782312925
106.39455782312925
106.39455782312925
106.39455782312925
106.39455782312925
106.39455782312925
106.39455782312925
106.39455782312925
106.39455782312925
106.39455782312925
106.39455782312925
106.39455782312925
106.39455782312925
106.39455782312925
106.39455782312925
106.39455782312925
106.39455782312925
106.39455782312925
106.39455782312925
106.39455782312925
106.39455782312925
106.39455782312925
106.39455782312925
106.30385487528345
105.35147392290249
105.35147392290249
105.35147392290249
105.35147392290249
105.35147392290249
105.35147392290249
105.35147392290249
105.35147392290249
105.35147392290249
105.35147392290249
105.35147392290249
105.35147392290249
105.35147392290249
105.35147392290249
105.35147392290249
105.35147392290249
105.35147392290249
105.35147392290249
105.35147392290249
105.35147392290249
105.35147392290249
105.35147392290249
105.35147392290249
105.35147392290249
105.17006802721087
103.26530612244898
103.26530612244898
103.26530612244898
103.26530612244898
103.26530612244898
103.26530612244898
103.26530612244898
103.26530612244898
103.26530612244898
103.26530612244898
103.26530612244898
103.26530612244898
103.26530612244898
103.26530612244898
103.26530612244898
103.26530612244898
103.26530612244898
103.26530612244898
103.26530612244898
103.26530612244898
103.26530612244898
103.26530612244898
103.26530612244898
103.26530612244898
103.26530612244898
103.26530612244898
103.26530612244898
103.26530612244898
103.26530612244898
103.26530612244898
103.26530612244898
103.26530612244898
103.26530612244898
103.26530612244898
103.26530612244898
103.26530612244898
103.26530612244898
103.26530612244898
103.26530612244898
103.26530612244898
103.26530612244898
103.26530612244898
103.26530612244898
103.26530612244898
103.26530612244898
103.26530612244898
103.26530612244898
103.26530612244898
103.26530612244898
103.26530612244898
103.99092970521542
104.30839002267574
104.30839002267574
104.30839002267574
104.30839002267574
104.30839002267574
104.30839002267574
104.30839002267574
104.30839002267574
104.30839002267574
104.30839002267574
104.30839002267574
104.30839002267574
104.30839002267574
104.30839002267574
104.30839002267574
104.30839002267574
104.30839002267574
104.30839002267574
104.30839002267574
104.30839002267574
104.30839002267574
104.30839002267574
104.30839002267574
104.35374149659863
105.35147392290249
105.35147392290249
105.35147392290249
105.35147392290249
105.35147392290249
105.35147392290249
105.35147392290249
105.35147392290249
105.35147392290249
105.35147392290249
105.35147392290249
105.35147392290249
105.35147392290249
105.35147392290249
105.35147392290249
105.35147392290249
105.35147392290249
105.35147392290249
105.35147392290249
105.35147392290249
105.35147392290249
105.35147392290249
105.35147392290249
105.35147392290249
105.4421768707483
106.39455782312925
106.39455782312925
106.39455782312925
106.39455782312925
106.39455782312925
106.39455782312925
106.39455782312925
106.39455782312925
106.39455782312925
106.39455782312925
106.39455782312925
106.39455782312925
106.39455782312925
106.39455782312925
106.39455782312925
106.39455782312925
106.39455782312925
106.39455782312925
106.39455782312925
106.39455782312925
106.39455782312925
106.39455782312925
106.39455782312925
106.39455782312925
106.39455782312925
106.39455782312925
106.39455782312925
106.39455782312925
106.39455782312925
106.39455782312925
106.39455782312925
106.39455782312925
106.39455782312925
106.39455782312925
106.39455782312925
106.39455782312925
106.39455782312925
106.39455782312925
106.39455782312925
106.39455782312925
106.39455782312925
106.39455782312925
106.39455782312925
106.39455782312925
106.39455782312925
106.39455782312925
106.39455782312925
106.39455782312925
106.39455782312925
106.39455782312925
106.39455782312925
100.95238095238095
100.1360544217687
100.1360544217687
100.1360544217687
100.1360544217687
100.1360544217687
100.1360544217687
100.1360544217687
100.1360544217687
100.1360544217687
100.1360544217687
100.1360544217687
100.1360544217687
100.1360544217687
100.1360544217687
100.1360544217687
100.1360544217687
100.1360544217687
100.1360544217687
100.1360544217687
100.1360544217687
100.1360544217687
100.1360544217687
100.1360544217687
100.1360544217687
100.1360544217687
100.1360544217687
100.1360544217687
100.49886621315193
104.30839002267574
104.30839002267574
104.30839002267574
104.30839002267574
104.30839002267574
104.30839002267574
104.30839002267574
104.30839002267574
104.30839002267574
104.30839002267574
104.30839002267574
104.30839002267574
104.30839002267574
104.30839002267574
104.30839002267574
104.30839002267574
104.30839002267574
104.30839002267574
104.30839002267574
104.30839002267574
104.30839002267574
104.30839002267574
104.30839002267574
104.30839002267574
104.58049886621315
107.43764172335601
107.43764172335601
107.43764172335601
107.43764172335601
107.43764172335601
107.43764172335601
107.43764172335601
107.43764172335601
107.43764172335601
107.43764172335601
107.43764172335601
107.43764172335601
107.43764172335601
107.43764172335601
107.43764172335601
107.43764172335601
107.43764172335601
107.43764172335601
107.43764172335601
107.43764172335601
107.43764172335601
107.43764172335601
107.43764172335601
107.43764172335601
107.43764172335601
107.43764172335601
107.43764172335601
107.43764172335601
107.43764172335601
107.43764172335601
107.43764172335601
107.43764172335601
107.43764172335601
107.43764172335601
107.43764172335601
107.43764172335601
107.43764172335601
107.43764172335601
107.43764172335601
107.43764172335601
107.43764172335601
107.43764172335601
107.43764172335601
107.43764172335601
107.43764172335601
107.43764172335601
107.43764172335601
107.43764172335601
107.43764172335601
107.93650793650794
108.48072562358276
108.48072562358276
108.48072562358276
108.48072562358276
108.48072562358276
108.48072562358276
108.48072562358276
108.48072562358276
108.48072562358276
108.48072562358276
108.48072562358276
108.48072562358276
108.48072562358276
108.48072562358276
108.48072562358276
108.48072562358276
108.48072562358276
108.48072562358276
108.48072562358276
108.48072562358276
108.48072562358276
108.48072562358276
108.48072562358276
108.48072562358276
108.48072562358276
106.16780045351473
105.35147392290249
105.35147392290249
105.35147392290249
105.35147392290249
105.35147392290249
105.35147392290249
105.35147392290249
105.35147392290249
105.35147392290249
105.35147392290249
105.35147392290249
105.35147392290249
105.35147392290249
105.35147392290249
105.35147392290249
105.35147392290249
105.35147392290249
105.35147392290249
105.35147392290249
105.35147392290249
105.35147392290249
105.35147392290249
105.35147392290249
105.35147392290249
103.99092970521542
103.26530612244898
103.26530612244898
103.26530612244898
103.26530612244898
103.26530612244898
103.26530612244898
103.26530612244898
103.26530612244898
103.26530612244898
103.26530612244898
103.26530612244898
103.26530612244898
103.26530612244898
103.26530612244898
103.26530612244898
103.26530612244898
103.26530612244898
103.26530612244898
103.26530612244898
103.26530612244898
103.26530612244898
103.26530612244898
103.26530612244898
103.26530612244898
103.26530612244898
103.26530612244898
112.7437641723356
114.73922902494331
114.73922902494331
114.73922902494331
114.73922902494331
114.73922902494331
114.73922902494331
114.73922902494331
114.73922902494331
114.73922902494331
114.73922902494331
114.73922902494331
114.73922902494331
114.73922902494331
114.73922902494331
114.73922902494331
114.73922902494331
114.73922902494331
114.73922902494331
114.73922902494331
114.73922902494331
114.73922902494331
114.6031746031746
113.69614512471655
113.69614512471655
113.69614512471655
113.69614512471655
113.69614512471655
113.69614512471655
113.69614512471655
113.69614512471655
113.69614512471655
113.69614512471655
113.69614512471655
113.69614512471655
113.69614512471655
113.69614512471655
113.69614512471655
113.69614512471655
113.69614512471655
113.69614512471655
113.69614512471655
113.69614512471655
113.69614512471655
113.69614512471655
113.69614512471655
113.69614512471655
112.87981859410431
107.43764172335601
107.43764172335601
107.43764172335601
107.43764172335601
107.43764172335601
107.43764172335601
107.43764172335601
107.43764172335601
107.43764172335601
107.43764172335601
107.43764172335601
107.43764172335601
107.43764172335601
107.43764172335601
107.43764172335601
107.43764172335601
107.43764172335601
107.43764172335601
107.43764172335601
107.43764172335601
107.43764172335601
107.43764172335601
107.43764172335601
107.43764172335601
106.89342403628117
106.39455782312925
106.39455782312925
106.39455782312925
106.39455782312925
106.39455782312925
106.39455782312925
106.39455782312925
106.39455782312925
106.39455782312925
106.39455782312925
106.39455782312925
106.39455782312925
106.39455782312925
106.39455782312925
106.39455782312925
106.39455782312925
106.39455782312925
106.39455782312925
106.39455782312925
106.39455782312925
106.39455782312925
106.39455782312925
106.39455782312925
106.39455782312925
105.80498866213152
105.35147392290249
105.35147392290249
105.35147392290249
105.35147392290249
105.35147392290249
105.35147392290249
105.35147392290249
105.35147392290249
105.35147392290249
105.35147392290249
105.35147392290249
105.35147392290249
105.35147392290249
105.35147392290249
105.35147392290249
105.35147392290249
105.35147392290249
105.35147392290249
105.35147392290249
105.35147392290249
105.35147392290249
105.35147392290249
105.35147392290249
105.35147392290249
105.35147392290249
106.80272108843538
107.43764172335601
107.43764172335601
107.43764172335601
107.43764172335601
107.43764172335601
107.43764172335601
107.43764172335601
107.43764172335601
107.43764172335601
107.43764172335601
107.43764172335601
107.43764172335601
107.43764172335601
107.43764172335601
107.43764172335601
107.43764172335601
107.43764172335601
107.43764172335601
107.43764172335601
107.43764172335601
107.43764172335601
107.43764172335601
107.43764172335601
107.43764172335601
111.06575963718821
112.65306122448979
112.65306122448979
112.65306122448979
112.65306122448979
112.65306122448979
112.65306122448979
112.65306122448979
112.65306122448979
112.65306122448979
112.65306122448979
112.65306122448979
112.65306122448979
112.65306122448979
112.65306122448979
112.65306122448979
112.65306122448979
112.65306122448979
112.65306122448979
112.65306122448979
112.65306122448979
112.65306122448979
112.65306122448979
112.65306122448979
112.65306122448979
112.65306122448979
112.65306122448979
112.65306122448979
112.65306122448979
112.65306122448979
112.65306122448979
112.65306122448979
112.65306122448979
112.65306122448979
112.65306122448979
112.65306122448979
112.65306122448979
112.65306122448979
112.65306122448979
112.65306122448979
112.65306122448979
112.65306122448979
112.65306122448979
112.65306122448979
112.65306122448979
112.65306122448979
112.65306122448979
112.65306122448979
112.65306122448979
112.65306122448979
112.65306122448979
112.10884353741496
106.39455782312925
106.39455782312925
106.39455782312925
106.39455782312925
106.39455782312925
106.39455782312925
106.39455782312925
106.39455782312925
106.39455782312925
106.39455782312925
106.39455782312925
106.39455782312925
106.39455782312925
106.39455782312925
106.39455782312925
106.39455782312925
106.39455782312925
106.39455782312925
106.39455782312925
106.39455782312925
106.39455782312925
106.39455782312925
106.39455782312925
