51.64095538745607
51.64095538745607
51.64095538745607
51.64095538745607
51.64095538745607
51.64095538745607
51.64095538745607
51.64095538745607
49.61581988206564
49.61581988206564
49.61581988206564
49.61581988206564
49.61581988206564
49.61581988206564
49.61581988206564
49.61581988206564
49.61581988206564
49.61581988206564
49.61581988206564
49.61581988206564
49.61581988206564
49.61581988206564
49.61581988206564
49.61581988206564
49.258443028173204
48.60325212937042
48.60325212937042
48.60325212937042
48.60325212937042
48.60325212937042
48.60325212937042
48.60325212937042
48.60325212937042
48.60325212937042
48.60325212937042
48.60325212937042
48.60325212937042
48.60325212937042
48.60325212937042
48.60325212937042
48.60325212937042
48.60325212937042
48.60325212937042
48.60325212937042
48.60325212937042
48.60325212937042
48.60325212937042
48.60325212937042
48.60325212937042
48.60325212937042
48.60325212937042
48.60325212937042
48.60325212937042
49.556257073083565
50.62838763476085
50.62838763476085
50.62838763476085
50.62838763476085
50.62838763476085
50.62838763476085
50.62838763476085
50.62838763476085
50.62838763476085
50.62838763476085
50.62838763476085
50.62838763476085
50.62838763476085
50.62838763476085
50.62838763476085
50.62838763476085
50.330573589850495
49.61581988206564
49.61581988206564
49.61581988206564
49.61581988206564
49.61581988206564
49.61581988206564
49.61581988206564
49.61581988206564
49.61581988206564
49.61581988206564
49.61581988206564
49.61581988206564
49.61581988206564
49.61581988206564
49.61581988206564
49.61581988206564
49.61581988206564
49.61581988206564
49.61581988206564
49.61581988206564
49.61581988206564
49.61581988206564
49.61581988206564
49.61581988206564
49.61581988206564
49.61581988206564
49.61581988206564
49.61581988206564
49.61581988206564
49.61581988206564
49.61581988206564
49.61581988206564
49.61581988206564
49.61581988206564
49.61581988206564
49.61581988206564
49.61581988206564
49.61581988206564
49.61581988206564
49.61581988206564
49.61581988206564
49.61581988206564
49.61581988206564
49.61581988206564
53.48740246590029
54.67865864554172
54.67865864554172
54.67865864554172
54.67865864554172
54.67865864554172
54.67865864554172
54.67865864554172
54.67865864554172
54.67865864554172
54.67865864554172
54.67865864554172
54.67865864554172
54.67865864554172
54.67865864554172
54.67865864554172
54.67865864554172
54.67865864554172
54.67865864554172
54.67865864554172
54.67865864554172
54.67865864554172
54.67865864554172
54.67865864554172
54.67865864554172
54.67865864554172
54.67865864554172
54.67865864554172
54.67865864554172
54.67865864554172
54.67865864554172
54.67865864554172
54.67865864554172
54.67865864554172
54.67865864554172
54.67865864554172
54.142593364703075
51.64095538745607
51.64095538745607
51.64095538745607
51.64095538745607
51.64095538745607
51.64095538745607
51.64095538745607
51.64095538745607
51.64095538745607
51.64095538745607
51.64095538745607
51.64095538745607
52.71308594913336
54.67865864554172
54.67865864554172
54.67865864554172
54.67865864554172
54.67865864554172
54.67865864554172
54.67865864554172
54.67865864554172
54.67865864554172
54.67865864554172
54.67865864554172
54.67865864554172
54.67865864554172
54.67865864554172
54.67865864554172
54.67865864554172
54.67865864554172
54.67865864554172
54.67865864554172
54.67865864554172
54.67865864554172
54.67865864554172
54.67865864554172
54.67865864554172
54.67865864554172
54.67865864554172
54.67865864554172
54.67865864554172
54.67865864554172
54.67865864554172
54.67865864554172
54.67865864554172
54.67865864554172
52.29614628625885
49.61581988206564
49.61581988206564
49.61581988206564
49.61581988206564
49.61581988206564
49.61581988206564
49.61581988206564
49.61581988206564
49.61581988206564
49.61581988206564
49.61581988206564
49.61581988206564
49.61581988206564
49.61581988206564
49.61581988206564
49.61581988206564
49.61581988206564
49.61581988206564
49.61581988206564
49.61581988206564
49.61581988206564
49.61581988206564
49.61581988206564
49.61581988206564
49.61581988206564
49.61581988206564
49.61581988206564
49.61581988206564
49.61581988206564
49.61581988206564
49.61581988206564
49.61581988206564
49.61581988206564
49.61581988206564
49.61581988206564
49.61581988206564
49.61581988206564
49.61581988206564
49.61581988206564
49.61581988206564
49.61581988206564
49.61581988206564
49.61581988206564
49.61581988206564
49.61581988206564
49.61581988206564
49.61581988206564
49.61581988206564
49.61581988206564
49.07975460122699
48.60325212937042
48.60325212937042
48.60325212937042
48.60325212937042
48.60325212937042
48.60325212937042
48.60325212937042
48.60325212937042
48.60325212937042
48.60325212937042
48.60325212937042
48.60325212937042
48.60325212937042
48.60325212937042
48.60325212937042
47.82893561260349
47.5906843766752
47.5906843766752
47.5906843766752
47.5906843766752
47.5906843766752
47.5906843766752
47.5906843766752
47.5906843766752
47.5906843766752
47.5906843766752
47.5906843766752
47.5906843766752
47.5906843766752
47.5906843766752
47.5906843766752
47.5906843766752
47.5906843766752
47.5906843766752
47.5906843766752
47.5906843766752
47.5906843766752
47.5906843766752
47.5906843766752
47.5906843766752
47.5906843766752
47.5906843766752
47.5906843766752
47.5906843766752
47.5906843766752
50.62838763476085
50.62838763476085
50.62838763476085
50.62838763476085
50.62838763476085
50.62838763476085
50.62838763476085
50.62838763476085
50.62838763476085
50.62838763476085
50.62838763476085
50.62838763476085
50.62838763476085
50.62838763476085
50.62838763476085
50.62838763476085
49.19888021919113
46.57811662397998
46.57811662397998
46.57811662397998
46.57811662397998
46.57811662397998
46.57811662397998
46.57811662397998
46.57811662397998
46.57811662397998
46.57811662397998
46.57811662397998
46.57811662397998
46.57811662397998
46.57811662397998
46.57811662397998
46.57811662397998
46.57811662397998
46.57811662397998
46.57811662397998
46.57811662397998
46.57811662397998
46.57811662397998
46.57811662397998
46.57811662397998
46.57811662397998
46.57811662397998
46.57811662397998
46.57811662397998
46.57811662397998
46.57811662397998
46.57811662397998
47.769372803621415
48.60325212937042
48.60325212937042
48.60325212937042
48.60325212937042
48.60325212937042
48.60325212937042
48.60325212937042
48.60325212937042
48.60325212937042
48.60325212937042
48.60325212937042
48.60325212937042
48.60325212937042
48.60325212937042
48.60325212937042
48.60325212937042
48.60325212937042
48.60325212937042
52.47483471320507
53.666090892846505
53.666090892846505
53.666090892846505
53.666090892846505
53.666090892846505
53.666090892846505
53.666090892846505
53.666090892846505
53.666090892846505
53.666090892846505
53.666090892846505
53.666090892846505
53.666090892846505
53.666090892846505
53.666090892846505
53.666090892846505
53.666090892846505
53.666090892846505
53.666090892846505
53.666090892846505
53.666090892846505
53.666090892846505
53.666090892846505
53.666090892846505
53.666090892846505
53.666090892846505
53.666090892846505
53.666090892846505
53.666090892846505
52.117457859312644
51.64095538745607
51.64095538745607
51.64095538745607
51.64095538745607
51.64095538745607
51.64095538745607
51.64095538745607
51.64095538745607
51.64095538745607
51.64095538745607
51.64095538745607
51.64095538745607
52.593960331169214
53.666090892846505
53.666090892846505
53.666090892846505
53.666090892846505
53.666090892846505
53.666090892846505
53.666090892846505
53.666090892846505
53.666090892846505
53.666090892846505
53.666090892846505
53.666090892846505
53.666090892846505
53.666090892846505
53.666090892846505
53.666090892846505
53.666090892846505
53.666090892846505
53.666090892846505
53.666090892846505
53.666090892846505
53.666090892846505
53.666090892846505
53.666090892846505
53.666090892846505
53.666090892846505
53.666090892846505
53.666090892846505
54.20215617368515
54.67865864554172
54.67865864554172
54.67865864554172
54.67865864554172
54.67865864554172
54.67865864554172
54.67865864554172
54.67865864554172
54.67865864554172
54.67865864554172
54.67865864554172
54.67865864554172
54.67865864554172
54.67865864554172
54.67865864554172
55.929477634165224
57.71636190362737
57.71636190362737
57.71636190362737
57.71636190362737
57.71636190362737
57.71636190362737
57.71636190362737
57.71636190362737
57.71636190362737
57.71636190362737
57.71636190362737
57.71636190362737
57.71636190362737
57.71636190362737
57.71636190362737
57.71636190362737
57.71636190362737
57.71636190362737
57.71636190362737
57.71636190362737
57.71636190362737
57.71636190362737
57.71636190362737
58.43111561141223
59.7414974090178
59.7414974090178
59.7414974090178
59.7414974090178
59.7414974090178
59.7414974090178
59.7414974090178
59.7414974090178
59.7414974090178
59.7414974090178
59.7414974090178
59.7414974090178
59.7414974090178
59.7414974090178
59.7414974090178
59.7414974090178
59.44368336410744
58.728929656322585
58.728929656322585
58.728929656322585
58.728929656322585
58.728929656322585
58.728929656322585
58.728929656322585
58.728929656322585
58.728929656322585
58.728929656322585
58.728929656322585
58.728929656322585
58.728929656322585
58.728929656322585
58.728929656322585
58.728929656322585
58.728929656322585
58.728929656322585
58.728929656322585
58.728929656322585
58.728929656322585
60.87319077967717
61.76663291440824
61.76663291440824
61.76663291440824
61.76663291440824
61.76663291440824
61.76663291440824
61.76663291440824
61.76663291440824
61.76663291440824
61.76663291440824
61.76663291440824
61.76663291440824
61.76663291440824
61.76663291440824
61.76663291440824
61.76663291440824
61.76663291440824
61.76663291440824
61.76663291440824
61.76663291440824
61.76663291440824
61.76663291440824
61.76663291440824
61.76663291440824
61.76663291440824
61.76663291440824
61.76663291440824
61.76663291440824
61.76663291440824
61.76663291440824
61.76663291440824
61.76663291440824
61.76663291440824
61.76663291440824
61.76663291440824
61.76663291440824
61.76663291440824
61.76663291440824
61.76663291440824
61.76663291440824
61.76663291440824
61.76663291440824
61.76663291440824
61.76663291440824
61.76663291440824
61.76663291440824
61.76663291440824
61.76663291440824
61.76663291440824
61.76663291440824
61.76663291440824
61.76663291440824
61.76663291440824
61.76663291440824
61.76663291440824
64.74477336351181
66.82947167788433
66.82947167788433
66.82947167788433
66.82947167788433
66.82947167788433
66.82947167788433
66.82947167788433
66.82947167788433
66.82947167788433
66.82947167788433
66.82947167788433
66.82947167788433
66.82947167788433
66.82947167788433
66.82947167788433
66.82947167788433
66.82947167788433
66.82947167788433
66.82947167788433
66.82947167788433
66.82947167788433
66.82947167788433
66.82947167788433
66.82947167788433
66.82947167788433
66.82947167788433
66.11471797009946
64.80433617249389
64.80433617249389
64.80433617249389
64.80433617249389
64.80433617249389
64.80433617249389
64.80433617249389
64.80433617249389
64.80433617249389
64.80433617249389
64.80433617249389
64.80433617249389
64.80433617249389
64.80433617249389
64.80433617249389
64.80433617249389
64.80433617249389
64.80433617249389
64.80433617249389
64.80433617249389
64.80433617249389
64.80433617249389
64.80433617249389
64.80433617249389
64.80433617249389
64.80433617249389
64.80433617249389
64.80433617249389
64.80433617249389
64.80433617249389
64.80433617249389
64.80433617249389
64.80433617249389
64.80433617249389
64.80433617249389
64.80433617249389
64.80433617249389
64.80433617249389
65.99559235213532
68.85460718327475
68.85460718327475
68.85460718327475
68.85460718327475
68.85460718327475
68.85460718327475
68.85460718327475
68.85460718327475
68.85460718327475
68.85460718327475
68.85460718327475
68.85460718327475
68.85460718327475
68.85460718327475
68.85460718327475
68.85460718327475
69.62892370004168
69.86717493596997
69.86717493596997
69.86717493596997
69.86717493596997
69.86717493596997
69.86717493596997
69.86717493596997
69.86717493596997
69.86717493596997
69.86717493596997
69.86717493596997
69.86717493596997
69.86717493596997
69.86717493596997
69.86717493596997
69.86717493596997
69.86717493596997
69.86717493596997
69.86717493596997
69.86717493596997
69.86717493596997
69.86717493596997
69.86717493596997
69.86717493596997
69.86717493596997
69.86717493596997
69.86717493596997
69.86717493596997
69.86717493596997
63.19614032997796
61.76663291440824
61.76663291440824
61.76663291440824
61.76663291440824
61.76663291440824
61.76663291440824
61.76663291440824
61.76663291440824
61.76663291440824
61.76663291440824
61.76663291440824
61.76663291440824
61.76663291440824
61.76663291440824
61.76663291440824
61.76663291440824
61.76663291440824
61.76663291440824
61.76663291440824
61.76663291440824
61.76663291440824
61.76663291440824
61.76663291440824
61.76663291440824
61.76663291440824
61.76663291440824
61.76663291440824
61.76663291440824
61.76663291440824
61.76663291440824
61.76663291440824
61.76663291440824
61.76663291440824
61.76663291440824
61.76663291440824
61.76663291440824
61.76663291440824
61.76663291440824
61.76663291440824
61.76663291440824
61.76663291440824
61.76663291440824
61.76663291440824
61.76663291440824
61.76663291440824
61.76663291440824
61.76663291440824
61.76663291440824
61.76663291440824
62.600512240157244
62.77920066710345
62.77920066710345
62.77920066710345
62.77920066710345
62.77920066710345
62.77920066710345
62.77920066710345
62.77920066710345
62.77920066710345
62.77920066710345
62.77920066710345
62.77920066710345
62.77920066710345
62.77920066710345
62.77920066710345
62.77920066710345
62.77920066710345
62.77920066710345
62.77920066710345
62.77920066710345
62.77920066710345
62.77920066710345
62.77920066710345
62.77920066710345
62.77920066710345
62.77920066710345
62.77920066710345
62.77920066710345
62.77920066710345
62.77920066710345
62.77920066710345
62.77920066710345
62.77920066710345
62.77920066710345
62.77920066710345
62.77920066710345
62.77920066710345
62.77920066710345
62.77920066710345
62.77920066710345
62.77920066710345
62.77920066710345
62.77920066710345
62.77920066710345
62.77920066710345
62.77920066710345
62.77920066710345
62.77920066710345
62.77920066710345
62.77920066710345
62.77920066710345
61.587944487462025
60.75406516171302
60.75406516171302
60.75406516171302
60.75406516171302
60.75406516171302
60.75406516171302
60.75406516171302
60.75406516171302
60.75406516171302
60.75406516171302
60.75406516171302
60.75406516171302
60.75406516171302
60.75406516171302
60.75406516171302
60.75406516171302
60.75406516171302
60.75406516171302
60.75406516171302
60.75406516171302
60.75406516171302
60.75406516171302
60.75406516171302
60.75406516171302
60.75406516171302
60.75406516171302
60.75406516171302
60.75406516171302
60.75406516171302
60.75406516171302
60.75406516171302
60.75406516171302
60.75406516171302
60.75406516171302
60.75406516171302
60.75406516171302
60.75406516171302
60.75406516171302
60.75406516171302
60.75406516171302
60.75406516171302
60.75406516171302
60.75406516171302
60.75406516171302
60.75406516171302
60.75406516171302
60.75406516171302
60.75406516171302
60.75406516171302
60.75406516171302
60.75406516171302
60.75406516171302
60.75406516171302
59.324557746143306
58.728929656322585
58.728929656322585
58.728929656322585
58.728929656322585
58.728929656322585
58.728929656322585
58.728929656322585
58.728929656322585
58.728929656322585
58.728929656322585
58.728929656322585
58.728929656322585
58.728929656322585
58.728929656322585
58.728929656322585
58.728929656322585
58.728929656322585
58.728929656322585
58.728929656322585
58.728929656322585
58.728929656322585
58.728929656322585
58.728929656322585
58.728929656322585
58.728929656322585
58.728929656322585
58.728929656322585
58.728929656322585
58.728929656322585
58.728929656322585
58.728929656322585
58.728929656322585
58.728929656322585
58.728929656322585
58.728929656322585
58.728929656322585
58.728929656322585
58.728929656322585
58.728929656322585
58.728929656322585
58.728929656322585
58.728929656322585
58.728929656322585
58.728929656322585
59.08630651021502
60.75406516171302
60.75406516171302
60.75406516171302
60.75406516171302
60.75406516171302
60.75406516171302
60.75406516171302
60.75406516171302
60.75406516171302
60.75406516171302
60.75406516171302
60.75406516171302
60.75406516171302
60.75406516171302
60.75406516171302
60.75406516171302
60.75406516171302
60.75406516171302
60.75406516171302
60.75406516171302
60.75406516171302
60.75406516171302
60.75406516171302
60.75406516171302
60.75406516171302
60.75406516171302
60.75406516171302
60.75406516171302
60.75406516171302
60.75406516171302
60.75406516171302
60.75406516171302
60.75406516171302
60.75406516171302
60.75406516171302
60.75406516171302
60.75406516171302
60.75406516171302
60.75406516171302
60.75406516171302
60.75406516171302
60.75406516171302
60.75406516171302
60.75406516171302
60.75406516171302
60.75406516171302
60.75406516171302
60.75406516171302
60.75406516171302
