7.095073991485911
7.095073991485911
7.095073991485911
7.095073991485911
7.095073991485911
7.095073991485911
7.095073991485911
7.095073991485911
7.095073991485911
7.095073991485911
7.095073991485911
7.095073991485911
7.095073991485911
7.095073991485911
7.095073991485911
7.095073991485911
7.095073991485911
7.095073991485911
7.095073991485911
7.095073991485911
7.095073991485911
7.095073991485911
7.095073991485911
7.095073991485911
7.095073991485911
7.095073991485911
7.095073991485911
7.095073991485911
7.095073991485911
7.095073991485911
7.095073991485911
7.095073991485911
7.095073991485911
7.095073991485911
7.095073991485911
7.095073991485911
7.095073991485911
7.095073991485911
7.095073991485911
7.095073991485911
7.095073991485911
7.095073991485911
7.095073991485911
7.095073991485911
7.095073991485911
7.095073991485911
7.095073991485911
7.095073991485911
7.095073991485911
7.095073991485911
7.095073991485911
7.095073991485911
7.095073991485911
7.095073991485911
7.095073991485911
7.095073991485911
7.095073991485911
7.095073991485911
7.095073991485911
7.095073991485911
7.095073991485911
7.095073991485911
7.095073991485911
7.095073991485911
7.095073991485911
7.095073991485911
7.095073991485911
7.095073991485911
7.095073991485911
7.095073991485911
7.095073991485911
7.095073991485911
7.095073991485911
7.095073991485911
7.095073991485911
7.095073991485911
7.095073991485911
7.095073991485911
7.095073991485911
7.095073991485911
7.095073991485911
7.095073991485911
7.095073991485911
7.095073991485911
7.095073991485911
7.095073991485911
7.889046557199811
8.108655990269613
8.108655990269613
8.108655990269613
8.108655990269613
8.108655990269613
8.108655990269613
8.108655990269613
8.108655990269613
8.108655990269613
8.108655990269613
8.108655990269613
8.108655990269613
8.108655990269613
8.108655990269613
8.108655990269613
8.108655990269613
8.108655990269613
8.108655990269613
8.108655990269613
8.108655990269613
8.108655990269613
8.108655990269613
8.108655990269613
8.108655990269613
8.108655990269613
8.108655990269613
8.108655990269613
8.108655990269613
8.108655990269613
8.108655990269613
8.108655990269613
8.108655990269613
8.108655990269613
8.108655990269613
8.108655990269613
8.108655990269613
8.108655990269613
8.108655990269613
8.108655990269613
8.108655990269613
8.108655990269613
8.108655990269613
8.108655990269613
8.108655990269613
8.108655990269613
8.108655990269613
8.108655990269613
8.108655990269613
8.108655990269613
8.108655990269613
8.024190823704304
7.095073991485911
7.095073991485911
7.095073991485911
7.095073991485911
7.095073991485911
7.095073991485911
7.095073991485911
7.095073991485911
7.095073991485911
7.095073991485911
7.095073991485911
7.095073991485911
7.095073991485911
7.095073991485911
7.095073991485911
7.095073991485911
7.095073991485911
7.095073991485911
7.095073991485911
7.095073991485911
7.095073991485911
7.095073991485911
7.095073991485911
7.095073991485911
7.095073991485911
7.095073991485911
7.095073991485911
7.095073991485911
7.095073991485911
7.095073991485911
7.095073991485911
7.095073991485911
7.095073991485911
7.095073991485911
7.095073991485911
7.095073991485911
7.095073991485911
7.095073991485911
7.095073991485911
7.095073991485911
7.095073991485911
7.095073991485911
7.095073991485911
7.095073991485911
7.095073991485911
7.095073991485911
7.095073991485911
7.095073991485911
7.095073991485911
7.095073991485911
7.095073991485911
7.095073991485911
7.095073991485911
7.095073991485911
7.095073991485911
7.095073991485911
7.095073991485911
7.095073991485911
7.095073991485911
7.095073991485911
7.095073991485911
7.095073991485911
7.095073991485911
7.095073991485911
7.095073991485911
7.416041624434084
8.108655990269613
8.108655990269613
8.108655990269613
8.108655990269613
8.108655990269613
8.108655990269613
8.108655990269613
8.108655990269613
8.108655990269613
8.108655990269613
8.108655990269613
8.108655990269613
8.108655990269613
8.108655990269613
8.108655990269613
8.108655990269613
8.108655990269613
8.108655990269613
8.108655990269613
8.108655990269613
8.108655990269613
8.108655990269613
8.108655990269613
8.108655990269613
8.108655990269613
8.108655990269613
8.108655990269613
8.108655990269613
8.108655990269613
8.108655990269613
8.108655990269613
8.108655990269613
8.108655990269613
8.108655990269613
8.108655990269613
8.108655990269613
8.108655990269613
8.108655990269613
8.108655990269613
8.108655990269613
8.108655990269613
8.108655990269613
8.108655990269613
8.108655990269613
8.108655990269613
8.108655990269613
8.108655990269613
8.108655990269613
8.108655990269613
8.108655990269613
8.108655990269613
8.108655990269613
8.108655990269613
8.108655990269613
8.108655990269613
8.108655990269613
8.108655990269613
8.108655990269613
8.108655990269613
8.108655990269613
8.108655990269613
8.108655990269613
8.108655990269613
8.108655990269613
8.108655990269613
8.108655990269613
9.037772822488007
9.122237989053314
9.122237989053314
9.122237989053314
9.122237989053314
9.122237989053314
9.122237989053314
9.122237989053314
9.122237989053314
9.122237989053314
9.122237989053314
9.122237989053314
9.122237989053314
9.122237989053314
9.122237989053314
9.122237989053314
9.122237989053314
9.122237989053314
9.122237989053314
9.122237989053314
9.122237989053314
9.122237989053314
9.122237989053314
9.122237989053314
9.122237989053314
9.122237989053314
9.122237989053314
9.122237989053314
9.122237989053314
9.122237989053314
9.122237989053314
9.122237989053314
9.122237989053314
9.122237989053314
9.122237989053314
9.122237989053314
9.122237989053314
9.122237989053314
9.122237989053314
9.122237989053314
9.122237989053314
9.122237989053314
9.122237989053314
9.122237989053314
9.122237989053314
9.122237989053314
9.122237989053314
9.122237989053314
9.122237989053314
9.122237989053314
9.122237989053314
9.122237989053314
9.122237989053314
9.122237989053314
9.122237989053314
9.122237989053314
9.122237989053314
9.122237989053314
9.122237989053314
9.122237989053314
9.122237989053314
9.122237989053314
9.122237989053314
9.122237989053314
9.122237989053314
9.122237989053314
9.122237989053314
9.122237989053314
9.122237989053314
9.122237989053314
9.122237989053314
9.122237989053314
8.27758632340023
8.108655990269613
8.108655990269613
8.108655990269613
8.108655990269613
8.108655990269613
8.108655990269613
8.108655990269613
8.108655990269613
8.108655990269613
8.108655990269613
8.108655990269613
8.108655990269613
8.108655990269613
8.108655990269613
8.108655990269613
8.108655990269613
8.108655990269613
8.108655990269613
8.108655990269613
8.108655990269613
8.108655990269613
8.108655990269613
8.108655990269613
8.108655990269613
8.108655990269613
8.108655990269613
8.108655990269613
8.108655990269613
8.108655990269613
8.108655990269613
8.108655990269613
8.108655990269613
8.108655990269613
8.108655990269613
8.108655990269613
8.108655990269613
8.108655990269613
8.108655990269613
8.108655990269613
8.108655990269613
8.108655990269613
8.108655990269613
8.108655990269613
8.108655990269613
8.108655990269613
8.108655990269613
8.108655990269613
8.108655990269613
8.108655990269613
8.108655990269613
8.108655990269613
8.108655990269613
8.108655990269613
8.108655990269613
8.108655990269613
8.108655990269613
8.108655990269613
8.108655990269613
8.108655990269613
8.108655990269613
8.108655990269613
8.108655990269613
8.108655990269613
8.108655990269613
8.108655990269613
8.108655990269613
8.108655990269613
8.108655990269613
8.108655990269613
8.108655990269613
8.108655990269613
8.108655990269613
8.108655990269613
8.108655990269613
8.108655990269613
8.108655990269613
8.108655990269613
8.108655990269613
8.108655990269613
8.108655990269613
8.108655990269613
8.108655990269613
8.108655990269613
8.108655990269613
8.108655990269613
8.108655990269613
8.108655990269613
8.108655990269613
8.108655990269613
8.108655990269613
8.108655990269613
8.108655990269613
8.108655990269613
8.108655990269613
8.108655990269613
8.108655990269613
8.108655990269613
8.108655990269613
8.108655990269613
8.108655990269613
8.108655990269613
8.108655990269613
8.108655990269613
8.108655990269613
8.108655990269613
8.108655990269613
8.108655990269613
8.108655990269613
8.108655990269613
8.108655990269613
8.108655990269613
7.449827691060207
7.095073991485911
7.095073991485911
7.095073991485911
7.095073991485911
7.095073991485911
7.095073991485911
7.095073991485911
7.095073991485911
7.095073991485911
7.095073991485911
7.095073991485911
7.095073991485911
7.095073991485911
7.095073991485911
7.095073991485911
7.095073991485911
7.095073991485911
7.095073991485911
8.024190823704304
8.108655990269613
8.108655990269613
8.108655990269613
8.108655990269613
8.108655990269613
8.108655990269613
8.108655990269613
8.108655990269613
8.108655990269613
8.108655990269613
8.108655990269613
8.108655990269613
8.108655990269613
8.108655990269613
8.108655990269613
8.108655990269613
8.108655990269613
8.108655990269613
8.108655990269613
8.108655990269613
8.108655990269613
8.108655990269613
8.108655990269613
8.108655990269613
8.108655990269613
8.108655990269613
8.108655990269613
8.108655990269613
8.108655990269613
8.108655990269613
8.108655990269613
8.108655990269613
8.108655990269613
8.108655990269613
8.108655990269613
8.108655990269613
8.108655990269613
8.108655990269613
8.108655990269613
8.108655990269613
8.108655990269613
8.108655990269613
8.108655990269613
8.108655990269613
8.108655990269613
8.108655990269613
8.108655990269613
8.108655990269613
8.108655990269613
8.108655990269613
8.108655990269613
8.108655990269613
8.632340022974526
9.122237989053314
9.122237989053314
9.122237989053314
9.122237989053314
9.122237989053314
9.122237989053314
9.122237989053314
9.122237989053314
9.122237989053314
9.122237989053314
9.122237989053314
9.122237989053314
9.122237989053314
9.122237989053314
9.122237989053314
9.122237989053314
9.122237989053314
9.122237989053314
9.122237989053314
9.122237989053314
9.122237989053314
9.122237989053314
9.122237989053314
9.122237989053314
9.122237989053314
9.122237989053314
9.122237989053314
9.122237989053314
9.122237989053314
9.122237989053314
9.122237989053314
9.122237989053314
9.122237989053314
9.122237989053314
9.122237989053314
9.122237989053314
9.122237989053314
9.122237989053314
9.122237989053314
9.122237989053314
9.122237989053314
9.122237989053314
9.122237989053314
9.122237989053314
9.122237989053314
9.122237989053314
9.122237989053314
9.122237989053314
9.122237989053314
9.122237989053314
9.122237989053314
9.122237989053314
9.122237989053314
9.122237989053314
9.122237989053314
9.122237989053314
9.122237989053314
9.122237989053314
9.122237989053314
9.122237989053314
9.122237989053314
9.122237989053314
9.122237989053314
9.122237989053314
9.122237989053314
9.122237989053314
9.122237989053314
9.122237989053314
9.122237989053314
9.122237989053314
9.122237989053314
9.122237989053314
9.122237989053314
9.122237989053314
9.122237989053314
9.122237989053314
9.122237989053314
9.122237989053314
9.122237989053314
9.122237989053314
9.122237989053314
9.122237989053314
9.122237989053314
9.122237989053314
9.122237989053314
9.122237989053314
9.122237989053314
9.122237989053314
9.122237989053314
9.122237989053314
9.122237989053314
9.122237989053314
9.122237989053314
9.122237989053314
9.122237989053314
9.122237989053314
9.122237989053314
9.122237989053314
9.122237989053314
9.122237989053314
9.122237989053314
9.020879789174945
8.108655990269613
8.108655990269613
8.108655990269613
8.108655990269613
8.108655990269613
8.108655990269613
8.108655990269613
8.108655990269613
8.108655990269613
8.108655990269613
8.108655990269613
8.108655990269613
8.108655990269613
8.108655990269613
8.108655990269613
8.108655990269613
8.108655990269613
8.108655990269613
8.108655990269613
8.108655990269613
8.108655990269613
8.108655990269613
8.108655990269613
8.902628555983513
9.122237989053314
9.122237989053314
9.122237989053314
9.122237989053314
9.122237989053314
9.122237989053314
9.122237989053314
9.122237989053314
9.122237989053314
9.122237989053314
9.122237989053314
9.122237989053314
9.122237989053314
9.122237989053314
9.122237989053314
9.122237989053314
9.122237989053314
9.122237989053314
9.122237989053314
9.122237989053314
9.122237989053314
9.122237989053314
9.122237989053314
9.122237989053314
9.122237989053314
9.426312588688425
10.135819987837017
10.135819987837017
10.135819987837017
10.135819987837017
10.135819987837017
10.135819987837017
10.135819987837017
10.135819987837017
10.135819987837017
10.135819987837017
10.135819987837017
10.135819987837017
10.135819987837017
10.135819987837017
10.135819987837017
10.135819987837017
10.135819987837017
10.135819987837017
10.135819987837017
10.135819987837017
10.135819987837017
10.135819987837017
10.135819987837017
10.135819987837017
10.135819987837017
10.135819987837017
10.135819987837017
10.135819987837017
10.135819987837017
10.135819987837017
10.135819987837017
10.135819987837017
10.135819987837017
10.135819987837017
10.135819987837017
10.135819987837017
10.135819987837017
10.135819987837017
10.135819987837017
10.135819987837017
10.135819987837017
10.135819987837017
10.135819987837017
10.135819987837017
10.135819987837017
10.135819987837017
10.135819987837017
10.135819987837017
10.135819987837017
10.135819987837017
10.135819987837017
10.135819987837017
10.135819987837017
10.135819987837017
10.135819987837017
10.135819987837017
10.135819987837017
10.135819987837017
10.135819987837017
10.135819987837017
10.135819987837017
10.135819987837017
10.135819987837017
10.135819987837017
10.135819987837017
10.135819987837017
10.135819987837017
10.135819987837017
10.135819987837017
10.135819987837017
10.135819987837017
10.135819987837017
10.135819987837017
10.135819987837017
10.135819987837017
10.135819987837017
10.135819987837017
10.135819987837017
10.135819987837017
10.135819987837017
10.135819987837017
10.135819987837017
10.135819987837017
10.135819987837017
10.135819987837017
10.135819987837017
10.135819987837017
10.135819987837017
10.135819987837017
10.135819987837017
10.135819987837017
10.135819987837017
10.135819987837017
10.135819987837017
10.135819987837017
10.135819987837017
10.135819987837017
10.135819987837017
10.135819987837017
10.135819987837017
10.135819987837017
10.135819987837017
10.135819987837017
10.135819987837017
10.135819987837017
10.135819987837017
10.135819987837017
10.135819987837017
10.135819987837017
10.135819987837017
10.135819987837017
10.135819987837017
10.135819987837017
10.794648287046423
11.149401986620719
11.149401986620719
11.149401986620719
11.149401986620719
11.149401986620719
11.149401986620719
11.149401986620719
11.149401986620719
11.149401986620719
11.149401986620719
11.149401986620719
11.149401986620719
11.149401986620719
11.149401986620719
11.149401986620719
11.149401986620719
11.149401986620719
11.149401986620719
11.149401986620719
11.149401986620719
11.149401986620719
11.149401986620719
11.149401986620719
11.149401986620719
11.149401986620719
11.149401986620719
11.149401986620719
11.149401986620719
11.149401986620719
11.149401986620719
11.149401986620719
11.149401986620719
11.149401986620719
11.149401986620719
11.149401986620719
11.149401986620719
11.149401986620719
11.149401986620719
11.149401986620719
11.149401986620719
11.149401986620719
11.149401986620719
11.149401986620719
11.149401986620719
11.149401986620719
11.149401986620719
11.149401986620719
11.149401986620719
11.149401986620719
11.149401986620719
11.149401986620719
11.149401986620719
10.186499087776202
10.135819987837017
10.135819987837017
10.135819987837017
10.135819987837017
10.135819987837017
10.135819987837017
10.135819987837017
10.135819987837017
10.135819987837017
10.135819987837017
10.135819987837017
10.135819987837017
10.135819987837017
10.135819987837017
10.135819987837017
10.135819987837017
10.135819987837017
10.135819987837017
10.135819987837017
10.135819987837017
10.135819987837017
10.135819987837017
10.135819987837017
10.135819987837017
10.135819987837017
10.135819987837017
10.135819987837017
10.135819987837017
10.135819987837017
10.135819987837017
10.135819987837017
10.135819987837017
10.135819987837017
10.135819987837017
10.135819987837017
10.135819987837017
10.135819987837017
10.135819987837017
10.135819987837017
10.135819987837017
10.135819987837017
10.135819987837017
10.135819987837017
10.135819987837017
10.135819987837017
10.135819987837017
10.135819987837017
10.135819987837017
10.135819987837017
10.135819987837017
10.135819987837017
10.135819987837017
10.135819987837017
10.135819987837017
10.135819987837017
10.135819987837017
10.135819987837017
10.135819987837017
10.135819987837017
10.135819987837017
10.135819987837017
10.135819987837017
10.135819987837017
10.9804716534901
11.149401986620719
11.149401986620719
11.149401986620719
11.149401986620719
11.149401986620719
11.149401986620719
11.149401986620719
11.149401986620719
11.149401986620719
11.149401986620719
11.149401986620719
11.149401986620719
11.149401986620719
11.149401986620719
11.149401986620719
11.149401986620719
11.149401986620719
11.149401986620719
11.149401986620719
11.149401986620719
11.149401986620719
11.149401986620719
11.149401986620719
11.149401986620719
11.149401986620719
11.132508953307656
10.203392121089264
10.135819987837017
10.135819987837017
10.135819987837017
10.135819987837017
10.135819987837017
10.135819987837017
10.135819987837017
10.135819987837017
10.135819987837017
10.135819987837017
10.135819987837017
10.135819987837017
10.135819987837017
10.135819987837017
10.135819987837017
10.135819987837017
10.135819987837017
10.135819987837017
10.135819987837017
10.135819987837017
10.135819987837017
10.135819987837017
10.135819987837017
10.135819987837017
10.135819987837017
10.135819987837017
10.135819987837017
10.135819987837017
10.135819987837017
10.135819987837017
10.135819987837017
10.135819987837017
9.308061355496994
