67.38664468260511
67.38664468260511
67.38664468260511
67.38664468260511
67.38664468260511
70.55234954657874
73.42126957955483
73.42126957955483
73.42126957955483
73.42126957955483
73.42126957955483
73.42126957955483
73.42126957955483
73.42126957955483
73.42126957955483
73.42126957955483
73.42126957955483
73.42126957955483
73.42126957955483
73.42126957955483
73.42126957955483
73.42126957955483
73.42126957955483
73.42126957955483
73.42126957955483
73.42126957955483
73.42126957955483
73.42126957955483
73.42126957955483
73.42126957955483
73.42126957955483
73.42126957955483
71.64056059356966
70.40395713107996
70.40395713107996
70.40395713107996
70.40395713107996
70.40395713107996
70.40395713107996
70.40395713107996
70.40395713107996
70.40395713107996
70.40395713107996
70.40395713107996
70.40395713107996
70.40395713107996
69.24979389942293
68.3924154987634
68.3924154987634
68.3924154987634
68.3924154987634
68.3924154987634
68.3924154987634
68.3924154987634
68.3924154987634
68.3924154987634
68.3924154987634
68.3924154987634
68.3924154987634
68.3924154987634
68.3924154987634
68.3924154987634
68.3924154987634
68.3924154987634
68.3924154987634
68.3924154987634
68.3924154987634
68.3924154987634
68.3924154987634
68.3924154987634
68.3924154987634
68.3924154987634
68.3924154987634
58.054410552349545
35.20197856553998
35.20197856553998
35.20197856553998
35.20197856553998
35.20197856553998
35.20197856553998
35.20197856553998
35.20197856553998
35.20197856553998
35.20197856553998
35.20197856553998
35.20197856553998
35.20197856553998
44.7320692497939
69.39818631492169
69.39818631492169
69.39818631492169
69.39818631492169
69.39818631492169
69.39818631492169
69.39818631492169
69.39818631492169
69.39818631492169
69.39818631492169
69.39818631492169
69.39818631492169
69.39818631492169
72.11871393239902
72.41549876339654
72.41549876339654
72.41549876339654
72.41549876339654
72.41549876339654
72.41549876339654
72.41549876339654
72.41549876339654
72.41549876339654
72.41549876339654
73.45424567188789
81.4674361088211
81.4674361088211
81.4674361088211
81.4674361088211
81.4674361088211
81.4674361088211
81.4674361088211
81.4674361088211
81.4674361088211
81.4674361088211
81.4674361088211
81.4674361088211
81.4674361088211
77.84006595218467
71.40972794723825
71.40972794723825
71.40972794723825
71.40972794723825
71.40972794723825
71.40972794723825
71.40972794723825
71.40972794723825
71.40972794723825
71.40972794723825
71.40972794723825
71.40972794723825
75.61417971970322
76.43858202802969
76.43858202802969
76.43858202802969
76.43858202802969
76.43858202802969
76.43858202802969
76.43858202802969
76.43858202802969
76.43858202802969
76.43858202802969
76.43858202802969
76.43858202802969
76.43858202802969
69.84336356141797
68.3924154987634
68.3924154987634
68.3924154987634
68.3924154987634
68.3924154987634
68.3924154987634
68.3924154987634
68.3924154987634
68.3924154987634
68.3924154987634
68.3924154987634
68.3924154987634
69.2333058532564
71.40972794723825
71.40972794723825
71.40972794723825
71.40972794723825
71.40972794723825
71.40972794723825
71.40972794723825
71.40972794723825
71.40972794723825
71.40972794723825
71.40972794723825
71.40972794723825
78.45012366034625
78.45012366034625
78.45012366034625
78.45012366034625
78.45012366034625
78.45012366034625
78.45012366034625
78.45012366034625
78.45012366034625
78.45012366034625
78.45012366034625
78.45012366034625
77.88953009068426
76.43858202802969
76.43858202802969
76.43858202802969
76.43858202802969
76.43858202802969
76.43858202802969
76.43858202802969
76.43858202802969
76.43858202802969
76.43858202802969
76.43858202802969
76.43858202802969
76.2242374278648
75.4328112118714
75.4328112118714
75.4328112118714
75.4328112118714
75.4328112118714
75.4328112118714
75.4328112118714
75.4328112118714
75.4328112118714
75.4328112118714
75.4328112118714
75.4328112118714
75.4328112118714
72.87716405605936
70.40395713107996
70.40395713107996
70.40395713107996
70.40395713107996
70.40395713107996
70.40395713107996
70.40395713107996
70.40395713107996
70.40395713107996
70.40395713107996
70.40395713107996
80.19785655399835
81.4674361088211
81.4674361088211
81.4674361088211
81.4674361088211
81.4674361088211
81.4674361088211
81.4674361088211
81.4674361088211
81.4674361088211
81.4674361088211
81.4674361088211
81.4674361088211
81.4674361088211
74.17971970321517
68.3924154987634
68.3924154987634
68.3924154987634
68.3924154987634
68.3924154987634
68.3924154987634
68.3924154987634
68.3924154987634
68.3924154987634
68.3924154987634
72.87716405605936
85.49051937345425
85.49051937345425
85.49051937345425
85.49051937345425
85.49051937345425
85.49051937345425
85.49051937345425
85.49051937345425
85.49051937345425
85.49051937345425
85.49051937345425
85.49051937345425
85.49051937345425
83.24814509480626
68.3924154987634
68.3924154987634
68.3924154987634
68.3924154987634
68.3924154987634
68.3924154987634
68.3924154987634
68.3924154987634
68.3924154987634
68.3924154987634
68.3924154987634
68.3924154987634
68.3924154987634
68.3924154987634
67.50206100577081
67.38664468260511
67.38664468260511
67.38664468260511
67.38664468260511
67.38664468260511
67.38664468260511
67.38664468260511
67.38664468260511
67.38664468260511
67.38664468260511
67.38664468260511
67.38664468260511
74.080791426216
74.4270403957131
74.4270403957131
74.4270403957131
74.4270403957131
74.4270403957131
74.4270403957131
74.4270403957131
74.4270403957131
74.4270403957131
74.4270403957131
74.4270403957131
74.4270403957131
74.34460016488046
69.39818631492169
69.39818631492169
69.39818631492169
69.39818631492169
69.39818631492169
69.39818631492169
69.39818631492169
69.39818631492169
69.39818631492169
69.39818631492169
69.39818631492169
69.39818631492169
69.39818631492169
69.39818631492169
68.49134377576257
68.3924154987634
68.3924154987634
68.3924154987634
68.3924154987634
68.3924154987634
68.3924154987634
68.3924154987634
68.3924154987634
68.3924154987634
68.3924154987634
68.3924154987634
68.3924154987634
68.3924154987634
67.30420445177246
66.38087386644683
66.38087386644683
66.38087386644683
66.38087386644683
66.38087386644683
66.38087386644683
66.38087386644683
66.38087386644683
66.38087386644683
66.38087386644683
66.38087386644683
66.38087386644683
66.38087386644683
69.15086562242375
70.40395713107996
70.40395713107996
70.40395713107996
70.40395713107996
70.40395713107996
70.40395713107996
70.40395713107996
70.40395713107996
70.40395713107996
70.40395713107996
70.40395713107996
70.40395713107996
74.36108821104699
75.4328112118714
75.4328112118714
75.4328112118714
75.4328112118714
75.4328112118714
75.4328112118714
75.4328112118714
75.4328112118714
75.4328112118714
75.4328112118714
75.4328112118714
75.4328112118714
75.4328112118714
75.4328112118714
75.4328112118714
75.4328112118714
75.4328112118714
75.4328112118714
75.4328112118714
75.4328112118714
75.4328112118714
75.4328112118714
75.4328112118714
75.4328112118714
75.4328112118714
75.4328112118714
69.39818631492169
69.39818631492169
69.39818631492169
69.39818631492169
69.39818631492169
69.39818631492169
69.39818631492169
69.39818631492169
69.39818631492169
69.39818631492169
69.39818631492169
69.39818631492169
69.39818631492169
69.39818631492169
69.39818631492169
69.39818631492169
69.39818631492169
69.39818631492169
69.39818631492169
69.39818631492169
69.39818631492169
69.39818631492169
69.39818631492169
69.39818631492169
69.39818631492169
69.39818631492169
69.39818631492169
71.7230008244023
72.41549876339654
72.41549876339654
72.41549876339654
72.41549876339654
72.41549876339654
72.41549876339654
72.41549876339654
72.41549876339654
72.41549876339654
72.41549876339654
72.41549876339654
73.0750206100577
76.43858202802969
76.43858202802969
76.43858202802969
76.43858202802969
76.43858202802969
76.43858202802969
76.43858202802969
76.43858202802969
76.43858202802969
76.43858202802969
76.43858202802969
76.43858202802969
76.20774938169826
74.4270403957131
74.4270403957131
74.4270403957131
74.4270403957131
74.4270403957131
74.4270403957131
74.4270403957131
74.4270403957131
74.4270403957131
74.4270403957131
74.4270403957131
74.4270403957131
74.80626545754328
75.4328112118714
75.4328112118714
75.4328112118714
75.4328112118714
75.4328112118714
75.4328112118714
75.4328112118714
75.4328112118714
75.4328112118714
75.4328112118714
75.4328112118714
75.4328112118714
75.4328112118714
75.4328112118714
69.82687551525144
65.37510305028854
65.37510305028854
65.37510305028854
65.37510305028854
65.37510305028854
65.37510305028854
65.37510305028854
65.37510305028854
65.37510305028854
65.37510305028854
65.37510305028854
65.37510305028854
73.1244847485573
75.4328112118714
75.4328112118714
75.4328112118714
75.4328112118714
75.4328112118714
75.4328112118714
75.4328112118714
75.4328112118714
75.4328112118714
75.4328112118714
75.4328112118714
75.4328112118714
75.4328112118714
72.92662819455894
67.38664468260511
67.38664468260511
67.38664468260511
67.38664468260511
67.38664468260511
67.38664468260511
67.38664468260511
67.38664468260511
67.38664468260511
67.38664468260511
67.38664468260511
67.38664468260511
67.38664468260511
69.56306677658698
70.40395713107996
70.40395713107996
70.40395713107996
70.40395713107996
70.40395713107996
70.40395713107996
70.40395713107996
70.40395713107996
70.40395713107996
70.40395713107996
70.40395713107996
70.40395713107996
70.40395713107996
70.15663643858203
67.38664468260511
67.38664468260511
67.38664468260511
67.38664468260511
67.38664468260511
67.38664468260511
67.38664468260511
67.38664468260511
67.38664468260511
67.38664468260511
67.38664468260511
67.38664468260511
67.38664468260511
67.38664468260511
66.6446826051113
64.36933223413025
64.36933223413025
64.36933223413025
64.36933223413025
64.36933223413025
64.36933223413025
64.36933223413025
64.36933223413025
64.36933223413025
64.36933223413025
64.36933223413025
64.36933223413025
64.36933223413025
64.36933223413025
64.36933223413025
62.68755152514427
62.35779060181369
62.35779060181369
62.35779060181369
62.35779060181369
62.35779060181369
62.35779060181369
62.35779060181369
62.35779060181369
62.35779060181369
62.35779060181369
62.35779060181369
62.35779060181369
62.35779060181369
62.35779060181369
62.984336356141796
63.36356141797197
63.36356141797197
63.36356141797197
63.36356141797197
63.36356141797197
63.36356141797197
63.36356141797197
63.36356141797197
63.36356141797197
63.36356141797197
63.36356141797197
63.36356141797197
63.36356141797197
63.36356141797197
64.91343775762573
65.37510305028854
65.37510305028854
65.37510305028854
65.37510305028854
65.37510305028854
65.37510305028854
65.37510305028854
65.37510305028854
65.37510305028854
65.37510305028854
65.37510305028854
65.37510305028854
67.5515251442704
71.40972794723825
71.40972794723825
71.40972794723825
71.40972794723825
71.40972794723825
71.40972794723825
71.40972794723825
71.40972794723825
71.40972794723825
71.40972794723825
71.40972794723825
71.40972794723825
71.40972794723825
71.40972794723825
68.73866446826051
68.3924154987634
68.3924154987634
68.3924154987634
68.3924154987634
68.3924154987634
68.3924154987634
68.3924154987634
68.3924154987634
68.3924154987634
68.3924154987634
68.3924154987634
68.3924154987634
68.3924154987634
68.3924154987634
64.02308326463314
63.36356141797197
63.36356141797197
63.36356141797197
63.36356141797197
63.36356141797197
63.36356141797197
63.36356141797197
63.36356141797197
63.36356141797197
63.36356141797197
63.36356141797197
63.36356141797197
63.36356141797197
67.48557295960428
68.3924154987634
68.3924154987634
68.3924154987634
68.3924154987634
68.3924154987634
68.3924154987634
68.3924154987634
68.3924154987634
68.3924154987634
68.3924154987634
68.3924154987634
68.3924154987634
68.3924154987634
68.3924154987634
68.3924154987634
68.3924154987634
68.3924154987634
68.3924154987634
68.3924154987634
68.3924154987634
68.3924154987634
68.3924154987634
68.3924154987634
68.3924154987634
68.3924154987634
68.3924154987634
68.3924154987634
68.3924154987634
65.919208573784
62.35779060181369
62.35779060181369
62.35779060181369
62.35779060181369
62.35779060181369
62.35779060181369
62.35779060181369
62.35779060181369
62.35779060181369
62.35779060181369
62.35779060181369
62.35779060181369
62.35779060181369
65.47403132728772
69.39818631492169
69.39818631492169
69.39818631492169
69.39818631492169
69.39818631492169
69.39818631492169
69.39818631492169
69.39818631492169
69.39818631492169
69.39818631492169
69.39818631492169
69.39818631492169
69.39818631492169
69.39818631492169
67.02390766694147
65.37510305028854
65.37510305028854
65.37510305028854
65.37510305028854
65.37510305028854
65.37510305028854
65.37510305028854
65.37510305028854
65.37510305028854
65.37510305028854
65.37510305028854
65.37510305028854
65.37510305028854
65.49051937345425
66.38087386644683
66.38087386644683
66.38087386644683
66.38087386644683
66.38087386644683
66.38087386644683
66.38087386644683
66.38087386644683
66.38087386644683
66.38087386644683
66.38087386644683
66.38087386644683
66.38087386644683
66.38087386644683
67.12283594394064
67.38664468260511
67.38664468260511
67.38664468260511
67.38664468260511
67.38664468260511
67.38664468260511
67.38664468260511
67.38664468260511
67.38664468260511
67.38664468260511
67.38664468260511
67.38664468260511
69.28276999175598
72.41549876339654
72.41549876339654
72.41549876339654
72.41549876339654
72.41549876339654
72.41549876339654
72.41549876339654
72.41549876339654
72.41549876339654
72.41549876339654
72.41549876339654
72.41549876339654
72.41549876339654
72.41549876339654
72.41549876339654
72.41549876339654
72.41549876339654
72.41549876339654
72.41549876339654
72.41549876339654
72.41549876339654
72.41549876339654
72.41549876339654
72.41549876339654
72.41549876339654
72.41549876339654
72.41549876339654
71.95383347073371
65.37510305028854
65.37510305028854
65.37510305028854
65.37510305028854
65.37510305028854
65.37510305028854
65.37510305028854
65.37510305028854
65.37510305028854
65.37510305028854
65.37510305028854
65.37510305028854
65.37510305028854
67.60098928276999
70.40395713107996
70.40395713107996
70.40395713107996
70.40395713107996
70.40395713107996
70.40395713107996
70.40395713107996
70.40395713107996
70.40395713107996
70.40395713107996
70.40395713107996
70.40395713107996
70.40395713107996
71.3272877164056
71.40972794723825
71.40972794723825
71.40972794723825
71.40972794723825
71.40972794723825
71.40972794723825
71.40972794723825
71.40972794723825
71.40972794723825
71.40972794723825
71.40972794723825
71.40972794723825
71.40972794723825
69.28276999175598
68.3924154987634
68.3924154987634
68.3924154987634
68.3924154987634
68.3924154987634
68.3924154987634
68.3924154987634
68.3924154987634
68.3924154987634
68.3924154987634
68.3924154987634
68.3924154987634
68.3924154987634
68.3924154987634
68.3924154987634
68.3924154987634
68.3924154987634
68.3924154987634
68.3924154987634
68.3924154987634
68.3924154987634
68.3924154987634
68.3924154987634
68.3924154987634
68.3924154987634
68.3924154987634
68.3924154987634
68.3924154987634
68.3924154987634
68.3924154987634
68.3924154987634
68.3924154987634
68.3924154987634
68.3924154987634
68.3924154987634
68.3924154987634
68.3924154987634
68.3924154987634
68.3924154987634
68.3924154987634
68.3924154987634
63.90766694146744
34.1962077493817
34.1962077493817
34.1962077493817
34.1962077493817
34.1962077493817
34.1962077493817
34.1962077493817
34.1962077493817
34.1962077493817
34.1962077493817
34.1962077493817
34.1962077493817
43.660346248969496
75.4328112118714
75.4328112118714
75.4328112118714
75.4328112118714
75.4328112118714
75.4328112118714
75.4328112118714
75.4328112118714
75.4328112118714
75.4328112118714
75.4328112118714
75.4328112118714
75.4328112118714
75.4328112118714
68.9035449299258
66.38087386644683
66.38087386644683
66.38087386644683
66.38087386644683
66.38087386644683
66.38087386644683
66.38087386644683
66.38087386644683
66.38087386644683
66.38087386644683
66.38087386644683
66.38087386644683
71.78895300906842
74.4270403957131
74.4270403957131
74.4270403957131
74.4270403957131
74.4270403957131
74.4270403957131
74.4270403957131
74.4270403957131
74.4270403957131
74.4270403957131
74.4270403957131
74.4270403957131
74.080791426216
71.40972794723825
71.40972794723825
71.40972794723825
71.40972794723825
71.40972794723825
71.40972794723825
71.40972794723825
71.40972794723825
71.40972794723825
71.40972794723825
71.40972794723825
71.40972794723825
71.40972794723825
71.40972794723825
68.68920032976092
68.3924154987634
68.3924154987634
68.3924154987634
68.3924154987634
68.3924154987634
68.3924154987634
68.3924154987634
68.3924154987634
68.3924154987634
68.3924154987634
68.3924154987634
68.3924154987634
68.3924154987634
68.3924154987634
65.25968672712284
63.36356141797197
63.36356141797197
63.36356141797197
63.36356141797197
63.36356141797197
63.36356141797197
63.36356141797197
63.36356141797197
63.36356141797197
63.36356141797197
63.36356141797197
63.36356141797197
63.36356141797197
63.36356141797197
63.36356141797197
63.36356141797197
63.36356141797197
63.36356141797197
63.36356141797197
63.36356141797197
63.36356141797197
63.36356141797197
63.36356141797197
63.36356141797197
63.36356141797197
63.36356141797197
63.36356141797197
63.36356141797197
65.50700741962078
68.3924154987634
68.3924154987634
68.3924154987634
68.3924154987634
68.3924154987634
68.3924154987634
