52.53439752218714
52.653523140151286
52.593960331169214
52.53439752218714
51.40270415152778
50.330573589850495
49.61581988206564
52.47483471320507
66.6507832509381
66.82947167788433
84.04312347370302
102.68628268509141
97.86169515754362
91.30978616951575
88.09339448448388
81.00542021561736
71.23711954255762
62.54094943117517
56.8229197688963
54.38084460063136
52.593960331169214
50.21144797188635
48.60325212937042
50.032759544940134
61.94532134135445
69.86717493596997
77.25296324974686
84.40050032759544
83.0305557210078
82.73274167609743
80.76716897968907
77.372088867711
66.11471797009946
60.39668830782059
56.703794150932154
55.691226398236935
54.67865864554172
53.904342128774786
53.18958842098993
52.593960331169214
51.81964381440228
51.64095538745607
51.64095538745607
51.22401572458157
51.64095538745607
51.64095538745607
52.355709095240925
52.47483471320507
52.653523140151286
52.653523140151286
52.653523140151286
52.653523140151286
53.249151229972
59.38412055512538
63.79176841979867
77.7890285305855
97.92125796652569
102.15021740425277
98.45732324736434
90.11852998987432
82.55405324915122
72.36881291321698
70.82017987968312
64.50652212758354
59.68193460003573
56.703794150932154
53.249151229972
50.98576448865328
49.61581988206564
52.415271904223
65.51908988027874
75.704330216213
80.11197808088629
84.22181190064923
83.0305557210078
82.01798796831258
80.17154088986835
71.41580796950383
62.362261004228955
58.4906784203943
56.58466853296801
54.85734707248793
53.60652808386443
52.17702066829471
51.04532729763535
50.68795044374292
50.62838763476085
50.568824825778776
50.62838763476085
50.68795044374292
50.62838763476085
50.74751325272499
51.64095538745607
51.64095538745607
51.64095538745607
51.64095538745607
51.64095538745607
52.23658347727678
55.63166358925486
58.728929656322585
61.52838167847995
84.2813747096313
102.98409673000178
101.91196616832448
96.25349931502768
93.21579605694204
85.05569122639822
74.51307403657155
66.6507832509381
62.600512240157244
60.45625111680266
58.252427184466015
56.28685448805765
55.214723926380366
56.703794150932154
64.62564774554768
65.81690392518911
72.5475013401632
86.36607302400381
88.09339448448388
85.88957055214723
76.83602358687234
74.09613437369705
67.24641134075883
61.88575853237238
58.9076180832688
57.775924712609445
56.703794150932154
54.73822145452379
53.78521651081064
52.891774376079574
52.71308594913336
52.77264875811543
53.01089999404371
53.60652808386443
53.666090892846505
53.666090892846505
54.85734707248793
55.691226398236935
55.691226398236935
55.691226398236935
55.691226398236935
55.691226398236935
55.214723926380366
54.20215617368515
52.77264875811543
52.47483471320507
52.47483471320507
52.17702066829471
52.593960331169214
59.44368336410744
65.93602954315325
101.37590088748584
98.7551372922747
95.30049437131454
89.28465066412531
80.40979212579664
70.82017987968312
64.32783370063731
61.46881886949788
59.324557746143306
56.8229197688963
54.67865864554172
55.27428673536244
62.4813866221931
76.35952111501578
84.22181190064923
87.55732920364524
86.78301268687831
86.06825897909344
84.99612841741616
83.26880695693607
71.29668235153969
61.76663291440824
59.44368336410744
58.13330156650187
56.763356959914226
55.63166358925486
54.619095836559644
53.30871403895407
53.368276847936144
53.427839656918216
53.666090892846505
53.666090892846505
53.666090892846505
54.32128179164929
54.49997021859551
54.67865864554172
55.691226398236935
55.691226398236935
56.04860325212937
55.691226398236935
55.393412353326575
54.142593364703075
52.05789505033057
50.27101078086842
49.67538269104771
54.26171898266722
63.55351718387038
92.08410268628268
103.10322234796593
100.89939841562928
99.23163976413127
98.27863482041812
95.83655965215318
89.5229019000536
72.1305616772887
64.32783370063731
59.62237179105366
56.10816606111144
53.427839656918216
50.68795044374292
49.61581988206564
51.64095538745607
59.97974864494609
60.33712549883852
61.70707010542617
76.24039549705164
83.0305557210078
83.56662100184644
80.35022931681458
67.96116504854368
61.94532134135445
58.0737387575198
55.45297516230865
54.142593364703075
52.653523140151286
51.93876943236643
51.104890106617425
50.62838763476085
50.62838763476085
50.62838763476085
50.62838763476085
50.62838763476085
50.98576448865328
50.92620167967121
51.64095538745607
52.23658347727678
52.593960331169214
52.653523140151286
52.653523140151286
52.653523140151286
52.95133718506164
52.117457859312644
50.330573589850495
49.13931741020906
50.27101078086842
50.68795044374292
64.74477336351181
92.91798201203169
100.0059562808982
97.20650425874084
96.49175055095597
93.63273571981654
90.41634403478467
79.873726844958
69.56936089105962
63.79176841979867
63.79176841979867
58.60980403835844
54.67865864554172
49.19888021919113
48.18631246649591
51.52182976949192
67.7229138126154
74.93001369944606
81.3627970695098
84.93656560843408
83.0305557210078
83.0305557210078
72.90487819405563
66.82947167788433
61.76663291440824
57.29942224075287
54.79778426350586
53.427839656918216
52.653523140151286
51.93876943236643
51.64095538745607
50.68795044374292
50.62838763476085
50.68795044374292
50.74751325272499
50.807076061707065
50.68795044374292
51.581392578473995
51.64095538745607
51.64095538745607
52.117457859312644
51.64095538745607
51.879206623384356
52.653523140151286
52.71308594913336
56.22729167907558
70.87974268866519
71.11799392459348
73.3813806659122
94.04967538269103
102.26934302221692
92.97754482101375
87.6168920126273
79.4567871820835
70.46280302579069
62.362261004228955
57.29942224075287
53.54696527488236
50.15188516290428
47.05461909583656
46.697242241944124
50.62838763476085
66.2338435880636
75.52564178926677
79.09941032819107
82.01798796831258
81.00542021561736
81.00542021561736
81.00542021561736
75.28739055333848
67.7229138126154
61.051879206623376
57.59723628566323
55.03603549943415
53.96390493775686
52.17702066829471
50.68795044374292
50.330573589850495
49.61581988206564
49.61581988206564
49.61581988206564
49.258443028173204
48.72237774733456
48.96062898326284
50.27101078086842
50.62838763476085
50.50926201679671
50.62838763476085
50.62838763476085
50.62838763476085
50.62838763476085
50.62838763476085
50.62838763476085
51.22401572458157
56.167728870093505
58.728929656322585
65.16171302638632
91.84585145035439
107.62999583060336
107.68955863958543
92.14366549526474
88.15295729346595
79.09941032819107
69.62892370004168
62.95788909404967
60.21799988087437
58.31198999344809
55.63166358925486
53.904342128774786
53.72565370182858
58.84805527428673
62.12400976830067
62.12400976830067
71.05843111561141
84.51962594555958
86.24694740603967
86.60432425993208
77.61034010363927
70.16498898088034
64.20870808267317
60.75406516171302
60.75406516171302
60.45625111680266
58.37155280243016
56.8229197688963
52.71308594913336
51.64095538745607
52.47483471320507
52.53439752218714
52.653523140151286
52.653523140151286
52.653523140151286
53.01089999404371
52.8322115670975
53.666090892846505
53.666090892846505
53.844779319792714
54.67865864554172
54.73822145452379
58.31198999344809
59.92018583596402
59.97974864494609
59.92018583596402
71.53493358746798
94.16880100065518
99.94639347191612
92.50104234915717
84.87700279945201
74.81088808148192
67.06772291381262
62.24313538626481
60.33712549883852
57.41854785871701
54.73822145452379
53.666090892846505
55.63166358925486
68.5567931383644
74.69176246351778
74.87045089046399
85.5321936982548
86.06825897909344
85.65131931621895
84.63875156352373
80.94585740663528
67.7229138126154
62.71963785812138
59.86062302698195
58.19286437548394
56.88248257787837
55.81035201620108
55.15516111739829
54.67865864554172
54.67865864554172
54.67865864554172
54.67865864554172
54.67865864554172
55.09559830841622
55.989040443147296
57.478110667699085
57.59723628566323
57.71636190362737
57.71636190362737
57.71636190362737
58.0737387575198
59.97974864494609
65.63821549824289
86.30651021502173
101.97152897730656
102.20978021323485
100.54202156173685
98.69557448329262
96.8491274048484
91.90541425933647
82.31580201322294
72.96444100303769
65.87646673417117
63.3152659479421
61.587944487462025
59.38412055512538
57.89505033057358
59.026743701232945
68.08029066650782
73.91744594675085
75.76389302519506
87.85514324855559
90.11852998987432
89.22508785514324
85.05569122639822
70.40324021680861
66.35296920602775
63.79176841979867
62.18357257728274
61.40925606051581
60.75406516171302
60.75406516171302
60.15843707189231
60.45625111680266
59.7414974090178
60.63493954374888
60.515813925784734
60.75406516171302
60.75406516171302
61.6475072964441
61.76663291440824
61.94532134135445
66.82947167788433
74.87045089046399
85.29394246232651
93.93054976472689
96.13437369706355
95.1813687533504
94.28792661861932
94.16880100065518
94.10923819167311
92.62016796712132
87.37864077669902
77.66990291262135
68.43766752040025
62.838763476085525
60.15843707189231
58.728929656322585
58.78849246530466
66.71034605992018
83.32836976591815
90.11852998987432
90.11852998987432
89.28465066412531
88.09339448448388
87.08082673178866
85.88957055214723
69.8076121269879
67.00816010483054
65.45952707129668
64.08958246470903
63.67264280183453
62.77920066710345
62.77920066710345
62.77920066710345
62.77920066710345
62.30269819524688
61.88575853237238
62.42182381321103
62.77920066710345
63.55351718387038
70.87974268866519
73.02400381201977
86.96170111382452
96.4321877419739
96.90869021383048
95.83655965215318
95.36005718029662
94.7644290904759
93.15623324795996
86.18738459705759
76.2999583060337
67.90160223956161
63.851331228780744
62.54094943117517
61.76663291440824
61.76663291440824
63.01745190303174
73.02400381201977
86.30651021502173
89.1059622371791
89.40377628208945
88.51033414735838
88.03383167550182
87.67645482160938
86.00869617011138
82.19667639525879
65.81690392518911
64.38739650961939
63.79176841979867
63.434391565906246
62.77920066710345
62.362261004228955
62.30269819524688
62.77920066710345
62.77920066710345
62.77920066710345
62.77920066710345
62.77920066710345
62.77920066710345
66.29340639704567
71.89231044136041
78.20596819346
96.13437369706355
101.19721246053963
100.36333313479062
99.64857942700577
99.23163976413127
97.86169515754362
90.7737208886771
80.05241527190421
73.14312942998392
68.79504437429269
67.84203943057955
67.48466257668711
67.00816010483054
67.84203943057955
73.3813806659122
83.98356066472094
85.65131931621895
90.71415807969503
90.41634403478467
90.11852998987432
83.56662100184644
72.1305616772887
68.67591875632854
67.66335100363332
66.2338435880636
65.81690392518911
65.39996426231461
65.16171302638632
64.80433617249389
65.69777830722497
65.57865268926082
65.75734111620703
65.69777830722497
65.63821549824289
65.51908988027874
65.63821549824289
65.81690392518911
65.57865268926082
65.81690392518911
65.81690392518911
68.73548156531061
77.49121448567514
98.87426291023884
104.35404133658942
103.28191077491213
101.97152897730656
100.36333313479062
94.46661504556555
86.18738459705759
78.56334504735243
74.45351122758949
72.96444100303769
72.07099886830662
70.99886830662933
71.11799392459348
74.51307403657155
83.4474953838823
84.04312347370302
90.05896718089224
96.19393650604562
96.19393650604562
96.19393650604562
79.4567871820835
72.96444100303769
71.89231044136041
70.87974268866519
69.92673774495205
69.03329561022097
68.85460718327475
68.85460718327475
68.85460718327475
69.8076121269879
69.86717493596997
69.8076121269879
68.85460718327475
68.91416999225683
68.85460718327475
69.74804931800583
69.86717493596997
69.92673774495205
74.81088808148192
92.38191673119303
102.5075942581452
103.34147358389421
101.31633807850378
97.80213234856154
89.76115313598189
81.00542021561736
75.40651617130263
73.32181785693012
71.41580796950383
69.92673774495205
69.86717493596997
69.86717493596997
69.86717493596997
70.2245517898624
74.81088808148192
82.85186729406158
94.46661504556555
93.63273571981654
87.6168920126273
76.71689796890821
73.61963190184048
71.05843111561141
69.33110965513133
68.85460718327475
68.85460718327475
68.02072785752576
68.61635594734648
68.85460718327475
68.31854190243611
68.79504437429269
68.85460718327475
68.85460718327475
68.85460718327475
68.85460718327475
68.85460718327475
68.85460718327475
68.85460718327475
68.61635594734648
67.36553695872297
64.9830245994401
62.77920066710345
61.826195723390306
61.76663291440824
61.88575853237238
66.6507832509381
87.85514324855559
108.76168920126273
110.31032223479659
107.51087021263922
106.31961403299779
105.36660908928464
98.9338257192209
90.7737208886771
84.16224909166715
82.01798796831258
82.01798796831258
81.3627970695098
81.00542021561736
81.00542021561736
81.541485496456
81.48192268747394
83.09011852998987
88.74858538328667
93.15623324795996
90.41634403478467
82.55405324915122
82.01798796831258
80.11197808088629
75.8830186431592
73.08356662100184
72.78575257609148
71.89231044136041
71.89231044136041
71.89231044136041
72.66662695812734
72.5475013401632
72.36881291321698
72.84531538507355
72.90487819405563
72.60706414914527
72.90487819405563
72.24968729525284
71.89231044136041
71.65405920543212
70.52236583477276
68.79504437429269
66.94859729584847
65.39996426231461
63.79176841979867
63.434391565906246
63.3152659479421
63.613079992852455
63.374828756924174
63.55351718387038
65.22127583536839
80.35022931681458
103.22234796593007
105.664423134195
99.35076538209542
90.3567812258026
84.34093751861337
82.91143010304366
82.01798796831258
82.01798796831258
81.72017392340221
81.24367145154565
81.00542021561736
82.85186729406158
84.04312347370302
85.17481684436237
91.01197212460539
93.99011257370897
93.99011257370897
84.63875156352373
80.05241527190421
77.7890285305855
75.04913931741021
73.91744594675085
73.91744594675085
73.02400381201977
72.90487819405563
72.90487819405563
72.90487819405563
72.90487819405563
72.90487819405563
72.90487819405563
72.90487819405563
72.90487819405563
72.90487819405563
72.90487819405563
72.90487819405563
71.89231044136041
70.28411459884448
68.85460718327475
67.78247662159747
66.53165763297396
65.10215021740424
64.1491452736911
63.79176841979867
63.136577520995885
62.00488415033652
61.76663291440824
61.76663291440824
61.23056763356959
61.11144201560545
65.99559235213532
66.82947167788433
74.51307403657155
101.73327774137827
113.16933706593602
111.85895526833045
106.79611650485435
100.54202156173685
90.89284650664125
84.40050032759544
81.06498302459943
80.94585740663528
81.00542021561736
80.94585740663528
81.00542021561736
81.00542021561736
81.00542021561736
82.07755077729465
82.91143010304366
86.12782178807552
89.5229019000536
91.13109774256954
86.12782178807552
79.99285246292214
77.01471201381857
73.85788313776877
70.99886830662933
69.86717493596997
69.86717493596997
69.86717493596997
69.86717493596997
69.86717493596997
69.86717493596997
70.34367740782655
70.87974268866519
70.87974268866519
70.87974268866519
70.70105426171898
70.87974268866519
70.87974268866519
70.58192864375484
69.68848650902376
68.43766752040025
66.41253201500982
65.28083864435047
63.7322056108166
62.77920066710345
61.94532134135445
61.11144201560545
60.21799988087437
59.44368336410744
58.728929656322585
58.84805527428673
59.7414974090178
59.7414974090178
61.6475072964441
80.2906665078325
104.5922925725177
107.03436774078264
105.36660908928464
104.71141819048185
98.63601167431055
88.98683661921496
80.46935493477872
76.59777235094407
75.04913931741021
74.57263684555363
74.33438560962534
74.03657156471499
73.91744594675085
77.25296324974686
81.00542021561736
84.2813747096313
91.13109774256954
92.14366549526474
88.86771100125081
76.59777235094407
71.59449639645005
68.9737328012389
67.90160223956161
67.36553695872297
67.06772291381262
67.60378819465126
67.84203943057955
67.84203943057955
67.84203943057955
68.61635594734648
68.85460718327475
68.85460718327475
68.85460718327475
68.85460718327475
68.79504437429269
68.85460718327475
67.84203943057955
67.12728572279468
65.63821549824289
63.01745190303174
60.75406516171302
61.290130442551664
61.76663291440824
61.76663291440824
68.19941628447197
91.01197212460539
107.33218178569301
105.06879504437428
100.18464470784441
91.54803740544403
83.38793257490022
77.90815414854964
76.53820954196199
75.58520459824885
74.93001369944606
74.45351122758949
73.91744594675085
73.91744594675085
77.01471201381857
83.98356066472094
85.1152540353803
87.6168920126273
88.33164572041217
88.21252010244802
87.14038954077074
83.4474953838823
68.02072785752576
67.12728572279468
66.8890344868664
66.82947167788433
66.82947167788433
66.82947167788433
66.82947167788433
67.36553695872297
67.24641134075883
67.7229138126154
67.84203943057955
67.84203943057955
67.84203943057955
67.84203943057955
67.84203943057955
67.18684853177675
66.4720948239919
65.39996426231461
63.851331228780744
62.24313538626481
60.75406516171302
60.277562689856445
59.44368336410744
58.60980403835844
57.71636190362737
57.71636190362737
57.29942224075287
56.703794150932154
