106.98456365581536
106.98456365581536
106.98456365581536
106.98456365581536
106.98456365581536
106.98456365581536
106.98456365581536
106.98456365581536
106.98456365581536
106.98456365581536
106.98456365581536
106.98456365581536
106.98456365581536
106.98456365581536
106.98456365581536
106.98456365581536
106.98456365581536
106.98456365581536
106.98456365581536
106.98456365581536
106.98456365581536
106.98456365581536
106.98456365581536
106.98456365581536
106.98456365581536
106.98456365581536
106.98456365581536
106.98456365581536
106.98456365581536
106.98456365581536
106.98456365581536
106.98456365581536
106.98456365581536
106.98456365581536
106.98456365581536
106.98456365581536
106.98456365581536
106.98456365581536
106.98456365581536
106.98456365581536
106.98456365581536
106.98456365581536
106.98456365581536
106.98456365581536
106.98456365581536
106.98456365581536
106.98456365581536
106.98456365581536
106.98456365581536
106.98456365581536
106.98456365581536
106.98456365581536
106.98456365581536
106.98456365581536
106.98456365581536
106.98456365581536
106.98456365581536
106.16944317081868
105.96566304956951
105.96566304956951
105.96566304956951
105.96566304956951
105.96566304956951
105.96566304956951
105.96566304956951
105.96566304956951
105.96566304956951
105.96566304956951
105.96566304956951
105.96566304956951
105.96566304956951
105.96566304956951
105.96566304956951
105.96566304956951
105.96566304956951
105.96566304956951
105.96566304956951
105.96566304956951
105.96566304956951
105.96566304956951
105.96566304956951
105.96566304956951
105.96566304956951
105.96566304956951
105.96566304956951
105.96566304956951
105.96566304956951
105.96566304956951
105.96566304956951
105.96566304956951
105.96566304956951
105.96566304956951
105.96566304956951
105.96566304956951
105.96566304956951
105.96566304956951
105.96566304956951
105.96566304956951
105.96566304956951
105.96566304956951
105.96566304956951
105.96566304956951
105.96566304956951
105.96566304956951
105.96566304956951
105.96566304956951
105.96566304956951
105.96566304956951
105.96566304956951
105.96566304956951
105.96566304956951
105.96566304956951
105.96566304956951
105.96566304956951
105.96566304956951
105.96566304956951
105.96566304956951
105.96566304956951
105.96566304956951
105.96566304956951
105.96566304956951
105.96566304956951
105.96566304956951
105.96566304956951
105.96566304956951
105.96566304956951
105.96566304956951
105.96566304956951
105.96566304956951
105.96566304956951
105.96566304956951
105.96566304956951
105.96566304956951
105.96566304956951
105.96566304956951
105.96566304956951
103.8259717764532
102.90896123083192
102.90896123083192
102.90896123083192
102.90896123083192
102.90896123083192
102.90896123083192
102.90896123083192
102.90896123083192
102.90896123083192
102.90896123083192
102.90896123083192
102.90896123083192
102.90896123083192
102.90896123083192
102.90896123083192
102.90896123083192
102.90896123083192
102.90896123083192
102.90896123083192
102.90896123083192
102.90896123083192
102.90896123083192
102.90896123083192
102.90896123083192
102.90896123083192
102.90896123083192
102.90896123083192
102.90896123083192
102.90896123083192
102.90896123083192
102.90896123083192
102.90896123083192
102.90896123083192
102.90896123083192
102.90896123083192
102.90896123083192
102.90896123083192
102.90896123083192
102.90896123083192
102.90896123083192
104.74298232207447
105.96566304956951
105.96566304956951
105.96566304956951
105.96566304956951
105.96566304956951
105.96566304956951
105.96566304956951
105.96566304956951
105.96566304956951
105.96566304956951
105.96566304956951
105.96566304956951
105.96566304956951
105.96566304956951
105.96566304956951
105.96566304956951
105.96566304956951
105.96566304956951
105.96566304956951
105.96566304956951
105.96566304956951
105.96566304956951
105.96566304956951
105.96566304956951
105.96566304956951
105.96566304956951
105.96566304956951
105.96566304956951
105.96566304956951
105.96566304956951
105.96566304956951
105.96566304956951
105.96566304956951
105.96566304956951
105.96566304956951
105.96566304956951
105.96566304956951
105.96566304956951
105.96566304956951
105.96566304956951
105.96566304956951
105.96566304956951
105.96566304956951
105.96566304956951
105.96566304956951
105.96566304956951
105.96566304956951
105.96566304956951
105.96566304956951
105.96566304956951
105.96566304956951
105.96566304956951
105.96566304956951
105.96566304956951
105.96566304956951
105.96566304956951
105.96566304956951
105.96566304956951
105.96566304956951
105.96566304956951
105.96566304956951
105.96566304956951
105.96566304956951
105.96566304956951
105.96566304956951
105.96566304956951
105.96566304956951
105.96566304956951
105.96566304956951
105.96566304956951
105.96566304956951
105.96566304956951
105.96566304956951
105.96566304956951
105.96566304956951
105.96566304956951
105.96566304956951
105.96566304956951
105.96566304956951
105.96566304956951
105.96566304956951
105.96566304956951
105.96566304956951
105.96566304956951
105.96566304956951
105.96566304956951
105.96566304956951
105.96566304956951
105.96566304956951
105.96566304956951
105.96566304956951
105.96566304956951
105.96566304956951
105.96566304956951
105.96566304956951
105.96566304956951
105.96566304956951
105.96566304956951
105.96566304956951
105.96566304956951
105.96566304956951
105.96566304956951
105.96566304956951
105.96566304956951
105.96566304956951
105.96566304956951
105.96566304956951
105.96566304956951
105.96566304956951
105.96566304956951
105.96566304956951
105.96566304956951
105.96566304956951
105.96566304956951
105.96566304956951
105.96566304956951
105.96566304956951
105.96566304956951
105.96566304956951
105.96566304956951
105.96566304956951
105.96566304956951
105.96566304956951
105.96566304956951
105.96566304956951
105.96566304956951
105.96566304956951
105.96566304956951
105.96566304956951
105.96566304956951
105.96566304956951
105.96566304956951
105.96566304956951
105.96566304956951
105.96566304956951
105.96566304956951
105.96566304956951
105.96566304956951
105.96566304956951
105.96566304956951
105.96566304956951
105.96566304956951
105.96566304956951
105.96566304956951
105.96566304956951
105.96566304956951
105.96566304956951
105.96566304956951
105.96566304956951
105.96566304956951
105.96566304956951
105.96566304956951
105.96566304956951
105.96566304956951
105.96566304956951
105.96566304956951
105.96566304956951
105.96566304956951
105.96566304956951
105.96566304956951
105.96566304956951
105.96566304956951
105.96566304956951
105.96566304956951
106.57700341331703
106.98456365581536
106.98456365581536
106.98456365581536
106.98456365581536
106.98456365581536
106.98456365581536
106.98456365581536
106.98456365581536
106.98456365581536
106.98456365581536
106.98456365581536
106.98456365581536
106.98456365581536
106.98456365581536
106.98456365581536
106.98456365581536
106.98456365581536
106.98456365581536
106.98456365581536
106.98456365581536
106.98456365581536
106.98456365581536
106.98456365581536
106.98456365581536
106.98456365581536
106.98456365581536
106.98456365581536
106.98456365581536
106.98456365581536
106.98456365581536
106.98456365581536
106.98456365581536
106.98456365581536
106.98456365581536
106.98456365581536
106.98456365581536
106.98456365581536
106.98456365581536
106.98456365581536
106.98456365581536
106.98456365581536
106.98456365581536
106.57700341331703
104.94676244332365
104.94676244332365
104.94676244332365
104.94676244332365
104.94676244332365
104.94676244332365
104.94676244332365
104.94676244332365
104.94676244332365
104.94676244332365
104.94676244332365
104.94676244332365
104.94676244332365
104.94676244332365
104.94676244332365
104.94676244332365
104.94676244332365
104.94676244332365
104.94676244332365
104.94676244332365
104.94676244332365
104.94676244332365
104.94676244332365
104.94676244332365
104.94676244332365
104.94676244332365
104.94676244332365
104.94676244332365
104.94676244332365
104.94676244332365
104.94676244332365
104.94676244332365
104.94676244332365
104.94676244332365
104.94676244332365
104.94676244332365
104.94676244332365
104.94676244332365
104.94676244332365
103.92786183707778
103.92786183707778
103.92786183707778
103.92786183707778
103.92786183707778
103.92786183707778
103.92786183707778
103.92786183707778
103.92786183707778
103.92786183707778
103.92786183707778
103.92786183707778
103.92786183707778
103.92786183707778
103.92786183707778
103.92786183707778
103.92786183707778
103.92786183707778
103.92786183707778
103.92786183707778
103.92786183707778
103.92786183707778
103.92786183707778
103.92786183707778
103.92786183707778
103.92786183707778
103.92786183707778
103.92786183707778
103.92786183707778
103.92786183707778
103.92786183707778
103.92786183707778
103.92786183707778
103.92786183707778
103.92786183707778
103.92786183707778
103.92786183707778
103.92786183707778
103.92786183707778
104.74298232207447
108.00346426206123
108.00346426206123
108.00346426206123
108.00346426206123
108.00346426206123
108.00346426206123
108.00346426206123
108.00346426206123
108.00346426206123
108.00346426206123
108.00346426206123
108.00346426206123
108.00346426206123
108.00346426206123
108.00346426206123
108.00346426206123
108.00346426206123
108.00346426206123
108.00346426206123
108.00346426206123
108.00346426206123
108.00346426206123
108.00346426206123
108.00346426206123
108.00346426206123
108.00346426206123
108.00346426206123
108.00346426206123
108.00346426206123
108.00346426206123
108.00346426206123
108.00346426206123
108.00346426206123
108.00346426206123
108.00346426206123
108.00346426206123
108.00346426206123
108.00346426206123
108.00346426206123
107.39212389831371
104.94676244332365
104.94676244332365
104.94676244332365
104.94676244332365
104.94676244332365
104.94676244332365
104.94676244332365
104.94676244332365
104.94676244332365
104.94676244332365
104.94676244332365
104.94676244332365
104.94676244332365
104.94676244332365
104.94676244332365
104.94676244332365
104.94676244332365
104.94676244332365
104.94676244332365
104.94676244332365
104.94676244332365
104.94676244332365
104.94676244332365
104.94676244332365
104.94676244332365
104.94676244332365
104.94676244332365
104.94676244332365
104.94676244332365
104.94676244332365
104.94676244332365
104.94676244332365
104.94676244332365
104.94676244332365
104.94676244332365
104.94676244332365
104.94676244332365
104.94676244332365
104.94676244332365
104.94676244332365
104.94676244332365
104.94676244332365
104.94676244332365
104.94676244332365
102.04289571552295
101.89006062458607
101.89006062458607
101.89006062458607
101.89006062458607
101.89006062458607
101.89006062458607
101.89006062458607
101.89006062458607
101.89006062458607
101.89006062458607
101.89006062458607
101.89006062458607
101.89006062458607
101.89006062458607
101.89006062458607
101.89006062458607
101.89006062458607
101.89006062458607
101.89006062458607
101.89006062458607
101.89006062458607
101.89006062458607
101.89006062458607
101.89006062458607
101.89006062458607
101.89006062458607
101.89006062458607
101.89006062458607
101.89006062458607
101.89006062458607
101.89006062458607
101.89006062458607
101.89006062458607
101.89006062458607
101.89006062458607
101.89006062458607
101.89006062458607
101.89006062458607
101.89006062458607
101.07494013958937
99.85225941209434
99.85225941209434
99.85225941209434
99.85225941209434
99.85225941209434
99.85225941209434
99.85225941209434
99.85225941209434
99.85225941209434
99.85225941209434
99.85225941209434
99.85225941209434
99.85225941209434
99.85225941209434
99.85225941209434
99.85225941209434
99.85225941209434
99.85225941209434
99.85225941209434
99.85225941209434
99.85225941209434
99.85225941209434
99.85225941209434
99.85225941209434
99.85225941209434
99.85225941209434
99.85225941209434
99.85225941209434
99.85225941209434
99.85225941209434
99.85225941209434
99.85225941209434
99.85225941209434
99.85225941209434
99.85225941209434
99.85225941209434
99.85225941209434
99.85225941209434
99.85225941209434
100.56548983646644
101.89006062458607
101.89006062458607
101.89006062458607
101.89006062458607
101.89006062458607
101.89006062458607
101.89006062458607
101.89006062458607
101.89006062458607
101.89006062458607
101.89006062458607
101.89006062458607
101.89006062458607
101.89006062458607
101.89006062458607
101.89006062458607
101.89006062458607
101.89006062458607
101.89006062458607
101.89006062458607
101.89006062458607
101.89006062458607
101.89006062458607
101.89006062458607
101.89006062458607
101.89006062458607
101.89006062458607
101.89006062458607
101.89006062458607
101.89006062458607
101.89006062458607
101.89006062458607
101.89006062458607
101.89006062458607
101.89006062458607
101.89006062458607
101.89006062458607
101.89006062458607
106.7298385042539
106.98456365581536
106.98456365581536
106.98456365581536
106.98456365581536
106.98456365581536
106.98456365581536
106.98456365581536
106.98456365581536
106.98456365581536
106.98456365581536
106.98456365581536
106.98456365581536
106.98456365581536
106.98456365581536
106.98456365581536
106.98456365581536
106.98456365581536
106.98456365581536
106.98456365581536
106.98456365581536
106.98456365581536
106.98456365581536
106.98456365581536
106.98456365581536
106.98456365581536
106.98456365581536
106.98456365581536
106.98456365581536
106.98456365581536
106.98456365581536
106.98456365581536
106.98456365581536
106.98456365581536
106.98456365581536
106.98456365581536
106.98456365581536
106.98456365581536
101.78817056396147
100.8711600183402
100.8711600183402
100.8711600183402
100.8711600183402
100.8711600183402
100.8711600183402
100.8711600183402
100.8711600183402
100.8711600183402
100.8711600183402
100.8711600183402
100.8711600183402
100.8711600183402
100.8711600183402
100.8711600183402
100.8711600183402
100.8711600183402
100.8711600183402
100.8711600183402
100.8711600183402
100.8711600183402
100.8711600183402
100.8711600183402
100.8711600183402
100.8711600183402
100.8711600183402
100.8711600183402
100.8711600183402
100.8711600183402
100.8711600183402
100.8711600183402
100.8711600183402
100.8711600183402
100.8711600183402
100.8711600183402
100.8711600183402
100.8711600183402
100.8711600183402
100.8711600183402
100.8711600183402
101.83911559427378
101.89006062458607
101.89006062458607
101.89006062458607
101.89006062458607
101.89006062458607
101.89006062458607
101.89006062458607
101.89006062458607
101.89006062458607
101.89006062458607
101.89006062458607
101.89006062458607
101.89006062458607
101.89006062458607
101.89006062458607
101.89006062458607
101.89006062458607
101.89006062458607
101.89006062458607
101.89006062458607
101.89006062458607
101.89006062458607
101.89006062458607
101.89006062458607
101.89006062458607
101.89006062458607
101.89006062458607
101.89006062458607
101.89006062458607
101.89006062458607
101.89006062458607
101.89006062458607
101.89006062458607
101.89006062458607
101.89006062458607
101.89006062458607
101.89006062458607
101.89006062458607
101.89006062458607
101.89006062458607
101.89006062458607
101.89006062458607
101.89006062458607
101.89006062458607
101.89006062458607
101.89006062458607
101.89006062458607
101.89006062458607
101.89006062458607
101.89006062458607
101.89006062458607
101.89006062458607
101.89006062458607
101.89006062458607
101.89006062458607
101.89006062458607
101.89006062458607
101.89006062458607
101.89006062458607
101.89006062458607
101.89006062458607
101.89006062458607
101.89006062458607
101.89006062458607
101.89006062458607
101.89006062458607
101.89006062458607
101.89006062458607
101.89006062458607
101.89006062458607
101.89006062458607
101.89006062458607
101.89006062458607
101.89006062458607
101.89006062458607
99.85225941209434
99.85225941209434
99.85225941209434
99.85225941209434
99.85225941209434
99.85225941209434
99.85225941209434
99.85225941209434
99.85225941209434
99.85225941209434
99.85225941209434
99.85225941209434
99.85225941209434
99.85225941209434
99.85225941209434
99.85225941209434
99.85225941209434
99.85225941209434
99.85225941209434
99.85225941209434
99.85225941209434
99.85225941209434
99.85225941209434
99.85225941209434
99.85225941209434
99.85225941209434
99.85225941209434
99.85225941209434
99.85225941209434
99.85225941209434
99.85225941209434
99.85225941209434
99.85225941209434
99.85225941209434
99.85225941209434
99.85225941209434
99.85225941209434
99.85225941209434
99.85225941209434
105.55810280707117
108.00346426206123
108.00346426206123
108.00346426206123
108.00346426206123
108.00346426206123
108.00346426206123
108.00346426206123
108.00346426206123
108.00346426206123
108.00346426206123
108.00346426206123
108.00346426206123
108.00346426206123
108.00346426206123
108.00346426206123
108.00346426206123
108.00346426206123
108.00346426206123
108.00346426206123
108.00346426206123
108.00346426206123
108.00346426206123
108.00346426206123
108.00346426206123
108.00346426206123
108.00346426206123
108.00346426206123
108.00346426206123
108.00346426206123
108.00346426206123
108.00346426206123
108.00346426206123
108.00346426206123
108.00346426206123
108.00346426206123
108.00346426206123
108.00346426206123
108.00346426206123
108.00346426206123
106.0166080798818
104.94676244332365
104.94676244332365
104.94676244332365
104.94676244332365
104.94676244332365
104.94676244332365
104.94676244332365
104.94676244332365
104.94676244332365
104.94676244332365
104.94676244332365
104.94676244332365
104.94676244332365
104.94676244332365
104.94676244332365
104.94676244332365
104.94676244332365
104.94676244332365
104.94676244332365
104.94676244332365
104.94676244332365
104.94676244332365
104.94676244332365
104.94676244332365
104.94676244332365
104.94676244332365
104.94676244332365
104.94676244332365
104.94676244332365
104.94676244332365
104.94676244332365
