64.08942364824719
57.79857397504457
62.81194295900179
87.36631016042782
72.66042780748664
68.16696375519906
62.7005347593583
55.57783719548426
73.93048128342247
83.80867498514559
74.81431966726085
67.86244800950683
60.94028520499109
56.7587641117053
78.55020796197267
82.74658348187761
73.82650029708854
67.69162210338682
59.97474747474748
56.10516934046346
70.49910873440285
81.39483065953655
72.29649435531789
66.20617944147357
59.69994058229353
55.689245395127756
82.96197266785502
79.8871063576946
71.27896613190731
64.61675579322639
58.64527629233512
55.555555555555564
81.98158051099229
81.35026737967915
73.00950683303626
66.94890077243019
60.04159239453358
56.372549019607845
84.85591206179443
81.54337492572787
73.34373143196673
68.12240047534166
62.299465240641716
58.02881758764112
86.28193701723114
80.72638146167559
75.72043969102793
66.48841354723709
60.8957219251337
57.2192513368984
89.62418300653596
83.02139037433156
73.18775995246584
68.27837195484256
60.56892453951278
59.32115270350565
89.72073677956031
79.72370766488415
73.49227569815805
67.71390374331551
62.84907902554962
59.536541889483075
87.7673796791444
81.04575163398694
74.49494949494951
67.47623291740939
63.034759358288774
59.93761140819965
85.66547831253715
82.1078431372549
75.6387403446227
66.97118241235889
62.25490196078432
59.84848484848485
89.4162210338681
79.05525846702318
72.74212715389187
65.6268568033274
62.7005347593583
91.2433155080214
83.17736185383245
75.47534165181224
69.42216280451575
63.32442067736186
95.93731431966727
87.7673796791444
78.40909090909092
70.47682709447416
65.80510992275698
96.86571598336305
89.23796791443851
78.4982174688057
71.28639334521688
66.69637551990493
86.22994652406418
87.95306001188355
79.58259061200239
72.8015448603684
66.54040404040404
79.96880570409984
89.60932857991682
80.71895424836602
73.83392751039811
66.20617944147357
62.74509803921569
88.32442067736186
84.55882352941177
77.22816399286988
68.82798573975045
63.53980986333928
63.60665478312538
94.05822935234701
77.7109328579917
72.63071895424838
64.00772430184196
59.86333927510399
77.22073677956031
82.27866904337493
74.02703505644683
70.30600118835413
61.70528817587642
73.9230540701129
87.09150326797386
75.44563279857398
69.56327985739752
61.65329768270946
58.06595365418895
79.57516339869282
82.397504456328
73.90819964349377
67.34997029114678
62.11378490790256
58.622994652406426
92.79560308972074
81.52109328579918
72.45989304812835
65.02525252525253
59.79649435531789
55.92691622103387
78.57248960190138
79.24093879976233
71.50920974450386
65.67884729649437
59.343434343434346
55.87492572786691
79.2929292929293
78.79530600118837
72.0959595959596
65.87938205585264
60.92543077837196
71.99197860962568
86.6013071895425
77.03505644682116
70.57338086749853
62.97534165181224
61.59387997623293
93.16696375519906
81.72162804515746
73.4848484848485
66.32501485442663
61.281937017231144
80.31045751633988
84.07605466428997
74.19043374925728
68.80570409982175
62.00237670825907
59.21717171717172
82.04099821746881
77.62923351158646
71.6577540106952
65.25549613784908
60.66547831253714
65.27777777777779
89.43107546048724
73.49227569815805
69.60041592394535
61.9281045751634
58.429887106357704
64.16369578134285
78.30510992275698
71.58348187759954
65.90909090909092
60.398098633392756
58.81610219845515
88.27985739750447
74.35383244206774
71.01158645276293
63.77005347593583
59.298871063576954
82.51633986928105
84.55139631610221
74.31669637551991
69.63755199049318
64.66874628639336
61.326500297088536
90.58229352347
76.23291740938801
71.83600713012478
63.67349970291147
59.313725490196084
65.28520499108735
82.42721330956626
72.86096256684493
68.18924539512776
61.51960784313726
73.01693404634582
83.4298871063577
74.25727866904339
68.85026737967915
62.6336898395722
92.46880570409984
86.05169340463459
75.12626262626263
69.45187165775401
63.48039215686275
85.38324420677363
87.96791443850269
76.9385026737968
70.3802733214498
63.83689839572193
70.43226381461676
92.56535947712419
82.59803921568628
73.66310160427808
66.20617944147357
61.9281045751634
66.39185977421272
91.8374925727867
81.26856803327392
73.93790849673204
66.94147355912062
62.485145573380876
77.45098039215686
85.65062388591801
76.54486036838979
70.06090314913845
63.04218657159834
60.05644682115271
76.31461675579324
87.02465834818777
77.69607843137256
70.41740938799764
63.52495543672015
59.7073677956031
56.372549019607845
88.42097445038623
81.94444444444446
71.78401663695782
65.32976827094475
59.56625074272134
55.74123588829472
53.683897801544866
83.04367201426025
75.89869281045752
69.11764705882354
62.90106951871658
59.06120023767083
54.91681521093286
84.32857991681522
78.86215092097446
69.1696375519905
63.93345216874629
58.392751039809866
55.14705882352942
65.75311942959003
84.0909090909091
78.38680926916221
72.06625074272134
64.01515151515152
59.95246583481878
55.57783719548426
80.25103980986334
79.50089126559716
72.3187759952466
67.49108734402853
60.2124183006536
56.93701723113488
82.76143790849675
79.94652406417113
71.9845513963161
67.55793226381462
61.63101604278076
73.23975044563281
84.863339275104
77.10190136660725
71.14527629233513
64.37908496732027
70.80362448009508
92.77332144979205
83.05852644087939
75.86155674390969
69.86779560308973
68.76856803327392
96.6577540106952
89.06714200831848
81.23143196672609
74.88859180035651
69.8752228163993
90.95365418894832
93.81313131313132
81.81075460487226
78.7655971479501
72.26678550207963
80.28817587641117
94.17706476530007
84.39542483660132
80.13220439691028
71.50178253119431
79.30035650623887
95.51396316102199
84.38057040998218
80.15448603683899
71.85828877005348
78.34967320261438
95.58823529411765
84.94503862150921
79.27807486631016
71.53149138443257
82.72430184194891
93.55317884729651
83.02881758764113
77.38413547237077
72.52673796791444
101.81966726084374
93.79827688651218
84.29887106357695
78.08229352347
77.19845513963162
103.22341057635177
91.421568627451
83.58585858585859
76.3443256090315
78.80273321449793
100.82442067736186
88.54723707664886
81.98158051099229
72.28906714200832
80.82293523469995
97.1628045157457
85.31639928698753
80.83778966131908
71.72459893048129
84.5291146761735
93.79084967320263
82.40493166963756
77.31729055258468
70.20202020202021
96.13042186571599
91.57754010695189
82.65002970885325
73.79679144385028
68.56060606060606
88.80718954248367
89.04486036838979
81.10516934046346
71.68003565062389
66.75579322638147
82.47920380273322
91.22846108140227
80.28817587641117
74.45781342840166
68.53832442067737
81.36512180629829
90.65656565656566
80.51841948900773
73.8116458704694
68.31550802139039
85.96999405822936
91.80778371954844
82.18211527035058
75.44563279857398
68.47147950089128
70.82590612002377
95.907605466429
83.08080808080808
75.87641117052883
68.28579916815211
63.057040998217474
79.59744503862152
89.68360071301248
78.73588829471183
72.72727272727273
65.61942959001783
69.13250148544267
93.69429590017826
81.48395721925135
73.93790849673204
66.3324420677362
63.06446821152704
75.66844919786097
92.34997029114678
80.90463458110517
73.72994652406418
66.49584076054666
62.143493761140824
69.51871657754012
89.34194890077244
79.78312537136067
74.19043374925728
66.00564468211527
62.165775401069524
71.89542483660131
90.51544860368391
79.99108734402853
73.86363636363637
65.76797385620915
62.54456327985741
84.78906714200832
86.12596553773025
76.01010101010102
69.96434937611409
63.48781937017232
60.92543077837196
93.12240047534166
85.56149732620322
74.88116458704695
69.6524064171123
63.60665478312538
60.10843731431967
92.39453357100417
85.3015448603684
76.48544266191325
70.36541889483067
64.71330956625074
68.62745098039217
95.08318478906715
83.21449792038028
75.71301247771837
68.79827688651218
63.95573380867499
78.60962566844921
89.09685086155676
78.30510992275698
71.1527035056447
64.63161021984553
61.177956030897214
88.50267379679146
88.28728461081403
77.59209744503863
72.47474747474749
64.83957219251337
61.073975044563284
71.24183006535948
89.24539512774808
78.91414141414143
73.03921568627452
66.11705288175877
63.71806298276887
95.09061200237672
87.38116458704695
76.21806298276887
71.33838383838385
66.68152109328581
62.448009506833046
95.92988710635771
87.55199049316697
76.68597742127155
70.48425430778373
64.8321449792038
60.07130124777184
91.02792632204398
85.62091503267975
74.98514557338088
68.77599524658349
63.309566250742726
59.291443850267385
85.2792632204397
85.59120617944149
76.09180035650624
70.00148544266192
62.88621509209745
66.56268568033275
94.24390968508617
79.71628045157458
73.8784907902555
65.0772430184195
60.95513963161022
82.14497920380275
89.19340463458111
78.93642305407012
72.0959595959596
64.75044563279857
60.85858585858586
85.17528223410577
84.73707664884137
74.12358882947119
69.22905525846703
64.26767676767678
73.97504456327987
91.0873440285205
79.38948306595366
75.00742721330957
67.31283422459894
81.90730837789663
93.29322638146168
80.46642899584077
76.74539512774808
69.96434937611409
87.92335115864529
96.0858585858586
83.72697563874036
77.10190136660725
72.05882352941177
91.21360665478313
93.6200237670826
82.40493166963756
76.61170528817588
77.4212715389186
100.20796197266786
90.78282828282829
84.67765894236483
76.39631610219847
96.6577540106952
99.01960784313727
87.5891265597148
82.04842543077838
78.66161616161617
99.18300653594773
89.93612596553774
84.34343434343435
75.41592394533572
103.59477124183007
93.99881164587048
85.06387403446227
80.34016636957814
87.78966131907309
101.15864527629235
88.24272133095663
83.85323826500299
86.87611408199645
106.0308972073678
94.42959001782532
85.62091503267975
78.64676173499704
101.41117052881759
99.01960784313727
88.01990493166964
80.91206179441474
88.55466428995841
107.65002970885325
94.281045751634
86.59387997623293
94.8752228163993
108.80867498514559
92.29055258467024
87.19548425430779
87.74509803921569
111.34135472370768
97.15537730243614
88.68835412953061
84.79649435531789
111.84640522875819
96.58348187759954
87.5891265597148
79.4043374925728
109.40285204991089
98.72994652406418
89.00029708853239
78.45365418894832
102.56238859180037
101.68597742127155
86.4230540701129
81.26114081996435
82.59803921568628
104.05525846702318
88.40612002376709
84.38057040998218
74.04931669637553
94.60784313725492
93.50861556743911
84.36571598336305
74.71776589423649
89.13398692810459
98.26945929887107
84.34343434343435
80.7040998217469
82.43464052287582
103.23826500297089
88.23529411764707
81.17944147355912
76.13636363636364
107.397504456328
93.4863339275104
85.86601307189544
75.66102198455141
105.33273915626857
100.47534165181224
86.65329768270945
77.80005941770648
74.93315508021391
101.13636363636364
93.0258467023173
84.63309566250743
73.79679144385028
69.54099821746881
102.50297088532383
93.55317884729651
85.86601307189544
74.57664884135473
68.21895424836602
98.06149732620322
93.2040998217469
82.71687462863935
74.18300653594773
68.46405228758171
93.56803327391563
92.89215686274511
81.63250148544267
76.12150920974452
67.14200831847891
82.02614379084969
98.93790849673204
83.01396316102199
75.87641117052883
67.04545454545455
64.5944741532977
94.2142008318479
83.29619726678551
77.42869875222817
68.03327391562686
62.66339869281046
97.79411764705884
83.25163398692811
76.54486036838979
68.39720736779562
64.99554367201426
101.63398692810459
79.54545454545455
73.23975044563281
64.36423054070113
83.4521687462864
89.20825906120025
73.989898989899
68.32293523469994
72.17765894236483
100.18568033273917
80.90463458110517
73.93048128342247
64.46821152703507
96.69489007724303
91.02049910873441
75.74272133095663
71.93256090314915
67.00089126559716
100.63131313131314
81.81818181818183
75.74272133095663
65.58229352347
81.08288770053477
95.07575757575759
76.13636363636364
70.65508021390374
67.66191325014856
100.92097445038623
79.2929292929293
74.15329768270945
65.19607843137256
95.57338086749853
88.65864527629235
76.12893642305407
69.1250742721331
77.07961972667856
99.4726678550208
80.01336898395722
73.04664289958409
63.59180035650625
91.94890077243019
89.36423054070114
74.4281045751634
68.67944147355912
61.12596553773025
78.29768270944743
82.78371954842544
72.76440879382056
65.28520499108735
66.16161616161617
96.94741532976828
76.73796791443851
71.45721925133691
61.274509803921575
67.37225193107547
87.11378490790257
68.90225787284612
65.4931669637552
57.308377896613194
93.60516934046346
74.00475341651813
67.98871063576946
61.4453357100416
79.70142602495544
84.32857991681522
69.53357100415924
66.198752228164
64.35680332739157
96.58348187759954
76.08437314319669
69.92721330956626
61.430481283422466
81.54337492572787
83.92751039809865
70.78134284016637
64.34194890077244
64.20825906120024
96.7023172905526
74.16815210932859
69.72667855020796
60.69518716577541
92.431669637552
81.14973262032086
70.9967320261438
64.80986333927511
73.42543077837196
91.3324420677362
74.27213309566251
70.52139037433156
64.76530005941771
99.44295900178254
81.63250148544267
73.16547831253715
63.88146167557933
80.97147950089128
91.30273321449793
74.97029114676174
70.40998217468807
69.54842543077838
98.06892453951278
76.74539512774808
72.28163992869877
63.198158051099234
79.80540701128938
82.25638740344624
72.61586452762924
67.06030897207368
62.11378490790256
88.74777183600713
71.5463458110517
68.0035650623886
60.79174093879977
90.50802139037434
75.40849673202615
68.54575163398694
61.20023767082591
84.29887106357695
80.89720736779562
68.87254901960785
66.20617944147357
80.92691622103388
88.05704099821747
73.23232323232324
68.04070112893643
82.1969696969697
95.07575757575759
77.28758169934642
72.42275698158052
77.54753416518123
99.10873440285206
80.31788472964945
74.23499702911468
70.75163398692811
102.02020202020203
81.00861556743911
75.63131313131314
67.9367201426025
102.77035056446822
85.65805109922758
77.28758169934642
68.92453951277481
88.68092691622104
89.57961972667856
76.68597742127155
72.2742127153892
74.80689245395129
97.43761140819966
77.93374925727868
74.36868686868688
65.77540106951872
89.73559120617945
85.73232323232324
77.74064171122996
69.43701723113489
75.57932263814618
100.31937017231135
78.95127748068926
74.76975638740345
65.33719548425431
90.6045751633987
83.9349376114082
73.86363636363637
69.75638740344624
70.30600118835413
90.0103980986334
74.5840760546643
72.63071895424838
76.73054070112894
98.90819964349377
79.931669637552
76.24034462269758
71.67260843731432
99.38354129530602
84.46226975638741
78.89185977421272
75.87641117052883
105.51099227569817
88.1387403446227
81.14230540701129
75.1782531194296
107.09298871063578
91.07991681521094
84.00178253119431
74.57664884135473
103.19370172311349
92.83273915626857
84.17260843731432
75.47534165181224
96.13784907902556
98.08377896613192
84.33600713012478
79.3597742127154
86.98752228163994
102.0499108734403
85.53178847296495
81.41711229946524
74.84402852049912
102.16131907308379
86.08140225787285
82.80600118835414
72.56387403446227
100.24509803921569
83.86066547831254
79.25579322638147
70.58823529411765
101.66369578134285
87.96048722519312
80.63725490196079
71.76916221033869
94.22905525846703
88.74777183600713
80.02079619726679
73.06149732620321
107.26381461675581
91.00564468211527
81.89988116458706
72.31134878193703
100.2673796791444
89.28253119429591
82.55347593582889
77.11675579322639
111.4007724301842
87.77480689245397
81.37254901960785
73.56654783125371
101.23291740938801
83.5412953060012
78.59477124183007
70.23172905525847
97.39304812834226
84.88562091503269
79.41919191919193
68.50118835412954
86.52703505644683
96.85086155674392
79.96880570409984
75.30451574569223
66.14676173499704
96.49435531788474
92.22370766488415
79.18894830659538
72.19994058229354
65.18122400475342
89.05228758169936
82.9916815210933
77.62923351158646
68.76114081996435
64.52020202020202
103.8324420677362
83.24420677361854
76.12893642305407
67.33511586452764
61.9949494949495
94.88265002970886
81.75133689839573
75.35650623885918
66.92661913250149
85.30897207367796
97.89809863339276
77.3321449792038
73.61111111111111
66.85234699940582
90.02525252525254
86.22251931075462
79.69399881164588
70.17973856209152
70.02376708259062
105.81550802139039
87.29203802733215
78.25311942959003
69.73410576351753
66.14676173499704
94.40730837789663
83.76411170528819
76.7602495543672
66.93404634581105
63.42840166369579
99.16072489601902
80.89720736779562
75.37878787878789
66.1541889483066
60.204991087344034
85.58377896613192
80.548128342246
74.10873440285205
67.17914438502675
77.24301841948902
96.62804515745694
76.27005347593584
73.41800356506239
64.4607843137255
100.74272133095664
84.12061794414737
73.989898989899
65.93137254901961
77.76292335115865
93.76114081996435
77.02020202020203
71.13042186571599
63.53238265002972
98.28431372549021
86.81669637551991
75.86155674390969
68.61259655377303
63.39126559714796
101.18092691622104
80.91948900772431
73.3511586452763
64.4385026737968
58.74183006535948
90.50059417706477
74.46524064171123
70.45454545454547
61.74985145573382
76.99049316696376
88.0941770647653
69.72667855020796
67.80303030303031
62.03208556149733
96.42008318478908
74.45038621509211
70.45454545454547
61.83155080213904
83.98692810457517
83.86809269162211
72.40047534165181
66.67409387997624
81.36512180629829
91.05020796197267
75.91354723707666
71.37551990493168
70.38770053475936
101.8939393939394
82.29352346999407
75.24509803921569
66.2433155080214
94.18449197860963
89.52020202020203
76.09180035650624
71.22697563874036
68.1149732620321
103.40909090909092
83.07338086749853
75.839275103981
66.68152109328581
77.0944741532977
100.9729649435532
79.61972667855022
73.81907308377897
65.00297088532383
76.9385026737968
97.83868092691623
80.62982768865123
76.92364824717767
65.59714795008914
68.03327391562686
95.8184789067142
79.09239453357101
73.03921568627452
64.53505644682116
66.76322043969104
94.80095068330364
80.80808080808082
74.08645276292336
