72.19251336898397
72.19251336898397
72.19251336898397
79.32263814616756
80.21390374331551
80.21390374331551
80.21390374331551
80.21390374331551
80.03565062388593
79.21122994652407
79.21122994652407
79.21122994652407
79.21122994652407
79.21122994652407
77.5772430184195
75.20053475935829
75.20053475935829
75.20053475935829
75.20053475935829
75.20053475935829
74.24242424242425
72.19251336898397
72.19251336898397
72.19251336898397
72.19251336898397
72.19251336898397
75.0891265597148
77.20588235294119
77.20588235294119
77.20588235294119
77.20588235294119
77.20588235294119
74.79203802733215
72.19251336898397
72.19251336898397
72.19251336898397
72.19251336898397
72.19251336898397
73.2620320855615
74.19786096256685
74.19786096256685
74.19786096256685
74.19786096256685
74.19786096256685
74.85145573380868
75.20053475935829
75.20053475935829
75.20053475935829
75.20053475935829
75.20053475935829
75.20053475935829
75.20053475935829
75.20053475935829
75.20053475935829
75.20053475935829
75.20053475935829
75.20053475935829
75.20053475935829
75.20053475935829
75.20053475935829
75.20053475935829
75.20053475935829
72.34848484848486
71.18983957219253
71.18983957219253
71.18983957219253
71.18983957219253
71.18983957219253
71.79887106357695
72.19251336898397
72.19251336898397
72.19251336898397
72.19251336898397
72.19251336898397
74.37611408199645
75.20053475935829
75.20053475935829
75.20053475935829
75.20053475935829
84.56625074272134
88.23529411764707
88.23529411764707
88.23529411764707
88.23529411764707
88.23529411764707
88.23529411764707
88.23529411764707
88.23529411764707
88.23529411764707
88.23529411764707
88.23529411764707
88.23529411764707
88.23529411764707
88.23529411764707
86.04426619132502
83.22192513368985
83.22192513368985
83.22192513368985
83.22192513368985
83.43731431966727
84.22459893048129
84.22459893048129
84.22459893048129
84.22459893048129
84.22459893048129
80.37730243612597
77.20588235294119
77.20588235294119
77.20588235294119
77.20588235294119
77.20588235294119
77.20588235294119
77.20588235294119
77.20588235294119
77.20588235294119
77.20588235294119
77.80005941770648
79.21122994652407
79.21122994652407
79.21122994652407
79.21122994652407
80.4590017825312
85.22727272727273
85.22727272727273
85.22727272727273
85.22727272727273
85.22727272727273
81.84046345811052
77.20588235294119
77.20588235294119
77.20588235294119
77.20588235294119
77.20588235294119
77.20588235294119
77.20588235294119
77.20588235294119
77.20588235294119
77.20588235294119
77.20588235294119
73.56654783125371
70.18716577540107
70.18716577540107
70.18716577540107
70.18716577540107
70.18716577540107
70.9744503862151
72.19251336898397
72.19251336898397
72.19251336898397
72.19251336898397
74.50980392156863
84.22459893048129
84.22459893048129
84.22459893048129
84.22459893048129
84.22459893048129
81.16458704694
80.21390374331551
80.21390374331551
80.21390374331551
80.21390374331551
80.5704099821747
81.21657754010695
81.21657754010695
81.21657754010695
81.21657754010695
81.21657754010695
78.69132501485443
76.20320855614975
76.20320855614975
76.20320855614975
76.20320855614975
76.20320855614975
80.21390374331551
80.21390374331551
80.21390374331551
80.21390374331551
80.21390374331551
80.21390374331551
80.21390374331551
80.21390374331551
80.21390374331551
80.21390374331551
80.21390374331551
47.63071895424837
39.104278074866315
39.104278074866315
39.104278074866315
39.104278074866315
54.701426024955445
81.21657754010695
81.21657754010695
81.21657754010695
81.21657754010695
81.21657754010695
79.05525846702318
78.20855614973263
78.20855614973263
78.20855614973263
78.20855614973263
78.15656565656566
77.20588235294119
77.20588235294119
77.20588235294119
77.20588235294119
79.81283422459894
90.24064171122996
90.24064171122996
90.24064171122996
90.24064171122996
94.11764705882354
96.25668449197862
96.25668449197862
96.25668449197862
96.25668449197862
90.70112893642306
85.22727272727273
85.22727272727273
85.22727272727273
85.22727272727273
85.01931075460489
81.21657754010695
81.21657754010695
81.21657754010695
81.21657754010695
81.21657754010695
81.21657754010695
72.52673796791444
72.19251336898397
72.19251336898397
72.19251336898397
72.19251336898397
73.60368389780155
77.20588235294119
77.20588235294119
77.20588235294119
77.20588235294119
77.20588235294119
76.16607248960192
73.19518716577541
73.19518716577541
73.19518716577541
73.19518716577541
73.19518716577541
73.19518716577541
68.6200237670826
66.1764705882353
66.1764705882353
66.1764705882353
66.1764705882353
66.1764705882353
66.1764705882353
63.81461675579323
63.168449197860966
63.168449197860966
63.168449197860966
63.168449197860966
63.168449197860966
68.91711229946524
72.19251336898397
72.19251336898397
72.19251336898397
72.19251336898397
72.19251336898397
71.70974450386215
67.17914438502675
67.17914438502675
67.17914438502675
67.17914438502675
67.17914438502675
67.17914438502675
67.17914438502675
67.17914438502675
67.17914438502675
67.17914438502675
67.17914438502675
67.17914438502675
70.38770053475936
73.19518716577541
73.19518716577541
73.19518716577541
73.19518716577541
74.59893048128343
82.21925133689841
82.21925133689841
82.21925133689841
82.21925133689841
82.2415329768271
85.22727272727273
85.22727272727273
85.22727272727273
85.22727272727273
85.22727272727273
85.22727272727273
85.22727272727273
85.22727272727273
85.22727272727273
85.22727272727273
83.23677956030897
81.21657754010695
81.21657754010695
81.21657754010695
81.21657754010695
81.46910279263221
83.22192513368985
83.22192513368985
83.22192513368985
83.22192513368985
83.74183006535948
88.23529411764707
88.23529411764707
88.23529411764707
88.23529411764707
88.07932263814618
85.22727272727273
85.22727272727273
85.22727272727273
85.22727272727273
86.68300653594773
92.24598930481284
92.24598930481284
92.24598930481284
92.24598930481284
98.66310160427808
100.2673796791444
100.2673796791444
100.2673796791444
100.2673796791444
90.68627450980394
90.24064171122996
90.24064171122996
90.24064171122996
90.24064171122996
87.41087344028521
87.23262032085563
87.23262032085563
87.23262032085563
87.71538918597743
92.24598930481284
92.24598930481284
92.24598930481284
92.24598930481284
91.75579322638147
90.24064171122996
90.24064171122996
90.24064171122996
90.24064171122996
93.32293523469995
95.25401069518718
95.25401069518718
95.25401069518718
95.25401069518718
90.57486631016043
85.22727272727273
85.22727272727273
85.22727272727273
85.22727272727273
84.98217468805704
84.22459893048129
84.22459893048129
84.22459893048129
84.22459893048129
86.63101604278076
90.24064171122996
90.24064171122996
90.24064171122996
90.24064171122996
89.45335710041593
88.23529411764707
88.23529411764707
88.23529411764707
88.23529411764707
88.23529411764707
81.47653000594178
81.21657754010695
81.21657754010695
81.21657754010695
81.21657754010695
80.05793226381462
77.20588235294119
77.20588235294119
77.20588235294119
77.20588235294119
77.20588235294119
83.22192513368985
83.22192513368985
83.22192513368985
83.22192513368985
83.22192513368985
81.7364824717766
75.20053475935829
75.20053475935829
75.20053475935829
75.20053475935829
75.20053475935829
74.93315508021391
72.19251336898397
72.19251336898397
72.19251336898397
72.19251336898397
72.19251336898397
72.45989304812835
74.19786096256685
74.19786096256685
74.19786096256685
74.19786096256685
74.19786096256685
76.09922756981581
78.20855614973263
78.20855614973263
78.20855614973263
78.20855614973263
78.20855614973263
76.18092691622104
75.20053475935829
75.20053475935829
75.20053475935829
75.20053475935829
75.20053475935829
73.90819964349377
73.19518716577541
73.19518716577541
73.19518716577541
73.19518716577541
73.19518716577541
77.98573975044565
78.20855614973263
78.20855614973263
78.20855614973263
78.20855614973263
77.5995246583482
76.20320855614975
76.20320855614975
76.20320855614975
76.20320855614975
76.20320855614975
76.20320855614975
76.20320855614975
76.20320855614975
76.20320855614975
76.20320855614975
76.20320855614975
74.95543672014261
69.18449197860963
69.18449197860963
69.18449197860963
69.18449197860963
69.18449197860963
78.09714795008914
81.21657754010695
81.21657754010695
81.21657754010695
81.21657754010695
81.21657754010695
76.64141414141415
74.19786096256685
74.19786096256685
74.19786096256685
74.19786096256685
74.19786096256685
72.95008912655972
72.19251336898397
72.19251336898397
72.19251336898397
72.19251336898397
72.19251336898397
72.19251336898397
72.19251336898397
72.19251336898397
72.19251336898397
72.19251336898397
72.25193107546049
80.21390374331551
80.21390374331551
80.21390374331551
80.21390374331551
80.21390374331551
79.53060011883542
78.20855614973263
78.20855614973263
78.20855614973263
78.20855614973263
78.20855614973263
76.60427807486631
75.20053475935829
75.20053475935829
75.20053475935829
75.20053475935829
76.13636363636364
81.21657754010695
81.21657754010695
81.21657754010695
81.21657754010695
84.64795008912657
92.24598930481284
92.24598930481284
92.24598930481284
92.24598930481284
90.99821746880572
88.23529411764707
88.23529411764707
88.23529411764707
88.23529411764707
89.17112299465242
90.24064171122996
90.24064171122996
90.24064171122996
90.59714795008914
98.2620320855615
98.2620320855615
98.2620320855615
98.2620320855615
98.2620320855615
98.2620320855615
98.2620320855615
98.2620320855615
98.2620320855615
93.73885918003566
91.2433155080214
91.2433155080214
91.2433155080214
106.09774212715391
111.29679144385028
111.29679144385028
111.29679144385028
108.40017825311944
96.25668449197862
96.25668449197862
96.25668449197862
96.99197860962568
107.2860962566845
107.2860962566845
107.2860962566845
107.2860962566845
102.0053475935829
98.2620320855615
98.2620320855615
98.2620320855615
98.20261437908498
96.25668449197862
96.25668449197862
96.25668449197862
99.46524064171123
112.29946524064172
112.29946524064172
112.29946524064172
112.25490196078432
109.29144385026738
109.29144385026738
109.29144385026738
109.29144385026738
105.39958407605468
105.28074866310162
105.28074866310162
105.28074866310162
106.03832442067737
106.28342245989306
106.28342245989306
106.28342245989306
104.72370766488415
103.27540106951872
103.27540106951872
103.27540106951872
103.27540106951872
94.43701723113489
93.2486631016043
93.2486631016043
93.2486631016043
96.00415923945337
100.2673796791444
100.2673796791444
100.2673796791444
102.7109328579917
107.2860962566845
107.2860962566845
107.2860962566845
107.10784313725492
105.28074866310162
105.28074866310162
105.28074866310162
105.28074866310162
103.60219845513964
103.27540106951872
103.27540106951872
103.27540106951872
104.52317290552585
105.28074866310162
105.28074866310162
105.28074866310162
105.28074866310162
93.9913844325609
85.22727272727273
85.22727272727273
85.22727272727273
85.22727272727273
90.21836007130126
92.24598930481284
92.24598930481284
92.24598930481284
92.24598930481284
87.73024361259657
84.22459893048129
84.22459893048129
84.22459893048129
84.22459893048129
85.07130124777184
86.22994652406418
86.22994652406418
86.22994652406418
86.22994652406418
85.82887700534761
84.22459893048129
84.22459893048129
84.22459893048129
84.22459893048129
84.22459893048129
80.84521687462865
79.21122994652407
79.21122994652407
79.21122994652407
79.21122994652407
84.2023172905526
87.23262032085563
87.23262032085563
87.23262032085563
87.23262032085563
91.46613190730838
92.24598930481284
92.24598930481284
92.24598930481284
94.38502673796792
98.2620320855615
98.2620320855615
98.2620320855615
98.27688651218064
100.2673796791444
100.2673796791444
100.2673796791444
100.2673796791444
100.2673796791444
100.2673796791444
100.2673796791444
100.2673796791444
100.2673796791444
92.69162210338682
90.24064171122996
90.24064171122996
90.24064171122996
91.78550207961973
98.2620320855615
98.2620320855615
98.2620320855615
98.2620320855615
100.86898395721926
101.27005347593584
101.27005347593584
101.27005347593584
102.33957219251337
103.27540106951872
103.27540106951872
103.27540106951872
102.71836007130126
98.2620320855615
98.2620320855615
98.2620320855615
98.2620320855615
96.81372549019609
95.25401069518718
95.25401069518718
95.25401069518718
95.25401069518718
93.12982768865123
84.22459893048129
84.22459893048129
84.22459893048129
84.22459893048129
101.14379084967321
101.27005347593584
101.27005347593584
101.27005347593584
100.82442067736186
91.2433155080214
91.2433155080214
91.2433155080214
91.2433155080214
95.4025549613785
98.2620320855615
98.2620320855615
98.2620320855615
99.18300653594773
102.27272727272728
102.27272727272728
102.27272727272728
102.27272727272728
101.35918003565064
101.27005347593584
101.27005347593584
101.27005347593584
99.48752228163994
96.25668449197862
96.25668449197862
96.25668449197862
96.25668449197862
100.05941770647654
100.2673796791444
100.2673796791444
100.2673796791444
100.2673796791444
100.2673796791444
100.2673796791444
100.2673796791444
100.14854426619134
99.26470588235296
99.26470588235296
99.26470588235296
99.26470588235296
100.98781937017232
101.27005347593584
101.27005347593584
101.27005347593584
100.40106951871658
98.2620320855615
98.2620320855615
98.2620320855615
98.2620320855615
100.19310754604874
100.2673796791444
100.2673796791444
100.2673796791444
98.9676173499703
95.25401069518718
95.25401069518718
95.25401069518718
95.25401069518718
99.33897801544862
100.2673796791444
100.2673796791444
100.2673796791444
103.20112893642306
105.28074866310162
105.28074866310162
105.28074866310162
104.49346405228759
103.27540106951872
103.27540106951872
103.27540106951872
104.34491978609627
107.2860962566845
107.2860962566845
107.2860962566845
107.56833036244802
108.28877005347594
108.28877005347594
108.28877005347594
108.17736185383245
105.28074866310162
105.28074866310162
105.28074866310162
105.28074866310162
103.5873440285205
103.27540106951872
103.27540106951872
103.27540106951872
107.68716577540108
109.29144385026738
109.29144385026738
109.29144385026738
106.35026737967915
100.2673796791444
100.2673796791444
100.2673796791444
100.3119429590018
101.27005347593584
101.27005347593584
101.27005347593584
101.27005347593584
100.1114081996435
99.26470588235296
99.26470588235296
99.26470588235296
99.17557932263816
98.2620320855615
98.2620320855615
98.2620320855615
98.2620320855615
96.88057040998218
95.25401069518718
95.25401069518718
95.25401069518718
95.25401069518718
98.17290552584672
98.2620320855615
98.2620320855615
98.2620320855615
111.29679144385028
111.29679144385028
111.29679144385028
111.29679144385028
107.70202020202021
107.2860962566845
107.2860962566845
107.2860962566845
109.1131907308378
109.29144385026738
109.29144385026738
109.29144385026738
109.29144385026738
109.29144385026738
109.29144385026738
109.29144385026738
106.94444444444446
105.28074866310162
105.28074866310162
105.28074866310162
105.28074866310162
105.28074866310162
105.28074866310162
105.28074866310162
104.98366013071896
103.27540106951872
103.27540106951872
103.27540106951872
103.27540106951872
100.82442067736186
100.2673796791444
100.2673796791444
100.2673796791444
105.37730243612597
108.28877005347594
108.28877005347594
108.28877005347594
107.63517528223412
107.2860962566845
107.2860962566845
107.2860962566845
107.2860962566845
107.2860962566845
107.2860962566845
107.2860962566845
117.71390374331553
120.32085561497327
120.32085561497327
120.32085561497327
111.29679144385028
105.28074866310162
105.28074866310162
105.28074866310162
115.53030303030305
117.31283422459894
117.31283422459894
117.31283422459894
110.77688651218064
109.29144385026738
109.29144385026738
109.29144385026738
106.8256090314914
105.28074866310162
105.28074866310162
105.28074866310162
103.90671420083186
100.2673796791444
100.2673796791444
100.2673796791444
100.2673796791444
96.78401663695783
93.2486631016043
93.2486631016043
93.2486631016043
93.2486631016043
90.30748663101605
84.22459893048129
84.22459893048129
84.22459893048129
84.22459893048129
95.35056446821153
98.2620320855615
98.2620320855615
98.2620320855615
98.2620320855615
90.17379679144386
87.23262032085563
87.23262032085563
87.23262032085563
91.2878787878788
100.2673796791444
100.2673796791444
100.2673796791444
100.2673796791444
95.66250742721331
90.24064171122996
90.24064171122996
90.24064171122996
90.24064171122996
95.72192513368985
96.25668449197862
96.25668449197862
96.25668449197862
96.25668449197862
88.339275103981
83.22192513368985
83.22192513368985
83.22192513368985
83.22192513368985
88.57694592988712
90.24064171122996
90.24064171122996
90.24064171122996
90.24064171122996
86.96524064171123
83.22192513368985
83.22192513368985
83.22192513368985
85.62091503267975
102.27272727272728
102.27272727272728
102.27272727272728
102.27272727272728
100.1114081996435
99.26470588235296
99.26470588235296
99.26470588235296
98.95276292335117
97.25935828877006
97.25935828877006
97.25935828877006
97.25935828877006
96.57605466428997
96.25668449197862
96.25668449197862
96.25668449197862
96.25668449197862
91.3101604278075
90.24064171122996
90.24064171122996
90.24064171122996
90.24064171122996
87.53713606654784
86.22994652406418
86.22994652406418
86.22994652406418
89.349376114082
98.2620320855615
98.2620320855615
98.2620320855615
98.2620320855615
99.83660130718955
100.2673796791444
100.2673796791444
100.2673796791444
100.2673796791444
100.2673796791444
100.2673796791444
100.2673796791444
101.9830659536542
107.2860962566845
107.2860962566845
107.2860962566845
107.2860962566845
101.35918003565064
100.2673796791444
100.2673796791444
100.2673796791444
99.04188948306596
97.25935828877006
97.25935828877006
97.25935828877006
97.25935828877006
99.02703505644683
99.26470588235296
99.26470588235296
99.26470588235296
98.46256684491979
90.24064171122996
90.24064171122996
90.24064171122996
90.24064171122996
90.1440879382056
89.23796791443851
89.23796791443851
89.23796791443851
89.23796791443851
89.23796791443851
85.40552584670233
85.22727272727273
85.22727272727273
85.22727272727273
85.22727272727273
88.12388591800358
88.23529411764707
88.23529411764707
