73.612238372808
73.612238372808
73.612238372808
73.612238372808
73.612238372808
73.612238372808
73.612238372808
73.612238372808
73.612238372808
73.612238372808
73.612238372808
73.612238372808
73.612238372808
73.612238372808
77.30145847167908
83.69610664305566
83.69610664305566
83.69610664305566
83.69610664305566
83.69610664305566
83.69610664305566
83.69610664305566
83.69610664305566
83.69610664305566
83.69610664305566
83.69610664305566
83.69610664305566
83.69610664305566
83.69610664305566
83.69610664305566
83.69610664305566
83.69610664305566
83.69610664305566
83.10583142723628
75.62901202685752
75.62901202685752
75.62901202685752
75.62901202685752
75.62901202685752
75.62901202685752
75.62901202685752
75.62901202685752
75.62901202685752
75.62901202685752
75.62901202685752
75.62901202685752
75.62901202685752
75.62901202685752
75.62901202685752
75.62901202685752
75.62901202685752
75.62901202685752
75.62901202685752
75.33387441894784
69.57869106470892
69.57869106470892
69.57869106470892
69.57869106470892
69.57869106470892
69.57869106470892
69.57869106470892
69.57869106470892
69.57869106470892
69.57869106470892
69.57869106470892
69.57869106470892
69.57869106470892
69.57869106470892
69.57869106470892
69.57869106470892
69.57869106470892
69.57869106470892
69.57869106470892
69.57869106470892
70.43950908777884
70.58707789173368
70.58707789173368
70.58707789173368
70.58707789173368
70.58707789173368
70.58707789173368
70.58707789173368
70.58707789173368
70.58707789173368
70.58707789173368
70.58707789173368
70.58707789173368
70.58707789173368
70.58707789173368
70.58707789173368
70.58707789173368
70.58707789173368
70.58707789173368
73.41547996753486
75.62901202685752
75.62901202685752
75.62901202685752
75.62901202685752
75.62901202685752
75.62901202685752
75.62901202685752
75.62901202685752
75.62901202685752
75.62901202685752
75.62901202685752
75.62901202685752
75.62901202685752
75.62901202685752
75.62901202685752
75.62901202685752
75.62901202685752
75.62901202685752
76.41604564795003
76.63739885388229
76.63739885388229
76.63739885388229
76.63739885388229
76.63739885388229
76.63739885388229
76.63739885388229
76.63739885388229
76.63739885388229
76.63739885388229
76.63739885388229
76.63739885388229
76.63739885388229
76.63739885388229
76.63739885388229
76.63739885388229
76.63739885388229
76.63739885388229
75.75198603015323
72.60385154578323
72.60385154578323
72.60385154578323
72.60385154578323
72.60385154578323
72.60385154578323
72.60385154578323
72.60385154578323
72.60385154578323
72.60385154578323
72.60385154578323
72.60385154578323
72.60385154578323
72.60385154578323
72.60385154578323
72.60385154578323
72.60385154578323
72.60385154578323
73.1941267616026
75.62901202685752
75.62901202685752
75.62901202685752
75.62901202685752
75.62901202685752
75.62901202685752
75.62901202685752
75.62901202685752
75.62901202685752
75.62901202685752
75.62901202685752
75.62901202685752
75.62901202685752
75.62901202685752
75.62901202685752
75.62901202685752
75.62901202685752
77.69497528222534
81.67933298900613
81.67933298900613
81.67933298900613
81.67933298900613
81.67933298900613
81.67933298900613
81.67933298900613
81.67933298900613
81.67933298900613
81.67933298900613
81.67933298900613
81.67933298900613
81.67933298900613
81.67933298900613
81.67933298900613
81.67933298900613
81.67933298900613
81.67933298900613
77.64578568090705
77.64578568090705
77.64578568090705
77.64578568090705
77.64578568090705
77.64578568090705
77.64578568090705
77.64578568090705
77.64578568090705
77.64578568090705
77.64578568090705
77.64578568090705
77.64578568090705
77.64578568090705
77.64578568090705
77.64578568090705
77.64578568090705
77.64578568090705
78.13768169408988
78.65417250793182
78.65417250793182
78.65417250793182
78.65417250793182
78.65417250793182
78.65417250793182
78.65417250793182
78.65417250793182
78.65417250793182
78.65417250793182
78.65417250793182
78.65417250793182
78.65417250793182
78.65417250793182
78.65417250793182
86.27856071226543
88.7380407781795
88.7380407781795
88.7380407781795
88.7380407781795
88.7380407781795
88.7380407781795
88.7380407781795
88.7380407781795
88.7380407781795
88.7380407781795
88.7380407781795
88.7380407781795
88.7380407781795
88.7380407781795
88.7380407781795
88.7380407781795
88.7380407781795
83.13042622789543
82.68771981603089
82.68771981603089
82.68771981603089
82.68771981603089
82.68771981603089
82.68771981603089
82.68771981603089
82.68771981603089
82.68771981603089
82.68771981603089
82.68771981603089
82.68771981603089
82.68771981603089
82.68771981603089
82.68771981603089
82.68771981603089
82.68771981603089
82.68771981603089
82.68771981603089
82.68771981603089
82.68771981603089
82.68771981603089
82.68771981603089
82.68771981603089
82.68771981603089
82.68771981603089
82.68771981603089
82.68771981603089
82.68771981603089
82.68771981603089
82.68771981603089
82.68771981603089
82.68771981603089
82.68771981603089
82.68771981603089
77.86713888683933
75.62901202685752
75.62901202685752
75.62901202685752
75.62901202685752
75.62901202685752
75.62901202685752
75.62901202685752
75.62901202685752
75.62901202685752
75.62901202685752
75.62901202685752
75.62901202685752
75.62901202685752
75.62901202685752
75.62901202685752
75.62901202685752
83.99124425096535
85.7128802971052
85.7128802971052
85.7128802971052
85.7128802971052
85.7128802971052
85.7128802971052
85.7128802971052
85.7128802971052
85.7128802971052
85.7128802971052
85.7128802971052
85.7128802971052
85.7128802971052
85.7128802971052
85.7128802971052
85.7128802971052
84.04043385228363
81.67933298900613
81.67933298900613
81.67933298900613
81.67933298900613
81.67933298900613
81.67933298900613
81.67933298900613
81.67933298900613
81.67933298900613
81.67933298900613
81.67933298900613
81.67933298900613
81.67933298900613
81.67933298900613
81.67933298900613
81.67933298900613
81.67933298900613
81.67933298900613
78.23606089672643
77.64578568090705
77.64578568090705
77.64578568090705
77.64578568090705
77.64578568090705
77.64578568090705
77.64578568090705
77.64578568090705
77.64578568090705
77.64578568090705
77.64578568090705
77.64578568090705
77.64578568090705
77.64578568090705
77.64578568090705
77.64578568090705
77.64578568090705
79.26904252441034
79.6625593349566
79.6625593349566
79.6625593349566
79.6625593349566
79.6625593349566
79.6625593349566
79.6625593349566
79.6625593349566
79.6625593349566
79.6625593349566
79.6625593349566
79.6625593349566
79.6625593349566
79.6625593349566
79.6625593349566
79.6625593349566
83.10583142723628
83.69610664305566
83.69610664305566
83.69610664305566
83.69610664305566
83.69610664305566
83.69610664305566
83.69610664305566
83.69610664305566
83.69610664305566
83.69610664305566
83.69610664305566
83.69610664305566
83.69610664305566
83.69610664305566
83.69610664305566
83.69610664305566
83.69610664305566
79.88391254088886
78.65417250793182
78.65417250793182
78.65417250793182
78.65417250793182
78.65417250793182
78.65417250793182
78.65417250793182
78.65417250793182
78.65417250793182
78.65417250793182
78.65417250793182
78.65417250793182
78.65417250793182
78.65417250793182
78.65417250793182
78.65417250793182
83.9666494503062
84.70449347008042
84.70449347008042
84.70449347008042
84.70449347008042
84.70449347008042
84.70449347008042
84.70449347008042
84.70449347008042
84.70449347008042
84.70449347008042
84.70449347008042
84.70449347008042
84.70449347008042
84.70449347008042
84.70449347008042
85.88504390171917
86.72126712412997
86.72126712412997
86.72126712412997
86.72126712412997
86.72126712412997
86.72126712412997
86.72126712412997
86.72126712412997
86.72126712412997
86.72126712412997
86.72126712412997
86.72126712412997
86.72126712412997
86.72126712412997
86.72126712412997
90.41048722300106
91.76320125925379
91.76320125925379
91.76320125925379
91.76320125925379
91.76320125925379
91.76320125925379
91.76320125925379
91.76320125925379
91.76320125925379
91.76320125925379
91.76320125925379
91.76320125925379
91.76320125925379
91.76320125925379
91.76320125925379
90.1891340170688
89.74642760520426
89.74642760520426
89.74642760520426
89.74642760520426
89.74642760520426
89.74642760520426
89.74642760520426
89.74642760520426
89.74642760520426
89.74642760520426
89.74642760520426
89.74642760520426
89.74642760520426
89.74642760520426
89.74642760520426
89.74642760520426
89.74642760520426
81.55635898571042
80.67094616198136
80.67094616198136
80.67094616198136
80.67094616198136
80.67094616198136
80.67094616198136
80.67094616198136
80.67094616198136
80.67094616198136
80.67094616198136
80.67094616198136
80.67094616198136
80.67094616198136
80.67094616198136
80.67094616198136
80.67094616198136
80.67094616198136
80.67094616198136
77.9163284881576
73.612238372808
73.612238372808
73.612238372808
73.612238372808
73.612238372808
73.612238372808
73.612238372808
73.612238372808
73.612238372808
73.612238372808
73.612238372808
73.612238372808
73.612238372808
73.612238372808
73.612238372808
73.612238372808
73.612238372808
73.612238372808
73.612238372808
73.612238372808
70.0459922772326
68.57030423768416
68.57030423768416
68.57030423768416
68.57030423768416
68.57030423768416
68.57030423768416
68.57030423768416
68.57030423768416
68.57030423768416
68.57030423768416
68.57030423768416
68.57030423768416
68.57030423768416
68.57030423768416
68.57030423768416
68.57030423768416
68.57030423768416
68.57030423768416
69.18517425416267
73.612238372808
73.612238372808
73.612238372808
73.612238372808
73.612238372808
73.612238372808
73.612238372808
73.612238372808
73.612238372808
73.612238372808
73.612238372808
73.612238372808
73.612238372808
73.612238372808
73.612238372808
73.612238372808
73.612238372808
73.612238372808
73.612238372808
73.612238372808
71.7430335227133
69.57869106470892
69.57869106470892
69.57869106470892
69.57869106470892
69.57869106470892
69.57869106470892
69.57869106470892
69.57869106470892
69.57869106470892
69.57869106470892
69.57869106470892
69.57869106470892
69.57869106470892
69.57869106470892
69.57869106470892
69.57869106470892
69.57869106470892
69.57869106470892
69.57869106470892
69.57869106470892
69.57869106470892
69.57869106470892
69.57869106470892
69.57869106470892
69.57869106470892
69.57869106470892
69.57869106470892
69.57869106470892
69.57869106470892
69.57869106470892
69.57869106470892
69.57869106470892
69.57869106470892
69.57869106470892
69.57869106470892
69.57869106470892
69.57869106470892
69.57869106470892
69.57869106470892
69.57869106470892
69.57869106470892
69.57869106470892
69.57869106470892
69.57869106470892
69.57869106470892
69.57869106470892
69.57869106470892
69.57869106470892
69.57869106470892
69.57869106470892
69.57869106470892
69.57869106470892
48.402567697188815
26.21805750264394
26.21805750264394
26.21805750264394
26.21805750264394
26.21805750264394
26.21805750264394
26.21805750264394
26.21805750264394
26.21805750264394
26.21805750264394
26.21805750264394
26.21805750264394
26.21805750264394
26.21805750264394
26.21805750264394
26.21805750264394
101.10922550972725
113.94771145379868
113.94771145379868
113.94771145379868
113.94771145379868
113.94771145379868
113.94771145379868
129.6391942743304
136.13222164834355
136.13222164834355
136.13222164834355
136.13222164834355
136.13222164834355
136.13222164834355
136.13222164834355
136.13222164834355
136.13222164834355
136.13222164834355
156.7918542020217
157.30834501586364
157.30834501586364
157.30834501586364
157.30834501586364
157.30834501586364
157.30834501586364
176.54147913131163
180.5012420374333
180.5012420374333
180.5012420374333
180.5012420374333
180.5012420374333
180.5012420374333
180.5012420374333
170.54034777048133
165.37543963206178
165.37543963206178
165.37543963206178
165.37543963206178
165.37543963206178
165.37543963206178
165.37543963206178
165.37543963206178
165.37543963206178
165.37543963206178
165.37543963206178
165.37543963206178
143.2401190388352
140.1657689564426
140.1657689564426
140.1657689564426
149.24125039966552
181.50962886445805
181.50962886445805
181.50962886445805
181.50962886445805
181.50962886445805
181.50962886445805
181.50962886445805
181.50962886445805
181.50962886445805
181.50962886445805
181.50962886445805
173.63929265353306
173.44253424825993
173.44253424825993
173.44253424825993
173.44253424825993
173.44253424825993
173.44253424825993
173.44253424825993
173.44253424825993
173.44253424825993
173.44253424825993
173.44253424825993
173.44253424825993
176.78742713790305
181.50962886445805
181.50962886445805
181.50962886445805
181.50962886445805
181.50962886445805
181.50962886445805
181.50962886445805
181.50962886445805
181.50962886445805
181.50962886445805
181.50962886445805
181.50962886445805
181.50962886445805
181.50962886445805
181.50962886445805
181.50962886445805
181.50962886445805
181.50962886445805
181.50962886445805
181.50962886445805
128.87675545389706
73.612238372808
73.612238372808
73.612238372808
73.612238372808
73.612238372808
73.612238372808
73.612238372808
73.612238372808
73.612238372808
73.612238372808
73.612238372808
73.612238372808
73.612238372808
73.612238372808
73.612238372808
73.612238372808
73.612238372808
73.612238372808
73.612238372808
73.612238372808
66.08622937111095
64.53675692958508
64.53675692958508
64.53675692958508
64.53675692958508
64.53675692958508
64.53675692958508
64.53675692958508
64.53675692958508
64.53675692958508
64.53675692958508
64.53675692958508
64.53675692958508
64.53675692958508
64.53675692958508
64.53675692958508
64.53675692958508
64.53675692958508
64.53675692958508
65.12703214540446
72.60385154578323
72.60385154578323
72.60385154578323
72.60385154578323
72.60385154578323
72.60385154578323
72.60385154578323
72.60385154578323
72.60385154578323
72.60385154578323
72.60385154578323
72.60385154578323
72.60385154578323
72.60385154578323
72.60385154578323
72.60385154578323
72.60385154578323
72.60385154578323
76.17009764135862
77.64578568090705
77.64578568090705
77.64578568090705
77.64578568090705
77.64578568090705
77.64578568090705
77.64578568090705
77.64578568090705
77.64578568090705
77.64578568090705
77.64578568090705
77.64578568090705
77.64578568090705
77.64578568090705
77.64578568090705
77.64578568090705
77.64578568090705
77.64578568090705
76.760372857178
73.612238372808
73.612238372808
73.612238372808
73.612238372808
73.612238372808
73.612238372808
73.612238372808
73.612238372808
73.612238372808
73.612238372808
73.612238372808
73.612238372808
73.612238372808
73.612238372808
73.612238372808
73.612238372808
73.612238372808
78.72795690990925
81.67933298900613
81.67933298900613
81.67933298900613
81.67933298900613
81.67933298900613
81.67933298900613
81.67933298900613
81.67933298900613
81.67933298900613
81.67933298900613
81.67933298900613
81.67933298900613
81.67933298900613
81.67933298900613
81.67933298900613
81.67933298900613
81.67933298900613
80.67094616198136
80.67094616198136
80.67094616198136
80.67094616198136
80.67094616198136
80.67094616198136
80.67094616198136
80.67094616198136
80.67094616198136
80.67094616198136
80.67094616198136
80.67094616198136
80.67094616198136
80.67094616198136
80.67094616198136
80.67094616198136
80.67094616198136
81.03986817186846
81.67933298900613
81.67933298900613
81.67933298900613
81.67933298900613
81.67933298900613
81.67933298900613
81.67933298900613
81.67933298900613
81.67933298900613
81.67933298900613
81.67933298900613
81.67933298900613
81.67933298900613
81.67933298900613
81.67933298900613
81.67933298900613
82.17122900218894
83.69610664305566
83.69610664305566
83.69610664305566
83.69610664305566
83.69610664305566
83.69610664305566
83.69610664305566
83.69610664305566
83.69610664305566
83.69610664305566
83.69610664305566
83.69610664305566
83.69610664305566
83.69610664305566
83.69610664305566
83.69610664305566
83.69610664305566
83.69610664305566
80.42499815538996
76.63739885388229
76.63739885388229
76.63739885388229
76.63739885388229
76.63739885388229
76.63739885388229
76.63739885388229
76.63739885388229
76.63739885388229
76.63739885388229
76.63739885388229
76.63739885388229
76.63739885388229
76.63739885388229
76.63739885388229
76.63739885388229
76.63739885388229
76.63739885388229
76.63739885388229
76.63739885388229
76.63739885388229
76.63739885388229
76.63739885388229
76.63739885388229
76.63739885388229
76.63739885388229
76.63739885388229
76.63739885388229
76.63739885388229
76.63739885388229
76.63739885388229
45.37740721611451
45.37740721611451
45.37740721611451
45.37740721611451
45.37740721611451
45.37740721611451
45.37740721611451
45.37740721611451
45.37740721611451
45.37740721611451
45.37740721611451
45.37740721611451
45.37740721611451
45.37740721611451
45.37740721611451
45.37740721611451
49.31257532157702
85.7128802971052
85.7128802971052
85.7128802971052
85.7128802971052
85.7128802971052
85.7128802971052
85.7128802971052
85.7128802971052
85.7128802971052
85.7128802971052
85.7128802971052
85.7128802971052
85.7128802971052
85.7128802971052
85.7128802971052
85.7128802971052
85.19638948326325
82.68771981603089
82.68771981603089
82.68771981603089
82.68771981603089
82.68771981603089
82.68771981603089
82.68771981603089
82.68771981603089
82.68771981603089
82.68771981603089
82.68771981603089
82.68771981603089
82.68771981603089
82.68771981603089
82.68771981603089
82.68771981603089
82.68771981603089
82.68771981603089
82.68771981603089
76.14550284069948
75.62901202685752
75.62901202685752
75.62901202685752
75.62901202685752
75.62901202685752
