-10.105959453665706
-10.105959453665706
-10.105959453665706
-10.105959453665706
-10.105959453665706
-10.105959453665706
-10.105959453665706
-10.105959453665706
-10.105959453665706
-10.105959453665706
-10.105959453665706
-10.105959453665706
-10.105959453665706
-10.105959453665706
-10.105959453665706
-9.646597660317266
-9.095363508299135
-9.095363508299135
-9.095363508299135
-9.095363508299135
-8.14601580204569
-8.084767562932566
-8.084767562932566
-8.084767562932566
-8.084767562932566
-8.084767562932566
-7.686654008697249
-7.0741716175659946
-7.0741716175659946
-7.0741716175659946
-7.0741716175659946
-7.0741716175659946
-7.441661052244747
-8.084767562932566
-8.084767562932566
-8.084767562932566
-8.084767562932566
-8.084767562932566
-8.084767562932566
-8.084767562932566
-8.084767562932566
-8.084767562932566
-8.084767562932566
-8.084767562932566
-8.084767562932566
-8.972867030072884
-9.095363508299135
-9.095363508299135
-9.095363508299135
-9.095363508299135
-9.095363508299135
-9.095363508299135
-9.095363508299135
-9.095363508299135
-9.095363508299135
-9.095363508299135
-9.92221473632633
-10.105959453665706
-10.105959453665706
-10.105959453665706
-10.105959453665706
-10.105959453665706
-10.105959453665706
-10.105959453665706
-10.105959453665706
-10.105959453665706
-9.92221473632633
-9.095363508299135
-9.095363508299135
-9.095363508299135
-9.095363508299135
-9.095363508299135
-9.095363508299135
-9.095363508299135
-9.095363508299135
-9.095363508299135
-9.095363508299135
-9.095363508299135
-9.095363508299135
-9.095363508299135
-9.095363508299135
-9.095363508299135
-9.095363508299135
-9.095363508299135
-9.095363508299135
-9.095363508299135
-9.095363508299135
-9.095363508299135
-9.095363508299135
-9.095363508299135
-9.095363508299135
-9.095363508299135
-9.095363508299135
-9.095363508299135
-9.095363508299135
-9.095363508299135
-9.095363508299135
-9.095363508299135
-9.095363508299135
-9.095363508299135
-9.095363508299135
-9.095363508299135
-9.095363508299135
-9.095363508299135
-9.095363508299135
-9.095363508299135
-9.095363508299135
-8.176639921602254
-8.084767562932566
-8.084767562932566
-8.084767562932566
-8.084767562932566
-8.084767562932566
-7.166043976235683
-7.0741716175659946
-7.0741716175659946
-7.0741716175659946
-7.0741716175659946
-7.0741716175659946
-7.0741716175659946
-7.0741716175659946
-7.0741716175659946
-7.0741716175659946
-7.0741716175659946
-7.0741716175659946
-7.0741716175659946
-7.0741716175659946
-7.0741716175659946
-7.0741716175659946
-7.0741716175659946
-7.0741716175659946
-7.0741716175659946
-7.0741716175659946
-7.0741716175659946
-7.0741716175659946
-7.778526367366937
-8.084767562932566
-8.084767562932566
-8.084767562932566
-8.084767562932566
-8.084767562932566
-8.544129356281006
-9.095363508299135
-9.095363508299135
-9.095363508299135
-9.095363508299135
-9.095363508299135
-9.095363508299135
-9.462852942977888
-10.105959453665706
-10.105959453665706
-10.105959453665706
-10.105959453665706
-10.105959453665706
-10.105959453665706
-10.105959453665706
-10.105959453665706
-10.105959453665706
-10.105959453665706
-10.105959453665706
-10.105959453665706
-10.105959453665706
-10.105959453665706
-10.105959453665706
-10.105959453665706
-9.156611747412262
-9.095363508299135
-9.095363508299135
-9.095363508299135
-9.095363508299135
-8.299136399828503
-8.084767562932566
-8.084767562932566
-8.084767562932566
-8.084767562932566
-7.717278128253812
-7.0741716175659946
-7.0741716175659946
-7.0741716175659946
-7.0741716175659946
-7.0741716175659946
-7.0741716175659946
-7.0741716175659946
-7.0741716175659946
-7.0741716175659946
-7.0741716175659946
-7.0741716175659946
-7.0741716175659946
-7.0741716175659946
-7.717278128253812
-8.084767562932566
-8.084767562932566
-8.084767562932566
-8.084767562932566
-8.084767562932566
-8.452256997611318
-9.095363508299135
-9.095363508299135
-9.095363508299135
-9.095363508299135
-9.095363508299135
-9.095363508299135
-9.095363508299135
-9.095363508299135
-9.095363508299135
-8.207264041158815
-8.084767562932566
-8.084767562932566
-8.084767562932566
-8.084767562932566
-8.084767562932566
-8.084767562932566
-7.747902247810375
-7.0741716175659946
-7.0741716175659946
-7.0741716175659946
-7.0741716175659946
-7.0741716175659946
-7.0741716175659946
-7.0741716175659946
-7.0741716175659946
-7.0741716175659946
-7.0741716175659946
-7.0741716175659946
-7.0741716175659946
-7.0741716175659946
-7.0741716175659946
-7.0741716175659946
-7.0741716175659946
-7.0741716175659946
-7.0741716175659946
-7.0741716175659946
-7.0741716175659946
-7.0741716175659946
-8.084767562932566
-8.084767562932566
-8.084767562932566
-8.084767562932566
-8.084767562932566
-8.084767562932566
-8.084767562932566
-8.084767562932566
-8.084767562932566
-8.084767562932566
-8.084767562932566
-8.084767562932566
-8.084767562932566
-8.084767562932566
-8.084767562932566
-8.084767562932566
-8.084767562932566
-8.084767562932566
-8.084767562932566
-8.084767562932566
-8.084767562932566
-8.084767562932566
-8.084767562932566
-8.084767562932566
-8.084767562932566
-8.084767562932566
-8.81974643229007
-9.095363508299135
-9.095363508299135
-9.095363508299135
-9.095363508299135
-9.095363508299135
-9.095363508299135
-9.095363508299135
-9.095363508299135
-9.095363508299135
-8.48288111716788
-8.084767562932566
-8.084767562932566
-8.084767562932566
-8.084767562932566
-8.176639921602254
-9.095363508299135
-9.095363508299135
-9.095363508299135
-9.095363508299135
-9.095363508299135
-9.095363508299135
-9.095363508299135
-9.095363508299135
-9.095363508299135
-8.513505236724443
-8.084767562932566
-8.084767562932566
-8.084767562932566
-8.084767562932566
-8.084767562932566
-8.084767562932566
-7.747902247810375
-7.0741716175659946
-7.0741716175659946
-7.0741716175659946
-7.0741716175659946
-7.0741716175659946
-7.0741716175659946
-7.0741716175659946
-7.0741716175659946
-7.0741716175659946
-7.0741716175659946
-7.0741716175659946
-7.0741716175659946
-7.0741716175659946
-7.0741716175659946
-7.0741716175659946
-7.0741716175659946
-7.0741716175659946
-7.0741716175659946
-7.0741716175659946
-7.0741716175659946
-7.0741716175659946
-7.0741716175659946
-7.0741716175659946
-7.0741716175659946
-7.0741716175659946
-7.0741716175659946
-7.0741716175659946
-7.0741716175659946
-7.0741716175659946
-7.0741716175659946
-7.0741716175659946
-7.0741716175659946
-7.0741716175659946
-7.502909291357873
-8.084767562932566
-8.084767562932566
-8.084767562932566
-8.084767562932566
-8.084767562932566
-8.084767562932566
-8.084767562932566
-8.084767562932566
-8.084767562932566
-8.084767562932566
-8.084767562932566
-8.084767562932566
-8.789122312733507
-9.095363508299135
-9.095363508299135
-9.095363508299135
-9.095363508299135
-9.095363508299135
-9.095363508299135
-9.095363508299135
-9.309732345195075
-10.105959453665706
-10.105959453665706
-10.105959453665706
-10.105959453665706
-10.105959453665706
-10.105959453665706
-10.105959453665706
-10.105959453665706
-9.493477062534451
-9.095363508299135
-9.095363508299135
-9.095363508299135
-9.095363508299135
-8.391008758498192
-8.084767562932566
-8.084767562932566
-8.084767562932566
-8.084767562932566
-8.084767562932566
-7.380412813131621
-7.0741716175659946
-7.0741716175659946
-7.0741716175659946
-7.0741716175659946
-7.0741716175659946
-7.0741716175659946
-7.0741716175659946
-7.0741716175659946
-7.0741716175659946
-7.0741716175659946
-7.0741716175659946
-7.0741716175659946
-7.0741716175659946
-7.0741716175659946
-7.0741716175659946
-7.0741716175659946
-7.0741716175659946
-7.0741716175659946
-7.0741716175659946
-7.0741716175659946
-7.0741716175659946
-7.441661052244747
-8.084767562932566
-8.084767562932566
-8.084767562932566
-8.084767562932566
-8.084767562932566
-8.084767562932566
-8.084767562932566
-8.084767562932566
-8.084767562932566
-8.084767562932566
-8.084767562932566
-8.084767562932566
-8.084767562932566
-8.084767562932566
-8.084767562932566
-8.084767562932566
-8.084767562932566
-8.084767562932566
-8.084767562932566
-8.084767562932566
-8.084767562932566
-8.084767562932566
-8.084767562932566
-8.084767562932566
-7.992895204262877
-7.0741716175659946
-7.0741716175659946
-7.0741716175659946
-7.0741716175659946
-7.0741716175659946
-7.0741716175659946
-7.0741716175659946
-7.0741716175659946
-6.461689226434739
-6.063575672199423
-6.063575672199423
-6.063575672199423
-6.063575672199423
-6.063575672199423
-6.063575672199423
-6.063575672199423
-6.063575672199423
-6.063575672199423
-6.063575672199423
-6.063575672199423
-6.063575672199423
-6.063575672199423
-6.339192748208489
-7.0741716175659946
-7.0741716175659946
-7.0741716175659946
-7.0741716175659946
-7.0741716175659946
-7.0741716175659946
-7.0741716175659946
-7.0741716175659946
-7.0741716175659946
-7.0741716175659946
-7.0741716175659946
-7.0741716175659946
-7.0741716175659946
-7.0741716175659946
-7.901022845593189
-8.084767562932566
-8.084767562932566
-8.084767562932566
-8.084767562932566
-8.084767562932566
-8.084767562932566
-8.084767562932566
-8.084767562932566
-8.084767562932566
-8.084767562932566
-8.084767562932566
-8.084767562932566
-8.69724995406382
-9.095363508299135
-9.095363508299135
-9.095363508299135
-9.095363508299135
-9.095363508299135
-9.217859986525387
-10.105959453665706
-10.105959453665706
-10.105959453665706
-10.105959453665706
-10.105959453665706
-10.105959453665706
-10.105959453665706
-10.105959453665706
-10.105959453665706
-10.105959453665706
-10.105959453665706
-10.105959453665706
-10.105959453665706
-10.105959453665706
-10.105959453665706
-10.105959453665706
-10.105959453665706
-10.105959453665706
-10.105959453665706
-10.105959453665706
-10.105959453665706
-10.105959453665706
-10.105959453665706
-10.105959453665706
-10.105959453665706
-10.105959453665706
-10.105959453665706
-9.217859986525387
-9.095363508299135
-9.095363508299135
-9.095363508299135
-8.666625834507258
-8.084767562932566
-8.084767562932566
-8.084767562932566
-8.084767562932566
-7.47228517180131
-7.0741716175659946
-7.0741716175659946
-7.0741716175659946
-7.0741716175659946
-7.0741716175659946
-6.461689226434739
-6.063575672199423
-6.063575672199423
-6.063575672199423
-6.063575672199423
-6.063575672199423
-6.063575672199423
-6.063575672199423
-6.063575672199423
-6.063575672199423
-6.063575672199423
-6.063575672199423
-6.063575672199423
-6.063575672199423
-6.063575672199423
-6.063575672199423
-6.063575672199423
-6.063575672199423
-6.063575672199423
-6.584185704660991
-7.0741716175659946
-7.0741716175659946
-7.0741716175659946
-7.0741716175659946
-7.0741716175659946
-7.0741716175659946
-7.0741716175659946
-7.0741716175659946
-7.0741716175659946
-7.0741716175659946
-7.0741716175659946
-7.0741716175659946
-7.0741716175659946
-7.0741716175659946
-7.0741716175659946
-7.0741716175659946
-7.0741716175659946
-7.0741716175659946
-7.625405769584123
-8.084767562932566
-8.084767562932566
-8.084767562932566
-8.084767562932566
-8.084767562932566
-9.03411526918601
-9.095363508299135
-9.095363508299135
-9.095363508299135
-9.095363508299135
-9.095363508299135
-9.095363508299135
-9.095363508299135
-9.095363508299135
-9.095363508299135
-9.095363508299135
-9.095363508299135
-9.095363508299135
-8.850370551846634
-8.084767562932566
-8.084767562932566
-8.084767562932566
-8.084767562932566
-8.084767562932566
-8.084767562932566
-8.084767562932566
-8.084767562932566
-8.084767562932566
-8.084767562932566
-8.084767562932566
-8.084767562932566
-8.084767562932566
-8.084767562932566
-8.084767562932566
-8.084767562932566
-8.084767562932566
-8.084767562932566
-8.084767562932566
-8.084767562932566
-7.288540454461933
-7.0741716175659946
-7.0741716175659946
-7.0741716175659946
-7.0741716175659946
-7.0741716175659946
-7.0741716175659946
-7.0741716175659946
-7.0741716175659946
-7.0741716175659946
-7.0741716175659946
-6.982299258896306
-6.063575672199423
-6.063575672199423
-6.063575672199423
-6.063575672199423
-6.063575672199423
-6.063575672199423
-6.063575672199423
-6.063575672199423
-6.063575672199423
-6.063575672199423
-6.063575672199423
-6.063575672199423
-6.461689226434739
-7.0741716175659946
-7.0741716175659946
-7.0741716175659946
-7.0741716175659946
-7.0741716175659946
-7.0741716175659946
-7.0741716175659946
-7.0741716175659946
-7.0741716175659946
-7.0741716175659946
-7.0741716175659946
-7.0741716175659946
-7.0741716175659946
-7.0741716175659946
-7.0741716175659946
-7.0741716175659946
-7.0741716175659946
-7.0741716175659946
-7.0741716175659946
-7.0741716175659946
-7.0741716175659946
-7.0741716175659946
-6.1554480308691115
-6.063575672199423
-6.063575672199423
-6.063575672199423
-6.063575672199423
-5.420469161511606
-5.052979726832853
-5.052979726832853
-5.052979726832853
-5.052979726832853
-5.052979726832853
-5.052979726832853
-5.052979726832853
-5.267348563728793
-6.063575672199423
-6.063575672199423
-6.063575672199423
-6.063575672199423
-6.063575672199423
-6.063575672199423
-6.063575672199423
-6.063575672199423
-6.063575672199423
-6.063575672199423
-6.063575672199423
-6.063575672199423
-6.063575672199423
-6.063575672199423
-6.063575672199423
-6.063575672199423
-6.063575672199423
-6.063575672199423
-6.063575672199423
-6.063575672199423
-6.063575672199423
-6.063575672199423
-6.063575672199423
-6.063575672199423
-6.063575672199423
-6.063575672199423
-6.063575672199423
-6.063575672199423
-6.063575672199423
-6.063575672199423
-6.063575672199423
-6.063575672199423
-6.063575672199423
-6.063575672199423
-6.063575672199423
-6.063575672199423
-6.063575672199423
-6.063575672199423
-6.063575672199423
-6.063575672199423
-6.553561585104427
-7.0741716175659946
-7.0741716175659946
-7.0741716175659946
-7.0741716175659946
-7.0741716175659946
-7.0741716175659946
-7.0741716175659946
-7.0741716175659946
-7.0741716175659946
-7.8091504869235004
-8.084767562932566
-8.084767562932566
-8.084767562932566
-8.972867030072884
-9.095363508299135
-9.095363508299135
-9.095363508299135
-9.095363508299135
-9.860966497213203
-10.105959453665706
-10.105959453665706
-10.105959453665706
-10.105959453665706
-10.105959453665706
-10.105959453665706
-10.105959453665706
-10.105959453665706
-10.105959453665706
-10.105959453665706
-10.105959453665706
-10.105959453665706
-10.105959453665706
-10.105959453665706
-10.105959453665706
-10.105959453665706
-10.105959453665706
-10.105959453665706
-10.105959453665706
-10.105959453665706
-9.952838855882892
-9.095363508299135
-9.095363508299135
-9.095363508299135
-9.095363508299135
-8.513505236724443
-8.084767562932566
-8.084767562932566
-8.084767562932566
-8.084767562932566
-7.717278128253812
-7.0741716175659946
-7.0741716175659946
-7.0741716175659946
-7.0741716175659946
-7.0741716175659946
-7.0741716175659946
-6.890426900226617
-6.063575672199423
-6.063575672199423
-6.063575672199423
-6.063575672199423
-6.063575672199423
-6.063575672199423
-6.063575672199423
-6.063575672199423
-6.063575672199423
-6.063575672199423
-6.063575672199423
-6.063575672199423
-6.063575672199423
-6.063575672199423
-6.063575672199423
-6.063575672199423
-6.063575672199423
-6.063575672199423
-6.063575672199423
-6.063575672199423
-6.063575672199423
-6.063575672199423
-6.063575672199423
-6.063575672199423
-6.063575672199423
-6.063575672199423
-6.063575672199423
-6.063575672199423
-6.063575672199423
-6.063575672199423
-6.063575672199423
-6.063575672199423
-6.063575672199423
-6.063575672199423
-6.063575672199423
-6.063575672199423
-6.063575672199423
-6.063575672199423
-6.063575672199423
-6.063575672199423
-6.063575672199423
-6.063575672199423
-6.063575672199423
-6.706682182887241
-7.0741716175659946
-7.0741716175659946
-7.0741716175659946
-7.0741716175659946
-7.0741716175659946
-7.0741716175659946
-7.0741716175659946
-7.0741716175659946
-7.0741716175659946
-7.0741716175659946
-7.0741716175659946
-7.0741716175659946
-7.0741716175659946
-7.0741716175659946
-7.0741716175659946
-7.0741716175659946
-7.0741716175659946
-7.0741716175659946
-7.0741716175659946
-7.0741716175659946
-7.0741716175659946
-8.054143443376002
-8.084767562932566
-8.084767562932566
-8.084767562932566
-8.084767562932566
-8.084767562932566
-8.084767562932566
-8.084767562932566
-8.084767562932566
-8.084767562932566
-8.084767562932566
-8.084767562932566
-8.084767562932566
-8.084767562932566
-8.084767562932566
-8.084767562932566
-8.911618790959759
-9.095363508299135
-9.095363508299135
-9.095363508299135
-9.095363508299135
-9.095363508299135
-9.279108225638511
-10.105959453665706
-10.105959453665706
-10.105959453665706
-10.105959453665706
-10.105959453665706
-10.105959453665706
-10.105959453665706
-10.105959453665706
-10.105959453665706
-10.105959453665706
-10.105959453665706
-10.105959453665706
-10.105959453665706
-10.105959453665706
-10.105959453665706
-10.105959453665706
-10.105959453665706
-10.105959453665706
-10.105959453665706
-10.105959453665706
-10.105959453665706
-10.105959453665706
-10.105959453665706
-10.105959453665706
-10.105959453665706
-10.105959453665706
-10.105959453665706
-10.105959453665706
-10.105959453665706
-10.105959453665706
-10.105959453665706
-10.105959453665706
-9.585349421204139
-9.095363508299135
-9.095363508299135
-9.095363508299135
-8.666625834507258
-8.084767562932566
-8.084767562932566
-8.084767562932566
-7.686654008697249
-7.0741716175659946
-7.0741716175659946
-7.0741716175659946
-7.0741716175659946
-6.890426900226617
-6.063575672199423
-6.063575672199423
-6.063575672199423
-6.063575672199423
-6.063575672199423
-6.063575672199423
-6.063575672199423
-6.063575672199423
-6.063575672199423
-6.063575672199423
-6.063575672199423
-6.063575672199423
-6.063575672199423
-6.063575672199423
-6.063575672199423
-6.063575672199423
-6.063575672199423
-6.063575672199423
-6.063575672199423
-6.063575672199423
-6.063575672199423
-6.063575672199423
-6.063575672199423
-6.063575672199423
-6.063575672199423
-6.063575672199423
-6.063575672199423
-6.063575672199423
-6.063575672199423
-6.063575672199423
-6.063575672199423
-6.063575672199423
-6.982299258896306
-7.0741716175659946
-7.0741716175659946
-7.0741716175659946
-7.0741716175659946
-7.0741716175659946
-7.0741716175659946
-7.962271084706314
-8.084767562932566
-8.084767562932566
-8.207264041158815
-9.095363508299135
-9.095363508299135
-9.095363508299135
-9.095363508299135
-9.187235866968823
-10.105959453665706
-10.105959453665706
-10.105959453665706
-10.105959453665706
-10.105959453665706
-10.105959453665706
-10.105959453665706
-10.105959453665706
-10.105959453665706
-10.105959453665706
-10.105959453665706
-10.105959453665706
-10.105959453665706
-10.105959453665706
-9.677221779873827
-9.095363508299135
-9.095363508299135
-9.095363508299135
-8.36038463894163
-8.084767562932566
-8.084767562932566
-7.962271084706314
-7.0741716175659946
-7.0741716175659946
-7.0741716175659946
-6.767930422000367
-6.063575672199423
