92.76063319475536
92.76063319475536
92.76063319475536
96.8380236648545
96.8380236648545
96.8380236648545
96.8380236648545
96.8380236648545
96.8380236648545
96.8380236648545
96.8380236648545
96.8380236648545
96.8380236648545
96.8380236648545
96.8380236648545
96.8380236648545
96.8380236648545
96.45826670930605
95.81867604732972
95.81867604732972
95.81867604732972
95.81867604732972
95.81867604732972
95.81867604732972
95.81867604732972
95.81867604732972
95.81867604732972
95.81867604732972
95.81867604732972
95.81867604732972
95.81867604732972
95.81867604732972
95.81867604732972
96.79804924848098
96.8380236648545
96.8380236648545
96.8380236648545
96.8380236648545
96.8380236648545
96.8380236648545
96.8380236648545
96.8380236648545
96.8380236648545
96.8380236648545
96.8380236648545
96.8380236648545
96.8380236648545
96.8380236648545
94.91925167892549
94.79932842980493
94.79932842980493
94.79932842980493
94.79932842980493
94.79932842980493
94.79932842980493
94.79932842980493
94.79932842980493
94.79932842980493
94.79932842980493
94.79932842980493
94.79932842980493
94.79932842980493
94.79932842980493
94.79932842980493
94.79932842980493
94.79932842980493
94.79932842980493
94.79932842980493
94.79932842980493
94.79932842980493
94.79932842980493
94.79932842980493
94.79932842980493
94.79932842980493
94.79932842980493
94.79932842980493
95.35897025903422
95.81867604732972
95.81867604732972
95.81867604732972
95.81867604732972
95.81867604732972
95.81867604732972
95.81867604732972
95.81867604732972
95.81867604732972
95.81867604732972
95.81867604732972
95.81867604732972
95.81867604732972
97.25775503677647
97.85737128237929
97.85737128237929
97.85737128237929
97.85737128237929
97.85737128237929
97.85737128237929
97.85737128237929
97.85737128237929
97.85737128237929
97.85737128237929
97.85737128237929
97.85737128237929
97.85737128237929
97.85737128237929
97.85737128237929
97.85737128237929
97.85737128237929
97.85737128237929
97.85737128237929
97.85737128237929
97.85737128237929
97.85737128237929
97.85737128237929
97.85737128237929
97.85737128237929
97.85737128237929
97.99728173968661
98.87671889990406
98.87671889990406
98.87671889990406
98.87671889990406
98.87671889990406
98.87671889990406
98.87671889990406
98.87671889990406
98.87671889990406
98.87671889990406
98.87671889990406
98.87671889990406
98.87671889990406
96.71810041573394
94.79932842980493
94.79932842980493
94.79932842980493
94.79932842980493
94.79932842980493
94.79932842980493
94.79932842980493
94.79932842980493
94.79932842980493
94.79932842980493
94.79932842980493
94.79932842980493
94.79932842980493
94.51950751519028
92.76063319475536
92.76063319475536
92.76063319475536
92.76063319475536
92.76063319475536
92.76063319475536
92.76063319475536
92.76063319475536
92.76063319475536
92.76063319475536
92.76063319475536
92.76063319475536
92.76063319475536
92.76063319475536
95.81867604732972
95.81867604732972
95.81867604732972
95.81867604732972
95.81867604732972
95.81867604732972
95.81867604732972
95.81867604732972
95.81867604732972
95.81867604732972
95.81867604732972
97.13783178765591
97.85737128237929
97.85737128237929
97.85737128237929
97.85737128237929
97.85737128237929
97.85737128237929
97.85737128237929
97.85737128237929
97.85737128237929
97.85737128237929
97.85737128237929
97.85737128237929
96.05852254557084
95.81867604732972
95.81867604732972
95.81867604732972
95.81867604732972
95.81867604732972
95.81867604732972
95.81867604732972
95.81867604732972
95.81867604732972
95.81867604732972
95.81867604732972
96.35833066837225
98.87671889990406
98.87671889990406
98.87671889990406
98.87671889990406
98.87671889990406
98.87671889990406
98.87671889990406
98.87671889990406
98.87671889990406
98.87671889990406
98.87671889990406
98.87671889990406
102.47441637352095
102.95410937000321
102.95410937000321
102.95410937000321
102.95410937000321
102.95410937000321
102.95410937000321
102.95410937000321
102.95410937000321
102.95410937000321
104.35321394307644
104.99280460505277
104.99280460505277
104.99280460505277
104.99280460505277
104.99280460505277
104.99280460505277
104.99280460505277
104.99280460505277
104.99280460505277
104.99280460505277
104.99280460505277
104.99280460505277
104.99280460505277
104.99280460505277
104.35321394307644
96.8380236648545
96.8380236648545
96.8380236648545
96.8380236648545
96.8380236648545
96.8380236648545
96.8380236648545
96.8380236648545
96.8380236648545
96.8380236648545
96.8380236648545
96.8380236648545
96.8380236648545
96.8380236648545
96.8380236648545
96.8380236648545
96.8380236648545
96.8380236648545
96.8380236648545
96.8380236648545
96.8380236648545
96.8380236648545
96.8380236648545
96.8380236648545
96.8380236648545
96.8380236648545
96.8380236648545
94.79932842980493
94.79932842980493
94.79932842980493
94.79932842980493
94.79932842980493
94.79932842980493
94.79932842980493
94.79932842980493
94.79932842980493
94.79932842980493
94.79932842980493
94.79932842980493
94.79932842980493
91.10169491525424
89.70259034218101
89.70259034218101
89.70259034218101
89.70259034218101
89.70259034218101
89.70259034218101
89.70259034218101
89.70259034218101
89.70259034218101
89.70259034218101
89.70259034218101
89.70259034218101
89.70259034218101
91.20163095618804
92.76063319475536
92.76063319475536
92.76063319475536
92.76063319475536
92.76063319475536
92.76063319475536
92.76063319475536
92.76063319475536
92.76063319475536
92.76063319475536
95.03917492804605
95.81867604732972
95.81867604732972
95.81867604732972
95.81867604732972
95.81867604732972
95.81867604732972
95.81867604732972
95.81867604732972
95.81867604732972
95.81867604732972
95.81867604732972
95.81867604732972
95.81867604732972
94.91925167892549
94.79932842980493
94.79932842980493
94.79932842980493
94.79932842980493
94.79932842980493
94.79932842980493
94.79932842980493
94.79932842980493
94.79932842980493
94.79932842980493
95.03917492804605
96.8380236648545
96.8380236648545
96.8380236648545
96.8380236648545
96.8380236648545
96.8380236648545
96.8380236648545
96.8380236648545
96.8380236648545
96.8380236648545
96.8380236648545
96.8380236648545
96.8380236648545
96.31835625199872
95.81867604732972
95.81867604732972
95.81867604732972
95.81867604732972
95.81867604732972
95.81867604732972
95.81867604732972
95.81867604732972
95.81867604732972
95.81867604732972
95.81867604732972
95.81867604732972
96.8380236648545
96.8380236648545
96.8380236648545
96.8380236648545
96.8380236648545
96.8380236648545
96.8380236648545
96.8380236648545
96.8380236648545
96.8380236648545
96.8380236648545
96.8380236648545
96.8380236648545
96.8380236648545
96.8380236648545
96.8380236648545
96.8380236648545
96.8380236648545
96.8380236648545
96.8380236648545
96.8380236648545
96.8380236648545
96.8380236648545
96.8380236648545
96.8380236648545
96.8380236648545
96.8380236648545
96.8380236648545
96.8380236648545
96.8380236648545
96.8380236648545
96.8380236648545
96.8380236648545
96.8380236648545
96.8380236648545
96.8380236648545
96.8380236648545
96.8380236648545
96.8380236648545
96.8380236648545
95.99856092101057
95.81867604732972
95.81867604732972
95.81867604732972
95.81867604732972
95.81867604732972
95.81867604732972
95.81867604732972
95.81867604732972
95.81867604732972
95.81867604732972
95.81867604732972
97.85737128237929
98.87671889990406
98.87671889990406
98.87671889990406
98.87671889990406
98.87671889990406
98.87671889990406
98.87671889990406
98.87671889990406
98.87671889990406
98.87671889990406
98.87671889990406
98.87671889990406
97.11784457946915
94.79932842980493
94.79932842980493
94.79932842980493
94.79932842980493
94.79932842980493
94.79932842980493
94.79932842980493
94.79932842980493
94.79932842980493
94.79932842980493
94.79932842980493
94.79932842980493
94.79932842980493
94.79932842980493
93.93987847777423
93.77998081228014
93.77998081228014
93.77998081228014
93.77998081228014
93.77998081228014
93.77998081228014
93.77998081228014
93.77998081228014
93.77998081228014
93.77998081228014
93.77998081228014
93.77998081228014
93.77998081228014
93.77998081228014
93.77998081228014
93.77998081228014
93.77998081228014
93.77998081228014
93.77998081228014
93.77998081228014
93.77998081228014
93.77998081228014
93.77998081228014
93.77998081228014
93.77998081228014
93.77998081228014
93.74000639590663
91.74128557723058
91.74128557723058
91.74128557723058
91.74128557723058
91.74128557723058
91.74128557723058
91.74128557723058
91.74128557723058
91.74128557723058
91.74128557723058
91.74128557723058
91.74128557723058
91.74128557723058
91.74128557723058
91.9811320754717
93.77998081228014
93.77998081228014
93.77998081228014
93.77998081228014
93.77998081228014
93.77998081228014
93.77998081228014
93.77998081228014
93.77998081228014
93.77998081228014
93.77998081228014
93.77998081228014
93.77998081228014
92.88055644387593
90.7219379597058
90.7219379597058
90.7219379597058
90.7219379597058
90.7219379597058
90.7219379597058
90.7219379597058
90.7219379597058
90.7219379597058
90.7219379597058
90.7219379597058
90.7219379597058
90.7219379597058
90.7219379597058
90.7219379597058
90.7219379597058
90.7219379597058
90.48209146146466
89.70259034218101
89.70259034218101
89.70259034218101
89.70259034218101
89.70259034218101
89.70259034218101
89.70259034218101
89.70259034218101
89.70259034218101
89.70259034218101
89.70259034218101
89.70259034218101
91.62136232811001
91.74128557723058
91.74128557723058
91.74128557723058
91.74128557723058
91.74128557723058
91.74128557723058
91.74128557723058
91.74128557723058
91.74128557723058
91.74128557723058
91.74128557723058
91.74128557723058
91.74128557723058
91.74128557723058
90.98177166613368
89.70259034218101
89.70259034218101
89.70259034218101
89.70259034218101
89.70259034218101
89.70259034218101
89.70259034218101
89.70259034218101
89.70259034218101
89.70259034218101
89.70259034218101
89.70259034218101
89.70259034218101
89.70259034218101
89.70259034218101
91.30156699712185
91.74128557723058
91.74128557723058
91.74128557723058
91.74128557723058
91.74128557723058
91.74128557723058
91.74128557723058
91.74128557723058
91.74128557723058
91.74128557723058
91.74128557723058
91.74128557723058
91.74128557723058
91.74128557723058
91.74128557723058
91.74128557723058
91.74128557723058
91.74128557723058
91.74128557723058
91.74128557723058
91.74128557723058
91.74128557723058
91.74128557723058
91.74128557723058
91.74128557723058
91.74128557723058
91.74128557723058
91.74128557723058
91.74128557723058
92.16101694915255
92.76063319475536
92.76063319475536
92.76063319475536
92.76063319475536
92.76063319475536
92.76063319475536
92.76063319475536
92.76063319475536
92.76063319475536
92.76063319475536
92.76063319475536
92.76063319475536
92.76063319475536
92.76063319475536
92.76063319475536
91.9811320754717
89.70259034218101
89.70259034218101
89.70259034218101
89.70259034218101
89.70259034218101
89.70259034218101
89.70259034218101
89.70259034218101
89.70259034218101
89.70259034218101
89.70259034218101
89.70259034218101
89.70259034218101
89.70259034218101
89.70259034218101
89.70259034218101
89.70259034218101
89.70259034218101
88.88311480652384
88.68324272465622
88.68324272465622
88.68324272465622
88.68324272465622
88.68324272465622
88.68324272465622
88.68324272465622
88.68324272465622
88.68324272465622
88.68324272465622
88.68324272465622
88.68324272465622
88.68324272465622
88.68324272465622
88.68324272465622
89.70259034218101
89.70259034218101
89.70259034218101
89.70259034218101
89.70259034218101
89.70259034218101
89.70259034218101
89.70259034218101
89.70259034218101
89.70259034218101
89.70259034218101
89.70259034218101
89.70259034218101
89.70259034218101
89.70259034218101
89.70259034218101
89.70259034218101
89.70259034218101
87.74384393987849
87.66389510713144
87.66389510713144
87.66389510713144
87.66389510713144
87.66389510713144
87.66389510713144
87.66389510713144
87.66389510713144
87.66389510713144
87.66389510713144
87.66389510713144
87.66389510713144
87.66389510713144
87.66389510713144
87.66389510713144
90.66197633514551
92.76063319475536
92.76063319475536
92.76063319475536
92.76063319475536
92.76063319475536
92.76063319475536
92.76063319475536
92.76063319475536
92.76063319475536
92.76063319475536
92.76063319475536
92.76063319475536
92.76063319475536
92.76063319475536
92.76063319475536
92.76063319475536
92.76063319475536
92.76063319475536
92.76063319475536
92.76063319475536
92.76063319475536
92.76063319475536
92.76063319475536
92.76063319475536
92.76063319475536
92.76063319475536
92.76063319475536
92.76063319475536
92.76063319475536
92.76063319475536
92.76063319475536
92.76063319475536
92.76063319475536
92.76063319475536
92.76063319475536
92.76063319475536
94.59945634793732
94.79932842980493
94.79932842980493
94.79932842980493
94.79932842980493
94.79932842980493
94.79932842980493
94.79932842980493
94.79932842980493
94.79932842980493
94.79932842980493
94.79932842980493
94.79932842980493
94.79932842980493
94.79932842980493
94.79932842980493
94.79932842980493
95.99856092101057
97.85737128237929
97.85737128237929
97.85737128237929
97.85737128237929
97.85737128237929
97.85737128237929
97.85737128237929
97.85737128237929
97.85737128237929
97.85737128237929
97.85737128237929
97.85737128237929
97.85737128237929
97.85737128237929
97.85737128237929
97.85737128237929
100.43572113847138
100.91541413495364
100.91541413495364
100.91541413495364
100.91541413495364
100.91541413495364
100.91541413495364
100.91541413495364
100.91541413495364
100.91541413495364
100.91541413495364
100.91541413495364
100.91541413495364
100.91541413495364
100.91541413495364
100.91541413495364
100.91541413495364
100.91541413495364
100.91541413495364
100.91541413495364
100.91541413495364
100.91541413495364
100.91541413495364
100.91541413495364
100.91541413495364
100.91541413495364
100.91541413495364
100.91541413495364
100.91541413495364
100.91541413495364
100.91541413495364
90.80188679245283
89.70259034218101
89.70259034218101
89.70259034218101
89.70259034218101
89.70259034218101
89.70259034218101
89.70259034218101
89.70259034218101
89.70259034218101
89.70259034218101
89.70259034218101
89.70259034218101
89.70259034218101
89.70259034218101
91.62136232811001
95.81867604732972
95.81867604732972
95.81867604732972
95.81867604732972
95.81867604732972
95.81867604732972
95.81867604732972
95.81867604732972
95.81867604732972
95.81867604732972
95.81867604732972
95.81867604732972
95.81867604732972
96.49824112567957
96.8380236648545
96.8380236648545
96.8380236648545
96.8380236648545
96.8380236648545
96.8380236648545
96.8380236648545
96.8380236648545
96.8380236648545
96.8380236648545
96.8380236648545
96.8380236648545
96.8380236648545
95.59881675727534
94.79932842980493
94.79932842980493
94.79932842980493
94.79932842980493
94.79932842980493
94.79932842980493
94.79932842980493
94.79932842980493
94.79932842980493
94.79932842980493
94.79932842980493
94.79932842980493
94.79932842980493
94.79932842980493
94.79932842980493
94.79932842980493
94.79932842980493
94.79932842980493
94.79932842980493
94.79932842980493
94.79932842980493
94.79932842980493
94.79932842980493
94.79932842980493
94.79932842980493
94.79932842980493
94.79932842980493
94.79932842980493
94.79932842980493
94.79932842980493
94.79932842980493
96.41829229293253
97.85737128237929
97.85737128237929
97.85737128237929
97.85737128237929
97.85737128237929
97.85737128237929
97.85737128237929
97.85737128237929
97.85737128237929
97.85737128237929
97.85737128237929
97.85737128237929
97.85737128237929
97.85737128237929
97.85737128237929
97.85737128237929
97.85737128237929
97.85737128237929
97.85737128237929
97.85737128237929
97.85737128237929
97.85737128237929
97.85737128237929
97.85737128237929
97.85737128237929
97.85737128237929
97.85737128237929
98.09721778062041
101.93476175247842
101.93476175247842
101.93476175247842
101.93476175247842
101.93476175247842
101.93476175247842
101.93476175247842
101.93476175247842
101.93476175247842
101.93476175247842
101.93476175247842
101.93476175247842
101.93476175247842
101.93476175247842
101.93476175247842
101.93476175247842
101.93476175247842
101.93476175247842
101.93476175247842
101.93476175247842
97.43763991045732
92.76063319475536
92.76063319475536
92.76063319475536
92.76063319475536
92.76063319475536
92.76063319475536
92.76063319475536
92.76063319475536
92.76063319475536
92.76063319475536
92.76063319475536
92.76063319475536
92.76063319475536
92.76063319475536
92.76063319475536
92.76063319475536
94.7593540134314
94.79932842980493
94.79932842980493
94.79932842980493
94.79932842980493
94.79932842980493
94.79932842980493
94.79932842980493
94.79932842980493
94.79932842980493
94.79932842980493
94.79932842980493
94.79932842980493
94.79932842980493
94.79932842980493
94.79932842980493
94.79932842980493
94.79932842980493
94.79932842980493
94.79932842980493
90.80188679245283
89.70259034218101
89.70259034218101
89.70259034218101
89.70259034218101
89.70259034218101
89.70259034218101
89.70259034218101
89.70259034218101
89.70259034218101
89.70259034218101
89.70259034218101
89.70259034218101
89.70259034218101
89.70259034218101
89.70259034218101
89.70259034218101
89.70259034218101
90.62200191877199
90.7219379597058
90.7219379597058
90.7219379597058
90.7219379597058
90.7219379597058
90.7219379597058
90.7219379597058
90.7219379597058
90.7219379597058
90.7219379597058
90.7219379597058
90.7219379597058
90.7219379597058
90.7219379597058
90.7219379597058
