85.22209394178769
85.22209394178769
85.22209394178769
85.22209394178769
84.43215652913653
84.2194810718843
84.2194810718843
84.2194810718843
84.2194810718843
84.2194810718843
84.2194810718843
84.2194810718843
84.2194810718843
86.1639423953333
88.22993255149784
88.22993255149784
88.22993255149784
88.22993255149784
88.22993255149784
88.22993255149784
88.22993255149784
88.22993255149784
88.22993255149784
87.22731968159445
87.22731968159445
87.22731968159445
87.22731968159445
87.22731968159445
87.22731968159445
87.22731968159445
87.22731968159445
87.22731968159445
87.22731968159445
87.22731968159445
87.22731968159445
87.22731968159445
87.22731968159445
87.22731968159445
87.22731968159445
87.22731968159445
87.22731968159445
87.22731968159445
87.67292540155151
88.22993255149784
88.22993255149784
88.22993255149784
88.22993255149784
88.22993255149784
88.22993255149784
88.22993255149784
88.22993255149784
88.22993255149784
87.74381722063559
85.22209394178769
85.22209394178769
85.22209394178769
85.22209394178769
85.22209394178769
85.22209394178769
85.22209394178769
85.22209394178769
85.22209394178769
85.40438719086103
86.22470681169106
86.22470681169106
86.22470681169106
86.22470681169106
86.22470681169106
86.22470681169106
86.22470681169106
86.22470681169106
86.22470681169106
86.22470681169106
87.01464422434222
87.22731968159445
87.22731968159445
87.22731968159445
87.22731968159445
87.22731968159445
87.22731968159445
87.22731968159445
87.22731968159445
87.22731968159445
87.82483644244597
88.22993255149784
88.22993255149784
88.22993255149784
88.22993255149784
88.22993255149784
88.22993255149784
88.22993255149784
88.22993255149784
89.019869964149
89.23254542140123
89.23254542140123
89.23254542140123
89.23254542140123
89.23254542140123
89.23254542140123
89.23254542140123
89.23254542140123
91.03522310668205
91.23777116120799
91.23777116120799
91.23777116120799
91.23777116120799
91.23777116120799
91.23777116120799
91.23777116120799
91.23777116120799
91.8454153247858
95.24822264082152
95.24822264082152
95.24822264082152
95.24822264082152
95.24822264082152
95.24822264082152
95.24822264082152
95.24822264082152
95.24822264082152
95.24822264082152
94.03293431366592
93.24299690101476
93.24299690101476
93.24299690101476
93.24299690101476
93.24299690101476
93.24299690101476
93.24299690101476
93.24299690101476
93.455672358267
94.24560977091815
94.24560977091815
94.24560977091815
94.24560977091815
94.24560977091815
94.24560977091815
94.24560977091815
94.24560977091815
94.24560977091815
94.24560977091815
90.5997447894513
90.23515829130461
90.23515829130461
90.23515829130461
90.23515829130461
90.23515829130461
90.23515829130461
90.23515829130461
90.23515829130461
90.33643231856757
91.23777116120799
91.23777116120799
91.23777116120799
91.23777116120799
91.23777116120799
91.23777116120799
91.23777116120799
91.23777116120799
91.23777116120799
91.04535050940835
90.23515829130461
90.23515829130461
90.23515829130461
90.23515829130461
90.23515829130461
90.23515829130461
90.23515829130461
90.23515829130461
90.23515829130461
90.23515829130461
88.9996151586964
88.22993255149784
88.22993255149784
88.22993255149784
88.22993255149784
88.22993255149784
88.22993255149784
88.22993255149784
88.22993255149784
89.06037957505417
90.23515829130461
90.23515829130461
90.23515829130461
90.23515829130461
90.23515829130461
90.23515829130461
90.23515829130461
90.23515829130461
90.23515829130461
89.33381944866419
89.23254542140123
89.23254542140123
89.23254542140123
89.23254542140123
89.23254542140123
89.23254542140123
89.23254542140123
89.23254542140123
89.23254542140123
90.05286504223126
90.23515829130461
90.23515829130461
90.23515829130461
90.23515829130461
90.23515829130461
90.23515829130461
90.23515829130461
90.23515829130461
90.23515829130461
90.23515829130461
90.23515829130461
90.23515829130461
90.23515829130461
90.23515829130461
90.23515829130461
90.23515829130461
90.23515829130461
90.23515829130461
90.23515829130461
90.23515829130461
90.23515829130461
90.23515829130461
90.23515829130461
90.23515829130461
90.23515829130461
90.23515829130461
90.23515829130461
90.23515829130461
88.77681229871787
88.22993255149784
88.22993255149784
88.22993255149784
88.22993255149784
88.22993255149784
88.22993255149784
88.22993255149784
88.22993255149784
88.22993255149784
89.68827854408458
90.23515829130461
90.23515829130461
90.23515829130461
90.23515829130461
90.23515829130461
90.23515829130461
90.23515829130461
90.23515829130461
92.99993923558364
93.24299690101476
93.24299690101476
93.24299690101476
93.24299690101476
93.24299690101476
93.24299690101476
93.24299690101476
93.24299690101476
92.84802819468919
92.24038403111138
92.24038403111138
92.24038403111138
92.24038403111138
92.24038403111138
92.24038403111138
92.24038403111138
92.24038403111138
92.24038403111138
91.97707156022766
90.23515829130461
90.23515829130461
90.23515829130461
90.23515829130461
90.23515829130461
90.23515829130461
90.23515829130461
90.23515829130461
90.23515829130461
89.56674971136901
88.22993255149784
88.22993255149784
88.22993255149784
88.22993255149784
88.22993255149784
88.22993255149784
88.22993255149784
88.22993255149784
88.22993255149784
86.34623564440663
85.22209394178769
85.22209394178769
85.22209394178769
85.22209394178769
85.22209394178769
85.22209394178769
85.22209394178769
85.22209394178769
85.22209394178769
84.16884405825282
83.21686820198092
83.21686820198092
83.21686820198092
83.21686820198092
83.21686820198092
83.21686820198092
83.21686820198092
83.21686820198092
83.21686820198092
86.57916590711146
87.22731968159445
87.22731968159445
87.22731968159445
87.22731968159445
87.22731968159445
87.22731968159445
87.22731968159445
87.55139656883595
88.22993255149784
88.22993255149784
88.22993255149784
88.22993255149784
88.22993255149784
88.22993255149784
88.22993255149784
88.22993255149784
89.91108140406311
90.23515829130461
90.23515829130461
90.23515829130461
90.23515829130461
90.23515829130461
90.23515829130461
91.29853557756577
95.24822264082152
95.24822264082152
95.24822264082152
95.24822264082152
95.24822264082152
95.24822264082152
95.24822264082152
96.321727329809
97.2534483806283
97.2534483806283
97.2534483806283
97.2534483806283
97.2534483806283
97.2534483806283
97.2534483806283
97.2534483806283
97.2534483806283
97.2534483806283
97.2534483806283
97.2534483806283
97.2534483806283
97.2534483806283
97.2534483806283
97.2534483806283
97.2534483806283
96.69644123068197
96.25083551072491
96.25083551072491
96.25083551072491
96.25083551072491
96.25083551072491
96.25083551072491
96.25083551072491
96.25083551072491
95.3596240708108
94.24560977091815
94.24560977091815
94.24560977091815
94.24560977091815
94.24560977091815
94.24560977091815
94.24560977091815
94.24560977091815
94.24560977091815
95.20771302991635
95.24822264082152
95.24822264082152
95.24822264082152
95.24822264082152
95.24822264082152
95.24822264082152
95.24822264082152
95.24822264082152
95.24822264082152
95.24822264082152
95.24822264082152
95.24822264082152
95.24822264082152
95.24822264082152
95.24822264082152
95.24822264082152
94.21522756273926
92.24038403111138
92.24038403111138
92.24038403111138
92.24038403111138
92.24038403111138
92.24038403111138
92.24038403111138
92.24038403111138
91.32891778574466
90.23515829130461
90.23515829130461
90.23515829130461
90.23515829130461
90.23515829130461
90.23515829130461
90.23515829130461
94.08357132729739
94.24560977091815
94.24560977091815
94.24560977091815
94.24560977091815
94.24560977091815
94.24560977091815
94.24560977091815
93.28350651191995
93.24299690101476
93.24299690101476
93.24299690101476
93.24299690101476
93.24299690101476
93.24299690101476
92.807518583784
92.24038403111138
92.24038403111138
92.24038403111138
92.24038403111138
92.24038403111138
92.24038403111138
92.24038403111138
92.24038403111138
92.24038403111138
92.24038403111138
92.24038403111138
92.24038403111138
92.24038403111138
92.24038403111138
92.24038403111138
92.24038403111138
93.37465313645662
94.24560977091815
94.24560977091815
94.24560977091815
94.24560977091815
94.24560977091815
94.24560977091815
94.24560977091815
94.24560977091815
95.37987887626339
96.25083551072491
96.25083551072491
96.25083551072491
96.25083551072491
96.25083551072491
96.25083551072491
96.25083551072491
96.25083551072491
95.56217212533673
95.24822264082152
95.24822264082152
95.24822264082152
95.24822264082152
95.24822264082152
95.24822264082152
95.24822264082152
95.24822264082152
95.24822264082152
95.24822264082152
95.24822264082152
95.24822264082152
95.24822264082152
95.24822264082152
95.24822264082152
95.24822264082152
95.24822264082152
94.47854003362298
94.24560977091815
94.24560977091815
94.24560977091815
94.24560977091815
94.24560977091815
94.24560977091815
94.24560977091815
96.85847967430273
97.2534483806283
97.2534483806283
97.2534483806283
97.2534483806283
97.2534483806283
97.2534483806283
97.2534483806283
97.2534483806283
94.33675639545481
94.24560977091815
94.24560977091815
94.24560977091815
94.24560977091815
94.24560977091815
94.24560977091815
94.24560977091815
96.88886188248162
97.2534483806283
97.2534483806283
97.2534483806283
97.2534483806283
97.2534483806283
97.2534483806283
97.2534483806283
97.2534483806283
97.2534483806283
97.2534483806283
97.2534483806283
97.2534483806283
97.2534483806283
97.2534483806283
97.2534483806283
97.2534483806283
95.30898705717931
94.24560977091815
94.24560977091815
94.24560977091815
94.24560977091815
94.24560977091815
94.24560977091815
94.24560977091815
94.24560977091815
94.24560977091815
94.24560977091815
94.24560977091815
94.24560977091815
94.24560977091815
94.24560977091815
94.24560977091815
94.24560977091815
92.86828300014177
92.24038403111138
92.24038403111138
92.24038403111138
92.24038403111138
92.24038403111138
92.24038403111138
92.24038403111138
92.24038403111138
91.34917259119726
91.23777116120799
91.23777116120799
91.23777116120799
91.23777116120799
91.23777116120799
91.23777116120799
91.23777116120799
91.91630714386987
92.24038403111138
92.24038403111138
92.24038403111138
92.24038403111138
92.24038403111138
92.24038403111138
92.24038403111138
91.75426870024913
91.23777116120799
91.23777116120799
91.23777116120799
91.23777116120799
91.23777116120799
91.23777116120799
91.23777116120799
91.23777116120799
89.27305503230642
89.23254542140123
89.23254542140123
89.23254542140123
89.23254542140123
89.23254542140123
89.23254542140123
89.23254542140123
89.77942516862124
90.23515829130461
90.23515829130461
90.23515829130461
90.23515829130461
90.23515829130461
90.23515829130461
90.23515829130461
90.23515829130461
90.23515829130461
90.23515829130461
90.23515829130461
90.23515829130461
90.23515829130461
90.23515829130461
90.23515829130461
89.04012476960159
88.22993255149784
88.22993255149784
88.22993255149784
88.22993255149784
88.22993255149784
88.22993255149784
88.81732190962306
90.23515829130461
90.23515829130461
90.23515829130461
90.23515829130461
90.23515829130461
90.23515829130461
90.23515829130461
90.23515829130461
90.23515829130461
90.23515829130461
90.23515829130461
90.23515829130461
90.23515829130461
90.23515829130461
89.6275141277268
89.23254542140123
89.23254542140123
89.23254542140123
89.23254542140123
89.23254542140123
89.23254542140123
89.23254542140123
89.6376415304531
90.23515829130461
90.23515829130461
90.23515829130461
90.23515829130461
90.23515829130461
90.23515829130461
90.39719673492536
92.24038403111138
92.24038403111138
92.24038403111138
92.24038403111138
92.24038403111138
92.24038403111138
92.24038403111138
91.72388649207024
89.23254542140123
89.23254542140123
89.23254542140123
89.23254542140123
89.23254542140123
89.23254542140123
89.23254542140123
88.72617528508638
88.22993255149784
88.22993255149784
88.22993255149784
88.22993255149784
88.22993255149784
88.22993255149784
88.82744931234934
89.23254542140123
89.23254542140123
89.23254542140123
89.23254542140123
89.23254542140123
89.23254542140123
89.23254542140123
87.61216098519374
87.22731968159445
87.22731968159445
87.22731968159445
87.22731968159445
87.22731968159445
87.22731968159445
88.47299021692896
90.23515829130461
90.23515829130461
90.23515829130461
90.23515829130461
90.23515829130461
90.23515829130461
89.32369204593789
87.22731968159445
87.22731968159445
87.22731968159445
87.22731968159445
87.22731968159445
87.22731968159445
87.22731968159445
88.78693970144417
89.23254542140123
89.23254542140123
89.23254542140123
89.23254542140123
89.23254542140123
89.23254542140123
89.23254542140123
89.23254542140123
89.23254542140123
89.23254542140123
89.23254542140123
89.23254542140123
89.23254542140123
90.63012699763019
91.23777116120799
91.23777116120799
91.23777116120799
91.23777116120799
91.23777116120799
91.23777116120799
92.4733142938162
93.24299690101476
93.24299690101476
93.24299690101476
93.24299690101476
93.24299690101476
93.24299690101476
92.8277733892366
92.24038403111138
92.24038403111138
92.24038403111138
92.24038403111138
92.24038403111138
92.24038403111138
92.54420611290028
93.24299690101476
93.24299690101476
93.24299690101476
93.24299690101476
93.24299690101476
93.24299690101476
92.61509793198437
91.23777116120799
91.23777116120799
91.23777116120799
91.23777116120799
91.23777116120799
91.23777116120799
91.23777116120799
91.23777116120799
91.23777116120799
91.23777116120799
91.23777116120799
91.23777116120799
91.60235765935468
94.24560977091815
94.24560977091815
94.24560977091815
94.24560977091815
94.24560977091815
94.24560977091815
94.67096068542261
95.24822264082152
95.24822264082152
95.24822264082152
95.24822264082152
95.24822264082152
95.24822264082152
96.50402057888233
97.2534483806283
97.2534483806283
97.2534483806283
97.2534483806283
97.2534483806283
97.2534483806283
96.54453018978752
96.25083551072491
96.25083551072491
96.25083551072491
96.25083551072491
96.25083551072491
96.25083551072491
95.80522979076785
94.24560977091815
94.24560977091815
94.24560977091815
94.24560977091815
94.24560977091815
94.24560977091815
95.82548459622045
97.2534483806283
97.2534483806283
97.2534483806283
97.2534483806283
97.2534483806283
96.9192440906605
94.24560977091815
94.24560977091815
94.24560977091815
94.24560977091815
94.24560977091815
94.24560977091815
94.24560977091815
94.24560977091815
94.24560977091815
94.24560977091815
94.24560977091815
94.24560977091815
94.24560977091815
96.08879706710417
96.25083551072491
96.25083551072491
96.25083551072491
96.25083551072491
96.25083551072491
96.02803265074638
94.24560977091815
94.24560977091815
94.24560977091815
94.24560977091815
94.24560977091815
94.24560977091815
94.24560977091815
94.24560977091815
94.24560977091815
94.24560977091815
94.24560977091815
94.24560977091815
94.24560977091815
94.24560977091815
94.24560977091815
94.24560977091815
94.24560977091815
94.24560977091815
94.24560977091815
93.92153288367665
93.24299690101476
93.24299690101476
93.24299690101476
93.24299690101476
93.24299690101476
93.24299690101476
92.55433351562658
91.23777116120799
91.23777116120799
91.23777116120799
91.23777116120799
91.23777116120799
91.23777116120799
90.14401166676794
89.23254542140123
89.23254542140123
89.23254542140123
89.23254542140123
89.23254542140123
88.9996151586964
88.22993255149784
88.22993255149784
88.22993255149784
88.22993255149784
88.22993255149784
88.22993255149784
88.96923295051751
89.23254542140123
89.23254542140123
89.23254542140123
89.23254542140123
89.23254542140123
88.70592047963379
85.22209394178769
85.22209394178769
85.22209394178769
85.22209394178769
85.22209394178769
84.73597861092544
83.21686820198092
83.21686820198092
83.21686820198092
83.21686820198092
83.21686820198092
83.21686820198092
82.38642117842458
82.21425533207753
82.21425533207753
82.21425533207753
82.21425533207753
82.21425533207753
82.21425533207753
82.21425533207753
82.21425533207753
82.21425533207753
82.21425533207753
82.21425533207753
82.76113507929756
83.21686820198092
83.21686820198092
83.21686820198092
83.21686820198092
83.21686820198092
83.21686820198092
83.21686820198092
83.21686820198092
83.21686820198092
83.21686820198092
83.21686820198092
83.21686820198092
83.21686820198092
83.21686820198092
83.21686820198092
83.21686820198092
83.21686820198092
82.36616637297199
82.21425533207753
82.21425533207753
82.21425533207753
82.21425533207753
82.21425533207753
83.17635859107573
83.21686820198092
83.21686820198092
83.21686820198092
83.21686820198092
83.45992586741204
84.2194810718843
84.2194810718843
84.2194810718843
84.2194810718843
84.2194810718843
86.4475096716696
88.22993255149784
88.22993255149784
88.22993255149784
88.22993255149784
88.22993255149784
87.38935812521521
87.22731968159445
87.22731968159445
87.22731968159445
87.22731968159445
87.22731968159445
88.14891332968746
88.22993255149784
88.22993255149784
88.22993255149784
88.22993255149784
86.96400721071073
83.21686820198092
83.21686820198092
83.21686820198092
83.21686820198092
83.21686820198092
83.8852767819165
84.2194810718843
84.2194810718843
84.2194810718843
84.2194810718843
84.2194810718843
84.09795223916873
83.21686820198092
83.21686820198092
83.21686820198092
83.21686820198092
83.21686820198092
88.9894877559701
89.23254542140123
89.23254542140123
89.23254542140123
89.23254542140123
88.32107917603452
87.22731968159445
87.22731968159445
87.22731968159445
87.22731968159445
87.22731968159445
87.22731968159445
87.22731968159445
87.22731968159445
87.22731968159445
87.22731968159445
86.97413461343703
86.22470681169106
86.22470681169106
86.22470681169106
86.22470681169106
86.22470681169106
87.31846630613113
90.23515829130461
90.23515829130461
90.23515829130461
90.23515829130461
90.23515829130461
91.34917259119726
92.24038403111138
92.24038403111138
92.24038403111138
92.24038403111138
92.37204026655324
93.24299690101476
93.24299690101476
93.24299690101476
93.24299690101476
