69.18028802333353
69.18028802333353
69.18028802333353
69.18028802333353
69.18028802333353
69.18028802333353
69.18028802333353
69.18028802333353
69.18028802333353
69.18028802333353
69.18028802333353
70.17277349051062
70.18290089323692
70.18290089323692
70.18290089323692
70.18290089323692
70.18290089323692
70.18290089323692
70.18290089323692
70.18290089323692
70.18290089323692
70.18290089323692
70.18290089323692
70.18290089323692
70.18290089323692
70.18290089323692
70.18290089323692
70.18290089323692
70.18290089323692
70.18290089323692
70.18290089323692
70.18290089323692
70.18290089323692
70.18290089323692
70.18290089323692
70.18290089323692
70.18290089323692
70.18290089323692
70.18290089323692
70.18290089323692
71.06398493042474
71.1855137631403
71.1855137631403
71.1855137631403
71.1855137631403
71.1855137631403
71.1855137631403
71.1855137631403
71.1855137631403
71.1855137631403
69.20054282878613
69.18028802333353
69.18028802333353
69.18028802333353
69.18028802333353
69.18028802333353
69.18028802333353
69.18028802333353
69.18028802333353
69.18028802333353
68.27894918069312
68.17767515343014
68.17767515343014
68.17767515343014
68.17767515343014
68.17767515343014
68.17767515343014
68.17767515343014
68.17767515343014
68.17767515343014
69.66640335419578
71.1855137631403
71.1855137631403
71.1855137631403
71.1855137631403
71.1855137631403
71.1855137631403
71.1855137631403
71.1855137631403
71.1855137631403
71.1855137631403
71.1855137631403
71.1855137631403
71.1855137631403
71.1855137631403
71.1855137631403
71.1855137631403
71.1855137631403
71.1855137631403
72.06659780032813
74.19335237285046
74.19335237285046
74.19335237285046
74.19335237285046
74.19335237285046
74.19335237285046
74.19335237285046
74.19335237285046
76.9277511089506
77.2011909825606
77.2011909825606
77.2011909825606
77.2011909825606
77.2011909825606
77.2011909825606
77.2011909825606
77.2011909825606
77.99112839521176
80.20902959227077
80.20902959227077
80.20902959227077
80.20902959227077
80.20902959227077
80.20902959227077
80.20902959227077
80.20902959227077
80.20902959227077
80.20902959227077
79.78367867776629
78.20380385246399
78.20380385246399
78.20380385246399
78.20380385246399
78.20380385246399
78.20380385246399
78.20380385246399
78.20380385246399
78.20380385246399
79.20641672236738
79.20641672236738
79.20641672236738
79.20641672236738
79.20641672236738
79.20641672236738
79.20641672236738
79.20641672236738
79.20641672236738
79.20641672236738
77.58603228615989
77.2011909825606
77.2011909825606
77.2011909825606
77.2011909825606
77.2011909825606
77.2011909825606
77.2011909825606
77.2011909825606
77.2011909825606
76.5935468189828
76.19857811265723
76.19857811265723
76.19857811265723
76.19857811265723
76.19857811265723
76.19857811265723
76.19857811265723
76.19857811265723
76.17832330720464
74.19335237285046
74.19335237285046
74.19335237285046
74.19335237285046
74.19335237285046
74.19335237285046
74.19335237285046
74.19335237285046
74.19335237285046
74.19335237285046
72.94768183751594
71.1855137631403
71.1855137631403
71.1855137631403
71.1855137631403
71.1855137631403
71.1855137631403
71.1855137631403
71.1855137631403
71.2158959713192
74.19335237285046
74.19335237285046
74.19335237285046
74.19335237285046
74.19335237285046
74.19335237285046
74.19335237285046
74.19335237285046
74.19335237285046
74.19335237285046
74.19335237285046
74.19335237285046
74.19335237285046
74.19335237285046
74.19335237285046
74.19335237285046
74.19335237285046
74.19335237285046
74.19335237285046
72.93755443478965
72.18812663304368
72.18812663304368
72.18812663304368
72.18812663304368
72.18812663304368
72.18812663304368
72.18812663304368
72.18812663304368
72.18812663304368
73.01857365660003
73.19073950294707
73.19073950294707
73.19073950294707
73.19073950294707
73.19073950294707
73.19073950294707
73.19073950294707
73.19073950294707
75.03392679913308
75.19596524275384
75.19596524275384
75.19596524275384
75.19596524275384
75.19596524275384
75.19596524275384
75.19596524275384
75.19596524275384
75.19596524275384
74.81112393915456
73.19073950294707
73.19073950294707
73.19073950294707
73.19073950294707
73.19073950294707
73.19073950294707
73.19073950294707
73.19073950294707
73.19073950294707
73.83889327743006
75.19596524275384
75.19596524275384
75.19596524275384
75.19596524275384
75.19596524275384
75.19596524275384
75.19596524275384
75.19596524275384
77.34297462072877
79.20641672236738
79.20641672236738
79.20641672236738
79.20641672236738
79.20641672236738
79.20641672236738
79.20641672236738
79.20641672236738
79.20641672236738
76.71507565169836
76.19857811265723
76.19857811265723
76.19857811265723
76.19857811265723
76.19857811265723
76.19857811265723
76.19857811265723
76.19857811265723
76.19857811265723
74.92252536914383
74.19335237285046
74.19335237285046
74.19335237285046
74.19335237285046
74.19335237285046
74.19335237285046
74.19335237285046
74.19335237285046
74.19335237285046
73.26163132203115
70.18290089323692
70.18290089323692
70.18290089323692
70.18290089323692
70.18290089323692
70.18290089323692
70.18290089323692
70.18290089323692
70.18290089323692
69.54487452148022
69.18028802333353
69.18028802333353
69.18028802333353
69.18028802333353
69.18028802333353
69.18028802333353
69.18028802333353
69.18028802333353
69.18028802333353
69.18028802333353
69.18028802333353
69.18028802333353
69.18028802333353
69.18028802333353
69.18028802333353
69.18028802333353
69.18028802333353
69.18028802333353
69.8993336169006
70.18290089323692
70.18290089323692
70.18290089323692
70.18290089323692
70.18290089323692
70.18290089323692
70.18290089323692
70.18290089323692
71.45895363675032
72.18812663304368
72.18812663304368
72.18812663304368
72.18812663304368
72.18812663304368
72.18812663304368
72.18812663304368
74.3351360110186
76.19857811265723
76.19857811265723
76.19857811265723
76.19857811265723
76.19857811265723
76.19857811265723
76.19857811265723
81.48508233578416
82.21425533207753
82.21425533207753
82.21425533207753
82.21425533207753
82.21425533207753
82.21425533207753
82.84215430110794
84.2194810718843
84.2194810718843
84.2194810718843
84.2194810718843
84.2194810718843
84.2194810718843
84.2194810718843
84.2194810718843
84.2194810718843
82.49782260841384
82.21425533207753
82.21425533207753
82.21425533207753
82.21425533207753
82.21425533207753
82.21425533207753
82.21425533207753
82.21425533207753
82.21425533207753
82.21425533207753
82.21425533207753
82.21425533207753
82.21425533207753
82.21425533207753
82.21425533207753
82.21425533207753
82.21425533207753
78.77093840513662
78.20380385246399
78.20380385246399
78.20380385246399
78.20380385246399
78.20380385246399
78.20380385246399
78.20380385246399
78.20380385246399
77.5353952725284
77.2011909825606
77.2011909825606
77.2011909825606
77.2011909825606
77.2011909825606
77.2011909825606
77.2011909825606
77.2011909825606
75.68208057361609
75.19596524275384
75.19596524275384
75.19596524275384
75.19596524275384
75.19596524275384
75.19596524275384
75.19596524275384
75.19596524275384
74.3351360110186
74.19335237285046
74.19335237285046
74.19335237285046
74.19335237285046
74.19335237285046
74.19335237285046
74.19335237285046
74.19335237285046
73.43379716837819
73.19073950294707
73.19073950294707
73.19073950294707
73.19073950294707
73.19073950294707
73.19073950294707
73.89965769378784
78.20380385246399
78.20380385246399
78.20380385246399
78.20380385246399
78.20380385246399
78.20380385246399
78.20380385246399
78.02151060339065
75.19596524275384
75.19596524275384
75.19596524275384
75.19596524275384
75.19596524275384
75.19596524275384
75.19596524275384
75.19596524275384
75.19596524275384
75.19596524275384
75.19596524275384
75.19596524275384
75.19596524275384
75.19596524275384
75.19596524275384
75.92513823904721
77.2011909825606
77.2011909825606
77.2011909825606
77.2011909825606
77.2011909825606
77.2011909825606
77.2011909825606
77.2011909825606
77.2011909825606
77.2011909825606
77.2011909825606
77.2011909825606
77.2011909825606
77.2011909825606
77.2011909825606
77.2011909825606
77.2011909825606
77.2011909825606
77.2011909825606
77.2011909825606
77.2011909825606
77.2011909825606
77.2011909825606
77.2011909825606
77.2011909825606
76.84673188714022
76.19857811265723
76.19857811265723
76.19857811265723
76.19857811265723
76.19857811265723
76.19857811265723
76.19857811265723
76.19857811265723
75.84411901723684
75.19596524275384
75.19596524275384
75.19596524275384
75.19596524275384
75.19596524275384
75.19596524275384
75.19596524275384
75.19596524275384
75.57067914362682
76.19857811265723
76.19857811265723
76.19857811265723
76.19857811265723
76.19857811265723
76.19857811265723
76.19857811265723
77.04927994166616
79.20641672236738
79.20641672236738
79.20641672236738
79.20641672236738
79.20641672236738
79.20641672236738
79.20641672236738
79.20641672236738
77.82908995159102
77.2011909825606
77.2011909825606
77.2011909825606
77.2011909825606
77.2011909825606
77.2011909825606
77.2011909825606
77.76832553523323
79.20641672236738
79.20641672236738
79.20641672236738
79.20641672236738
79.20641672236738
79.20641672236738
79.20641672236738
79.20641672236738
79.20641672236738
79.20641672236738
79.20641672236738
79.20641672236738
79.20641672236738
79.20641672236738
79.20641672236738
79.20641672236738
78.07214761702214
75.19596524275384
75.19596524275384
75.19596524275384
75.19596524275384
75.19596524275384
75.19596524275384
75.19596524275384
75.19596524275384
75.19596524275384
75.19596524275384
75.19596524275384
75.19596524275384
75.19596524275384
75.19596524275384
75.19596524275384
75.19596524275384
75.19596524275384
75.19596524275384
75.19596524275384
75.19596524275384
75.19596524275384
75.19596524275384
75.19596524275384
75.19596524275384
75.19596524275384
74.22373458102935
73.19073950294707
73.19073950294707
73.19073950294707
73.19073950294707
73.19073950294707
73.19073950294707
73.19073950294707
73.19073950294707
73.19073950294707
73.19073950294707
73.19073950294707
73.19073950294707
73.19073950294707
73.19073950294707
73.19073950294707
73.19073950294707
73.19073950294707
73.19073950294707
73.19073950294707
73.19073950294707
73.19073950294707
73.19073950294707
73.19073950294707
73.19073950294707
72.19825403576998
71.1855137631403
71.1855137631403
71.1855137631403
71.1855137631403
71.1855137631403
71.1855137631403
71.1855137631403
71.09436713860363
70.18290089323692
70.18290089323692
70.18290089323692
70.18290089323692
70.18290089323692
70.18290089323692
70.18290089323692
70.18290089323692
72.88691742115816
73.19073950294707
73.19073950294707
73.19073950294707
73.19073950294707
73.19073950294707
73.19073950294707
73.03882846205262
72.18812663304368
72.18812663304368
72.18812663304368
72.18812663304368
72.18812663304368
72.18812663304368
72.18812663304368
72.18812663304368
72.18812663304368
72.18812663304368
72.18812663304368
72.18812663304368
72.18812663304368
72.18812663304368
72.49194871483259
74.19335237285046
74.19335237285046
74.19335237285046
74.19335237285046
74.19335237285046
74.19335237285046
74.19335237285046
74.19335237285046
74.19335237285046
74.19335237285046
74.19335237285046
74.19335237285046
74.19335237285046
74.19335237285046
74.19335237285046
72.18812663304368
72.18812663304368
72.18812663304368
72.18812663304368
72.18812663304368
72.18812663304368
72.18812663304368
72.97806404569484
74.19335237285046
74.19335237285046
74.19335237285046
74.19335237285046
74.19335237285046
74.19335237285046
74.19335237285046
72.97806404569484
72.18812663304368
72.18812663304368
72.18812663304368
72.18812663304368
72.18812663304368
72.18812663304368
72.18812663304368
70.58799700228879
70.18290089323692
70.18290089323692
70.18290089323692
70.18290089323692
70.18290089323692
70.18290089323692
72.27927325758036
73.19073950294707
73.19073950294707
73.19073950294707
73.19073950294707
73.19073950294707
73.19073950294707
72.8058981993478
71.1855137631403
71.1855137631403
71.1855137631403
71.1855137631403
71.1855137631403
71.1855137631403
71.1855137631403
71.96532377306515
72.18812663304368
72.18812663304368
72.18812663304368
72.18812663304368
72.18812663304368
72.18812663304368
71.88430455125479
71.1855137631403
71.1855137631403
71.1855137631403
71.1855137631403
71.1855137631403
71.1855137631403
71.1855137631403
71.1855137631403
71.1855137631403
71.1855137631403
71.1855137631403
71.1855137631403
71.1855137631403
71.1855137631403
71.1855137631403
71.1855137631403
71.1855137631403
71.1855137631403
71.1855137631403
71.1855137631403
71.45895363675032
74.19335237285046
74.19335237285046
74.19335237285046
74.19335237285046
74.19335237285046
74.19335237285046
74.19335237285046
75.85424641996313
76.19857811265723
76.19857811265723
76.19857811265723
76.19857811265723
76.19857811265723
76.19857811265723
76.9277511089506
77.2011909825606
77.2011909825606
77.2011909825606
77.2011909825606
77.2011909825606
77.2011909825606
76.35048915355168
75.19596524275384
75.19596524275384
75.19596524275384
75.19596524275384
75.19596524275384
75.19596524275384
74.79086913370196
74.19335237285046
74.19335237285046
74.19335237285046
74.19335237285046
74.19335237285046
74.41615523282898
75.19596524275384
75.19596524275384
75.19596524275384
75.19596524275384
75.19596524275384
75.19596524275384
75.81373680905794
76.19857811265723
76.19857811265723
76.19857811265723
76.19857811265723
76.19857811265723
76.19857811265723
78.30507787972697
80.20902959227077
80.20902959227077
80.20902959227077
80.20902959227077
80.20902959227077
80.19890218954447
79.20641672236738
79.20641672236738
79.20641672236738
79.20641672236738
79.20641672236738
79.20641672236738
79.20641672236738
79.20641672236738
79.20641672236738
79.20641672236738
79.20641672236738
79.20641672236738
79.20641672236738
79.20641672236738
77.01889773348726
76.19857811265723
76.19857811265723
76.19857811265723
76.19857811265723
76.19857811265723
76.19857811265723
76.19857811265723
76.19857811265723
76.19857811265723
76.19857811265723
76.19857811265723
76.19857811265723
76.32010694537279
77.2011909825606
77.2011909825606
77.2011909825606
77.2011909825606
77.2011909825606
77.2011909825606
76.35048915355168
75.19596524275384
75.19596524275384
75.19596524275384
75.19596524275384
75.19596524275384
75.45927771363756
77.2011909825606
77.2011909825606
77.2011909825606
77.2011909825606
77.2011909825606
77.2011909825606
76.86698669259282
76.19857811265723
76.19857811265723
76.19857811265723
76.19857811265723
76.19857811265723
76.19857811265723
74.92252536914383
74.19335237285046
74.19335237285046
74.19335237285046
74.19335237285046
74.19335237285046
74.47691964918677
76.19857811265723
76.19857811265723
76.19857811265723
76.19857811265723
76.19857811265723
76.19857811265723
74.76048692552308
74.19335237285046
74.19335237285046
74.19335237285046
74.19335237285046
74.19335237285046
74.19335237285046
72.04634299487553
70.18290089323692
70.18290089323692
70.18290089323692
70.18290089323692
70.18290089323692
70.18290089323692
70.91207388953029
71.1855137631403
71.1855137631403
71.1855137631403
71.1855137631403
71.1855137631403
70.71965323773065
69.18028802333353
69.18028802333353
69.18028802333353
69.18028802333353
69.18028802333353
69.18028802333353
67.88398047436755
67.17506228352677
67.17506228352677
67.17506228352677
67.17506228352677
67.17506228352677
67.17506228352677
66.33448785724413
66.17244941362338
66.17244941362338
66.17244941362338
66.17244941362338
66.17244941362338
66.17244941362338
66.17244941362338
66.17244941362338
66.17244941362338
66.17244941362338
66.17244941362338
65.72684369366632
65.16983654372
65.16983654372
65.16983654372
65.16983654372
65.16983654372
64.92677887828887
64.16722367381661
64.16722367381661
64.16722367381661
64.16722367381661
64.16722367381661
64.12671406291142
63.16461080391323
63.16461080391323
63.16461080391323
63.16461080391323
63.16461080391323
63.40766846934435
64.16722367381661
64.16722367381661
64.16722367381661
64.16722367381661
64.16722367381661
64.16722367381661
64.16722367381661
64.16722367381661
64.16722367381661
64.16722367381661
64.16722367381661
64.16722367381661
64.16722367381661
64.16722367381661
64.16722367381661
64.16722367381661
64.16722367381661
64.98754329464666
65.16983654372
65.16983654372
65.16983654372
65.16983654372
65.53442304186667
68.17767515343014
68.17767515343014
68.17767515343014
68.17767515343014
68.17767515343014
67.72194203074679
67.17506228352677
67.17506228352677
67.17506228352677
67.17506228352677
67.17506228352677
67.17506228352677
67.17506228352677
67.17506228352677
67.17506228352677
67.17506228352677
67.17506228352677
67.17506228352677
67.17506228352677
67.17506228352677
67.17506228352677
67.17506228352677
67.17506228352677
66.0813027890867
65.16983654372
65.16983654372
65.16983654372
65.16983654372
65.16983654372
67.75232423892568
68.17767515343014
68.17767515343014
68.17767515343014
68.17767515343014
67.6915598225679
66.17244941362338
66.17244941362338
66.17244941362338
66.17244941362338
66.17244941362338
68.14729294525125
69.18028802333353
69.18028802333353
69.18028802333353
69.18028802333353
69.11952360697575
68.17767515343014
68.17767515343014
68.17767515343014
68.17767515343014
68.17767515343014
68.17767515343014
68.17767515343014
68.17767515343014
68.17767515343014
68.17767515343014
68.17767515343014
71.09436713860363
71.1855137631403
71.1855137631403
71.1855137631403
71.1855137631403
71.8437949403496
72.18812663304368
72.18812663304368
72.18812663304368
72.18812663304368
72.18812663304368
72.84640781025298
73.19073950294707
73.19073950294707
73.19073950294707
73.19073950294707
73.30214093293634
74.19335237285046
74.19335237285046
74.19335237285046
74.19335237285046
74.19335237285046
73.93003990196674
