87.46531547834479
86.36613450221847
85.45461857079664
85.45461857079664
85.45461857079664
85.45461857079664
85.45461857079664
85.45461857079664
85.45461857079664
85.45461857079664
85.45461857079664
85.45461857079664
85.45461857079664
85.45461857079664
85.45461857079664
84.82460020643155
84.44927011702256
84.44927011702256
84.44927011702256
84.44927011702256
84.44927011702256
84.44927011702256
84.44927011702256
84.44927011702256
84.44927011702256
84.44927011702256
84.44927011702256
84.67714909987802
85.45461857079664
85.45461857079664
85.45461857079664
85.45461857079664
85.45461857079664
85.45461857079664
85.45461857079664
85.45461857079664
85.45461857079664
85.45461857079664
85.45461857079664
85.45461857079664
85.10609777348829
84.44927011702256
84.44927011702256
84.44927011702256
84.44927011702256
84.44927011702256
84.44927011702256
84.44927011702256
84.44927011702256
84.44927011702256
84.44927011702256
84.44927011702256
84.44927011702256
84.44927011702256
84.44927011702256
84.44927011702256
84.44927011702256
84.44927011702256
84.44927011702256
84.44927011702256
84.44927011702256
84.44927011702256
84.44927011702256
84.44927011702256
84.44927011702256
84.44927011702256
84.44927011702256
84.44927011702256
85.45461857079664
85.45461857079664
85.45461857079664
85.45461857079664
85.45461857079664
85.45461857079664
85.45461857079664
85.45461857079664
85.45461857079664
85.45461857079664
85.45461857079664
85.45461857079664
84.7307676840793
83.44392166324849
83.44392166324849
83.44392166324849
83.44392166324849
83.44392166324849
83.44392166324849
83.44392166324849
83.44392166324849
83.44392166324849
83.44392166324849
83.44392166324849
83.44392166324849
83.44392166324849
84.56991193147545
85.45461857079664
85.45461857079664
85.45461857079664
85.45461857079664
85.45461857079664
85.45461857079664
85.45461857079664
85.45461857079664
85.45461857079664
85.45461857079664
85.45461857079664
85.45461857079664
85.58866503129985
86.45996702457072
86.45996702457072
86.45996702457072
86.45996702457072
86.45996702457072
86.45996702457072
86.45996702457072
86.45996702457072
86.45996702457072
86.45996702457072
86.45996702457072
86.67444136137586
87.46531547834479
87.46531547834479
87.46531547834479
87.46531547834479
87.46531547834479
87.46531547834479
87.46531547834479
87.46531547834479
87.46531547834479
87.46531547834479
87.46531547834479
87.46531547834479
86.0712322891114
83.44392166324849
83.44392166324849
83.44392166324849
83.44392166324849
83.44392166324849
83.44392166324849
83.44392166324849
83.44392166324849
83.44392166324849
83.44392166324849
83.44392166324849
83.44392166324849
83.44392166324849
83.44392166324849
83.99351215131165
84.44927011702256
84.44927011702256
84.44927011702256
84.44927011702256
84.44927011702256
84.44927011702256
84.44927011702256
84.44927011702256
84.44927011702256
84.44927011702256
84.44927011702256
84.44927011702256
85.46802321684696
86.45996702457072
86.45996702457072
86.45996702457072
86.45996702457072
86.45996702457072
86.45996702457072
86.45996702457072
86.45996702457072
86.45996702457072
86.45996702457072
86.45996702457072
86.45996702457072
86.45996702457072
86.45996702457072
86.45996702457072
86.45996702457072
86.45996702457072
86.45996702457072
86.45996702457072
86.45996702457072
86.45996702457072
86.45996702457072
86.45996702457072
86.45996702457072
86.45996702457072
86.74146459162746
87.46531547834479
87.46531547834479
87.46531547834479
87.46531547834479
87.46531547834479
87.46531547834479
87.46531547834479
87.46531547834479
87.46531547834479
87.46531547834479
87.46531547834479
87.89426415195507
89.47601238589296
89.47601238589296
89.47601238589296
89.47601238589296
89.47601238589296
89.47601238589296
89.47601238589296
89.47601238589296
89.47601238589296
89.47601238589296
89.47601238589296
89.47601238589296
89.47601238589296
86.79508317582874
85.45461857079664
85.45461857079664
85.45461857079664
85.45461857079664
85.45461857079664
85.45461857079664
85.45461857079664
85.45461857079664
85.45461857079664
85.45461857079664
85.45461857079664
85.45461857079664
85.45461857079664
86.92912963633195
87.46531547834479
87.46531547834479
87.46531547834479
87.46531547834479
87.46531547834479
87.46531547834479
87.46531547834479
87.46531547834479
87.46531547834479
87.46531547834479
87.46531547834479
87.46531547834479
87.46531547834479
87.46531547834479
87.46531547834479
87.46531547834479
87.46531547834479
87.46531547834479
87.46531547834479
87.46531547834479
87.46531547834479
87.46531547834479
87.46531547834479
87.46531547834479
87.46531547834479
85.5618557391992
85.45461857079664
85.45461857079664
85.45461857079664
85.45461857079664
85.45461857079664
85.45461857079664
85.45461857079664
85.45461857079664
85.45461857079664
85.45461857079664
85.45461857079664
85.45461857079664
85.45461857079664
84.58331657752578
84.44927011702256
84.44927011702256
84.44927011702256
84.44927011702256
84.44927011702256
84.44927011702256
84.44927011702256
84.44927011702256
84.44927011702256
84.44927011702256
84.44927011702256
84.2213911341671
83.44392166324849
83.44392166324849
83.44392166324849
83.44392166324849
83.44392166324849
83.44392166324849
83.44392166324849
83.44392166324849
83.44392166324849
83.44392166324849
83.44392166324849
83.44392166324849
83.44392166324849
79.95871369016501
78.4171793943781
78.4171793943781
78.4171793943781
78.4171793943781
78.4171793943781
78.4171793943781
78.4171793943781
78.4171793943781
78.4171793943781
78.4171793943781
78.4171793943781
78.4171793943781
78.4171793943781
78.4171793943781
78.4171793943781
78.4171793943781
78.4171793943781
78.4171793943781
78.4171793943781
78.4171793943781
78.4171793943781
78.4171793943781
78.4171793943781
79.27507674159864
82.4385732094744
82.4385732094744
82.4385732094744
82.4385732094744
82.4385732094744
82.4385732094744
82.4385732094744
82.4385732094744
82.4385732094744
82.4385732094744
82.4385732094744
82.4385732094744
82.4385732094744
82.4385732094744
81.44662940175064
80.42787630192625
80.42787630192625
80.42787630192625
80.42787630192625
80.42787630192625
80.42787630192625
80.42787630192625
80.42787630192625
80.42787630192625
80.42787630192625
80.42787630192625
80.42787630192625
80.42787630192625
80.42787630192625
84.93183737483412
86.45996702457072
86.45996702457072
86.45996702457072
86.45996702457072
86.45996702457072
86.45996702457072
86.45996702457072
86.45996702457072
86.45996702457072
86.45996702457072
86.45996702457072
86.45996702457072
86.45996702457072
86.45996702457072
86.45996702457072
86.45996702457072
86.45996702457072
86.45996702457072
86.45996702457072
86.45996702457072
86.45996702457072
86.45996702457072
86.45996702457072
86.45996702457072
86.45996702457072
86.45996702457072
86.45996702457072
84.10074931971421
82.4385732094744
82.4385732094744
82.4385732094744
82.4385732094744
82.4385732094744
82.4385732094744
82.4385732094744
82.4385732094744
82.4385732094744
82.4385732094744
82.4385732094744
82.4385732094744
82.4385732094744
81.90238736746156
81.43322475570032
81.43322475570032
81.43322475570032
81.43322475570032
81.43322475570032
81.43322475570032
81.43322475570032
81.43322475570032
81.43322475570032
81.43322475570032
81.50024798595193
82.4385732094744
82.4385732094744
82.4385732094744
82.4385732094744
82.4385732094744
82.4385732094744
82.4385732094744
82.4385732094744
82.4385732094744
82.4385732094744
82.4385732094744
82.4385732094744
82.4385732094744
82.4385732094744
84.44927011702256
84.44927011702256
84.44927011702256
84.44927011702256
84.44927011702256
84.44927011702256
84.44927011702256
84.44927011702256
84.44927011702256
84.44927011702256
84.44927011702256
84.44927011702256
84.44927011702256
84.44927011702256
84.44927011702256
84.44927011702256
84.44927011702256
84.44927011702256
84.44927011702256
84.44927011702256
84.44927011702256
84.44927011702256
84.44927011702256
84.44927011702256
84.44927011702256
84.44927011702256
84.44927011702256
84.44927011702256
83.85946569080843
83.44392166324849
83.44392166324849
83.44392166324849
83.44392166324849
83.44392166324849
83.44392166324849
83.44392166324849
83.44392166324849
83.44392166324849
83.44392166324849
83.44392166324849
83.44392166324849
83.44392166324849
83.0685915738395
82.4385732094744
82.4385732094744
82.4385732094744
82.4385732094744
82.4385732094744
82.4385732094744
82.4385732094744
82.4385732094744
82.4385732094744
82.4385732094744
82.4385732094744
82.4385732094744
82.4385732094744
84.12755861181486
85.45461857079664
85.45461857079664
85.45461857079664
85.45461857079664
85.45461857079664
85.45461857079664
85.45461857079664
85.45461857079664
85.45461857079664
85.45461857079664
85.45461857079664
85.45461857079664
83.44392166324849
82.4385732094744
82.4385732094744
82.4385732094744
82.4385732094744
82.4385732094744
82.4385732094744
82.4385732094744
82.4385732094744
82.4385732094744
82.4385732094744
82.4385732094744
82.4385732094744
82.4385732094744
82.90773582123565
83.44392166324849
83.44392166324849
83.44392166324849
83.44392166324849
83.44392166324849
83.44392166324849
83.44392166324849
83.44392166324849
83.44392166324849
83.44392166324849
83.44392166324849
84.16777254996582
84.44927011702256
84.44927011702256
84.44927011702256
84.44927011702256
84.44927011702256
84.44927011702256
84.44927011702256
84.44927011702256
84.44927011702256
84.44927011702256
84.44927011702256
83.10880551199045
79.42252784815217
79.42252784815217
79.42252784815217
79.42252784815217
79.42252784815217
79.42252784815217
79.42252784815217
79.42252784815217
79.42252784815217
79.42252784815217
79.42252784815217
79.42252784815217
80.42787630192625
84.44927011702256
84.44927011702256
84.44927011702256
84.44927011702256
84.44927011702256
84.44927011702256
84.44927011702256
84.44927011702256
84.44927011702256
84.44927011702256
84.44927011702256
83.91308427500972
82.4385732094744
82.4385732094744
82.4385732094744
82.4385732094744
82.4385732094744
82.4385732094744
82.4385732094744
82.4385732094744
82.4385732094744
82.4385732094744
82.4385732094744
82.4385732094744
82.4385732094744
82.4385732094744
80.88363426763716
80.42787630192625
80.42787630192625
80.42787630192625
80.42787630192625
80.42787630192625
80.42787630192625
80.42787630192625
80.42787630192625
80.42787630192625
80.42787630192625
80.42787630192625
80.42787630192625
80.42787630192625
80.64235063873139
84.44927011702256
84.44927011702256
84.44927011702256
84.44927011702256
84.44927011702256
84.44927011702256
84.44927011702256
84.44927011702256
84.44927011702256
84.44927011702256
84.44927011702256
84.44927011702256
84.44927011702256
84.44927011702256
84.44927011702256
84.44927011702256
84.44927011702256
84.44927011702256
84.44927011702256
84.44927011702256
84.44927011702256
84.44927011702256
84.44927011702256
84.44927011702256
84.44927011702256
84.44927011702256
84.1543679039155
83.44392166324849
83.44392166324849
83.44392166324849
83.44392166324849
83.44392166324849
83.44392166324849
83.44392166324849
83.44392166324849
83.44392166324849
83.44392166324849
83.44392166324849
83.44392166324849
83.44392166324849
83.44392166324849
83.44392166324849
83.44392166324849
83.44392166324849
83.44392166324849
83.44392166324849
83.44392166324849
83.44392166324849
83.44392166324849
83.44392166324849
83.44392166324849
83.44392166324849
83.44392166324849
87.86745485985443
88.47066393211887
88.47066393211887
88.47066393211887
88.47066393211887
88.47066393211887
88.47066393211887
88.47066393211887
88.47066393211887
88.47066393211887
88.47066393211887
88.47066393211887
87.29105507969062
80.42787630192625
80.42787630192625
80.42787630192625
80.42787630192625
80.42787630192625
80.42787630192625
80.42787630192625
80.42787630192625
80.42787630192625
80.42787630192625
80.42787630192625
80.42787630192625
80.42787630192625
80.62894599268107
81.43322475570032
81.43322475570032
81.43322475570032
81.43322475570032
81.43322475570032
81.43322475570032
81.43322475570032
81.43322475570032
81.43322475570032
81.43322475570032
81.43322475570032
82.45197785552473
83.44392166324849
83.44392166324849
83.44392166324849
83.44392166324849
83.44392166324849
83.44392166324849
83.44392166324849
83.44392166324849
83.44392166324849
83.44392166324849
83.44392166324849
83.44392166324849
82.70666613048083
82.4385732094744
82.4385732094744
82.4385732094744
82.4385732094744
82.4385732094744
82.4385732094744
82.4385732094744
82.4385732094744
82.4385732094744
82.4385732094744
82.4385732094744
82.4385732094744
82.3045267489712
80.42787630192625
80.42787630192625
80.42787630192625
80.42787630192625
80.42787630192625
80.42787630192625
80.42787630192625
80.42787630192625
80.42787630192625
80.42787630192625
80.42787630192625
80.42787630192625
82.06324312006542
82.4385732094744
82.4385732094744
82.4385732094744
82.4385732094744
82.4385732094744
82.4385732094744
82.4385732094744
82.4385732094744
82.4385732094744
82.4385732094744
82.4385732094744
81.28577364914679
80.42787630192625
80.42787630192625
80.42787630192625
80.42787630192625
80.42787630192625
80.42787630192625
80.42787630192625
80.42787630192625
80.42787630192625
80.42787630192625
80.42787630192625
80.42787630192625
80.87022962158684
81.43322475570032
81.43322475570032
81.43322475570032
81.43322475570032
81.43322475570032
81.43322475570032
81.43322475570032
81.43322475570032
81.43322475570032
81.43322475570032
81.43322475570032
83.2026380343427
84.44927011702256
84.44927011702256
84.44927011702256
84.44927011702256
84.44927011702256
84.44927011702256
84.44927011702256
84.44927011702256
84.44927011702256
84.44927011702256
84.44927011702256
83.59137276980202
80.42787630192625
80.42787630192625
80.42787630192625
80.42787630192625
80.42787630192625
80.42787630192625
80.42787630192625
80.42787630192625
80.42787630192625
80.42787630192625
80.42787630192625
80.42787630192625
80.42787630192625
81.36620152544872
81.43322475570032
81.43322475570032
81.43322475570032
81.43322475570032
81.43322475570032
81.43322475570032
81.43322475570032
81.43322475570032
81.43322475570032
81.43322475570032
81.43322475570032
83.09540086594014
83.44392166324849
83.44392166324849
83.44392166324849
83.44392166324849
83.44392166324849
83.44392166324849
83.44392166324849
83.44392166324849
83.44392166324849
83.44392166324849
83.44392166324849
82.70666613048083
82.4385732094744
82.4385732094744
82.4385732094744
82.4385732094744
82.4385732094744
82.4385732094744
82.4385732094744
82.4385732094744
82.4385732094744
82.4385732094744
82.4385732094744
81.98281524376348
80.42787630192625
80.42787630192625
80.42787630192625
80.42787630192625
80.42787630192625
80.42787630192625
80.42787630192625
80.42787630192625
80.42787630192625
80.42787630192625
80.42787630192625
83.59137276980202
84.44927011702256
84.44927011702256
84.44927011702256
84.44927011702256
84.44927011702256
84.44927011702256
84.44927011702256
84.44927011702256
84.44927011702256
84.44927011702256
84.44927011702256
84.44927011702256
83.24285197249367
82.4385732094744
82.4385732094744
82.4385732094744
82.4385732094744
82.4385732094744
82.4385732094744
82.4385732094744
82.4385732094744
82.4385732094744
82.4385732094744
82.4385732094744
82.4385732094744
82.4385732094744
82.4385732094744
82.4385732094744
82.4385732094744
82.4385732094744
82.4385732094744
82.4385732094744
82.4385732094744
82.4385732094744
82.4385732094744
82.4385732094744
82.4385732094744
83.16242409619174
84.44927011702256
84.44927011702256
84.44927011702256
84.44927011702256
84.44927011702256
84.44927011702256
84.44927011702256
84.44927011702256
84.44927011702256
84.44927011702256
84.44927011702256
84.44927011702256
83.55115883165105
83.44392166324849
83.44392166324849
83.44392166324849
83.44392166324849
83.44392166324849
83.44392166324849
83.44392166324849
83.44392166324849
83.44392166324849
83.44392166324849
83.44392166324849
83.44392166324849
82.72007077653114
82.4385732094744
82.4385732094744
82.4385732094744
82.4385732094744
82.4385732094744
82.4385732094744
82.4385732094744
82.4385732094744
82.4385732094744
82.4385732094744
82.4385732094744
82.4385732094744
82.14367099636735
81.43322475570032
81.43322475570032
81.43322475570032
81.43322475570032
81.43322475570032
81.43322475570032
81.43322475570032
81.43322475570032
81.43322475570032
81.43322475570032
81.43322475570032
81.43322475570032
81.43322475570032
79.63700218495731
79.42252784815217
79.42252784815217
79.42252784815217
79.42252784815217
79.42252784815217
79.42252784815217
79.42252784815217
79.42252784815217
79.42252784815217
79.42252784815217
79.42252784815217
79.42252784815217
80.42787630192625
82.4385732094744
82.4385732094744
82.4385732094744
82.4385732094744
82.4385732094744
82.4385732094744
82.4385732094744
82.4385732094744
82.4385732094744
82.4385732094744
82.4385732094744
82.4385732094744
83.61818206190266
84.44927011702256
84.44927011702256
84.44927011702256
84.44927011702256
84.44927011702256
84.44927011702256
84.44927011702256
84.44927011702256
84.44927011702256
84.44927011702256
84.44927011702256
84.44927011702256
82.81390329888339
82.4385732094744
82.4385732094744
82.4385732094744
82.4385732094744
82.4385732094744
82.4385732094744
82.4385732094744
82.4385732094744
82.4385732094744
82.4385732094744
82.4385732094744
82.4385732094744
83.24285197249367
83.44392166324849
83.44392166324849
83.44392166324849
83.44392166324849
83.44392166324849
83.44392166324849
83.44392166324849
83.44392166324849
83.44392166324849
83.44392166324849
83.44392166324849
84.46267476307288
85.45461857079664
85.45461857079664
85.45461857079664
85.45461857079664
85.45461857079664
85.45461857079664
85.45461857079664
85.45461857079664
