2.06508580787581
2.06508580787581
2.06508580787581
2.06508580787581
2.06508580787581
2.06508580787581
2.06508580787581
2.06508580787581
2.06508580787581
2.06508580787581
2.06508580787581
2.06508580787581
1.174962614825892
1.032542903937905
1.032542903937905
1.032542903937905
1.032542903937905
1.032542903937905
1.032542903937905
1.032542903937905
1.032542903937905
1.032542903937905
1.032542903937905
1.032542903937905
1.032542903937905
1.032542903937905
1.032542903937905
1.566616819767856
2.06508580787581
2.06508580787581
2.06508580787581
2.06508580787581
2.06508580787581
2.06508580787581
2.06508580787581
2.06508580787581
2.06508580787581
2.741579434593748
3.0976287118137154
3.0976287118137154
3.0976287118137154
3.0976287118137154
3.0976287118137154
3.0976287118137154
3.0976287118137154
3.667307555365663
4.13017161575162
4.13017161575162
4.13017161575162
4.13017161575162
4.13017161575162
4.13017161575162
4.13017161575162
4.13017161575162
4.13017161575162
4.13017161575162
4.13017161575162
4.13017161575162
4.13017161575162
4.13017161575162
4.13017161575162
4.13017161575162
4.13017161575162
4.13017161575162
4.13017161575162
4.13017161575162
4.13017161575162
4.13017161575162
3.524887844477676
3.0976287118137154
3.0976287118137154
3.0976287118137154
3.0976287118137154
3.0976287118137154
3.0976287118137154
3.0976287118137154
3.0976287118137154
3.0976287118137154
3.0976287118137154
2.883999145481735
2.06508580787581
2.06508580787581
2.06508580787581
2.06508580787581
2.06508580787581
2.06508580787581
2.06508580787581
2.06508580787581
2.06508580787581
2.06508580787581
2.06508580787581
2.06508580787581
1.9226660969878233
1.032542903937905
1.032542903937905
1.032542903937905
1.032542903937905
1.032542903937905
1.032542903937905
1.032542903937905
1.032542903937905
1.032542903937905
1.032542903937905
1.032542903937905
1.032542903937905
1.032542903937905
1.032542903937905
1.032542903937905
1.032542903937905
1.032542903937905
1.032542903937905
1.032542903937905
1.032542903937905
1.032542903937905
1.032542903937905
1.032542903937905
1.032542903937905
1.032542903937905
1.032542903937905
1.032542903937905
1.032542903937905
1.032542903937905
1.032542903937905
1.032542903937905
2.0294808801538133
2.06508580787581
2.06508580787581
2.06508580787581
2.06508580787581
2.06508580787581
2.990813928647725
3.0976287118137154
3.0976287118137154
3.0976287118137154
3.0976287118137154
3.0976287118137154
3.0976287118137154
3.9165420494196397
4.13017161575162
4.13017161575162
4.13017161575162
4.13017161575162
4.13017161575162
4.13017161575162
4.13017161575162
4.13017161575162
4.13017161575162
4.13017161575162
4.13017161575162
4.13017161575162
4.13017161575162
4.13017161575162
4.13017161575162
4.13017161575162
4.13017161575162
3.382468133589689
3.0976287118137154
3.0976287118137154
3.0976287118137154
3.0976287118137154
3.0976287118137154
3.0976287118137154
3.0976287118137154
3.0976287118137154
3.026418856369722
2.06508580787581
2.06508580787581
2.06508580787581
2.06508580787581
2.06508580787581
2.06508580787581
2.06508580787581
1.3885921811578723
1.032542903937905
1.032542903937905
1.032542903937905
1.032542903937905
1.032542903937905
1.032542903937905
1.032542903937905
1.032542903937905
1.032542903937905
1.032542903937905
1.032542903937905
1.032542903937905
1.032542903937905
1.032542903937905
1.032542903937905
1.032542903937905
1.032542903937905
1.032542903937905
1.032542903937905
1.032542903937905
1.032542903937905
1.032542903937905
1.032542903937905
1.032542903937905
1.032542903937905
1.032542903937905
1.032542903937905
1.032542903937905
1.032542903937905
1.032542903937905
1.032542903937905
1.032542903937905
1.032542903937905
1.032542903937905
1.032542903937905
1.032542903937905
1.032542903937905
1.673431602933846
2.06508580787581
2.06508580787581
2.06508580787581
2.06508580787581
2.06508580787581
2.848394217759738
3.0976287118137154
3.0976287118137154
3.0976287118137154
3.0976287118137154
3.0976287118137154
3.3112582781456954
4.13017161575162
4.13017161575162
4.13017161575162
4.13017161575162
4.13017161575162
4.13017161575162
4.13017161575162
4.13017161575162
4.13017161575162
4.13017161575162
4.13017161575162
4.13017161575162
4.13017161575162
4.13017161575162
4.13017161575162
4.13017161575162
4.13017161575162
4.13017161575162
4.13017161575162
4.13017161575162
4.13017161575162
4.13017161575162
4.13017161575162
4.13017161575162
4.094566688029624
3.0976287118137154
3.0976287118137154
3.0976287118137154
3.0976287118137154
3.0976287118137154
3.0976287118137154
3.0976287118137154
3.0976287118137154
2.100690735597807
2.06508580787581
2.06508580787581
2.06508580787581
2.06508580787581
2.06508580787581
1.9226660969878233
1.032542903937905
1.032542903937905
1.032542903937905
1.032542903937905
1.032542903937905
1.032542903937905
1.032542903937905
1.032542903937905
1.032542903937905
1.032542903937905
1.032542903937905
1.032542903937905
1.032542903937905
0.6052837712739444
0.0
0.0
0.0
0.0
0.0
0.0
0.0
0.0
0.0
0.0
0.0
0.0
0.0
0.0
0.0
0.0
0.0
0.0
0.24923449405397707
1.032542903937905
1.032542903937905
1.032542903937905
1.032542903937905
1.032542903937905
1.1037527593818985
2.06508580787581
2.06508580787581
2.06508580787581
2.06508580787581
2.06508580787581
2.705974506871751
3.0976287118137154
3.0976287118137154
3.0976287118137154
3.0976287118137154
3.0976287118137154
3.0976287118137154
3.8453321939756466
4.13017161575162
4.13017161575162
4.13017161575162
4.13017161575162
4.13017161575162
4.13017161575162
4.13017161575162
4.13017161575162
4.13017161575162
4.13017161575162
4.13017161575162
4.13017161575162
4.13017161575162
4.13017161575162
4.13017161575162
4.13017161575162
4.13017161575162
3.3112582781456954
3.0976287118137154
3.0976287118137154
3.0976287118137154
3.0976287118137154
3.0976287118137154
3.0976287118137154
3.0976287118137154
3.0976287118137154
3.0976287118137154
3.0620237840917186
2.06508580787581
2.06508580787581
2.06508580787581
2.06508580787581
2.06508580787581
2.06508580787581
2.06508580787581
2.06508580787581
1.5310118920458593
1.032542903937905
1.032542903937905
1.032542903937905
1.032542903937905
1.032542903937905
1.032542903937905
1.032542903937905
1.032542903937905
1.032542903937905
1.032542903937905
1.032542903937905
1.032542903937905
1.032542903937905
0.1424197108879869
0.0
0.0
0.0
0.0
0.0
0.0
0.0
0.0
0.0
0.0
0.0
0.0
0.0
0.0
0.0
0.0
0.0
0.0
0.0
0.0
0.0
0.49846898810795415
1.032542903937905
1.032542903937905
1.032542903937905
1.032542903937905
1.032542903937905
1.032542903937905
1.3529872534358756
2.06508580787581
2.06508580787581
2.06508580787581
2.06508580787581
2.06508580787581
2.883999145481735
3.0976287118137154
3.0976287118137154
3.0976287118137154
3.0976287118137154
3.0976287118137154
3.0976287118137154
3.8809371216976434
4.13017161575162
4.13017161575162
4.13017161575162
4.13017161575162
4.13017161575162
4.13017161575162
4.13017161575162
4.13017161575162
4.13017161575162
4.13017161575162
4.13017161575162
4.13017161575162
4.13017161575162
4.13017161575162
4.13017161575162
4.13017161575162
4.13017161575162
3.631702627643666
3.0976287118137154
3.0976287118137154
3.0976287118137154
3.0976287118137154
3.0976287118137154
3.0976287118137154
3.0976287118137154
3.0976287118137154
3.0976287118137154
3.0976287118137154
3.0976287118137154
2.6703695791497544
2.06508580787581
2.06508580787581
2.06508580787581
2.06508580787581
2.06508580787581
2.06508580787581
2.06508580787581
1.6022217474898526
1.032542903937905
1.032542903937905
1.032542903937905
1.032542903937905
1.032542903937905
1.032542903937905
1.032542903937905
1.032542903937905
1.032542903937905
0.2848394217759738
0.0
0.0
0.0
0.0
0.0
0.0
0.0
0.0
0.0
0.0
0.0
0.0
0.0
0.0
0.0
0.0
0.0
0.0
0.03560492772199673
1.032542903937905
1.032542903937905
1.032542903937905
1.032542903937905
1.032542903937905
1.032542903937905
1.2461724702698853
2.06508580787581
2.06508580787581
2.06508580787581
2.06508580787581
2.06508580787581
2.883999145481735
3.0976287118137154
3.0976287118137154
3.0976287118137154
3.0976287118137154
3.0976287118137154
3.0976287118137154
4.13017161575162
4.13017161575162
4.13017161575162
4.13017161575162
4.13017161575162
4.13017161575162
4.13017161575162
4.13017161575162
4.13017161575162
4.13017161575162
4.13017161575162
4.13017161575162
4.13017161575162
4.13017161575162
3.667307555365663
3.0976287118137154
3.0976287118137154
3.0976287118137154
3.0976287118137154
3.0976287118137154
3.0976287118137154
3.0976287118137154
3.0976287118137154
3.0976287118137154
3.0976287118137154
2.4211350850957776
2.06508580787581
2.06508580787581
2.06508580787581
2.06508580787581
2.06508580787581
2.06508580787581
2.06508580787581
2.06508580787581
2.705974506871751
3.0976287118137154
3.0976287118137154
3.0976287118137154
3.0976287118137154
3.0976287118137154
3.0976287118137154
3.0976287118137154
3.382468133589689
4.13017161575162
4.13017161575162
4.13017161575162
4.13017161575162
4.13017161575162
4.13017161575162
4.13017161575162
4.13017161575162
4.13017161575162
4.13017161575162
4.13017161575162
4.13017161575162
4.13017161575162
4.13017161575162
4.13017161575162
4.13017161575162
4.13017161575162
4.13017161575162
4.13017161575162
4.13017161575162
4.13017161575162
4.13017161575162
4.13017161575162
4.13017161575162
4.13017161575162
3.489282916755679
3.0976287118137154
3.0976287118137154
3.0976287118137154
3.0976287118137154
3.0976287118137154
3.0976287118137154
3.0976287118137154
3.0976287118137154
3.0976287118137154
3.0976287118137154
3.0976287118137154
3.0976287118137154
3.0976287118137154
3.0976287118137154
3.0976287118137154
3.0976287118137154
3.0976287118137154
3.0976287118137154
3.0976287118137154
3.0976287118137154
2.207505518763797
2.06508580787581
2.06508580787581
2.06508580787581
2.06508580787581
2.06508580787581
2.06508580787581
2.06508580787581
2.06508580787581
2.06508580787581
2.06508580787581
2.06508580787581
1.1393576871038953
1.032542903937905
1.032542903937905
1.032542903937905
1.032542903937905
1.032542903937905
1.032542903937905
1.032542903937905
1.032542903937905
1.032542903937905
1.032542903937905
1.032542903937905
1.032542903937905
1.032542903937905
1.032542903937905
1.032542903937905
1.032542903937905
1.032542903937905
1.032542903937905
1.032542903937905
1.032542903937905
1.2461724702698853
2.06508580787581
2.06508580787581
2.06508580787581
2.06508580787581
2.06508580787581
2.06508580787581
2.06508580787581
2.9552090009257284
3.0976287118137154
3.0976287118137154
3.0976287118137154
3.0976287118137154
3.0976287118137154
3.0976287118137154
3.0976287118137154
3.0976287118137154
3.0976287118137154
3.0976287118137154
3.0976287118137154
3.0976287118137154
3.0976287118137154
3.0976287118137154
3.0976287118137154
3.0976287118137154
3.0976287118137154
3.0976287118137154
3.0976287118137154
3.0976287118137154
3.0976287118137154
3.0976287118137154
3.0976287118137154
3.0976287118137154
3.0976287118137154
3.0976287118137154
3.0976287118137154
3.0976287118137154
3.0976287118137154
3.0976287118137154
3.0976287118137154
3.0976287118137154
3.0976287118137154
3.0976287118137154
3.0976287118137154
3.0976287118137154
3.0976287118137154
3.0976287118137154
3.0976287118137154
3.0976287118137154
3.0976287118137154
3.0976287118137154
3.0976287118137154
3.0976287118137154
3.0976287118137154
3.0976287118137154
3.0976287118137154
3.0976287118137154
3.0976287118137154
3.0976287118137154
3.0976287118137154
3.0976287118137154
3.0976287118137154
3.0976287118137154
3.0976287118137154
3.168838567257709
4.13017161575162
4.13017161575162
4.13017161575162
4.13017161575162
4.13017161575162
4.13017161575162
4.13017161575162
4.13017161575162
4.13017161575162
4.13017161575162
4.13017161575162
4.13017161575162
4.13017161575162
4.13017161575162
4.13017161575162
4.13017161575162
4.13017161575162
4.13017161575162
4.13017161575162
4.13017161575162
4.13017161575162
4.13017161575162
4.13017161575162
4.13017161575162
4.13017161575162
4.13017161575162
4.13017161575162
4.13017161575162
4.13017161575162
4.13017161575162
4.13017161575162
4.13017161575162
4.13017161575162
4.13017161575162
4.13017161575162
4.13017161575162
4.13017161575162
4.13017161575162
4.13017161575162
4.13017161575162
4.13017161575162
4.13017161575162
3.346863205867692
3.0976287118137154
3.0976287118137154
3.0976287118137154
3.0976287118137154
3.0976287118137154
3.0976287118137154
3.0976287118137154
3.0976287118137154
3.0976287118137154
3.0976287118137154
3.0976287118137154
3.0976287118137154
3.0976287118137154
3.0976287118137154
3.0976287118137154
3.0976287118137154
3.0976287118137154
3.0976287118137154
3.0976287118137154
3.0976287118137154
3.0976287118137154
3.0976287118137154
3.0976287118137154
3.0976287118137154
3.0976287118137154
3.0976287118137154
3.4180730613116856
4.13017161575162
4.13017161575162
4.13017161575162
4.13017161575162
4.13017161575162
4.13017161575162
4.13017161575162
4.13017161575162
4.13017161575162
4.13017161575162
4.13017161575162
4.13017161575162
4.13017161575162
4.13017161575162
4.13017161575162
4.13017161575162
4.13017161575162
4.13017161575162
4.13017161575162
4.13017161575162
4.13017161575162
4.13017161575162
4.13017161575162
4.13017161575162
4.13017161575162
4.13017161575162
4.13017161575162
4.13017161575162
4.13017161575162
4.13017161575162
4.13017161575162
4.13017161575162
4.13017161575162
4.13017161575162
4.13017161575162
4.13017161575162
4.13017161575162
4.13017161575162
4.13017161575162
4.13017161575162
4.13017161575162
4.13017161575162
4.13017161575162
4.13017161575162
4.13017161575162
4.13017161575162
4.13017161575162
4.13017161575162
4.13017161575162
3.524887844477676
3.0976287118137154
3.0976287118137154
3.0976287118137154
3.0976287118137154
3.0976287118137154
3.0976287118137154
3.0976287118137154
3.0976287118137154
3.0976287118137154
3.0976287118137154
3.0976287118137154
3.0976287118137154
3.0976287118137154
3.0976287118137154
2.5279498682617674
2.06508580787581
2.06508580787581
2.06508580787581
2.06508580787581
2.06508580787581
2.06508580787581
2.06508580787581
2.06508580787581
2.06508580787581
2.06508580787581
2.06508580787581
2.06508580787581
2.06508580787581
2.06508580787581
2.06508580787581
2.06508580787581
2.06508580787581
2.06508580787581
2.06508580787581
2.06508580787581
2.06508580787581
2.06508580787581
2.06508580787581
2.06508580787581
2.06508580787581
2.06508580787581
2.06508580787581
2.06508580787581
2.06508580787581
1.1037527593818985
1.032542903937905
1.032542903937905
1.032542903937905
1.032542903937905
1.032542903937905
1.032542903937905
1.032542903937905
1.032542903937905
1.032542903937905
1.032542903937905
1.032542903937905
1.032542903937905
1.032542903937905
1.032542903937905
1.032542903937905
1.032542903937905
1.032542903937905
1.032542903937905
1.032542903937905
1.032542903937905
1.032542903937905
1.032542903937905
1.032542903937905
1.032542903937905
1.032542903937905
1.032542903937905
1.032542903937905
1.032542903937905
1.032542903937905
1.032542903937905
1.032542903937905
1.032542903937905
1.032542903937905
1.032542903937905
1.032542903937905
1.032542903937905
1.032542903937905
1.032542903937905
1.032542903937905
1.032542903937905
1.4598020366018658
2.06508580787581
2.06508580787581
2.06508580787581
2.06508580787581
2.06508580787581
2.5279498682617674
3.0976287118137154
3.0976287118137154
3.0976287118137154
3.0976287118137154
3.0976287118137154
3.0976287118137154
3.0976287118137154
3.0976287118137154
3.0976287118137154
3.0976287118137154
3.0976287118137154
3.0976287118137154
3.0976287118137154
3.0976287118137154
3.0976287118137154
3.0976287118137154
3.0976287118137154
3.0976287118137154
3.0976287118137154
3.0976287118137154
3.0976287118137154
3.0976287118137154
3.0976287118137154
3.0976287118137154
3.0976287118137154
2.6347646514277576
2.06508580787581
2.06508580787581
2.06508580787581
2.06508580787581
2.06508580787581
2.06508580787581
2.06508580787581
2.06508580787581
2.06508580787581
2.06508580787581
2.06508580787581
2.06508580787581
2.06508580787581
2.06508580787581
2.06508580787581
1.032542903937905
1.032542903937905
