124.66320826798568
125.21279875604885
125.66855672175976
125.66855672175976
125.66855672175976
125.66855672175976
125.66855672175976
125.66855672175976
125.66855672175976
125.66855672175976
125.66855672175976
125.66855672175976
125.66855672175976
125.66855672175976
125.66855672175976
125.03853835739467
124.66320826798568
124.66320826798568
124.66320826798568
124.66320826798568
124.66320826798568
124.66320826798568
124.66320826798568
124.66320826798568
124.66320826798568
124.66320826798568
124.66320826798568
124.20745030227476
122.65251136043753
122.65251136043753
122.65251136043753
122.65251136043753
122.65251136043753
122.65251136043753
122.65251136043753
122.65251136043753
122.65251136043753
122.65251136043753
122.65251136043753
122.65251136043753
123.69807375236257
125.66855672175976
125.66855672175976
125.66855672175976
125.66855672175976
125.66855672175976
125.66855672175976
125.66855672175976
125.66855672175976
125.66855672175976
125.66855672175976
125.66855672175976
125.66855672175976
125.66855672175976
126.20474256377261
126.67390517553385
126.67390517553385
126.67390517553385
126.67390517553385
126.67390517553385
126.67390517553385
126.67390517553385
126.67390517553385
126.67390517553385
126.67390517553385
126.67390517553385
126.67390517553385
126.67390517553385
123.6578598142116
123.6578598142116
123.6578598142116
123.6578598142116
123.6578598142116
123.6578598142116
123.6578598142116
123.6578598142116
123.6578598142116
123.6578598142116
123.6578598142116
123.6578598142116
124.38171070092895
125.66855672175976
125.66855672175976
125.66855672175976
125.66855672175976
125.66855672175976
125.66855672175976
125.66855672175976
125.66855672175976
125.66855672175976
125.66855672175976
125.66855672175976
125.66855672175976
125.66855672175976
126.23155185587325
126.67390517553385
126.67390517553385
126.67390517553385
126.67390517553385
126.67390517553385
126.67390517553385
126.67390517553385
126.67390517553385
126.67390517553385
126.67390517553385
126.67390517553385
126.67390517553385
126.40581225452742
124.66320826798568
124.66320826798568
124.66320826798568
124.66320826798568
124.66320826798568
124.66320826798568
124.66320826798568
124.66320826798568
124.66320826798568
124.66320826798568
124.66320826798568
124.23425959437542
122.65251136043753
122.65251136043753
122.65251136043753
122.65251136043753
122.65251136043753
122.65251136043753
122.65251136043753
122.65251136043753
122.65251136043753
122.65251136043753
122.65251136043753
122.65251136043753
123.69807375236257
125.66855672175976
125.66855672175976
125.66855672175976
125.66855672175976
125.66855672175976
125.66855672175976
125.66855672175976
125.66855672175976
125.66855672175976
125.66855672175976
125.66855672175976
125.66855672175976
125.66855672175976
125.66855672175976
124.01978525757028
122.65251136043753
122.65251136043753
122.65251136043753
122.65251136043753
122.65251136043753
122.65251136043753
122.65251136043753
122.65251136043753
122.65251136043753
122.65251136043753
122.65251136043753
122.65251136043753
123.16188791034973
123.6578598142116
123.6578598142116
123.6578598142116
123.6578598142116
123.6578598142116
123.6578598142116
123.6578598142116
123.6578598142116
123.6578598142116
123.6578598142116
123.6578598142116
123.6578598142116
125.07875229554564
125.66855672175976
125.66855672175976
125.66855672175976
125.66855672175976
125.66855672175976
125.66855672175976
125.66855672175976
125.66855672175976
125.66855672175976
125.66855672175976
125.66855672175976
125.66855672175976
125.66855672175976
125.66855672175976
125.66855672175976
125.66855672175976
125.66855672175976
125.66855672175976
125.66855672175976
125.66855672175976
125.66855672175976
125.66855672175976
125.66855672175976
125.66855672175976
123.95276202731867
117.62576909156714
117.62576909156714
117.62576909156714
117.62576909156714
117.62576909156714
117.62576909156714
117.62576909156714
117.62576909156714
117.62576909156714
117.62576909156714
117.62576909156714
117.62576909156714
117.62576909156714
123.6578598142116
126.67390517553385
126.67390517553385
126.67390517553385
126.67390517553385
126.67390517553385
126.67390517553385
126.67390517553385
126.67390517553385
126.67390517553385
126.67390517553385
126.67390517553385
126.67390517553385
126.67390517553385
125.19939410999852
124.66320826798568
124.66320826798568
124.66320826798568
124.66320826798568
124.66320826798568
124.66320826798568
124.66320826798568
124.66320826798568
124.66320826798568
124.66320826798568
124.66320826798568
124.66320826798568
124.66320826798568
124.66320826798568
124.66320826798568
124.66320826798568
124.66320826798568
124.66320826798568
124.66320826798568
124.66320826798568
124.66320826798568
124.66320826798568
124.66320826798568
124.66320826798568
124.66320826798568
124.66320826798568
124.66320826798568
124.66320826798568
124.66320826798568
124.66320826798568
124.66320826798568
124.66320826798568
124.66320826798568
124.66320826798568
124.66320826798568
124.66320826798568
124.66320826798568
124.66320826798568
124.66320826798568
122.92060428144396
122.65251136043753
122.65251136043753
122.65251136043753
122.65251136043753
122.65251136043753
122.65251136043753
122.65251136043753
122.65251136043753
122.65251136043753
122.65251136043753
122.65251136043753
120.82947949759387
114.60972373024491
114.60972373024491
114.60972373024491
114.60972373024491
114.60972373024491
114.60972373024491
114.60972373024491
114.60972373024491
114.60972373024491
114.60972373024491
114.60972373024491
114.60972373024491
114.60972373024491
116.70084851409499
117.62576909156714
117.62576909156714
117.62576909156714
117.62576909156714
117.62576909156714
117.62576909156714
117.62576909156714
117.62576909156714
117.62576909156714
117.62576909156714
117.62576909156714
117.62576909156714
117.62576909156714
117.62576909156714
117.62576909156714
117.62576909156714
117.62576909156714
117.62576909156714
117.62576909156714
117.62576909156714
117.62576909156714
117.62576909156714
117.62576909156714
115.69550006032091
108.57763300760044
108.57763300760044
108.57763300760044
108.57763300760044
108.57763300760044
108.57763300760044
108.57763300760044
108.57763300760044
108.57763300760044
108.57763300760044
108.57763300760044
108.57763300760044
108.57763300760044
108.57763300760044
113.04138014235734
117.62576909156714
117.62576909156714
117.62576909156714
117.62576909156714
117.62576909156714
117.62576909156714
117.62576909156714
117.62576909156714
117.62576909156714
117.62576909156714
117.62576909156714
117.62576909156714
117.62576909156714
117.62576909156714
125.13237087974692
127.67925362930792
127.67925362930792
127.67925362930792
127.67925362930792
127.67925362930792
127.67925362930792
127.67925362930792
127.67925362930792
127.67925362930792
127.67925362930792
127.67925362930792
127.67925362930792
127.67925362930792
124.3549014088283
123.6578598142116
123.6578598142116
123.6578598142116
123.6578598142116
123.6578598142116
123.6578598142116
123.6578598142116
123.6578598142116
123.6578598142116
123.6578598142116
123.6578598142116
123.6578598142116
123.6578598142116
124.24766424042573
124.66320826798568
124.66320826798568
124.66320826798568
124.66320826798568
124.66320826798568
124.66320826798568
124.66320826798568
124.66320826798568
124.66320826798568
124.66320826798568
124.66320826798568
124.66320826798568
124.66320826798568
123.59083658396
122.65251136043753
122.65251136043753
122.65251136043753
122.65251136043753
122.65251136043753
122.65251136043753
122.65251136043753
122.65251136043753
122.65251136043753
122.65251136043753
122.1833487486763
115.61507218401898
115.61507218401898
115.61507218401898
115.61507218401898
115.61507218401898
115.61507218401898
115.61507218401898
115.61507218401898
115.61507218401898
115.61507218401898
115.61507218401898
115.61507218401898
115.61507218401898
115.61507218401898
125.66855672175976
125.66855672175976
125.66855672175976
125.66855672175976
125.66855672175976
125.66855672175976
125.66855672175976
125.66855672175976
125.66855672175976
125.66855672175976
125.66855672175976
125.66855672175976
125.66855672175976
125.66855672175976
125.66855672175976
125.66855672175976
125.66855672175976
125.66855672175976
125.66855672175976
125.66855672175976
125.66855672175976
125.66855672175976
125.66855672175976
125.66855672175976
125.66855672175976
125.66855672175976
125.66855672175976
125.66855672175976
123.89914344311738
122.65251136043753
122.65251136043753
122.65251136043753
122.65251136043753
122.65251136043753
122.65251136043753
122.65251136043753
122.65251136043753
122.65251136043753
122.65251136043753
122.65251136043753
122.65251136043753
122.65251136043753
122.27718127102854
121.64716290666345
121.64716290666345
121.64716290666345
121.64716290666345
121.64716290666345
121.64716290666345
121.64716290666345
121.64716290666345
121.64716290666345
121.64716290666345
121.64716290666345
121.64716290666345
121.64716290666345
122.21015804077693
122.65251136043753
122.65251136043753
122.65251136043753
122.65251136043753
122.65251136043753
122.65251136043753
122.65251136043753
122.65251136043753
122.65251136043753
122.65251136043753
122.65251136043753
122.65251136043753
119.30134984785727
117.62576909156714
117.62576909156714
117.62576909156714
117.62576909156714
117.62576909156714
117.62576909156714
117.62576909156714
117.62576909156714
117.62576909156714
117.62576909156714
117.62576909156714
117.62576909156714
117.62576909156714
120.44074476213456
123.6578598142116
123.6578598142116
123.6578598142116
123.6578598142116
123.6578598142116
123.6578598142116
123.6578598142116
123.6578598142116
123.6578598142116
123.6578598142116
123.6578598142116
119.31475449390759
117.62576909156714
117.62576909156714
117.62576909156714
117.62576909156714
117.62576909156714
117.62576909156714
117.62576909156714
117.62576909156714
117.62576909156714
117.62576909156714
117.62576909156714
117.89386201257356
118.63111754534121
118.63111754534121
118.63111754534121
118.63111754534121
118.63111754534121
118.63111754534121
118.63111754534121
118.63111754534121
118.63111754534121
118.63111754534121
118.63111754534121
118.63111754534121
117.62576909156714
113.60437527647083
113.60437527647083
113.60437527647083
113.60437527647083
113.60437527647083
113.60437527647083
113.60437527647083
113.60437527647083
113.60437527647083
113.60437527647083
113.60437527647083
113.06818943445798
111.59367836892267
111.59367836892267
111.59367836892267
111.59367836892267
111.59367836892267
111.59367836892267
111.59367836892267
111.59367836892267
111.59367836892267
111.59367836892267
111.59367836892267
111.59367836892267
111.59367836892267
111.59367836892267
119.36837307810887
121.64716290666345
121.64716290666345
121.64716290666345
121.64716290666345
121.64716290666345
121.64716290666345
121.64716290666345
121.64716290666345
121.64716290666345
121.64716290666345
121.64716290666345
121.64716290666345
121.64716290666345
121.8080186592673
124.66320826798568
124.66320826798568
124.66320826798568
124.66320826798568
124.66320826798568
124.66320826798568
124.66320826798568
124.66320826798568
124.66320826798568
124.66320826798568
124.66320826798568
124.66320826798568
124.66320826798568
124.66320826798568
124.66320826798568
124.66320826798568
124.66320826798568
124.66320826798568
124.66320826798568
124.66320826798568
124.66320826798568
124.66320826798568
124.66320826798568
124.66320826798568
124.66320826798568
124.66320826798568
124.07340384177157
122.65251136043753
122.65251136043753
122.65251136043753
122.65251136043753
122.65251136043753
122.65251136043753
122.65251136043753
122.65251136043753
122.65251136043753
122.65251136043753
122.65251136043753
122.65251136043753
122.65251136043753
121.44609321590863
119.6364659991153
119.6364659991153
119.6364659991153
119.6364659991153
119.6364659991153
119.6364659991153
119.6364659991153
119.6364659991153
119.6364659991153
119.6364659991153
119.6364659991153
119.6364659991153
117.86705272047291
117.62576909156714
117.62576909156714
117.62576909156714
117.62576909156714
117.62576909156714
117.62576909156714
117.62576909156714
117.62576909156714
117.62576909156714
117.62576909156714
117.62576909156714
117.035964665353
113.60437527647083
113.60437527647083
113.60437527647083
113.60437527647083
113.60437527647083
113.60437527647083
113.60437527647083
113.60437527647083
113.60437527647083
113.60437527647083
113.60437527647083
113.60437527647083
113.60437527647083
114.60972373024491
118.63111754534121
118.63111754534121
118.63111754534121
118.63111754534121
118.63111754534121
118.63111754534121
118.63111754534121
118.63111754534121
118.63111754534121
118.63111754534121
118.63111754534121
117.61236444551682
116.62042063779306
116.62042063779306
116.62042063779306
116.62042063779306
116.62042063779306
116.62042063779306
116.62042063779306
116.62042063779306
116.62042063779306
116.62042063779306
116.62042063779306
116.62042063779306
121.043953834399
122.65251136043753
122.65251136043753
122.65251136043753
122.65251136043753
122.65251136043753
122.65251136043753
122.65251136043753
122.65251136043753
122.65251136043753
122.65251136043753
122.65251136043753
122.65251136043753
122.51846489993432
120.64181445288938
120.64181445288938
120.64181445288938
120.64181445288938
120.64181445288938
120.64181445288938
120.64181445288938
120.64181445288938
120.64181445288938
120.64181445288938
120.64181445288938
120.64181445288938
117.37108081661104
116.62042063779306
116.62042063779306
116.62042063779306
116.62042063779306
116.62042063779306
116.62042063779306
116.62042063779306
116.62042063779306
116.62042063779306
116.62042063779306
116.62042063779306
112.58562217664642
109.58298146137452
109.58298146137452
109.58298146137452
109.58298146137452
109.58298146137452
109.58298146137452
109.58298146137452
109.58298146137452
109.58298146137452
109.58298146137452
109.58298146137452
109.58298146137452
111.35239474001689
113.60437527647083
113.60437527647083
113.60437527647083
113.60437527647083
113.60437527647083
113.60437527647083
113.60437527647083
113.60437527647083
113.60437527647083
113.60437527647083
113.60437527647083
115.37378855511321
116.62042063779306
116.62042063779306
116.62042063779306
116.62042063779306
116.62042063779306
116.62042063779306
116.62042063779306
116.62042063779306
116.62042063779306
116.62042063779306
116.62042063779306
116.62042063779306
116.62042063779306
116.62042063779306
116.62042063779306
116.62042063779306
116.62042063779306
116.62042063779306
116.62042063779306
116.62042063779306
116.62042063779306
116.62042063779306
116.62042063779306
116.62042063779306
116.62042063779306
112.86711974370317
112.59902682269674
112.59902682269674
112.59902682269674
112.59902682269674
112.59902682269674
112.59902682269674
112.59902682269674
112.59902682269674
112.59902682269674
112.59902682269674
112.59902682269674
115.09229098805646
115.61507218401898
115.61507218401898
115.61507218401898
115.61507218401898
115.61507218401898
115.61507218401898
115.61507218401898
115.61507218401898
115.61507218401898
115.61507218401898
115.61507218401898
118.5640943150896
119.6364659991153
119.6364659991153
119.6364659991153
119.6364659991153
119.6364659991153
119.6364659991153
119.6364659991153
119.6364659991153
119.6364659991153
119.6364659991153
119.6364659991153
119.6364659991153
119.6364659991153
119.6364659991153
119.6364659991153
119.6364659991153
119.6364659991153
119.6364659991153
119.6364659991153
119.6364659991153
119.6364659991153
119.6364659991153
119.6364659991153
112.51859894639482
110.58832991514859
110.58832991514859
110.58832991514859
110.58832991514859
110.58832991514859
110.58832991514859
110.58832991514859
110.58832991514859
110.58832991514859
110.58832991514859
110.58832991514859
110.58832991514859
117.22362971005751
121.64716290666345
121.64716290666345
121.64716290666345
121.64716290666345
121.64716290666345
121.64716290666345
121.64716290666345
121.64716290666345
121.64716290666345
121.64716290666345
121.64716290666345
121.64716290666345
121.64716290666345
121.64716290666345
121.64716290666345
121.64716290666345
121.64716290666345
121.64716290666345
121.64716290666345
121.64716290666345
121.64716290666345
121.64716290666345
121.64716290666345
121.64716290666345
121.28523746330478
120.64181445288938
120.64181445288938
120.64181445288938
120.64181445288938
120.64181445288938
120.64181445288938
120.64181445288938
120.64181445288938
120.64181445288938
120.64181445288938
120.64181445288938
120.64181445288938
121.53992573826088
121.64716290666345
121.64716290666345
121.64716290666345
121.64716290666345
121.64716290666345
121.64716290666345
121.64716290666345
121.64716290666345
121.64716290666345
121.64716290666345
121.64716290666345
121.64716290666345
117.30405758635943
115.61507218401898
115.61507218401898
115.61507218401898
115.61507218401898
115.61507218401898
115.61507218401898
115.61507218401898
115.61507218401898
115.61507218401898
115.61507218401898
115.61507218401898
115.61507218401898
115.61507218401898
115.61507218401898
115.61507218401898
115.61507218401898
115.61507218401898
115.61507218401898
115.61507218401898
115.61507218401898
115.61507218401898
115.61507218401898
115.61507218401898
115.61507218401898
115.61507218401898
115.61507218401898
119.20751732550502
119.6364659991153
119.6364659991153
119.6364659991153
119.6364659991153
119.6364659991153
119.6364659991153
119.6364659991153
119.6364659991153
119.6364659991153
119.6364659991153
119.6364659991153
119.6364659991153
120.9769306041474
123.6578598142116
123.6578598142116
123.6578598142116
123.6578598142116
123.6578598142116
123.6578598142116
123.6578598142116
123.6578598142116
123.6578598142116
123.6578598142116
123.6578598142116
123.6578598142116
117.75981555207035
113.60437527647083
113.60437527647083
113.60437527647083
113.60437527647083
113.60437527647083
113.60437527647083
113.60437527647083
113.60437527647083
113.60437527647083
113.60437527647083
113.60437527647083
113.60437527647083
116.87510891274916
117.62576909156714
117.62576909156714
117.62576909156714
117.62576909156714
117.62576909156714
117.62576909156714
117.62576909156714
117.62576909156714
117.62576909156714
117.62576909156714
117.62576909156714
117.62576909156714
124.05999919572123
125.66855672175976
125.66855672175976
125.66855672175976
125.66855672175976
125.66855672175976
125.66855672175976
125.66855672175976
125.66855672175976
125.66855672175976
125.66855672175976
125.66855672175976
120.06541467272557
114.60972373024491
114.60972373024491
114.60972373024491
114.60972373024491
114.60972373024491
114.60972373024491
114.60972373024491
114.60972373024491
