85.90197069226882
85.90197069226882
85.90197069226882
85.90197069226882
85.90197069226882
85.90197069226882
85.90197069226882
85.90197069226882
85.90197069226882
85.90197069226882
85.90197069226882
85.90197069226882
85.90197069226882
85.90197069226882
85.90197069226882
85.90197069226882
85.90197069226882
85.90197069226882
85.90197069226882
85.90197069226882
85.39666498231429
84.89135927235978
84.89135927235978
84.89135927235978
84.89135927235978
84.89135927235978
84.89135927235978
84.89135927235978
84.89135927235978
84.89135927235978
84.89135927235978
84.89135927235978
84.89135927235978
84.89135927235978
84.89135927235978
84.89135927235978
84.89135927235978
84.89135927235978
84.89135927235978
84.89135927235978
84.89135927235978
84.89135927235978
84.89135927235978
84.89135927235978
84.89135927235978
84.89135927235978
84.89135927235978
84.89135927235978
84.89135927235978
84.89135927235978
84.89135927235978
84.89135927235978
84.89135927235978
84.89135927235978
84.89135927235978
84.89135927235978
84.89135927235978
84.89135927235978
84.89135927235978
84.89135927235978
84.89135927235978
84.89135927235978
84.89135927235978
84.89135927235978
84.89135927235978
84.89135927235978
84.89135927235978
84.89135927235978
84.89135927235978
84.89135927235978
84.89135927235978
84.89135927235978
84.89135927235978
84.89135927235978
84.89135927235978
83.96496547077648
83.88074785245072
83.88074785245072
83.88074785245072
83.88074785245072
83.88074785245072
83.88074785245072
83.88074785245072
83.88074785245072
83.88074785245072
83.88074785245072
83.88074785245072
83.88074785245072
83.88074785245072
83.88074785245072
83.88074785245072
83.88074785245072
83.88074785245072
83.88074785245072
83.88074785245072
83.88074785245072
83.88074785245072
83.88074785245072
83.88074785245072
83.88074785245072
83.88074785245072
83.88074785245072
83.88074785245072
83.88074785245072
83.88074785245072
83.88074785245072
83.88074785245072
83.88074785245072
83.88074785245072
83.88074785245072
83.88074785245072
83.88074785245072
83.88074785245072
83.88074785245072
83.88074785245072
83.88074785245072
83.88074785245072
83.88074785245072
83.88074785245072
83.88074785245072
83.88074785245072
83.88074785245072
83.88074785245072
83.88074785245072
83.88074785245072
83.88074785245072
83.88074785245072
83.88074785245072
83.88074785245072
83.88074785245072
83.88074785245072
83.88074785245072
83.88074785245072
83.88074785245072
83.88074785245072
83.88074785245072
83.88074785245072
83.88074785245072
83.88074785245072
83.88074785245072
83.88074785245072
83.88074785245072
83.88074785245072
83.88074785245072
83.88074785245072
83.88074785245072
83.88074785245072
83.88074785245072
83.88074785245072
83.88074785245072
83.88074785245072
83.88074785245072
83.88074785245072
83.88074785245072
83.88074785245072
83.88074785245072
83.88074785245072
83.88074785245072
83.88074785245072
83.88074785245072
83.88074785245072
83.88074785245072
83.88074785245072
83.88074785245072
83.88074785245072
83.88074785245072
83.88074785245072
83.88074785245072
83.88074785245072
83.88074785245072
83.88074785245072
83.88074785245072
83.88074785245072
83.88074785245072
83.88074785245072
83.88074785245072
83.88074785245072
83.88074785245072
83.88074785245072
83.88074785245072
83.88074785245072
83.88074785245072
83.88074785245072
83.88074785245072
83.88074785245072
83.88074785245072
83.88074785245072
83.88074785245072
83.88074785245072
83.88074785245072
83.88074785245072
83.88074785245072
83.88074785245072
83.88074785245072
83.88074785245072
83.29122452417046
82.87013643254168
82.87013643254168
82.87013643254168
82.87013643254168
82.87013643254168
82.87013643254168
82.87013643254168
82.87013643254168
82.87013643254168
82.87013643254168
82.87013643254168
82.87013643254168
82.87013643254168
82.87013643254168
82.87013643254168
82.87013643254168
82.87013643254168
82.87013643254168
82.87013643254168
82.87013643254168
82.87013643254168
82.87013643254168
82.87013643254168
82.87013643254168
82.87013643254168
82.87013643254168
82.87013643254168
82.87013643254168
82.87013643254168
82.87013643254168
82.87013643254168
82.87013643254168
82.87013643254168
82.87013643254168
82.87013643254168
82.87013643254168
82.87013643254168
82.87013643254168
82.87013643254168
82.87013643254168
82.87013643254168
82.87013643254168
82.87013643254168
82.87013643254168
82.87013643254168
82.87013643254168
82.87013643254168
82.87013643254168
82.87013643254168
82.87013643254168
82.87013643254168
82.87013643254168
82.87013643254168
82.87013643254168
82.87013643254168
82.1121778676099
81.85952501263264
81.85952501263264
81.85952501263264
81.85952501263264
81.85952501263264
81.85952501263264
81.85952501263264
81.85952501263264
81.85952501263264
81.85952501263264
81.85952501263264
81.85952501263264
81.85952501263264
81.85952501263264
81.85952501263264
81.85952501263264
81.85952501263264
81.85952501263264
81.85952501263264
81.85952501263264
81.85952501263264
81.85952501263264
81.85952501263264
81.85952501263264
81.85952501263264
81.85952501263264
81.85952501263264
81.85952501263264
81.85952501263264
81.85952501263264
81.85952501263264
81.85952501263264
81.85952501263264
81.85952501263264
81.85952501263264
81.85952501263264
81.85952501263264
81.85952501263264
81.85952501263264
81.85952501263264
81.85952501263264
81.85952501263264
81.85952501263264
81.85952501263264
81.85952501263264
81.85952501263264
81.85952501263264
81.85952501263264
81.85952501263264
81.85952501263264
81.85952501263264
81.85952501263264
81.85952501263264
81.85952501263264
81.85952501263264
81.85952501263264
81.60687215765537
78.82769075290551
78.82769075290551
78.82769075290551
78.82769075290551
78.82769075290551
78.82769075290551
78.82769075290551
78.82769075290551
78.82769075290551
78.82769075290551
78.82769075290551
78.82769075290551
78.82769075290551
78.82769075290551
78.82769075290551
78.82769075290551
78.82769075290551
78.82769075290551
78.82769075290551
78.82769075290551
78.82769075290551
78.82769075290551
78.82769075290551
78.82769075290551
78.82769075290551
78.82769075290551
78.82769075290551
78.82769075290551
78.82769075290551
78.82769075290551
78.82769075290551
78.82769075290551
78.82769075290551
78.82769075290551
78.82769075290551
78.82769075290551
78.82769075290551
78.82769075290551
78.82769075290551
78.82769075290551
78.82769075290551
78.82769075290551
78.82769075290551
78.82769075290551
78.82769075290551
78.82769075290551
78.82769075290551
78.82769075290551
78.82769075290551
79.16456122620852
82.87013643254168
82.87013643254168
82.87013643254168
82.87013643254168
82.87013643254168
82.87013643254168
82.87013643254168
82.87013643254168
82.87013643254168
82.87013643254168
82.87013643254168
82.87013643254168
82.87013643254168
82.87013643254168
82.87013643254168
82.87013643254168
82.87013643254168
82.87013643254168
82.87013643254168
82.87013643254168
82.87013643254168
82.87013643254168
82.87013643254168
82.87013643254168
82.87013643254168
82.87013643254168
82.87013643254168
82.87013643254168
82.87013643254168
82.87013643254168
82.87013643254168
82.87013643254168
82.87013643254168
82.87013643254168
82.87013643254168
82.87013643254168
82.87013643254168
82.87013643254168
82.87013643254168
82.87013643254168
82.87013643254168
82.87013643254168
82.87013643254168
82.87013643254168
82.87013643254168
82.87013643254168
82.87013643254168
82.87013643254168
82.87013643254168
82.87013643254168
82.87013643254168
82.53326595923866
81.85952501263264
81.85952501263264
81.85952501263264
81.85952501263264
81.85952501263264
81.85952501263264
81.85952501263264
81.85952501263264
81.85952501263264
81.85952501263264
81.85952501263264
81.85952501263264
81.85952501263264
81.85952501263264
81.85952501263264
81.85952501263264
81.85952501263264
81.85952501263264
81.85952501263264
81.85952501263264
81.85952501263264
81.85952501263264
81.85952501263264
81.85952501263264
81.85952501263264
81.85952501263264
81.85952501263264
81.85952501263264
81.85952501263264
81.85952501263264
81.85952501263264
81.85952501263264
81.85952501263264
81.85952501263264
81.85952501263264
81.85952501263264
81.85952501263264
81.85952501263264
81.85952501263264
81.85952501263264
81.85952501263264
81.85952501263264
81.85952501263264
81.85952501263264
81.85952501263264
81.85952501263264
81.85952501263264
81.85952501263264
81.85952501263264
81.85952501263264
81.85952501263264
81.85952501263264
81.85952501263264
81.85952501263264
81.85952501263264
81.85952501263264
81.85952501263264
81.69108977598113
79.83830217281455
79.83830217281455
79.83830217281455
79.83830217281455
79.83830217281455
79.83830217281455
79.83830217281455
79.83830217281455
79.83830217281455
79.83830217281455
79.83830217281455
79.83830217281455
79.83830217281455
79.83830217281455
79.83830217281455
79.83830217281455
79.83830217281455
79.83830217281455
79.83830217281455
79.83830217281455
79.83830217281455
79.83830217281455
79.83830217281455
79.83830217281455
79.83830217281455
79.83830217281455
79.83830217281455
79.83830217281455
79.83830217281455
79.83830217281455
79.83830217281455
79.83830217281455
79.83830217281455
79.83830217281455
79.83830217281455
79.83830217281455
79.83830217281455
79.83830217281455
79.83830217281455
79.83830217281455
79.83830217281455
79.83830217281455
79.83830217281455
79.83830217281455
79.83830217281455
79.83830217281455
79.83830217281455
79.83830217281455
79.83830217281455
79.83830217281455
79.83830217281455
79.83830217281455
79.83830217281455
79.83830217281455
79.83830217281455
79.83830217281455
78.82769075290551
78.82769075290551
78.82769075290551
78.82769075290551
78.82769075290551
78.82769075290551
78.82769075290551
78.82769075290551
78.82769075290551
78.82769075290551
78.82769075290551
78.82769075290551
78.82769075290551
78.82769075290551
78.82769075290551
78.82769075290551
78.82769075290551
78.82769075290551
78.82769075290551
78.82769075290551
78.82769075290551
78.82769075290551
78.82769075290551
78.82769075290551
78.82769075290551
78.82769075290551
78.82769075290551
78.82769075290551
78.82769075290551
78.82769075290551
78.82769075290551
78.82769075290551
78.82769075290551
78.82769075290551
78.82769075290551
78.82769075290551
78.82769075290551
78.82769075290551
78.82769075290551
78.82769075290551
78.82769075290551
78.82769075290551
78.82769075290551
78.82769075290551
78.82769075290551
78.82769075290551
78.82769075290551
78.82769075290551
78.82769075290551
78.82769075290551
78.82769075290551
78.82769075290551
78.82769075290551
78.82769075290551
78.82769075290551
78.82769075290551
78.82769075290551
78.82769075290551
78.82769075290551
78.82769075290551
78.82769075290551
78.82769075290551
78.82769075290551
78.82769075290551
78.82769075290551
78.82769075290551
78.82769075290551
78.82769075290551
78.82769075290551
78.82769075290551
78.82769075290551
78.82769075290551
78.82769075290551
78.82769075290551
78.82769075290551
78.82769075290551
78.82769075290551
78.82769075290551
78.82769075290551
78.82769075290551
78.82769075290551
78.82769075290551
78.82769075290551
78.82769075290551
78.82769075290551
78.82769075290551
78.82769075290551
78.82769075290551
78.82769075290551
78.82769075290551
78.82769075290551
78.82769075290551
78.82769075290551
78.82769075290551
78.82769075290551
78.82769075290551
78.82769075290551
78.82769075290551
78.82769075290551
78.82769075290551
78.82769075290551
78.82769075290551
78.82769075290551
78.82769075290551
78.82769075290551
78.82769075290551
78.82769075290551
78.82769075290551
78.82769075290551
78.82769075290551
78.82769075290551
78.82769075290551
78.82769075290551
79.16456122620852
80.84891359272359
80.84891359272359
80.84891359272359
80.84891359272359
80.84891359272359
80.84891359272359
80.84891359272359
80.84891359272359
80.84891359272359
80.84891359272359
80.84891359272359
80.84891359272359
80.84891359272359
80.84891359272359
80.84891359272359
80.84891359272359
80.84891359272359
80.84891359272359
80.84891359272359
80.84891359272359
80.84891359272359
80.84891359272359
80.84891359272359
80.84891359272359
80.84891359272359
80.84891359272359
80.84891359272359
80.84891359272359
80.84891359272359
80.84891359272359
80.84891359272359
80.84891359272359
80.84891359272359
80.84891359272359
80.84891359272359
80.84891359272359
80.84891359272359
80.84891359272359
80.84891359272359
80.84891359272359
80.84891359272359
80.84891359272359
80.84891359272359
80.84891359272359
80.84891359272359
80.84891359272359
80.84891359272359
80.84891359272359
80.84891359272359
80.84891359272359
80.84891359272359
80.84891359272359
80.84891359272359
80.84891359272359
80.84891359272359
80.00673740946606
79.83830217281455
79.83830217281455
79.83830217281455
79.83830217281455
79.83830217281455
79.83830217281455
79.83830217281455
79.83830217281455
79.83830217281455
79.83830217281455
79.83830217281455
79.83830217281455
79.83830217281455
79.83830217281455
79.83830217281455
79.83830217281455
79.83830217281455
79.83830217281455
79.83830217281455
79.83830217281455
79.83830217281455
79.83830217281455
79.83830217281455
79.83830217281455
79.83830217281455
79.83830217281455
79.83830217281455
79.83830217281455
79.83830217281455
79.83830217281455
79.83830217281455
79.83830217281455
79.83830217281455
79.83830217281455
79.83830217281455
79.83830217281455
79.83830217281455
79.83830217281455
79.83830217281455
79.83830217281455
79.83830217281455
79.83830217281455
79.83830217281455
79.83830217281455
79.83830217281455
79.83830217281455
79.83830217281455
79.83830217281455
79.83830217281455
81.52265453932962
81.85952501263264
81.85952501263264
81.85952501263264
81.85952501263264
81.85952501263264
81.85952501263264
81.85952501263264
81.85952501263264
81.85952501263264
81.85952501263264
81.85952501263264
81.85952501263264
81.85952501263264
81.85952501263264
81.85952501263264
81.85952501263264
81.85952501263264
81.85952501263264
81.85952501263264
81.85952501263264
81.85952501263264
81.85952501263264
81.85952501263264
81.85952501263264
81.85952501263264
81.85952501263264
81.85952501263264
81.85952501263264
81.85952501263264
81.85952501263264
81.85952501263264
81.85952501263264
81.85952501263264
81.85952501263264
81.85952501263264
81.85952501263264
81.85952501263264
81.85952501263264
81.85952501263264
81.85952501263264
81.85952501263264
81.85952501263264
81.85952501263264
81.85952501263264
81.85952501263264
81.85952501263264
81.85952501263264
81.85952501263264
81.85952501263264
81.85952501263264
81.85952501263264
81.35421930267812
80.84891359272359
80.84891359272359
80.84891359272359
80.84891359272359
80.84891359272359
80.84891359272359
80.84891359272359
80.84891359272359
80.84891359272359
80.84891359272359
80.84891359272359
80.84891359272359
80.84891359272359
80.84891359272359
80.84891359272359
80.84891359272359
80.84891359272359
80.84891359272359
80.84891359272359
80.84891359272359
80.84891359272359
80.84891359272359
80.84891359272359
80.84891359272359
80.84891359272359
80.84891359272359
80.84891359272359
80.84891359272359
80.84891359272359
80.84891359272359
80.84891359272359
80.84891359272359
80.84891359272359
80.84891359272359
80.84891359272359
80.84891359272359
80.84891359272359
80.84891359272359
80.84891359272359
80.84891359272359
80.84891359272359
80.84891359272359
80.84891359272359
80.84891359272359
80.84891359272359
80.84891359272359
80.84891359272359
80.84891359272359
80.84891359272359
80.84891359272359
80.84891359272359
80.84891359272359
80.84891359272359
80.84891359272359
80.84891359272359
80.84891359272359
80.84891359272359
80.84891359272359
80.84891359272359
80.84891359272359
80.84891359272359
80.59626073774633
79.83830217281455
79.83830217281455
79.83830217281455
79.83830217281455
79.83830217281455
79.83830217281455
79.83830217281455
79.83830217281455
79.83830217281455
79.83830217281455
79.83830217281455
79.83830217281455
79.83830217281455
79.83830217281455
79.83830217281455
79.83830217281455
79.83830217281455
79.83830217281455
79.83830217281455
79.83830217281455
79.83830217281455
79.83830217281455
79.83830217281455
79.83830217281455
79.83830217281455
79.83830217281455
79.83830217281455
79.83830217281455
79.83830217281455
79.83830217281455
79.83830217281455
79.83830217281455
79.83830217281455
79.83830217281455
79.83830217281455
79.83830217281455
79.83830217281455
79.83830217281455
79.83830217281455
79.83830217281455
79.83830217281455
79.83830217281455
79.83830217281455
79.83830217281455
79.83830217281455
79.83830217281455
79.83830217281455
79.83830217281455
79.83830217281455
79.83830217281455
79.83830217281455
79.83830217281455
79.83830217281455
79.83830217281455
