63.68821292775666
69.52743074416078
87.45247148288973
113.6157885207315
117.96125294224154
115.20007242440703
105.51330798479088
94.92123845736013
89.94206047437987
89.53467318486331
89.57993843925404
89.53467318486331
89.57993843925404
89.53467318486331
89.53467318486331
89.53467318486331
89.53467318486331
88.81042911461162
83.7407206228499
79.98370450841934
75.9550968676444
74.00869092884302
72.65073329712114
71.88122397247874
70.25167481441247
69.30110447220714
68.66739091073693
68.71265616512765
68.35053413000182
67.67155531414087
67.03784175267066
66.22306717363752
63.73347818214739
61.37968495382945
59.11642223429296
59.43327901502807
63.37135614702155
95.14756472931379
113.66105377512223
110.08509867825458
101.48470034401593
99.85515118594967
91.7979359043998
85.14394350896252
84.3291689299294
84.3291689299294
84.3291689299294
84.28390367553867
84.3291689299294
84.3291689299294
84.3291689299294
84.28390367553867
83.55965960528698
79.53105196451205
77.1772587361941
72.10755024443237
68.07894260365744
67.3999637877965
66.63045446315408
65.5893536121673
65.18196632265074
65.22723157704147
65.22723157704147
64.91037479630636
64.54825276118052
63.19029512945863
61.06282817309434
59.34274850624661
59.34274850624661
62.42078580481623
89.9873257287706
110.62828173094333
107.14285714285715
98.81405033496289
94.106463878327
83.4238638421148
78.67101213108818
78.39942060474381
79.07839942060475
78.71627738547892
78.58048162230672
78.44468585913454
78.39942060474381
79.39525620133986
80.88900959623393
79.71211298207497
73.14865109541915
68.75792141951838
65.40829259460439
64.54825276118052
63.778743436538115
63.50715191019374
62.69237733116061
63.32609089263082
63.41662140141228
62.64711207676987
62.737642585551335
62.51131631359769
65.36302734021366
89.57993843925404
110.08509867825458
110.40195545898969
108.36501901140684
101.84682237914177
90.62103929024082
83.46912909650553
81.38692739453197
82.24696722795582
82.24696722795582
82.24696722795582
82.24696722795582
82.24696722795582
82.47329349990947
82.69961977186313
83.24280282455187
80.39109179793591
75.23085279739273
71.15697990222705
68.30526887561109
66.53992395437263
65.49882310338585
65.5893536121673
65.27249683143219
64.59351801557125
64.91037479630636
64.54825276118052
64.5029875067898
63.461886655803006
61.96813326090893
63.32609089263082
74.82346550787616
104.69853340575774
114.74741988049973
113.1631359768242
110.22089444142676
99.35723338765165
89.44414267608184
86.27557486873077
85.50606554408836
86.1850443599493
86.27557486873077
85.46080028969763
85.37026978091617
85.37026978091617
85.37026978091617
85.37026978091617
85.18920876335325
78.58048162230672
75.14032228861127
72.10755024443237
69.61796125294225
68.21473836682962
66.94731124388919
65.81567988412095
65.5893536121673
65.5893536121673
65.54408835777657
65.49882310338585
64.6840485243527
64.00506970849176
62.3755205504255
61.424950208220174
68.75792141951838
98.5424588086185
110.53775122216187
110.62828173094333
106.82600036212204
96.32446134347276
88.13145029875068
85.37026978091617
85.37026978091617
85.37026978091617
85.37026978091617
85.37026978091617
85.27973927213472
85.37026978091617
85.23447401774398
84.3291689299294
84.3291689299294
83.4238638421148
78.35415535035307
69.93481803367736
67.5810248053594
66.63045446315408
65.86094513851168
65.5893536121673
65.22723157704147
64.54825276118052
63.95980445410103
63.5976824189752
63.23556038384936
62.55658156798842
60.92703240992215
58.482708672822746
56.5815679884121
60.066992576498286
81.65851892087635
110.53775122216187
112.7104834329169
110.7188122397248
108.5913452833605
100.53413000181061
89.082020640956
81.34166214014124
80.16476552598226
80.16476552598226
80.16476552598226
80.16476552598226
80.16476552598226
80.16476552598226
80.43635705232664
81.16060112257831
80.5268875611081
75.00452652543908
68.93898243708131
66.67571971754482
65.67988412094877
64.54825276118052
64.54825276118052
64.54825276118052
64.54825276118052
64.41245699800834
63.50715191019374
63.55241716458447
63.05449936628644
63.009234111895715
75.54770957812784
103.65743255477096
111.39779105558574
109.58718087995655
106.9165308709035
98.45192829983705
87.31667571971755
81.6132536664856
81.25113163135977
81.93011044722071
82.24696722795582
81.38692739453197
81.25113163135977
81.47745790331342
81.47745790331342
81.52272315770415
80.70794857867102
77.35831975375702
72.56020278833968
68.30526887561109
66.08727141046533
64.91037479630636
64.59351801557125
64.45772225239907
63.55241716458447
63.50715191019374
63.37135614702155
63.19029512945863
62.737642585551335
61.108093427485066
59.931196813326096
60.383849357233395
62.149194278471846
87.90512402679704
112.03150461705596
111.8051783451023
109.31558935361217
108.81767155531415
101.16784356328083
85.68712656165128
82.42802824551875
83.06174180698896
83.28806807894262
83.28806807894262
83.28806807894262
83.28806807894262
82.56382400869093
82.24696722795582
82.24696722795582
77.72044178888285
72.56020278833968
68.03367734926671
65.77041462973023
65.36302734021366
64.54825276118052
64.5029875067898
63.5976824189752
63.50715191019374
63.50715191019374
62.64711207676987
62.466051059206954
61.560745971392365
60.33858410284266
58.52797392721347
56.44577222523991
59.07115697990223
74.46134347275031
105.83016476552599
112.75574868730763
111.12619952924136
109.72297664312875
104.24588086185045
89.67046894803549
83.06174180698896
82.56382400869093
82.60908926308166
83.28806807894262
83.28806807894262
83.28806807894262
83.28806807894262
83.28806807894262
83.28806807894262
81.93011044722071
78.48995111352527
72.78652906029332
68.71265616512765
66.63045446315408
65.67988412094877
64.54825276118052
64.09560021727323
63.28082563824009
62.8281730943328
62.466051059206954
62.466051059206954
62.10392902408112
60.836501901140686
59.07115697990223
57.39634256744523
55.133079847908746
53.32246967227956
53.096143400325914
53.096143400325914
58.482708672822746
93.6538113344197
114.06844106463879
109.54191562556582
103.06898424769147
95.19282998370451
82.5185587543002
77.67517653449212
78.0825638240087
78.17309433279016
79.03313416621401
78.0825638240087
78.44468585913454
79.71211298207497
82.06590621039291
82.38276299112802
79.16892992938621
76.95093246424045
75.23085279739273
69.34636972659787
64.91037479630636
63.55241716458447
63.68821292775666
63.50715191019374
63.50715191019374
63.09976462067717
62.8281730943328
62.55658156798842
61.51548071700163
59.88593155893536
62.3755205504255
90.30418250950571
112.03150461705596
111.85044359949303
109.17979359043998
102.75212746695637
90.93789607097592
82.15643671917437
78.98786891182328
79.21419518377694
79.12366467499548
79.12366467499548
79.12366467499548
79.12366467499548
79.12366467499548
79.16892992938621
79.12366467499548
79.03313416621401
74.68766974470397
68.53159514756473
65.27249683143219
63.5976824189752
62.69237733116061
62.284990041644036
61.78707224334601
61.96813326090893
62.19445953286258
62.01339851529966
61.60601122578309
61.424950208220174
61.424950208220174
59.61434003259099
56.44577222523991
62.10392902408112
93.20115879051241
112.7104834329169
111.71464783632085
109.72297664312875
103.29531051964513
92.16005793952563
82.92594604381677
80.16476552598226
80.21003078037299
80.16476552598226
80.21003078037299
80.61741806988955
80.57215281549882
80.43635705232664
80.88900959623393
80.5268875611081
79.07839942060475
74.55187398153178
69.2558392178164
65.81567988412095
64.54825276118052
64.41245699800834
63.86927394531958
63.50715191019374
62.55658156798842
62.466051059206954
62.466051059206954
61.424950208220174
60.74597139235923
59.795401050153906
58.52797392721347
57.3510773130545
54.86148832156437
55.94785442694188
79.39525620133986
108.1386927394532
111.66938258193012
111.35252580119501
109.76824189751947
100.3530689842477
85.59659605286983
79.44052145573059
79.12366467499548
79.57631721890277
79.57631721890277
79.44052145573059
80.16476552598226
80.16476552598226
79.84790874524715
79.57631721890277
79.84790874524715
76.27195364837951
70.6137968495383
67.30943327901504
64.91037479630636
63.1450298750679
62.466051059206954
61.9228680065182
61.424950208220174
61.424950208220174
61.289154445047984
60.42911461162412
60.33858410284266
59.659605286981716
59.25221799746515
57.71319934818034
56.03838493572334
54.81622306717364
62.8281730943328
95.87180879956546
111.26199529241354
109.99456816947311
107.23338765163861
100.71519101937353
91.6621401412276
83.06174180698896
77.26778924497556
76.7246061922868
77.04146297302191
76.45301466594243
76.00036212203513
78.80680789426037
80.97954010501539
82.24696722795582
82.24696722795582
80.25529603476372
72.78652906029332
68.93898243708131
66.53992395437263
65.04617055947855
63.68821292775666
62.64711207676987
62.3755205504255
61.560745971392365
61.9228680065182
61.560745971392365
61.424950208220174
61.19862393626653
59.56907477820026
59.840666304544634
68.12420785804817
96.14340032590984
111.21673003802282
110.35669020459896
108.68187579214195
105.28698171283723
95.28336049248597
84.46496469310158
80.39109179793591
81.20586637696904
81.20586637696904
81.20586637696904
81.20586637696904
81.20586637696904
81.38692739453197
81.38692739453197
82.02064095600218
78.535216367916
72.2886112619953
68.75792141951838
68.71265616512765
67.30943327901504
65.5893536121673
65.5893536121673
65.5893536121673
65.5893536121673
65.5893536121673
65.5893536121673
65.5893536121673
64.00506970849176
63.23556038384936
61.87760275212747
58.482708672822746
58.03005612891545
60.383849357233395
83.33333333333334
107.14285714285715
108.27448850262539
105.42277747600941
95.73601303639327
86.68296215824734
83.55965960528698
83.33333333333334
83.51439435089625
83.83125113163136
83.83125113163136
84.14810791236647
83.83125113163136
83.83125113163136
84.05757740358501
82.42802824551875
80.25529603476372
74.2802824551874
70.43273583197538
67.67155531414087
66.63045446315408
66.4946586999819
65.5893536121673
65.5893536121673
65.5893536121673
64.86510954191563
64.54825276118052
64.54825276118052
63.95980445410103
62.8281730943328
60.47437986601485
59.07115697990223
56.30997646206772
55.585732391816045
74.23501720079668
105.78489951113527
112.80101394169836
110.49248596777115
107.14285714285715
97.63715372080392
87.0903494477639
80.21003078037299
79.7573782364657
80.16476552598226
80.25529603476372
80.16476552598226
80.16476552598226
80.16476552598226
80.70794857867102
80.16476552598226
80.16476552598226
78.67101213108818
73.01285533224697
68.26000362122035
66.08727141046533
65.13670106826001
64.54825276118052
64.54825276118052
64.09560021727323
64.54825276118052
64.54825276118052
63.5976824189752
63.1450298750679
61.19862393626653
60.383849357233395
64.09560021727323
88.26724606192288
107.86710121310882
108.45554952018831
108.27448850262539
107.45971392359226
104.97012493210212
84.1933731667572
81.38692739453197
81.38692739453197
82.24696722795582
81.79431468404853
81.20586637696904
81.20586637696904
81.25113163135977
81.20586637696904
81.20586637696904
80.0742350172008
75.54770957812784
70.02534854245881
66.58518920876335
65.27249683143219
64.3671917436176
63.50715191019374
63.50715191019374
63.50715191019374
63.50715191019374
63.50715191019374
63.50715191019374
62.873438348723525
61.37968495382945
59.07115697990223
58.98062647112077
61.424950208220174
69.2558392178164
98.08980626471121
107.23338765163861
106.05649103747963
101.75629187036031
88.13145029875068
83.19753757016115
82.24696722795582
82.88068078942604
83.28806807894262
82.6543545174724
82.24696722795582
82.24696722795582
82.24696722795582
82.24696722795582
81.52272315770415
78.535216367916
72.96759007785624
68.84845192829984
66.811515480717
65.5893536121673
65.54408835777657
65.31776208582292
65.54408835777657
64.6840485243527
64.54825276118052
64.27666123483614
63.5976824189752
62.19445953286258
59.931196813326096
59.931196813326096
60.383849357233395
64.41245699800834
92.25058844830708
106.50914358138694
105.2417164584465
101.48470034401593
92.65797573782365
84.55549520188303
82.56382400869093
82.29223248234655
82.29223248234655
81.7490494296578
81.20586637696904
81.20586637696904
81.2963968857505
81.25113163135977
81.16060112257831
78.30889009596234
73.32971211298208
68.93898243708131
66.4946586999819
65.5893536121673
65.36302734021366
64.63878326996198
64.54825276118052
64.54825276118052
64.54825276118052
64.27666123483614
63.32609089263082
62.23972478725331
61.560745971392365
61.696541734564555
68.26000362122035
100.2172732210755
104.11008509867825
103.34057577403586
99.9004164403404
90.57577403585009
84.6460257106645
84.3291689299294
84.3291689299294
83.37859858772407
82.56382400869093
81.38692739453197
81.20586637696904
81.20586637696904
81.20586637696904
80.48162230671737
75.45717906934638
70.56853159514758
66.94731124388919
65.67988412094877
65.18196632265074
64.54825276118052
64.54825276118052
64.54825276118052
64.00506970849176
63.50715191019374
63.23556038384936
62.330255296034764
60.972297664312876
58.89009596233931
60.74597139235923
66.63045446315408
66.63045446315408
79.7573782364657
101.93735288792324
102.3447401774398
100.3530689842477
93.33695455368459
86.72822741263806
84.96288249139961
85.37026978091617
84.91761723700888
83.65019011406845
82.11117146478364
81.20586637696904
81.20586637696904
81.20586637696904
81.20586637696904
78.58048162230672
73.87289516567084
69.7084917617237
67.80735107731306
66.44939344559117
64.91037479630636
64.54825276118052
63.82400869092885
63.50715191019374
63.50715191019374
63.461886655803006
62.873438348723525
61.560745971392365
60.15752308527974
58.754300199167126
56.98895527792867
55.993119681332615
57.26054680427304
61.19862393626653
87.85985877240631
101.75629187036031
101.34890458084375
97.27503168567807
89.94206047437987
84.10284265797574
83.33333333333334
83.28806807894262
83.28806807894262
83.28806807894262
82.6543545174724
82.24696722795582
82.02064095600218
81.97537570161144
81.7490494296578
78.30889009596234
75.32138330617418
72.37914177077676
69.7084917617237
67.3999637877965
66.44939344559117
65.5893536121673
65.5893536121673
65.54408835777657
65.13670106826001
64.5029875067898
63.914539199710305
63.5976824189752
62.78290783994206
61.83233749773674
60.836501901140686
58.5732391816042
57.305812058663776
60.15752308527974
75.72877059569075
99.26670287887019
102.20894441426762
100.89625203693646
96.00760456273765
88.62936809704871
83.65019011406845
83.15227231577042
83.28806807894262
83.28806807894262
83.28806807894262
82.6543545174724
82.24696722795582
82.24696722795582
82.5185587543002
82.24696722795582
79.98370450841934
74.32554770957813
69.84428752489589
66.67571971754482
65.00090530508781
64.54825276118052
64.32192648922687
63.55241716458447
63.37135614702155
62.466051059206954
62.466051059206954
61.78707224334601
60.836501901140686
59.931196813326096
58.211117146478365
55.49520188303459
54.137244251312694
56.80789426036575
58.89009596233931
82.15643671917437
100.57939525620135
99.26670287887019
96.27919608908202
90.93789607097592
82.6543545174724
79.39525620133986
79.34999094694912
79.12366467499548
78.535216367916
78.0825638240087
78.0825638240087
77.81097229766432
77.72044178888285
78.0825638240087
77.1772587361941
72.83179431468405
68.35053413000182
65.09143581386928
63.55241716458447
62.466051059206954
62.284990041644036
61.424950208220174
60.42911461162412
60.383849357233395
60.248053594061204
59.56907477820026
58.98062647112077
57.75846460257107
56.35524171645845
53.91091797935905
53.63932645301467
68.71265616512765
94.96650371175086
101.03204780010864
99.49302915082383
97.22976643128735
94.06119862393628
84.5102299474923
76.00036212203513
73.46550787615426
72.87705956907479
72.87705956907479
72.78652906029332
72.69599855151186
72.87705956907479
72.87705956907479
73.32971211298208
74.95926127104835
73.23918160420062
68.07894260365744
64.09560021727323
61.24388919065726
59.523809523809526
59.34274850624661
59.34274850624661
59.34274850624661
59.34274850624661
59.34274850624661
58.618504435994936
61.65127648017382
64.54825276118052
67.85261633170379
89.57993843925404
98.85931558935361
96.18866558030057
93.74434184320117
85.14394350896252
78.39942060474381
77.04146297302191
77.04146297302191
77.13199348180338
77.04146297302191
77.04146297302191
77.04146297302191
77.04146297302191
77.04146297302191
76.27195364837951
72.96759007785624
66.76625022632628
63.19029512945863
62.149194278471846
61.424950208220174
61.424950208220174
61.424950208220174
61.424950208220174
61.424950208220174
61.33441969943871
60.88176715553142
60.92703240992215
64.54825276118052
70.97591888466414
95.3286257468767
101.89208763353251
100.89625203693646
