-2.4205911621527125
-2.0440547591511793
-2.0440547591511793
-1.8019956429359083
-1.0220273795755896
-1.0220273795755896
-1.0220273795755896
-0.9413410075038326
0.0
0.0
0.0
0.0
0.0
0.0
0.0
0.0
0.0
-0.3496409456442807
-1.0220273795755896
-1.0220273795755896
-1.0220273795755896
-1.694413813506899
-2.0440547591511793
-2.0440547591511793
-2.1247411312229367
-3.0660821387267694
-3.0660821387267694
-3.0660821387267694
-3.0660821387267694
-3.0660821387267694
-3.0660821387267694
-3.0660821387267694
-3.388827627013798
-4.088109518302359
-4.088109518302359
-4.088109518302359
-4.088109518302359
-4.088109518302359
-4.088109518302359
-4.088109518302359
-4.088109518302359
-4.841182324305425
-5.110136897877949
-5.110136897877949
-5.110136897877949
-5.110136897877949
-5.110136897877949
-5.110136897877949
-5.110136897877949
-5.110136897877949
-5.110136897877949
-5.997686990667277
-6.132164277453539
-6.132164277453539
-6.132164277453539
-6.132164277453539
-5.5942551303084915
-5.110136897877949
-5.110136897877949
-5.110136897877949
-5.110136897877949
-4.43775046394664
-4.088109518302359
-4.088109518302359
-4.088109518302359
-4.088109518302359
-4.088109518302359
-3.496409456442807
-3.1736639681557786
-4.088109518302359
-4.088109518302359
-4.088109518302359
-4.088109518302359
-4.088109518302359
-5.0832414405206965
-5.110136897877949
-5.110136897877949
-5.110136897877949
-5.110136897877949
-6.132164277453539
-6.132164277453539
-6.132164277453539
-6.132164277453539
-6.132164277453539
-6.132164277453539
-6.132164277453539
-6.132164277453539
-6.132164277453539
-6.132164277453539
-6.132164277453539
-6.132164277453539
-6.132164277453539
-6.132164277453539
-6.132164277453539
-6.132164277453539
-6.132164277453539
-6.132164277453539
-6.132164277453539
-5.137032355235201
-5.110136897877949
-5.110136897877949
-5.056345983163444
-4.088109518302359
-4.088109518302359
-4.088109518302359
-4.088109518302359
-3.281245797584788
-3.0660821387267694
-3.0660821387267694
-3.0660821387267694
-2.9853957666550124
-2.0440547591511793
-2.0440547591511793
-2.0440547591511793
-2.0440547591511793
-1.3716683252198705
-1.0220273795755896
-1.0220273795755896
-1.0220273795755896
-1.0220273795755896
-1.0220273795755896
-1.0220273795755896
-1.0220273795755896
-1.0220273795755896
-1.0220273795755896
-1.0220273795755896
-1.1296092090045993
-2.0440547591511793
-2.0440547591511793
-2.0440547591511793
-2.0440547591511793
-3.0391866813695168
-3.0660821387267694
-3.0660821387267694
-3.0660821387267694
-3.0660821387267694
-3.0660821387267694
-3.0660821387267694
-3.0660821387267694
-3.0660821387267694
-4.061214060945106
-4.088109518302359
-4.088109518302359
-4.088109518302359
-4.088109518302359
-5.056345983163444
-5.110136897877949
-5.110136897877949
-5.110136897877949
-5.110136897877949
-5.513568758236734
-6.132164277453539
-6.132164277453539
-6.132164277453539
-6.132164277453539
-6.132164277453539
-6.132164277453539
-6.132164277453539
-6.132164277453539
-6.132164277453539
-6.132164277453539
-6.132164277453539
-6.132164277453539
-6.132164277453539
-6.132164277453539
-6.132164277453539
-6.132164277453539
-6.132164277453539
-6.132164277453539
-6.132164277453539
-6.132164277453539
-6.132164277453539
-6.132164277453539
-6.132164277453539
-6.132164277453539
-6.132164277453539
-6.132164277453539
-6.132164277453539
-6.132164277453539
-6.132164277453539
-6.132164277453539
-6.132164277453539
-6.132164277453539
-6.105268820096287
-5.110136897877949
-5.110136897877949
-4.706705037519163
-4.088109518302359
-3.442618541728302
-3.0122912240122646
-2.0440547591511793
-1.5330410693633847
-1.0220273795755896
-0.21516365885801889
0.0
0.0
0.0
0.0
0.0
0.0
0.0
0.0
0.0
0.0
0.0
0.0
0.0
0.0
0.0
0.0
0.0
0.0
-0.9144455501465804
-1.0220273795755896
-1.0220273795755896
-1.4254592399343753
-2.0440547591511793
-2.0440547591511793
-2.0440547591511793
-2.0440547591511793
-2.0440547591511793
-2.0440547591511793
-2.0440547591511793
-2.0440547591511793
-2.0440547591511793
-2.4743820768672173
-2.743336650439741
-2.0440547591511793
-2.0440547591511793
-2.0440547591511793
-2.0440547591511793
-2.0440547591511793
-2.0440547591511793
-2.0440547591511793
-2.0440547591511793
-2.0440547591511793
-2.0440547591511793
-2.0440547591511793
-2.0440547591511793
-2.0440547591511793
-2.0440547591511793
-2.0440547591511793
-2.0440547591511793
-2.0440547591511793
-2.0440547591511793
-2.0440547591511793
-2.0440547591511793
-1.1834001237191039
-1.0220273795755896
-1.0220273795755896
-1.0220273795755896
-0.05379091471450472
0.0
0.0
0.0
0.0
0.0
0.0
0.0
0.0
0.0
0.0
0.0
0.0
0.0
0.0
0.0
0.0
0.0
0.0
0.0
0.0
0.0
0.0
0.0
0.0
0.0
0.0
0.0
-0.9144455501465804
-1.0220273795755896
-1.0220273795755896
-1.0220273795755896
-1.0220273795755896
-1.0220273795755896
-1.1834001237191039
-2.0440547591511793
-2.0440547591511793
-2.0440547591511793
-2.0440547591511793
-2.151636588580189
-3.0660821387267694
-3.0660821387267694
-3.0660821387267694
-3.0660821387267694
-3.0929775960840216
-4.088109518302359
-4.088109518302359
-4.088109518302359
-4.088109518302359
-4.088109518302359
-4.088109518302359
-4.088109518302359
-4.088109518302359
-4.088109518302359
-4.088109518302359
-4.088109518302359
-4.088109518302359
-4.088109518302359
-4.088109518302359
-4.088109518302359
-4.088109518302359
-4.088109518302359
-4.088109518302359
-4.088109518302359
-4.088109518302359
-4.088109518302359
-3.0660821387267694
-3.0660821387267694
-3.0660821387267694
-2.528172991581722
-2.0440547591511793
-2.0440547591511793
-1.2371910384336087
-1.0220273795755896
-1.0220273795755896
-0.29585003092977596
0.0
0.0
0.0
0.0
0.0
0.0
0.0
0.0
0.0
0.0
0.0
0.0
0.0
0.0
0.0
0.0
0.0
0.0
0.0
0.0
0.0
0.0
0.0
0.0
0.0
0.0
-0.4841182324305425
-1.0220273795755896
-1.0220273795755896
-1.0220273795755896
-1.0220273795755896
-1.0758182942900945
-2.0440547591511793
-2.0440547591511793
-2.0440547591511793
-2.0440547591511793
-2.0440547591511793
-2.528172991581722
-3.0660821387267694
-3.0660821387267694
-3.0660821387267694
-3.0660821387267694
-3.0660821387267694
-3.0660821387267694
-3.7653640300153306
-4.088109518302359
-4.088109518302359
-4.088109518302359
-4.088109518302359
-4.088109518302359
-4.088109518302359
-4.89497323901993
-5.110136897877949
-5.110136897877949
-5.110136897877949
-5.110136897877949
-5.110136897877949
-5.110136897877949
-5.110136897877949
-5.110136897877949
-5.110136897877949
-4.626018665447407
-4.088109518302359
-4.088109518302359
-3.6846776579435736
-3.0660821387267694
-2.9853957666550124
-2.0440547591511793
-2.0440547591511793
-1.2371910384336087
-1.0220273795755896
-1.0220273795755896
0.0
0.0
0.0
0.0
0.0
0.0
0.0
0.0
0.0
0.0
0.0
0.0
0.0
0.0
0.0
0.0
0.0
0.0
0.0
0.0
0.0
0.0
0.0
0.0
0.0
0.0
0.0
0.0
0.0
0.0
0.0
0.0
0.0
0.0
0.0
0.0
-0.5110136897877948
-1.0220273795755896
-1.0220273795755896
-1.0220273795755896
-1.0220273795755896
-1.048922836932842
-2.0440547591511793
-2.0440547591511793
-2.0440547591511793
-2.2861138753664507
-3.0660821387267694
-3.0660821387267694
-3.254350340227536
-4.088109518302359
-4.088109518302359
-4.787391409590921
-5.110136897877949
-5.110136897877949
-5.728732417094753
-6.132164277453539
-6.132164277453539
-6.132164277453539
-6.481805223097819
-7.154191657029128
-7.154191657029128
-7.154191657029128
-7.154191657029128
-7.154191657029128
-7.207982571743633
-8.176219036604717
-8.176219036604717
-8.176219036604717
-8.176219036604717
-8.176219036604717
-7.181087114386381
-7.154191657029128
-7.154191657029128
-6.132164277453539
-6.024582448024529
-5.110136897877949
-4.518436836018397
-3.8998413168015924
-3.0660821387267694
-2.2054275032946937
-1.6137274414351417
-1.0220273795755896
-0.18826820150076654
0.0
0.0
0.0
0.0
0.5379091471450472
1.0220273795755896
1.0220273795755896
1.0220273795755896
1.0220273795755896
1.0220273795755896
1.0220273795755896
1.0220273795755896
1.0220273795755896
0.24205911621527126
0.0
0.0
0.0
0.0
0.0
0.0
0.0
0.0
0.0
0.0
0.0
0.0
0.0
0.0
0.0
0.0
0.0
-0.5917000618595519
-1.0220273795755896
-1.0220273795755896
-1.0220273795755896
-1.0220273795755896
-1.0220273795755896
-1.0220273795755896
-1.0220273795755896
-1.0220273795755896
-1.0220273795755896
-1.0220273795755896
-1.0220273795755896
-1.0220273795755896
-1.0220273795755896
-1.0220273795755896
-1.0220273795755896
-1.0220273795755896
-1.0220273795755896
-1.0220273795755896
-1.0220273795755896
-1.0220273795755896
-1.0220273795755896
-1.0220273795755896
-1.0220273795755896
-1.0220273795755896
-1.0220273795755896
-1.0220273795755896
-1.0220273795755896
-1.0220273795755896
-1.0220273795755896
-1.0220273795755896
-1.0220273795755896
-1.0220273795755896
-1.0220273795755896
-1.0220273795755896
-1.0220273795755896
-1.0220273795755896
-1.0220273795755896
-1.0220273795755896
-1.0220273795755896
-1.0220273795755896
-1.0220273795755896
-1.0220273795755896
-1.0220273795755896
-1.0220273795755896
-1.0220273795755896
-1.0220273795755896
-1.0220273795755896
-1.0220273795755896
-0.4841182324305425
0.0
0.0
0.0
0.0
0.0
0.0
0.0
0.0
0.0
0.0
0.0
0.0
0.0
0.0
0.0
0.0
0.0
0.0
0.0
0.0
0.0
0.0
0.0
0.0
0.0
0.0
0.0
0.0
0.0
0.0
0.0
0.0
0.0
0.0
0.0
0.0
0.0
0.0
0.0
0.0
0.0
0.0
0.0
0.0
0.0
0.0
0.0
0.0
0.0
0.0
0.0
0.0
0.0
0.0
-0.4841182324305425
-1.0220273795755896
-1.0220273795755896
-1.0220273795755896
-1.640622898792394
-2.0440547591511793
-2.0440547591511793
-2.232322960651946
-3.0660821387267694
-3.0660821387267694
-3.0660821387267694
-3.0660821387267694
-3.0660821387267694
-3.7653640300153306
-4.088109518302359
-4.088109518302359
-4.088109518302359
-4.088109518302359
-4.088109518302359
-4.088109518302359
-4.088109518302359
-3.8460504020870876
-3.0660821387267694
-3.0660821387267694
-3.0660821387267694
-3.0660821387267694
-2.447486619509965
-2.0440547591511793
-1.9633683870794225
-1.0220273795755896
-1.0220273795755896
-0.4034318603587854
0.0
0.0
0.0
0.0
0.0
0.0
0.0
0.2689545735725236
1.0220273795755896
1.0220273795755896
1.0220273795755896
1.0220273795755896
1.0220273795755896
1.0220273795755896
1.0220273795755896
1.0220273795755896
1.0220273795755896
1.0220273795755896
1.640622898792394
2.0440547591511793
2.0440547591511793
2.0440547591511793
2.0440547591511793
2.0440547591511793
2.0440547591511793
3.0391866813695168
3.0660821387267694
3.0660821387267694
3.0660821387267694
3.0660821387267694
3.0660821387267694
3.0660821387267694
3.0660821387267694
3.2274548828702834
4.088109518302359
4.088109518302359
4.088109518302359
4.088109518302359
4.088109518302359
4.088109518302359
4.088109518302359
4.088109518302359
4.088109518302359
4.088109518302359
4.088109518302359
4.088109518302359
4.088109518302359
4.088109518302359
4.088109518302359
4.088109518302359
4.088109518302359
3.8191549447298354
3.0660821387267694
3.0660821387267694
3.0660821387267694
3.0660821387267694
2.4205911621527125
2.0440547591511793
2.0440547591511793
1.721309270864151
1.0220273795755896
1.0220273795755896
0.6454909765740567
0.0
0.0
0.0
0.0
0.0
0.0
-0.5917000618595519
-1.0220273795755896
-1.0220273795755896
-1.0220273795755896
-1.0220273795755896
-1.0220273795755896
-1.0220273795755896
-1.0220273795755896
-1.0220273795755896
-1.0220273795755896
-1.0220273795755896
-1.0220273795755896
-1.0220273795755896
-1.0220273795755896
-0.887550092789328
0.0
0.0
0.0
0.0
0.0
0.0
0.0
0.0
0.0
0.0
0.0
0.0
0.0
0.0
0.0
0.0
0.0
0.0
0.0
0.0
0.0
0.0
0.0
0.0
0.0
0.0
0.0
0.0
0.0
0.0
0.0
0.0
0.0
0.0
0.0
0.0
0.0
0.0
0.0
0.0
0.0
0.0
-0.16137274414351419
-1.0220273795755896
-1.0220273795755896
-1.0220273795755896
-1.0220273795755896
-1.0220273795755896
-1.0220273795755896
-1.0220273795755896
-1.0220273795755896
-1.0220273795755896
-1.0220273795755896
-1.0220273795755896
-1.0220273795755896
-1.0220273795755896
-1.0220273795755896
-1.0220273795755896
-1.0220273795755896
-1.0220273795755896
-0.24205911621527126
0.0
0.0
0.0
0.0
0.0
0.0
0.0
0.0
0.0
0.0
0.0
0.0
0.0
0.0
0.0
0.4841182324305425
1.0220273795755896
1.0220273795755896
1.0220273795755896
1.0220273795755896
1.0220273795755896
1.0220273795755896
1.0220273795755896
0.6185955192168043
0.0
0.0
0.0
0.0
0.0
0.0
0.0
0.0
0.0
0.0
0.0
0.0
0.0
0.0
0.0
0.0
0.0
0.0
0.0
0.0
0.0
0.0
0.0
0.0
0.0
0.0
0.0
0.0
0.0
0.0
0.0
0.0
0.0
0.0
0.0
0.0
0.0
0.0
0.0
-0.9413410075038326
-1.0220273795755896
-1.0220273795755896
-1.0220273795755896
-1.0220273795755896
-1.0220273795755896
-1.0220273795755896
-1.0220273795755896
-1.0220273795755896
-1.0220273795755896
-1.0220273795755896
-1.0220273795755896
-1.0220273795755896
-1.0220273795755896
-1.0220273795755896
-1.0220273795755896
-1.0220273795755896
-1.0220273795755896
-1.0220273795755896
-0.5917000618595519
0.0
0.0
0.0
0.0
0.0
0.0
0.0
0.0
0.0
0.0
0.0
0.0
0.0
0.0
0.0
0.0
0.0
0.0
0.0
0.0
0.0
0.0
0.0
0.0
0.0
0.0
0.0
0.0
0.0
0.0
0.0
0.0
0.0
0.0
0.0
0.0
0.0
0.0
0.0
0.0
0.0
0.0
0.0
0.0
0.0
0.0
0.0
0.0
0.0
0.0
0.0
0.0
0.0
0.0
0.0
0.0
0.0
0.0
0.0
0.0
0.0
0.0
0.0
0.0
0.0
0.0
0.0
0.0
0.0
0.0
0.0
0.0
0.0
0.0
0.0
0.0
