86.41975308641976
86.41975308641976
86.41975308641976
86.41975308641976
86.41975308641976
86.41975308641976
86.41975308641976
86.41975308641976
86.41975308641976
86.41975308641976
86.41975308641976
86.41975308641976
86.41975308641976
86.41975308641976
86.41975308641976
86.41975308641976
86.41975308641976
86.41975308641976
86.41975308641976
86.41975308641976
86.41975308641976
86.41975308641976
86.41975308641976
86.41975308641976
86.41975308641976
86.41975308641976
86.41975308641976
86.41975308641976
86.41975308641976
86.41975308641976
86.41975308641976
86.41975308641976
86.87700045724738
87.4485596707819
87.4485596707819
87.4485596707819
87.4485596707819
87.4485596707819
87.4485596707819
87.4485596707819
87.4485596707819
87.4485596707819
87.4485596707819
87.4485596707819
87.4485596707819
87.4485596707819
87.4485596707819
87.4485596707819
87.4485596707819
87.4485596707819
87.4485596707819
87.4485596707819
87.4485596707819
87.4485596707819
87.4485596707819
87.4485596707819
87.4485596707819
87.4485596707819
87.4485596707819
87.4485596707819
87.4485596707819
87.4485596707819
87.4485596707819
87.4485596707819
87.4485596707819
87.4485596707819
87.4485596707819
87.4485596707819
87.4485596707819
87.4485596707819
86.19112940100595
85.39094650205762
85.39094650205762
85.39094650205762
85.39094650205762
85.39094650205762
85.39094650205762
85.39094650205762
85.39094650205762
85.39094650205762
85.39094650205762
85.39094650205762
85.39094650205762
85.39094650205762
85.39094650205762
85.39094650205762
85.39094650205762
85.39094650205762
85.39094650205762
85.39094650205762
85.39094650205762
85.39094650205762
85.39094650205762
85.39094650205762
85.39094650205762
85.39094650205762
85.39094650205762
85.39094650205762
85.39094650205762
85.39094650205762
85.39094650205762
85.39094650205762
85.39094650205762
85.39094650205762
85.39094650205762
85.39094650205762
85.39094650205762
85.39094650205762
85.50525834476453
86.41975308641976
86.41975308641976
86.41975308641976
86.41975308641976
86.41975308641976
86.41975308641976
86.41975308641976
86.41975308641976
86.41975308641976
86.41975308641976
86.41975308641976
86.41975308641976
86.41975308641976
86.41975308641976
86.41975308641976
86.41975308641976
86.41975308641976
86.41975308641976
86.41975308641976
86.41975308641976
86.41975308641976
86.41975308641976
86.41975308641976
86.41975308641976
86.41975308641976
86.41975308641976
86.41975308641976
86.41975308641976
86.41975308641976
86.41975308641976
86.41975308641976
86.41975308641976
86.41975308641976
86.41975308641976
86.41975308641976
86.64837677183357
87.4485596707819
87.4485596707819
87.4485596707819
87.4485596707819
87.4485596707819
87.4485596707819
87.4485596707819
87.4485596707819
87.4485596707819
87.4485596707819
87.4485596707819
87.4485596707819
87.4485596707819
87.4485596707819
87.4485596707819
87.4485596707819
87.4485596707819
87.4485596707819
87.4485596707819
87.4485596707819
87.4485596707819
87.4485596707819
87.4485596707819
87.4485596707819
87.4485596707819
87.4485596707819
87.4485596707819
87.4485596707819
87.4485596707819
87.4485596707819
87.4485596707819
87.4485596707819
87.4485596707819
87.4485596707819
87.4485596707819
87.4485596707819
87.4485596707819
87.4485596707819
87.4485596707819
88.36305441243714
88.47736625514403
88.47736625514403
88.47736625514403
88.47736625514403
88.47736625514403
88.47736625514403
88.47736625514403
88.47736625514403
88.47736625514403
88.47736625514403
88.47736625514403
88.47736625514403
88.47736625514403
88.47736625514403
88.47736625514403
88.47736625514403
88.47736625514403
88.47736625514403
88.47736625514403
88.47736625514403
88.47736625514403
88.47736625514403
88.47736625514403
88.47736625514403
88.47736625514403
88.47736625514403
88.47736625514403
88.47736625514403
88.47736625514403
88.47736625514403
88.47736625514403
88.47736625514403
88.47736625514403
88.47736625514403
88.47736625514403
88.47736625514403
88.47736625514403
88.47736625514403
88.47736625514403
90.0777320530407
92.5925925925926
92.5925925925926
92.5925925925926
92.5925925925926
92.5925925925926
92.5925925925926
92.5925925925926
92.5925925925926
92.5925925925926
92.5925925925926
92.5925925925926
92.5925925925926
92.5925925925926
92.5925925925926
92.5925925925926
92.5925925925926
92.5925925925926
92.5925925925926
92.5925925925926
92.5925925925926
92.5925925925926
92.5925925925926
92.5925925925926
92.5925925925926
92.5925925925926
92.5925925925926
92.5925925925926
92.5925925925926
92.5925925925926
92.5925925925926
92.5925925925926
92.5925925925926
92.5925925925926
92.5925925925926
92.5925925925926
92.5925925925926
92.5925925925926
92.5925925925926
92.5925925925926
92.5925925925926
92.5925925925926
92.5925925925926
92.5925925925926
92.5925925925926
92.24965706447189
89.50617283950618
89.50617283950618
89.50617283950618
89.50617283950618
89.50617283950618
89.50617283950618
89.50617283950618
89.50617283950618
89.50617283950618
89.50617283950618
89.50617283950618
89.50617283950618
89.50617283950618
89.50617283950618
89.50617283950618
89.50617283950618
89.50617283950618
89.50617283950618
89.50617283950618
89.50617283950618
89.50617283950618
89.50617283950618
89.50617283950618
89.50617283950618
89.50617283950618
89.50617283950618
89.50617283950618
89.50617283950618
89.50617283950618
89.50617283950618
89.50617283950618
89.50617283950618
89.50617283950618
89.50617283950618
89.50617283950618
89.50617283950618
89.50617283950618
89.50617283950618
89.50617283950618
89.50617283950618
89.50617283950618
89.50617283950618
89.50617283950618
89.50617283950618
89.50617283950618
89.50617283950618
89.50617283950618
89.50617283950618
89.50617283950618
89.50617283950618
89.50617283950618
89.50617283950618
89.50617283950618
89.50617283950618
89.50617283950618
89.50617283950618
89.50617283950618
89.50617283950618
89.50617283950618
89.50617283950618
89.50617283950618
89.50617283950618
89.50617283950618
89.50617283950618
89.50617283950618
89.50617283950618
89.50617283950618
89.50617283950618
89.50617283950618
89.50617283950618
89.50617283950618
89.50617283950618
89.50617283950618
89.50617283950618
89.50617283950618
89.50617283950618
89.50617283950618
89.50617283950618
89.50617283950618
89.50617283950618
89.50617283950618
89.50617283950618
89.50617283950618
89.50617283950618
89.50617283950618
89.50617283950618
89.50617283950618
89.50617283950618
89.50617283950618
89.50617283950618
89.50617283950618
89.50617283950618
89.50617283950618
89.50617283950618
89.50617283950618
89.50617283950618
89.50617283950618
89.50617283950618
89.50617283950618
89.50617283950618
89.50617283950618
89.50617283950618
89.50617283950618
89.50617283950618
89.50617283950618
89.50617283950618
89.50617283950618
89.50617283950618
89.50617283950618
89.50617283950618
89.50617283950618
89.50617283950618
89.50617283950618
69.61591220850481
0.0
0.0
0.0
0.0
0.0
0.0
0.0
0.0
0.0
0.0
0.0
0.0
0.0
0.0
0.0
0.0
0.0
0.0
0.0
0.0
0.0
0.0
0.0
13.717421124828533
82.3045267489712
82.3045267489712
82.3045267489712
82.3045267489712
82.3045267489712
82.3045267489712
82.3045267489712
82.3045267489712
82.3045267489712
82.3045267489712
82.3045267489712
82.3045267489712
82.3045267489712
82.3045267489712
82.3045267489712
82.3045267489712
82.3045267489712
82.3045267489712
82.3045267489712
82.3045267489712
82.3045267489712
82.3045267489712
84.36213991769549
85.39094650205762
85.39094650205762
85.39094650205762
85.39094650205762
85.39094650205762
85.39094650205762
85.39094650205762
85.39094650205762
85.39094650205762
85.39094650205762
85.39094650205762
85.39094650205762
85.39094650205762
85.39094650205762
85.39094650205762
85.39094650205762
85.39094650205762
85.39094650205762
85.39094650205762
85.39094650205762
85.39094650205762
85.39094650205762
85.39094650205762
85.39094650205762
85.39094650205762
85.39094650205762
85.39094650205762
85.39094650205762
85.39094650205762
90.02057613168725
94.65020576131688
94.65020576131688
94.65020576131688
94.65020576131688
94.65020576131688
94.65020576131688
94.65020576131688
94.65020576131688
94.65020576131688
94.65020576131688
94.65020576131688
94.65020576131688
94.65020576131688
94.65020576131688
94.65020576131688
94.65020576131688
94.65020576131688
94.65020576131688
94.65020576131688
94.65020576131688
94.65020576131688
94.65020576131688
94.65020576131688
94.65020576131688
94.65020576131688
94.65020576131688
94.65020576131688
94.65020576131688
94.65020576131688
94.65020576131688
94.65020576131688
94.65020576131688
95.67901234567901
96.70781893004116
96.70781893004116
96.70781893004116
96.70781893004116
96.70781893004116
96.70781893004116
96.70781893004116
96.70781893004116
96.70781893004116
96.70781893004116
96.70781893004116
96.70781893004116
96.70781893004116
96.70781893004116
96.70781893004116
96.70781893004116
96.70781893004116
96.70781893004116
96.70781893004116
96.70781893004116
96.70781893004116
96.70781893004116
96.70781893004116
96.70781893004116
96.70781893004116
96.70781893004116
96.70781893004116
96.70781893004116
96.70781893004116
96.70781893004116
96.70781893004116
96.70781893004116
96.70781893004116
96.70781893004116
96.70781893004116
96.70781893004116
96.70781893004116
96.70781893004116
96.70781893004116
95.67901234567901
94.65020576131688
94.65020576131688
94.65020576131688
94.65020576131688
94.65020576131688
94.65020576131688
94.65020576131688
94.65020576131688
94.65020576131688
94.65020576131688
94.65020576131688
94.65020576131688
94.65020576131688
94.65020576131688
94.65020576131688
94.65020576131688
94.65020576131688
94.65020576131688
94.65020576131688
94.65020576131688
94.65020576131688
94.65020576131688
94.65020576131688
94.65020576131688
94.65020576131688
94.65020576131688
94.65020576131688
94.65020576131688
94.65020576131688
94.65020576131688
94.65020576131688
94.65020576131688
94.65020576131688
94.65020576131688
94.65020576131688
94.65020576131688
94.65020576131688
94.65020576131688
94.65020576131688
94.65020576131688
93.6785550983082
93.62139917695474
93.62139917695474
93.62139917695474
93.62139917695474
93.62139917695474
93.62139917695474
93.62139917695474
93.62139917695474
93.62139917695474
93.62139917695474
93.62139917695474
93.62139917695474
93.62139917695474
93.62139917695474
93.62139917695474
93.62139917695474
93.62139917695474
93.62139917695474
93.62139917695474
93.62139917695474
93.62139917695474
93.62139917695474
93.62139917695474
93.62139917695474
93.62139917695474
93.62139917695474
93.62139917695474
93.62139917695474
93.62139917695474
93.62139917695474
93.62139917695474
93.62139917695474
93.62139917695474
93.62139917695474
93.62139917695474
93.62139917695474
93.62139917695474
93.62139917695474
93.62139917695474
93.62139917695474
93.62139917695474
93.62139917695474
93.62139917695474
93.62139917695474
93.62139917695474
93.62139917695474
93.62139917695474
93.62139917695474
93.62139917695474
93.62139917695474
93.62139917695474
93.62139917695474
93.62139917695474
93.62139917695474
93.62139917695474
93.62139917695474
93.62139917695474
93.62139917695474
93.62139917695474
93.62139917695474
93.62139917695474
93.62139917695474
93.62139917695474
93.62139917695474
93.62139917695474
93.62139917695474
93.62139917695474
93.62139917695474
93.62139917695474
93.62139917695474
93.62139917695474
93.62139917695474
93.62139917695474
93.62139917695474
93.62139917695474
93.62139917695474
93.62139917695474
93.62139917695474
93.62139917695474
93.62139917695474
93.62139917695474
92.7069044352995
92.5925925925926
92.5925925925926
92.5925925925926
92.5925925925926
92.5925925925926
92.5925925925926
92.5925925925926
92.5925925925926
92.5925925925926
92.5925925925926
92.5925925925926
92.5925925925926
92.5925925925926
92.5925925925926
92.5925925925926
92.5925925925926
92.5925925925926
92.5925925925926
92.5925925925926
92.5925925925926
92.5925925925926
92.5925925925926
92.5925925925926
92.5925925925926
92.5925925925926
92.5925925925926
92.5925925925926
92.5925925925926
92.5925925925926
92.5925925925926
92.5925925925926
92.5925925925926
92.5925925925926
92.5925925925926
92.5925925925926
92.5925925925926
92.5925925925926
92.5925925925926
92.5925925925926
92.5925925925926
91.90672153635117
90.53497942386832
90.53497942386832
90.53497942386832
90.53497942386832
90.53497942386832
90.53497942386832
90.53497942386832
90.53497942386832
90.53497942386832
90.53497942386832
90.53497942386832
90.53497942386832
90.53497942386832
90.53497942386832
90.53497942386832
90.53497942386832
90.53497942386832
90.53497942386832
90.53497942386832
90.53497942386832
90.53497942386832
90.53497942386832
90.53497942386832
90.53497942386832
90.53497942386832
90.53497942386832
90.53497942386832
90.53497942386832
90.53497942386832
90.53497942386832
90.53497942386832
90.53497942386832
90.53497942386832
90.53497942386832
90.53497942386832
90.53497942386832
90.53497942386832
90.53497942386832
89.56332876085963
89.50617283950618
89.50617283950618
89.50617283950618
89.50617283950618
89.50617283950618
89.50617283950618
89.50617283950618
89.50617283950618
89.50617283950618
89.50617283950618
89.50617283950618
89.50617283950618
89.50617283950618
89.50617283950618
89.50617283950618
89.50617283950618
89.50617283950618
89.50617283950618
89.50617283950618
89.50617283950618
89.50617283950618
89.50617283950618
89.50617283950618
89.50617283950618
89.50617283950618
89.50617283950618
89.50617283950618
89.50617283950618
89.50617283950618
89.50617283950618
89.50617283950618
89.50617283950618
89.50617283950618
89.50617283950618
89.50617283950618
89.50617283950618
89.50617283950618
89.50617283950618
88.30589849108368
86.41975308641976
86.41975308641976
86.41975308641976
86.41975308641976
86.41975308641976
86.41975308641976
86.41975308641976
86.41975308641976
86.41975308641976
86.41975308641976
86.41975308641976
86.41975308641976
86.41975308641976
86.41975308641976
86.41975308641976
86.41975308641976
86.41975308641976
86.41975308641976
86.41975308641976
86.41975308641976
86.41975308641976
86.41975308641976
86.41975308641976
86.41975308641976
86.41975308641976
86.41975308641976
86.41975308641976
86.41975308641976
86.41975308641976
86.41975308641976
86.41975308641976
86.41975308641976
86.41975308641976
86.41975308641976
86.41975308641976
86.41975308641976
86.41975308641976
86.41975308641976
86.41975308641976
86.41975308641976
86.41975308641976
86.07681755829904
85.39094650205762
85.39094650205762
85.39094650205762
85.39094650205762
85.39094650205762
85.39094650205762
85.39094650205762
85.39094650205762
85.39094650205762
85.39094650205762
85.39094650205762
85.39094650205762
85.39094650205762
85.39094650205762
85.39094650205762
85.39094650205762
85.39094650205762
85.39094650205762
85.39094650205762
85.39094650205762
85.39094650205762
85.39094650205762
85.39094650205762
85.39094650205762
85.39094650205762
85.39094650205762
85.39094650205762
85.39094650205762
85.39094650205762
85.39094650205762
85.39094650205762
85.39094650205762
85.39094650205762
85.39094650205762
85.39094650205762
85.39094650205762
85.39094650205762
85.39094650205762
85.39094650205762
85.39094650205762
85.39094650205762
86.1339734796525
86.41975308641976
86.41975308641976
86.41975308641976
86.41975308641976
86.41975308641976
86.41975308641976
86.41975308641976
86.41975308641976
86.41975308641976
86.41975308641976
86.41975308641976
86.41975308641976
86.41975308641976
86.41975308641976
86.41975308641976
86.41975308641976
86.41975308641976
86.41975308641976
86.41975308641976
86.41975308641976
86.41975308641976
86.41975308641976
86.41975308641976
86.41975308641976
86.41975308641976
86.41975308641976
86.41975308641976
86.41975308641976
86.41975308641976
86.41975308641976
86.41975308641976
86.41975308641976
86.41975308641976
86.41975308641976
86.41975308641976
86.41975308641976
86.41975308641976
85.39094650205762
83.33333333333334
83.33333333333334
83.33333333333334
83.33333333333334
83.33333333333334
83.33333333333334
83.33333333333334
83.33333333333334
83.33333333333334
83.33333333333334
83.33333333333334
83.33333333333334
83.33333333333334
83.33333333333334
83.33333333333334
83.33333333333334
83.33333333333334
83.33333333333334
83.33333333333334
83.33333333333334
83.33333333333334
83.33333333333334
