82.11303789338471
82.20937700706487
82.20937700706487
82.20937700706487
82.20937700706487
82.20937700706487
82.20937700706487
82.20937700706487
82.20937700706487
82.20937700706487
82.20937700706487
82.20937700706487
82.20937700706487
82.20937700706487
82.20937700706487
82.20937700706487
82.20937700706487
82.20937700706487
82.20937700706487
82.20937700706487
82.20937700706487
82.20937700706487
82.20937700706487
82.20937700706487
82.20937700706487
82.20937700706487
82.20937700706487
82.20937700706487
82.20937700706487
82.20937700706487
82.20937700706487
82.20937700706487
82.20937700706487
82.20937700706487
82.20937700706487
82.20937700706487
82.20937700706487
82.20937700706487
82.20937700706487
82.20937700706487
82.20937700706487
82.20937700706487
85.67758509955041
86.31984585741812
86.31984585741812
86.31984585741812
86.31984585741812
86.31984585741812
86.31984585741812
86.31984585741812
86.31984585741812
86.31984585741812
86.31984585741812
86.31984585741812
86.31984585741812
86.31984585741812
86.31984585741812
86.31984585741812
86.31984585741812
86.31984585741812
86.31984585741812
86.31984585741812
86.31984585741812
86.31984585741812
86.31984585741812
86.31984585741812
86.31984585741812
86.31984585741812
86.31984585741812
86.31984585741812
86.31984585741812
86.31984585741812
86.31984585741812
86.31984585741812
86.31984585741812
86.31984585741812
86.31984585741812
86.31984585741812
86.31984585741812
86.31984585741812
86.31984585741812
86.31984585741812
86.31984585741812
86.31984585741812
86.31984585741812
87.15478484264611
87.34746307000643
87.34746307000643
87.34746307000643
87.34746307000643
87.34746307000643
87.34746307000643
87.34746307000643
87.34746307000643
87.34746307000643
87.34746307000643
87.34746307000643
87.34746307000643
87.34746307000643
87.34746307000643
87.34746307000643
87.34746307000643
87.34746307000643
87.34746307000643
87.34746307000643
87.34746307000643
87.34746307000643
88.08606294155427
88.37508028259474
88.37508028259474
88.37508028259474
88.37508028259474
88.37508028259474
88.37508028259474
88.37508028259474
88.37508028259474
88.37508028259474
88.37508028259474
88.37508028259474
88.37508028259474
88.37508028259474
88.37508028259474
88.37508028259474
88.37508028259474
88.37508028259474
88.37508028259474
88.37508028259474
88.37508028259474
88.53564547206166
89.40269749518305
89.40269749518305
89.40269749518305
89.40269749518305
89.40269749518305
89.40269749518305
89.40269749518305
89.40269749518305
89.40269749518305
89.40269749518305
89.40269749518305
89.40269749518305
89.40269749518305
89.40269749518305
89.40269749518305
89.40269749518305
89.40269749518305
89.40269749518305
89.40269749518305
89.40269749518305
89.40269749518305
89.40269749518305
89.40269749518305
89.40269749518305
91.42581888246627
92.48554913294798
92.48554913294798
92.48554913294798
92.48554913294798
92.48554913294798
92.48554913294798
92.48554913294798
92.48554913294798
92.48554913294798
92.48554913294798
92.48554913294798
92.48554913294798
92.48554913294798
92.48554913294798
92.48554913294798
92.48554913294798
92.48554913294798
92.48554913294798
92.48554913294798
92.48554913294798
92.48554913294798
92.48554913294798
92.48554913294798
92.48554913294798
91.97174052665382
91.45793192035967
91.45793192035967
91.45793192035967
91.45793192035967
91.45793192035967
91.45793192035967
91.45793192035967
91.45793192035967
91.45793192035967
91.45793192035967
91.45793192035967
91.45793192035967
91.45793192035967
91.45793192035967
91.45793192035967
91.45793192035967
91.45793192035967
91.45793192035967
91.45793192035967
91.45793192035967
91.45793192035967
91.45793192035967
91.45793192035967
91.45793192035967
91.45793192035967
89.69171483622351
86.31984585741812
86.31984585741812
86.31984585741812
86.31984585741812
86.31984585741812
86.31984585741812
86.31984585741812
86.31984585741812
86.31984585741812
86.31984585741812
86.31984585741812
86.31984585741812
86.31984585741812
86.31984585741812
86.31984585741812
86.31984585741812
86.31984585741812
86.31984585741812
86.31984585741812
86.31984585741812
86.31984585741812
86.31984585741812
86.31984585741812
86.31984585741812
86.31984585741812
86.03082851637765
83.23699421965318
83.23699421965318
83.23699421965318
83.23699421965318
83.23699421965318
83.23699421965318
83.23699421965318
83.23699421965318
83.23699421965318
83.23699421965318
83.23699421965318
83.23699421965318
83.23699421965318
83.23699421965318
83.23699421965318
83.23699421965318
83.23699421965318
83.23699421965318
83.23699421965318
83.23699421965318
83.23699421965318
83.23699421965318
83.23699421965318
83.23699421965318
83.23699421965318
83.20488118175979
82.20937700706487
82.20937700706487
82.20937700706487
82.20937700706487
82.20937700706487
82.20937700706487
82.20937700706487
82.20937700706487
82.20937700706487
82.20937700706487
82.20937700706487
82.20937700706487
82.20937700706487
82.20937700706487
82.20937700706487
82.20937700706487
82.20937700706487
82.20937700706487
82.20937700706487
82.20937700706487
82.20937700706487
82.20937700706487
82.20937700706487
82.20937700706487
82.20937700706487
82.9800899165061
85.2922286448298
85.2922286448298
85.2922286448298
85.2922286448298
85.2922286448298
85.2922286448298
85.2922286448298
85.2922286448298
85.2922286448298
85.2922286448298
85.2922286448298
85.2922286448298
85.2922286448298
85.2922286448298
85.2922286448298
85.2922286448298
85.2922286448298
85.2922286448298
85.2922286448298
85.2922286448298
85.2922286448298
85.2922286448298
85.2922286448298
85.2922286448298
85.13166345536287
84.2646114322415
84.2646114322415
84.2646114322415
84.2646114322415
84.2646114322415
84.2646114322415
84.2646114322415
84.2646114322415
84.2646114322415
84.2646114322415
84.2646114322415
84.2646114322415
84.2646114322415
84.2646114322415
84.2646114322415
84.2646114322415
84.2646114322415
84.2646114322415
84.2646114322415
84.2646114322415
84.2646114322415
84.2646114322415
83.94348105330764
83.23699421965318
83.23699421965318
83.23699421965318
83.23699421965318
83.23699421965318
83.23699421965318
83.23699421965318
83.23699421965318
83.23699421965318
83.23699421965318
83.23699421965318
83.23699421965318
83.23699421965318
83.23699421965318
83.23699421965318
83.23699421965318
83.23699421965318
83.23699421965318
83.23699421965318
83.23699421965318
83.23699421965318
83.23699421965318
83.04431599229287
81.18175979447656
81.18175979447656
81.18175979447656
81.18175979447656
81.18175979447656
81.18175979447656
81.18175979447656
81.18175979447656
81.18175979447656
81.18175979447656
81.18175979447656
81.18175979447656
81.18175979447656
81.18175979447656
81.18175979447656
81.18175979447656
81.18175979447656
81.18175979447656
81.18175979447656
81.18175979447656
81.18175979447656
81.18175979447656
81.37443802183687
84.2646114322415
84.2646114322415
84.2646114322415
84.2646114322415
84.2646114322415
84.2646114322415
84.2646114322415
84.2646114322415
84.2646114322415
84.2646114322415
84.2646114322415
84.2646114322415
84.2646114322415
84.2646114322415
84.2646114322415
84.2646114322415
84.2646114322415
84.2646114322415
84.2646114322415
84.2646114322415
84.2646114322415
84.2646114322415
84.2646114322415
84.36095054592164
85.2922286448298
85.2922286448298
85.2922286448298
85.2922286448298
85.2922286448298
85.2922286448298
85.2922286448298
85.2922286448298
85.2922286448298
85.2922286448298
85.2922286448298
85.2922286448298
85.2922286448298
85.2922286448298
85.2922286448298
85.2922286448298
85.2922286448298
85.2922286448298
85.2922286448298
85.2922286448298
85.2922286448298
85.2922286448298
85.2922286448298
84.4572896596018
84.2646114322415
84.2646114322415
84.2646114322415
84.2646114322415
84.2646114322415
84.2646114322415
84.2646114322415
84.2646114322415
84.2646114322415
84.2646114322415
84.2646114322415
84.2646114322415
84.2646114322415
84.2646114322415
84.2646114322415
84.2646114322415
84.2646114322415
84.2646114322415
84.2646114322415
84.2646114322415
84.2646114322415
84.2646114322415
83.46178548490687
83.23699421965318
83.23699421965318
83.23699421965318
83.23699421965318
83.23699421965318
83.23699421965318
83.23699421965318
83.23699421965318
83.23699421965318
83.23699421965318
83.23699421965318
83.23699421965318
83.23699421965318
83.23699421965318
83.23699421965318
83.23699421965318
83.23699421965318
83.23699421965318
83.23699421965318
83.23699421965318
83.23699421965318
83.23699421965318
83.23699421965318
83.75080282594733
84.2646114322415
84.2646114322415
84.2646114322415
84.2646114322415
84.2646114322415
84.2646114322415
84.2646114322415
84.2646114322415
84.2646114322415
84.2646114322415
84.2646114322415
84.2646114322415
84.2646114322415
84.2646114322415
84.2646114322415
84.2646114322415
84.2646114322415
84.2646114322415
84.2646114322415
84.2646114322415
84.2646114322415
84.2646114322415
84.2646114322415
84.2646114322415
84.2646114322415
82.65895953757226
82.20937700706487
82.20937700706487
82.20937700706487
82.20937700706487
82.20937700706487
82.20937700706487
82.20937700706487
82.20937700706487
82.20937700706487
82.20937700706487
82.20937700706487
82.20937700706487
82.20937700706487
82.20937700706487
82.20937700706487
82.20937700706487
82.20937700706487
82.20937700706487
82.20937700706487
82.20937700706487
82.20937700706487
82.20937700706487
82.20937700706487
82.20937700706487
85.19588953114965
85.2922286448298
85.2922286448298
85.2922286448298
85.2922286448298
85.2922286448298
85.2922286448298
85.2922286448298
85.2922286448298
85.2922286448298
85.2922286448298
85.2922286448298
85.2922286448298
85.2922286448298
85.2922286448298
85.2922286448298
85.2922286448298
85.2922286448298
85.2922286448298
85.2922286448298
85.2922286448298
85.2922286448298
85.2922286448298
84.07193320488118
83.23699421965318
83.23699421965318
83.23699421965318
83.23699421965318
83.23699421965318
83.23699421965318
83.23699421965318
83.23699421965318
83.23699421965318
83.23699421965318
83.23699421965318
83.23699421965318
83.23699421965318
83.23699421965318
83.23699421965318
83.23699421965318
83.23699421965318
83.23699421965318
83.23699421965318
83.23699421965318
83.23699421965318
83.04431599229287
82.20937700706487
82.20937700706487
82.20937700706487
82.20937700706487
82.20937700706487
82.20937700706487
82.20937700706487
82.20937700706487
82.20937700706487
82.20937700706487
82.20937700706487
82.20937700706487
82.20937700706487
82.20937700706487
82.20937700706487
82.20937700706487
82.20937700706487
82.20937700706487
82.20937700706487
82.20937700706487
82.20937700706487
82.24149004495825
83.23699421965318
83.23699421965318
83.23699421965318
83.23699421965318
83.23699421965318
83.23699421965318
83.23699421965318
83.23699421965318
83.23699421965318
83.23699421965318
83.23699421965318
83.23699421965318
83.23699421965318
83.23699421965318
83.23699421965318
83.23699421965318
83.23699421965318
83.23699421965318
83.23699421965318
83.23699421965318
83.23699421965318
83.81502890173411
86.31984585741812
86.31984585741812
86.31984585741812
86.31984585741812
86.31984585741812
86.31984585741812
86.31984585741812
86.31984585741812
86.31984585741812
86.31984585741812
86.31984585741812
86.31984585741812
86.31984585741812
86.31984585741812
86.31984585741812
86.31984585741812
86.31984585741812
86.31984585741812
86.31984585741812
86.31984585741812
86.31984585741812
86.31984585741812
86.31984585741812
86.31984585741812
86.31984585741812
86.31984585741812
86.31984585741812
86.31984585741812
86.31984585741812
86.31984585741812
86.31984585741812
86.31984585741812
86.31984585741812
86.31984585741812
86.31984585741812
86.31984585741812
86.31984585741812
86.31984585741812
86.31984585741812
86.31984585741812
86.31984585741812
86.31984585741812
86.31984585741812
86.31984585741812
86.31984585741812
86.31984585741812
86.31984585741812
86.31984585741812
86.31984585741812
86.31984585741812
86.31984585741812
86.31984585741812
86.31984585741812
86.31984585741812
86.31984585741812
86.31984585741812
86.31984585741812
86.31984585741812
86.31984585741812
86.31984585741812
86.31984585741812
86.06294155427103
82.20937700706487
82.20937700706487
82.20937700706487
82.20937700706487
82.20937700706487
82.20937700706487
82.20937700706487
82.20937700706487
82.20937700706487
82.20937700706487
82.20937700706487
82.20937700706487
82.20937700706487
82.20937700706487
82.20937700706487
82.20937700706487
82.20937700706487
82.20937700706487
82.20937700706487
82.20937700706487
82.20937700706487
86.19139370584458
86.31984585741812
86.31984585741812
86.31984585741812
86.31984585741812
86.31984585741812
86.31984585741812
86.31984585741812
86.31984585741812
86.31984585741812
86.31984585741812
86.31984585741812
86.31984585741812
86.31984585741812
86.31984585741812
86.31984585741812
86.31984585741812
86.31984585741812
86.31984585741812
86.31984585741812
86.31984585741812
87.21901091843289
88.37508028259474
88.37508028259474
88.37508028259474
88.37508028259474
88.37508028259474
88.37508028259474
88.37508028259474
88.37508028259474
88.37508028259474
88.37508028259474
88.37508028259474
88.37508028259474
88.37508028259474
88.37508028259474
88.37508028259474
88.37508028259474
88.37508028259474
88.37508028259474
88.37508028259474
88.37508028259474
88.37508028259474
88.37508028259474
86.31984585741812
86.31984585741812
86.31984585741812
86.31984585741812
86.31984585741812
86.31984585741812
86.31984585741812
86.31984585741812
86.31984585741812
86.31984585741812
86.31984585741812
86.31984585741812
86.31984585741812
86.31984585741812
86.31984585741812
86.31984585741812
86.31984585741812
86.31984585741812
86.31984585741812
86.31984585741812
86.1271676300578
83.23699421965318
83.23699421965318
83.23699421965318
83.23699421965318
83.23699421965318
83.23699421965318
83.23699421965318
83.23699421965318
83.23699421965318
83.23699421965318
83.23699421965318
83.23699421965318
83.23699421965318
83.23699421965318
83.23699421965318
83.23699421965318
83.23699421965318
83.23699421965318
83.23699421965318
83.23699421965318
83.71868978805395
84.2646114322415
84.2646114322415
84.2646114322415
84.2646114322415
84.2646114322415
84.2646114322415
84.2646114322415
84.2646114322415
84.2646114322415
84.2646114322415
84.2646114322415
84.2646114322415
84.2646114322415
84.2646114322415
84.2646114322415
84.2646114322415
84.2646114322415
84.2646114322415
84.2646114322415
85.2922286448298
86.31984585741812
86.31984585741812
86.31984585741812
86.31984585741812
86.31984585741812
86.31984585741812
86.31984585741812
86.31984585741812
86.31984585741812
86.31984585741812
86.31984585741812
86.31984585741812
86.31984585741812
86.31984585741812
86.31984585741812
86.31984585741812
86.31984585741812
86.31984585741812
86.31984585741812
86.31984585741812
86.31984585741812
86.31984585741812
86.31984585741812
86.31984585741812
86.31984585741812
86.31984585741812
86.31984585741812
86.31984585741812
86.31984585741812
86.31984585741812
86.31984585741812
86.31984585741812
86.31984585741812
86.31984585741812
86.31984585741812
86.31984585741812
86.31984585741812
86.31984585741812
86.31984585741812
86.31984585741812
89.98073217726397
92.48554913294798
92.48554913294798
92.48554913294798
92.48554913294798
92.48554913294798
92.48554913294798
92.48554913294798
92.48554913294798
92.48554913294798
92.48554913294798
92.48554913294798
92.48554913294798
92.48554913294798
92.48554913294798
92.48554913294798
92.48554913294798
92.48554913294798
92.48554913294798
92.48554913294798
92.48554913294798
90.36608863198458
89.40269749518305
89.40269749518305
89.40269749518305
89.40269749518305
89.40269749518305
89.40269749518305
89.40269749518305
89.40269749518305
89.40269749518305
89.40269749518305
89.40269749518305
89.40269749518305
89.40269749518305
89.40269749518305
89.40269749518305
89.40269749518305
89.40269749518305
89.40269749518305
89.40269749518305
89.40269749518305
89.40269749518305
86.60886319845858
86.31984585741812
86.31984585741812
86.31984585741812
86.31984585741812
86.31984585741812
86.31984585741812
86.31984585741812
86.31984585741812
86.31984585741812
86.31984585741812
86.31984585741812
86.31984585741812
86.31984585741812
86.31984585741812
86.31984585741812
86.31984585741812
86.31984585741812
86.31984585741812
86.31984585741812
86.31984585741812
86.31984585741812
90.17341040462428
91.45793192035967
91.45793192035967
91.45793192035967
91.45793192035967
91.45793192035967
91.45793192035967
91.45793192035967
91.45793192035967
91.45793192035967
91.45793192035967
91.45793192035967
91.45793192035967
91.45793192035967
91.45793192035967
91.45793192035967
91.45793192035967
91.45793192035967
91.45793192035967
91.45793192035967
91.45793192035967
91.45793192035967
90.46242774566474
90.43031470777136
90.43031470777136
90.43031470777136
90.43031470777136
90.43031470777136
90.43031470777136
90.43031470777136
90.43031470777136
90.43031470777136
90.43031470777136
90.43031470777136
90.43031470777136
90.43031470777136
90.43031470777136
