105.95238095238095
104.20634920634922
104.20634920634922
104.20634920634922
104.20634920634922
104.20634920634922
104.20634920634922
104.20634920634922
104.20634920634922
104.20634920634922
104.20634920634922
104.20634920634922
104.20634920634922
104.20634920634922
104.20634920634922
104.20634920634922
104.20634920634922
104.20634920634922
104.20634920634922
104.20634920634922
104.20634920634922
104.20634920634922
104.20634920634922
104.20634920634922
104.20634920634922
104.20634920634922
104.20634920634922
104.20634920634922
104.20634920634922
104.20634920634922
104.20634920634922
104.20634920634922
104.20634920634922
104.20634920634922
104.20634920634922
104.20634920634922
104.20634920634922
104.20634920634922
104.20634920634922
104.20634920634922
104.20634920634922
104.20634920634922
104.20634920634922
104.20634920634922
104.20634920634922
104.20634920634922
104.20634920634922
104.20634920634922
104.20634920634922
104.20634920634922
104.20634920634922
104.20634920634922
104.20634920634922
104.20634920634922
104.20634920634922
104.20634920634922
104.20634920634922
104.20634920634922
104.20634920634922
104.20634920634922
104.20634920634922
104.20634920634922
104.20634920634922
104.20634920634922
104.20634920634922
104.20634920634922
104.20634920634922
104.20634920634922
104.20634920634922
104.20634920634922
104.20634920634922
104.20634920634922
104.20634920634922
104.20634920634922
104.20634920634922
104.20634920634922
104.20634920634922
104.20634920634922
104.20634920634922
104.20634920634922
104.20634920634922
104.20634920634922
104.20634920634922
104.20634920634922
104.20634920634922
104.20634920634922
104.20634920634922
104.20634920634922
104.20634920634922
104.20634920634922
104.20634920634922
104.20634920634922
104.68253968253968
105.23809523809524
105.23809523809524
105.23809523809524
105.23809523809524
105.23809523809524
105.23809523809524
105.23809523809524
105.23809523809524
105.23809523809524
105.23809523809524
105.23809523809524
105.23809523809524
105.23809523809524
105.23809523809524
105.23809523809524
105.23809523809524
105.23809523809524
105.23809523809524
105.23809523809524
105.23809523809524
105.23809523809524
105.23809523809524
105.23809523809524
105.23809523809524
105.23809523809524
105.23809523809524
105.23809523809524
105.23809523809524
105.23809523809524
105.23809523809524
105.23809523809524
105.23809523809524
105.23809523809524
105.23809523809524
105.23809523809524
105.23809523809524
105.23809523809524
105.23809523809524
105.23809523809524
105.23809523809524
105.23809523809524
105.23809523809524
106.82539682539682
107.3015873015873
107.3015873015873
107.3015873015873
107.3015873015873
107.3015873015873
107.3015873015873
107.3015873015873
107.3015873015873
107.3015873015873
107.3015873015873
107.3015873015873
107.3015873015873
107.3015873015873
107.3015873015873
107.3015873015873
107.3015873015873
107.3015873015873
107.3015873015873
107.3015873015873
107.3015873015873
107.3015873015873
107.3015873015873
107.3015873015873
107.3015873015873
107.3015873015873
107.3015873015873
107.3015873015873
107.3015873015873
107.3015873015873
107.3015873015873
107.3015873015873
107.3015873015873
107.3015873015873
107.3015873015873
107.3015873015873
107.3015873015873
107.3015873015873
107.3015873015873
107.3015873015873
107.3015873015873
107.3015873015873
107.3015873015873
107.3015873015873
107.3015873015873
107.3015873015873
107.3015873015873
107.3015873015873
105.23809523809524
105.23809523809524
105.23809523809524
105.23809523809524
105.23809523809524
105.23809523809524
105.23809523809524
105.23809523809524
105.23809523809524
105.23809523809524
105.23809523809524
105.23809523809524
105.23809523809524
105.23809523809524
105.23809523809524
105.23809523809524
105.23809523809524
105.23809523809524
105.23809523809524
105.23809523809524
105.23809523809524
105.23809523809524
105.23809523809524
105.23809523809524
105.23809523809524
105.23809523809524
105.23809523809524
105.23809523809524
105.23809523809524
105.23809523809524
105.23809523809524
105.23809523809524
105.23809523809524
105.23809523809524
105.23809523809524
105.23809523809524
105.23809523809524
105.23809523809524
105.23809523809524
105.23809523809524
105.23809523809524
105.23809523809524
105.23809523809524
105.23809523809524
105.23809523809524
105.23809523809524
105.23809523809524
105.23809523809524
105.23809523809524
105.23809523809524
105.23809523809524
101.90476190476191
99.04761904761905
99.04761904761905
99.04761904761905
99.04761904761905
99.04761904761905
99.04761904761905
99.04761904761905
99.04761904761905
99.04761904761905
99.04761904761905
99.04761904761905
99.04761904761905
99.04761904761905
99.04761904761905
99.04761904761905
99.04761904761905
99.04761904761905
99.04761904761905
99.04761904761905
99.04761904761905
99.04761904761905
99.04761904761905
99.04761904761905
99.04761904761905
99.04761904761905
99.04761904761905
99.04761904761905
99.04761904761905
99.04761904761905
99.04761904761905
99.04761904761905
99.04761904761905
99.04761904761905
99.04761904761905
99.04761904761905
99.04761904761905
99.04761904761905
99.04761904761905
99.04761904761905
99.04761904761905
99.04761904761905
99.04761904761905
99.04761904761905
99.04761904761905
99.04761904761905
99.84126984126985
104.20634920634922
104.20634920634922
104.20634920634922
104.20634920634922
104.20634920634922
104.20634920634922
104.20634920634922
104.20634920634922
104.20634920634922
104.20634920634922
104.20634920634922
104.20634920634922
104.20634920634922
104.20634920634922
104.20634920634922
104.20634920634922
104.20634920634922
104.20634920634922
104.20634920634922
104.20634920634922
104.20634920634922
104.20634920634922
104.20634920634922
104.20634920634922
104.20634920634922
104.20634920634922
104.20634920634922
104.20634920634922
104.20634920634922
104.20634920634922
104.20634920634922
104.20634920634922
104.20634920634922
104.20634920634922
104.20634920634922
104.20634920634922
104.20634920634922
104.20634920634922
104.20634920634922
104.20634920634922
104.20634920634922
104.20634920634922
104.92063492063492
107.3015873015873
107.3015873015873
107.3015873015873
107.3015873015873
107.3015873015873
107.3015873015873
107.3015873015873
107.3015873015873
107.3015873015873
107.3015873015873
107.3015873015873
107.3015873015873
107.3015873015873
107.3015873015873
107.3015873015873
107.3015873015873
107.3015873015873
107.3015873015873
107.3015873015873
107.3015873015873
107.3015873015873
107.3015873015873
107.3015873015873
107.3015873015873
107.3015873015873
107.3015873015873
107.3015873015873
107.3015873015873
107.3015873015873
107.3015873015873
107.3015873015873
107.3015873015873
107.3015873015873
107.3015873015873
107.3015873015873
107.3015873015873
107.3015873015873
107.3015873015873
107.3015873015873
107.3015873015873
107.3015873015873
107.3015873015873
107.3015873015873
107.3015873015873
107.3015873015873
107.3015873015873
107.3015873015873
107.3015873015873
107.3015873015873
107.3015873015873
107.3015873015873
107.3015873015873
107.3015873015873
107.3015873015873
107.3015873015873
107.3015873015873
107.3015873015873
107.3015873015873
107.3015873015873
107.3015873015873
107.3015873015873
107.3015873015873
107.3015873015873
107.3015873015873
107.3015873015873
107.3015873015873
107.3015873015873
107.3015873015873
107.3015873015873
107.3015873015873
107.3015873015873
107.3015873015873
107.3015873015873
107.3015873015873
107.3015873015873
107.3015873015873
107.3015873015873
107.3015873015873
107.3015873015873
107.3015873015873
107.3015873015873
107.3015873015873
107.3015873015873
107.3015873015873
107.3015873015873
107.3015873015873
107.3015873015873
107.3015873015873
107.3015873015873
107.3015873015873
107.3015873015873
107.3015873015873
107.3015873015873
107.3015873015873
107.3015873015873
107.3015873015873
107.3015873015873
107.3015873015873
107.3015873015873
107.3015873015873
107.3015873015873
107.3015873015873
107.3015873015873
107.3015873015873
107.3015873015873
107.3015873015873
107.3015873015873
107.3015873015873
107.3015873015873
107.3015873015873
107.3015873015873
107.3015873015873
107.3015873015873
107.3015873015873
107.3015873015873
107.3015873015873
107.3015873015873
107.3015873015873
107.3015873015873
107.3015873015873
107.3015873015873
107.3015873015873
107.3015873015873
107.3015873015873
107.3015873015873
107.3015873015873
107.3015873015873
107.3015873015873
107.3015873015873
107.3015873015873
107.3015873015873
107.3015873015873
107.3015873015873
107.3015873015873
107.3015873015873
110.07936507936508
112.46031746031747
112.46031746031747
112.46031746031747
112.46031746031747
112.46031746031747
112.46031746031747
112.46031746031747
112.46031746031747
112.46031746031747
112.46031746031747
112.46031746031747
112.46031746031747
112.46031746031747
112.46031746031747
112.46031746031747
112.46031746031747
112.46031746031747
112.46031746031747
112.46031746031747
112.46031746031747
112.46031746031747
112.46031746031747
112.46031746031747
112.46031746031747
112.46031746031747
112.46031746031747
112.46031746031747
112.46031746031747
112.46031746031747
112.46031746031747
112.46031746031747
112.46031746031747
112.46031746031747
112.46031746031747
112.46031746031747
112.46031746031747
112.46031746031747
112.46031746031747
112.46031746031747
112.46031746031747
112.46031746031747
112.46031746031747
112.46031746031747
112.46031746031747
112.46031746031747
111.74603174603175
103.17460317460318
103.17460317460318
103.17460317460318
103.17460317460318
103.17460317460318
103.17460317460318
103.17460317460318
103.17460317460318
103.17460317460318
103.17460317460318
103.17460317460318
103.17460317460318
103.17460317460318
103.17460317460318
103.17460317460318
103.17460317460318
103.17460317460318
103.17460317460318
103.17460317460318
103.17460317460318
103.17460317460318
103.17460317460318
103.17460317460318
103.17460317460318
103.17460317460318
103.17460317460318
103.17460317460318
103.17460317460318
103.17460317460318
103.17460317460318
103.17460317460318
103.17460317460318
103.17460317460318
103.17460317460318
103.17460317460318
103.17460317460318
103.17460317460318
103.17460317460318
103.17460317460318
103.17460317460318
103.17460317460318
103.17460317460318
103.17460317460318
103.17460317460318
103.17460317460318
103.17460317460318
103.17460317460318
102.77777777777779
102.14285714285714
102.14285714285714
102.14285714285714
102.14285714285714
102.14285714285714
102.14285714285714
102.14285714285714
102.14285714285714
102.14285714285714
102.14285714285714
102.14285714285714
102.14285714285714
102.14285714285714
102.14285714285714
102.14285714285714
102.14285714285714
102.14285714285714
102.14285714285714
102.14285714285714
102.14285714285714
102.14285714285714
102.14285714285714
102.14285714285714
102.14285714285714
102.14285714285714
102.14285714285714
102.14285714285714
102.14285714285714
102.14285714285714
102.14285714285714
102.14285714285714
102.14285714285714
102.14285714285714
102.14285714285714
102.14285714285714
102.14285714285714
102.14285714285714
102.14285714285714
102.14285714285714
102.14285714285714
102.14285714285714
102.14285714285714
102.14285714285714
102.14285714285714
96.98412698412699
96.98412698412699
96.98412698412699
96.98412698412699
96.98412698412699
96.98412698412699
96.98412698412699
96.98412698412699
96.98412698412699
96.98412698412699
96.98412698412699
96.98412698412699
96.98412698412699
96.98412698412699
96.98412698412699
96.98412698412699
96.98412698412699
96.98412698412699
96.98412698412699
96.98412698412699
96.98412698412699
96.98412698412699
96.98412698412699
96.98412698412699
96.98412698412699
96.98412698412699
96.98412698412699
96.98412698412699
96.98412698412699
96.98412698412699
96.98412698412699
96.98412698412699
96.98412698412699
96.98412698412699
96.98412698412699
96.98412698412699
96.98412698412699
96.98412698412699
96.98412698412699
96.98412698412699
96.98412698412699
96.98412698412699
96.98412698412699
96.98412698412699
96.98412698412699
101.11111111111111
101.11111111111111
101.11111111111111
101.11111111111111
101.11111111111111
101.11111111111111
101.11111111111111
101.11111111111111
101.11111111111111
101.11111111111111
101.11111111111111
101.11111111111111
101.11111111111111
101.11111111111111
101.11111111111111
101.11111111111111
101.11111111111111
101.11111111111111
101.11111111111111
101.11111111111111
101.11111111111111
101.11111111111111
101.11111111111111
101.11111111111111
101.11111111111111
101.11111111111111
101.11111111111111
101.11111111111111
101.11111111111111
101.11111111111111
101.11111111111111
101.11111111111111
101.11111111111111
101.11111111111111
101.11111111111111
101.11111111111111
101.11111111111111
101.11111111111111
101.11111111111111
101.11111111111111
101.11111111111111
101.11111111111111
101.11111111111111
101.11111111111111
101.11111111111111
101.11111111111111
101.11111111111111
101.11111111111111
101.11111111111111
101.11111111111111
101.11111111111111
101.11111111111111
101.11111111111111
101.11111111111111
101.11111111111111
101.11111111111111
101.11111111111111
101.11111111111111
101.11111111111111
101.11111111111111
101.11111111111111
101.11111111111111
101.11111111111111
101.11111111111111
101.11111111111111
101.11111111111111
101.11111111111111
101.11111111111111
101.11111111111111
101.11111111111111
101.11111111111111
101.11111111111111
101.11111111111111
101.11111111111111
101.11111111111111
101.11111111111111
101.11111111111111
101.11111111111111
101.11111111111111
101.11111111111111
101.11111111111111
99.44444444444444
98.01587301587301
98.01587301587301
98.01587301587301
98.01587301587301
98.01587301587301
98.01587301587301
98.01587301587301
98.01587301587301
98.01587301587301
98.01587301587301
98.01587301587301
98.01587301587301
98.01587301587301
98.01587301587301
98.01587301587301
98.01587301587301
98.01587301587301
98.01587301587301
98.01587301587301
98.01587301587301
98.01587301587301
98.01587301587301
98.01587301587301
98.01587301587301
98.01587301587301
98.01587301587301
98.01587301587301
98.01587301587301
98.01587301587301
98.01587301587301
98.01587301587301
98.01587301587301
98.01587301587301
98.01587301587301
98.01587301587301
98.01587301587301
98.01587301587301
98.01587301587301
98.01587301587301
94.2063492063492
91.82539682539682
91.82539682539682
91.82539682539682
91.82539682539682
91.82539682539682
91.82539682539682
91.82539682539682
91.82539682539682
91.82539682539682
91.82539682539682
91.82539682539682
91.82539682539682
91.82539682539682
91.82539682539682
91.82539682539682
91.82539682539682
91.82539682539682
91.82539682539682
91.82539682539682
91.82539682539682
91.82539682539682
91.82539682539682
91.82539682539682
91.82539682539682
91.82539682539682
91.82539682539682
91.82539682539682
91.82539682539682
91.82539682539682
91.82539682539682
91.82539682539682
91.82539682539682
91.82539682539682
91.82539682539682
91.82539682539682
91.82539682539682
91.82539682539682
84.84126984126985
83.57142857142857
83.57142857142857
83.57142857142857
83.57142857142857
83.57142857142857
83.57142857142857
83.57142857142857
83.57142857142857
83.57142857142857
83.57142857142857
83.57142857142857
83.57142857142857
83.57142857142857
83.57142857142857
83.57142857142857
83.57142857142857
83.57142857142857
83.57142857142857
83.57142857142857
83.57142857142857
83.57142857142857
83.57142857142857
83.57142857142857
83.57142857142857
83.57142857142857
83.57142857142857
83.57142857142857
83.57142857142857
83.57142857142857
83.57142857142857
83.57142857142857
83.57142857142857
83.57142857142857
83.57142857142857
83.57142857142857
83.57142857142857
83.57142857142857
88.0952380952381
103.17460317460318
103.17460317460318
103.17460317460318
103.17460317460318
103.17460317460318
103.17460317460318
103.17460317460318
103.17460317460318
103.17460317460318
103.17460317460318
103.17460317460318
103.17460317460318
103.17460317460318
103.17460317460318
103.17460317460318
103.17460317460318
103.17460317460318
103.17460317460318
103.17460317460318
103.17460317460318
103.17460317460318
103.17460317460318
103.17460317460318
103.17460317460318
103.17460317460318
103.17460317460318
103.17460317460318
103.17460317460318
103.17460317460318
103.17460317460318
106.03174603174604
109.36507936507937
109.36507936507937
109.36507936507937
109.36507936507937
109.36507936507937
109.36507936507937
109.36507936507937
109.36507936507937
109.36507936507937
109.36507936507937
109.36507936507937
109.36507936507937
109.36507936507937
109.36507936507937
109.36507936507937
109.36507936507937
109.36507936507937
109.36507936507937
109.36507936507937
109.36507936507937
109.36507936507937
109.36507936507937
109.36507936507937
109.36507936507937
109.36507936507937
109.36507936507937
109.36507936507937
109.36507936507937
