170.20558064924649
170.20558064924649
170.20558064924649
170.20558064924649
172.3162649330913
175.27122293047407
175.27122293047407
175.27122293047407
175.27122293047407
175.27122293047407
175.27122293047407
175.27122293047407
175.27122293047407
175.27122293047407
175.27122293047407
175.27122293047407
175.27122293047407
175.27122293047407
175.27122293047407
175.27122293047407
175.27122293047407
175.27122293047407
175.27122293047407
175.27122293047407
175.27122293047407
175.27122293047407
175.27122293047407
175.27122293047407
175.27122293047407
175.27122293047407
175.27122293047407
175.27122293047407
180.590147325763
181.34999366794716
181.34999366794716
181.34999366794716
181.34999366794716
181.34999366794716
181.34999366794716
181.34999366794716
181.34999366794716
181.34999366794716
181.34999366794716
181.34999366794716
181.34999366794716
181.34999366794716
181.34999366794716
181.34999366794716
181.34999366794716
181.34999366794716
181.34999366794716
181.34999366794716
181.34999366794716
181.34999366794716
181.34999366794716
181.34999366794716
181.34999366794716
181.34999366794716
183.2073958377306
185.4025074929292
185.4025074929292
185.4025074929292
185.4025074929292
185.4025074929292
185.4025074929292
185.4025074929292
185.4025074929292
185.4025074929292
185.4025074929292
185.4025074929292
185.4025074929292
185.4025074929292
185.4025074929292
185.4025074929292
185.4025074929292
185.4025074929292
185.4025074929292
185.4025074929292
185.4025074929292
185.4025074929292
185.4025074929292
185.4025074929292
185.4025074929292
185.4025074929292
185.4025074929292
185.4025074929292
185.4025074929292
185.4025074929292
185.4025074929292
185.4025074929292
185.4025074929292
185.4025074929292
185.4025074929292
185.4025074929292
185.4025074929292
185.4025074929292
185.4025074929292
185.4025074929292
185.4025074929292
185.4025074929292
185.4025074929292
185.4025074929292
185.4025074929292
185.4025074929292
185.4025074929292
185.4025074929292
185.4025074929292
185.4025074929292
185.4025074929292
185.4025074929292
185.4025074929292
185.4025074929292
185.4025074929292
185.4025074929292
185.4025074929292
185.4025074929292
185.4025074929292
185.4025074929292
185.4025074929292
185.4025074929292
185.4025074929292
185.4025074929292
185.4025074929292
185.4025074929292
185.4025074929292
185.4025074929292
185.4025074929292
185.4025074929292
185.4025074929292
185.4025074929292
185.4025074929292
185.4025074929292
185.4025074929292
185.4025074929292
185.4025074929292
185.4025074929292
185.4025074929292
185.4025074929292
185.4025074929292
185.4025074929292
180.29465152602475
174.25809447422856
174.25809447422856
174.25809447422856
174.25809447422856
174.25809447422856
174.25809447422856
174.25809447422856
174.25809447422856
174.25809447422856
174.25809447422856
174.25809447422856
174.25809447422856
174.25809447422856
174.25809447422856
174.25809447422856
174.25809447422856
174.25809447422856
174.25809447422856
174.25809447422856
174.25809447422856
174.25809447422856
174.25809447422856
174.25809447422856
174.25809447422856
174.25809447422856
174.25809447422856
174.25809447422856
174.25809447422856
174.25809447422856
174.25809447422856
174.25809447422856
182.61640423825403
192.4944066866478
192.4944066866478
192.4944066866478
192.4944066866478
192.4944066866478
192.4944066866478
192.4944066866478
192.4944066866478
192.4944066866478
192.4944066866478
192.4944066866478
192.4944066866478
192.4944066866478
192.4944066866478
192.4944066866478
192.4944066866478
192.4944066866478
192.4944066866478
192.4944066866478
192.4944066866478
192.4944066866478
192.4944066866478
192.4944066866478
192.4944066866478
192.4944066866478
192.4944066866478
192.4944066866478
192.4944066866478
192.4944066866478
192.4944066866478
192.4944066866478
192.4944066866478
192.4944066866478
192.4944066866478
192.4944066866478
192.4944066866478
192.4944066866478
180.08358309764026
178.3106082992106
178.3106082992106
178.3106082992106
178.3106082992106
178.3106082992106
178.3106082992106
178.3106082992106
178.3106082992106
178.3106082992106
178.3106082992106
178.3106082992106
178.3106082992106
178.3106082992106
178.3106082992106
178.3106082992106
178.3106082992106
178.3106082992106
178.3106082992106
178.3106082992106
178.3106082992106
178.3106082992106
178.3106082992106
178.3106082992106
178.3106082992106
178.3106082992106
178.3106082992106
178.3106082992106
178.3106082992106
178.3106082992106
178.3106082992106
178.3106082992106
178.3106082992106
178.3106082992106
178.3106082992106
178.3106082992106
178.3106082992106
178.3106082992106
178.3106082992106
178.3106082992106
178.3106082992106
178.3106082992106
178.3106082992106
178.3106082992106
178.3106082992106
178.3106082992106
170.20558064924649
162.10055299928237
162.10055299928237
162.10055299928237
162.10055299928237
162.10055299928237
162.10055299928237
162.10055299928237
162.10055299928237
162.10055299928237
162.10055299928237
162.10055299928237
162.10055299928237
162.10055299928237
162.10055299928237
162.10055299928237
162.10055299928237
162.10055299928237
162.10055299928237
162.10055299928237
162.10055299928237
162.10055299928237
162.10055299928237
162.10055299928237
162.10055299928237
162.10055299928237
162.10055299928237
162.10055299928237
162.10055299928237
162.10055299928237
162.10055299928237
162.10055299928237
162.10055299928237
162.10055299928237
162.10055299928237
162.10055299928237
162.10055299928237
162.10055299928237
162.10055299928237
162.10055299928237
162.10055299928237
162.10055299928237
164.1268099117734
166.1530668242644
166.1530668242644
166.1530668242644
166.1530668242644
166.1530668242644
166.1530668242644
166.1530668242644
166.1530668242644
166.1530668242644
166.1530668242644
166.1530668242644
166.1530668242644
166.1530668242644
166.1530668242644
166.1530668242644
166.1530668242644
166.1530668242644
166.1530668242644
166.1530668242644
166.1530668242644
166.1530668242644
166.1530668242644
166.1530668242644
166.1530668242644
166.1530668242644
166.1530668242644
166.1530668242644
166.1530668242644
166.1530668242644
166.1530668242644
166.1530668242644
166.5752036810334
168.17932373675546
168.17932373675546
168.17932373675546
168.17932373675546
168.17932373675546
168.17932373675546
168.17932373675546
168.17932373675546
168.17932373675546
168.17932373675546
168.17932373675546
168.17932373675546
168.17932373675546
168.17932373675546
168.17932373675546
168.17932373675546
168.17932373675546
168.17932373675546
168.17932373675546
168.17932373675546
168.17932373675546
168.17932373675546
168.17932373675546
168.17932373675546
168.17932373675546
168.17932373675546
168.17932373675546
168.17932373675546
168.17932373675546
168.17932373675546
168.17932373675546
168.17932373675546
168.17932373675546
168.17932373675546
168.17932373675546
168.17932373675546
168.17932373675546
168.17932373675546
168.17932373675546
168.17932373675546
168.17932373675546
168.17932373675546
168.17932373675546
168.17932373675546
168.17932373675546
168.17932373675546
168.17932373675546
168.17932373675546
168.17932373675546
168.17932373675546
168.17932373675546
168.17932373675546
168.17932373675546
168.17932373675546
168.17932373675546
168.17932373675546
168.17932373675546
168.17932373675546
168.17932373675546
168.17932373675546
168.17932373675546
168.17932373675546
168.17932373675546
168.17932373675546
168.17932373675546
170.1211532778927
170.20558064924649
170.20558064924649
170.20558064924649
170.20558064924649
170.20558064924649
170.20558064924649
170.20558064924649
170.20558064924649
170.20558064924649
170.20558064924649
170.20558064924649
170.20558064924649
170.20558064924649
170.20558064924649
170.20558064924649
170.20558064924649
170.20558064924649
170.20558064924649
170.20558064924649
170.20558064924649
170.20558064924649
170.20558064924649
170.20558064924649
170.20558064924649
170.20558064924649
170.20558064924649
170.20558064924649
170.20558064924649
171.72527333361475
172.2318375617375
172.2318375617375
172.2318375617375
172.2318375617375
172.2318375617375
172.2318375617375
172.2318375617375
172.2318375617375
172.2318375617375
172.2318375617375
172.2318375617375
172.2318375617375
172.2318375617375
172.2318375617375
172.2318375617375
172.2318375617375
172.2318375617375
172.2318375617375
172.2318375617375
172.2318375617375
172.2318375617375
172.2318375617375
172.2318375617375
172.2318375617375
172.2318375617375
172.2318375617375
172.2318375617375
172.2318375617375
172.5695470471527
174.25809447422856
174.25809447422856
174.25809447422856
174.25809447422856
174.25809447422856
174.25809447422856
174.25809447422856
174.25809447422856
174.25809447422856
174.25809447422856
174.25809447422856
174.25809447422856
174.25809447422856
174.25809447422856
174.25809447422856
174.25809447422856
174.25809447422856
174.25809447422856
174.25809447422856
174.25809447422856
174.25809447422856
174.25809447422856
174.25809447422856
174.25809447422856
174.25809447422856
174.25809447422856
174.51137658828992
175.27122293047407
175.27122293047407
175.27122293047407
175.27122293047407
175.27122293047407
175.27122293047407
175.27122293047407
175.27122293047407
175.27122293047407
175.27122293047407
175.27122293047407
175.27122293047407
175.27122293047407
175.27122293047407
175.27122293047407
175.27122293047407
175.27122293047407
175.27122293047407
175.27122293047407
175.27122293047407
175.27122293047407
175.27122293047407
175.27122293047407
175.27122293047407
175.27122293047407
175.27122293047407
175.27122293047407
175.27122293047407
175.27122293047407
175.27122293047407
175.27122293047407
175.27122293047407
175.27122293047407
175.27122293047407
175.27122293047407
175.27122293047407
175.27122293047407
175.27122293047407
175.27122293047407
175.27122293047407
175.27122293047407
175.27122293047407
175.27122293047407
175.27122293047407
175.27122293047407
175.27122293047407
175.27122293047407
175.27122293047407
175.27122293047407
175.27122293047407
175.27122293047407
175.27122293047407
175.27122293047407
175.27122293047407
175.27122293047407
175.27122293047407
175.27122293047407
176.07328295833508
176.28435138671958
176.28435138671958
176.28435138671958
176.28435138671958
176.28435138671958
176.28435138671958
176.28435138671958
176.28435138671958
176.28435138671958
176.28435138671958
176.28435138671958
176.28435138671958
176.28435138671958
176.28435138671958
176.28435138671958
176.28435138671958
176.28435138671958
176.28435138671958
176.28435138671958
176.28435138671958
176.28435138671958
180.29465152602475
181.34999366794716
181.34999366794716
181.34999366794716
181.34999366794716
181.34999366794716
181.34999366794716
181.34999366794716
181.34999366794716
181.34999366794716
181.34999366794716
181.34999366794716
181.34999366794716
181.34999366794716
181.34999366794716
181.34999366794716
181.34999366794716
181.34999366794716
181.34999366794716
181.34999366794716
181.34999366794716
181.34999366794716
181.34999366794716
181.34999366794716
181.34999366794716
181.34999366794716
181.34999366794716
182.36312212419267
182.36312212419267
182.36312212419267
182.36312212419267
182.36312212419267
182.36312212419267
182.36312212419267
182.36312212419267
182.36312212419267
182.36312212419267
182.36312212419267
182.36312212419267
182.36312212419267
182.36312212419267
182.36312212419267
182.36312212419267
182.36312212419267
182.36312212419267
182.36312212419267
182.36312212419267
182.36312212419267
182.36312212419267
182.36312212419267
182.36312212419267
182.36312212419267
182.36312212419267
182.36312212419267
182.36312212419267
182.36312212419267
182.36312212419267
182.36312212419267
182.36312212419267
182.36312212419267
182.36312212419267
182.36312212419267
182.36312212419267
182.36312212419267
182.36312212419267
182.36312212419267
182.36312212419267
182.36312212419267
182.36312212419267
182.36312212419267
182.36312212419267
182.36312212419267
182.36312212419267
182.36312212419267
182.36312212419267
182.36312212419267
182.36312212419267
182.36312212419267
182.36312212419267
182.36312212419267
182.36312212419267
182.36312212419267
182.36312212419267
182.36312212419267
182.36312212419267
182.36312212419267
182.36312212419267
182.36312212419267
182.36312212419267
182.36312212419267
182.36312212419267
182.36312212419267
182.36312212419267
182.36312212419267
182.36312212419267
182.36312212419267
182.36312212419267
182.36312212419267
182.36312212419267
182.36312212419267
182.36312212419267
182.36312212419267
182.36312212419267
22.795390265524084
0.0
0.0
0.0
0.0
0.0
103.4235299083963
177.2974798429651
177.2974798429651
177.2974798429651
177.2974798429651
177.2974798429651
177.2974798429651
177.2974798429651
177.2974798429651
177.2974798429651
177.2974798429651
177.2974798429651
177.2974798429651
177.2974798429651
177.2974798429651
177.2974798429651
177.2974798429651
177.2974798429651
177.2974798429651
177.2974798429651
177.2974798429651
177.2974798429651
177.2974798429651
177.2974798429651
177.2974798429651
177.2974798429651
177.2974798429651
175.60893241588923
175.27122293047407
175.27122293047407
175.27122293047407
175.27122293047407
175.27122293047407
175.27122293047407
175.27122293047407
175.27122293047407
175.27122293047407
175.27122293047407
175.27122293047407
175.27122293047407
175.27122293047407
175.27122293047407
175.27122293047407
175.27122293047407
175.27122293047407
175.27122293047407
175.27122293047407
175.27122293047407
175.27122293047407
175.27122293047407
175.27122293047407
175.27122293047407
175.27122293047407
175.27122293047407
174.7646587023513
172.2318375617375
172.2318375617375
172.2318375617375
172.2318375617375
172.2318375617375
172.2318375617375
172.2318375617375
172.2318375617375
172.2318375617375
172.2318375617375
172.2318375617375
172.2318375617375
172.2318375617375
172.2318375617375
172.2318375617375
172.2318375617375
172.2318375617375
172.2318375617375
172.2318375617375
172.2318375617375
172.2318375617375
172.2318375617375
172.2318375617375
172.2318375617375
172.2318375617375
172.2318375617375
172.2318375617375
171.64084596226095
171.218709105492
171.218709105492
171.218709105492
171.218709105492
171.218709105492
171.218709105492
171.218709105492
171.218709105492
171.218709105492
171.218709105492
171.218709105492
171.218709105492
171.218709105492
171.218709105492
171.218709105492
171.218709105492
171.218709105492
171.218709105492
171.218709105492
171.218709105492
171.218709105492
171.218709105492
171.218709105492
171.218709105492
171.218709105492
171.218709105492
171.218709105492
171.218709105492
171.218709105492
171.218709105492
171.218709105492
171.218709105492
171.218709105492
171.218709105492
171.218709105492
171.218709105492
171.218709105492
171.218709105492
171.218709105492
171.218709105492
171.218709105492
171.218709105492
171.218709105492
171.218709105492
171.218709105492
171.218709105492
171.218709105492
171.218709105492
171.218709105492
171.218709105492
171.218709105492
171.218709105492
171.218709105492
171.218709105492
171.218709105492
171.218709105492
171.218709105492
171.218709105492
171.218709105492
171.218709105492
171.218709105492
171.218709105492
171.218709105492
171.218709105492
171.218709105492
171.218709105492
171.218709105492
171.218709105492
171.218709105492
171.218709105492
171.218709105492
171.218709105492
171.218709105492
170.37443539195408
166.1530668242644
166.1530668242644
166.1530668242644
166.1530668242644
166.1530668242644
166.1530668242644
166.1530668242644
166.1530668242644
166.1530668242644
166.1530668242644
166.1530668242644
166.1530668242644
166.1530668242644
166.1530668242644
166.1530668242644
166.1530668242644
166.1530668242644
166.1530668242644
166.1530668242644
166.1530668242644
166.1530668242644
166.1530668242644
166.1530668242644
166.1530668242644
170.37443539195408
171.218709105492
171.218709105492
171.218709105492
171.218709105492
171.218709105492
171.218709105492
171.218709105492
171.218709105492
171.218709105492
171.218709105492
171.218709105492
171.218709105492
171.218709105492
171.218709105492
171.218709105492
171.218709105492
171.218709105492
171.218709105492
171.218709105492
171.218709105492
171.218709105492
171.218709105492
174.38473553125922
176.28435138671958
176.28435138671958
176.28435138671958
176.28435138671958
176.28435138671958
176.28435138671958
176.28435138671958
176.28435138671958
176.28435138671958
176.28435138671958
176.28435138671958
176.28435138671958
176.28435138671958
176.28435138671958
176.28435138671958
176.28435138671958
176.28435138671958
176.28435138671958
176.28435138671958
176.28435138671958
176.28435138671958
176.28435138671958
179.6614462408713
180.33686521170162
180.33686521170162
180.33686521170162
180.33686521170162
180.33686521170162
180.33686521170162
180.33686521170162
180.33686521170162
180.33686521170162
180.33686521170162
180.33686521170162
180.33686521170162
180.33686521170162
180.33686521170162
180.33686521170162
180.33686521170162
180.33686521170162
180.33686521170162
180.33686521170162
180.33686521170162
180.33686521170162
180.33686521170162
180.33686521170162
180.33686521170162
180.33686521170162
180.33686521170162
179.91472835493266
178.3106082992106
178.3106082992106
178.3106082992106
178.3106082992106
178.3106082992106
178.3106082992106
178.3106082992106
178.3106082992106
178.3106082992106
178.3106082992106
178.3106082992106
178.3106082992106
178.3106082992106
178.3106082992106
178.3106082992106
178.3106082992106
178.3106082992106
178.3106082992106
178.3106082992106
178.3106082992106
178.3106082992106
178.3106082992106
