123.13260434313877
123.13260434313877
123.13260434313877
123.13260434313877
123.13260434313877
123.13260434313877
123.13260434313877
123.13260434313877
123.13260434313877
123.13260434313877
123.13260434313877
123.13260434313877
123.13260434313877
123.13260434313877
123.13260434313877
123.13260434313877
123.13260434313877
123.13260434313877
123.13260434313877
123.13260434313877
123.13260434313877
39.24006072473653
0.0
0.0
0.0
61.868825768409934
152.163868781765
152.163868781765
148.91861565202086
147.15847836131218
147.15847836131218
147.15847836131218
147.15847836131218
147.15847836131218
147.15847836131218
144.1222415348397
135.14554135222548
135.14554135222548
135.14554135222548
135.14554135222548
135.14554135222548
135.14554135222548
135.37655937163098
138.14877560449716
138.14877560449716
138.14877560449716
138.14877560449716
138.14877560449716
138.14877560449716
138.14877560449716
137.85175243669005
111.11966733405205
111.11966733405205
111.11966733405205
111.11966733405205
111.11966733405205
114.15590416052451
123.13260434313877
123.13260434313877
123.13260434313877
123.13260434313877
123.13260434313877
123.13260434313877
123.13260434313877
123.13260434313877
125.50878968559547
127.136916679501
127.136916679501
127.136916679501
127.136916679501
127.136916679501
127.136916679501
127.136916679501
127.136916679501
121.06444302655606
119.12829200677653
119.12829200677653
119.12829200677653
119.12829200677653
119.12829200677653
119.12829200677653
119.70033662625684
123.13260434313877
123.13260434313877
123.13260434313877
123.13260434313877
123.13260434313877
123.13260434313877
123.13260434313877
124.84873820157972
126.13583859541043
126.13583859541043
126.13583859541043
126.13583859541043
126.13583859541043
126.13583859541043
126.13583859541043
126.13583859541043
112.05474026974103
110.1185892499615
110.1185892499615
110.1185892499615
110.1185892499615
110.1185892499615
110.1185892499615
110.1185892499615
115.2009856768828
116.12505775450485
116.12505775450485
116.12505775450485
116.12505775450485
116.12505775450485
116.12505775450485
116.12505775450485
108.90849486259928
108.11643308178037
108.11643308178037
108.11643308178037
108.11643308178037
108.11643308178037
108.11643308178037
109.23852060460716
114.12290158632374
114.12290158632374
114.12290158632374
114.12290158632374
114.12290158632374
114.12290158632374
114.12290158632374
114.12290158632374
112.58278145695364
110.1185892499615
110.1185892499615
110.1185892499615
110.1185892499615
110.1185892499615
110.1185892499615
110.1185892499615
110.1185892499615
110.1185892499615
110.1185892499615
110.1185892499615
110.1185892499615
110.1185892499615
110.1185892499615
110.1185892499615
110.1185892499615
110.1185892499615
110.1185892499615
110.1185892499615
110.1185892499615
110.1185892499615
110.1185892499615
111.48269565026072
112.12074541814262
112.12074541814262
112.12074541814262
112.12074541814262
112.12074541814262
112.12074541814262
112.12074541814262
110.4926184242371
110.1185892499615
110.1185892499615
110.1185892499615
110.1185892499615
110.1185892499615
110.1185892499615
110.1185892499615
110.1185892499615
110.1185892499615
110.1185892499615
110.1185892499615
110.1185892499615
110.1185892499615
110.1185892499615
110.1185892499615
110.1185892499615
110.1185892499615
110.1185892499615
110.1185892499615
110.1185892499615
110.1185892499615
110.1185892499615
95.59745660161492
0.0
67.09423335020132
107.11535499768982
107.11535499768982
107.11535499768982
107.11535499768982
107.11535499768982
107.11535499768982
112.94580977316231
117.1261358385954
117.1261358385954
117.1261358385954
117.1261358385954
117.1261358385954
117.1261358385954
117.1261358385954
117.1261358385954
116.99412554179226
105.1131988295087
105.1131988295087
105.1131988295087
105.1131988295087
105.1131988295087
105.1131988295087
105.1131988295087
105.1131988295087
105.1131988295087
105.1131988295087
105.1131988295087
105.1131988295087
105.1131988295087
105.1131988295087
105.1131988295087
105.1131988295087
105.1131988295087
105.1131988295087
105.1131988295087
105.1131988295087
105.1131988295087
105.1131988295087
105.1131988295087
35.80779300785461
0.0
0.0
0.0
0.0
0.0
0.0
0.0
0.0
0.0
0.0
0.0
0.0
0.0
0.0
0.0
0.0
0.0
0.0
0.0
27.172119425315174
130.14015093177267
130.14015093177267
130.14015093177267
130.14015093177267
130.14015093177267
130.14015093177267
130.14015093177267
130.14015093177267
130.14015093177267
131.00921871906007
131.14122901586325
131.14122901586325
131.14122901586325
131.14122901586325
131.14122901586325
131.14122901586325
133.55041693252073
134.1444632681349
134.1444632681349
134.1444632681349
134.1444632681349
134.1444632681349
134.1444632681349
134.1444632681349
134.1444632681349
134.1444632681349
134.1444632681349
134.1444632681349
134.1444632681349
134.1444632681349
134.1444632681349
134.1444632681349
134.1444632681349
134.1444632681349
134.1444632681349
134.1444632681349
134.1444632681349
134.1444632681349
134.1444632681349
134.1444632681349
101.47191480935513
89.09594948405976
89.09594948405976
89.09594948405976
89.09594948405976
89.09594948405976
89.09594948405976
89.09594948405976
89.09594948405976
89.09594948405976
89.09594948405976
89.09594948405976
89.09594948405976
89.09594948405976
89.09594948405976
89.09594948405976
89.09594948405976
89.09594948405976
89.09594948405976
89.09594948405976
13.707069151393808
64.77305229807925
128.13799476359156
128.13799476359156
128.13799476359156
128.13799476359156
128.13799476359156
128.13799476359156
128.13799476359156
128.13799476359156
126.75188664715847
126.13583859541043
126.13583859541043
126.13583859541043
126.13583859541043
126.13583859541043
126.13583859541043
126.13583859541043
126.13583859541043
126.13583859541043
126.13583859541043
126.13583859541043
126.13583859541043
126.13583859541043
126.16884116961123
129.13907284768212
129.13907284768212
129.13907284768212
129.13907284768212
129.13907284768212
129.13907284768212
129.13907284768212
129.13907284768212
126.83989351169392
118.12721392268597
118.12721392268597
118.12721392268597
118.12721392268597
118.12721392268597
118.12721392268597
118.12721392268597
118.12721392268597
118.12721392268597
118.12721392268597
118.12721392268597
118.12721392268597
118.12721392268597
118.12721392268597
118.12721392268597
118.12721392268597
118.12721392268597
118.12721392268597
118.12721392268597
118.12721392268597
118.12721392268597
118.12721392268597
118.12721392268597
11.682911267078833
0.0
0.0
0.0
0.0
0.0
0.0
0.0
56.36839673494533
122.1315262590482
122.1315262590482
122.1315262590482
122.1315262590482
122.1315262590482
122.1315262590482
122.1315262590482
123.41862665287893
125.13476051131988
125.13476051131988
125.13476051131988
125.13476051131988
125.13476051131988
125.13476051131988
125.13476051131988
125.09075707905217
124.13368242722932
124.13368242722932
124.13368242722932
124.13368242722932
124.13368242722932
124.13368242722932
124.13368242722932
125.893819717938
128.13799476359156
128.13799476359156
128.13799476359156
128.13799476359156
128.13799476359156
128.13799476359156
128.13799476359156
128.13799476359156
128.13799476359156
128.13799476359156
128.13799476359156
128.13799476359156
128.13799476359156
128.13799476359156
128.13799476359156
128.13799476359156
128.13799476359156
128.13799476359156
128.13799476359156
128.13799476359156
128.13799476359156
128.13799476359156
128.13799476359156
61.95683263294537
0.0
0.0
0.0
0.0
0.0
0.0
0.0
0.0
0.0
0.0
0.0
131.68027106114278
133.14338518404435
133.14338518404435
133.14338518404435
133.2753954808475
134.1444632681349
134.1444632681349
134.1444632681349
134.1444632681349
134.1444632681349
134.1444632681349
134.1444632681349
134.1444632681349
134.1444632681349
134.1444632681349
134.1444632681349
134.1444632681349
134.1444632681349
134.1444632681349
134.1444632681349
134.1444632681349
134.1444632681349
134.1444632681349
134.1444632681349
134.1444632681349
134.1444632681349
134.1444632681349
134.1444632681349
120.87742843941827
0.0
0.0
0.0
0.0
0.0
81.40634969527623
148.15955644540273
148.15955644540273
148.15955644540273
148.15955644540273
148.15955644540273
148.15955644540273
148.15955644540273
148.15955644540273
148.15955644540273
148.15955644540273
148.15955644540273
148.15955644540273
148.15955644540273
148.15955644540273
148.15955644540273
148.15955644540273
148.15955644540273
148.15955644540273
148.15955644540273
148.15955644540273
148.15955644540273
148.15955644540273
148.15955644540273
144.7932938769224
114.12290158632374
114.12290158632374
114.12290158632374
114.12290158632374
114.12290158632374
114.12290158632374
114.12290158632374
114.12290158632374
114.12290158632374
114.12290158632374
114.12290158632374
114.12290158632374
114.12290158632374
114.12290158632374
114.12290158632374
114.12290158632374
114.12290158632374
58.94259752260676
0.0
0.0
0.0
0.0
0.0
0.0
0.0
110.9106510307804
142.1530879408594
142.1530879408594
142.1530879408594
142.1530879408594
142.1530879408594
142.1530879408594
142.1530879408594
142.1530879408594
142.1530879408594
142.1530879408594
142.1530879408594
142.1530879408594
142.1530879408594
142.1530879408594
142.1530879408594
142.1530879408594
142.1530879408594
142.1530879408594
142.1530879408594
142.1530879408594
142.1530879408594
142.1530879408594
142.1530879408594
95.2894325757409
49.37185100437834
136.14661943631603
136.14661943631603
136.14661943631603
136.14661943631603
136.14661943631603
136.14661943631603
136.14661943631603
136.14661943631603
136.14661943631603
136.14661943631603
136.14661943631603
136.14661943631603
136.14661943631603
136.14661943631603
136.14661943631603
136.14661943631603
136.14661943631603
136.14661943631603
136.14661943631603
136.14661943631603
136.14661943631603
136.14661943631603
49.37185100437834
112.47277287628435
142.1530879408594
142.1530879408594
142.1530879408594
142.1530879408594
142.1530879408594
142.1530879408594
142.1530879408594
142.1530879408594
142.1530879408594
142.1530879408594
142.3841059602649
143.15416602494994
143.15416602494994
143.15416602494994
143.15416602494994
143.15416602494994
143.15416602494994
143.15416602494994
143.15416602494994
143.15416602494994
143.15416602494994
142.09808365052473
137.14769752040658
137.14769752040658
137.14769752040658
137.14769752040658
137.14769752040658
137.14769752040658
137.14769752040658
137.14769752040658
137.14769752040658
137.14769752040658
137.14769752040658
137.14769752040658
137.14769752040658
137.14769752040658
137.14769752040658
137.14769752040658
37.67793887923258
0.0
0.0
0.0
0.0
0.0
0.0
0.0
37.18290026622076
130.14015093177267
130.14015093177267
130.14015093177267
130.14015093177267
130.14015093177267
130.14015093177267
130.14015093177267
130.14015093177267
130.14015093177267
130.14015093177267
130.14015093177267
130.14015093177267
130.14015093177267
130.14015093177267
130.14015093177267
130.14015093177267
130.14015093177267
130.14015093177267
130.14015093177267
130.14015093177267
130.14015093177267
130.14015093177267
15.731227035708786
0.0
0.0
0.0
0.0
0.0
0.0
0.0
51.97905436624057
135.14554135222548
135.14554135222548
135.14554135222548
135.14554135222548
135.14554135222548
135.14554135222548
135.14554135222548
135.14554135222548
135.14554135222548
135.14554135222548
135.14554135222548
135.14554135222548
135.14554135222548
135.14554135222548
135.14554135222548
135.14554135222548
135.14554135222548
135.14554135222548
135.14554135222548
135.14554135222548
135.14554135222548
96.53252953730392
0.0
84.1015599216739
139.1498536885877
139.1498536885877
139.1498536885877
138.63281335944203
138.14877560449716
138.14877560449716
138.14877560449716
138.14877560449716
138.14877560449716
138.14877560449716
138.14877560449716
138.14877560449716
138.14877560449716
138.14877560449716
138.14877560449716
138.14877560449716
138.14877560449716
138.14877560449716
138.14877560449716
138.14877560449716
138.14877560449716
138.14877560449716
138.14877560449716
138.14877560449716
138.14877560449716
138.14877560449716
138.14877560449716
4.5543552397086975
52.100063804976784
128.13799476359156
128.13799476359156
128.13799476359156
128.13799476359156
128.13799476359156
128.13799476359156
128.13799476359156
128.13799476359156
128.13799476359156
128.13799476359156
128.13799476359156
128.13799476359156
128.13799476359156
128.13799476359156
107.01634727508745
0.0
0.0
0.0
0.0
0.0
107.02734813315439
141.1520098567688
141.1520098567688
141.1520098567688
141.1520098567688
141.1520098567688
141.1520098567688
141.1520098567688
141.1520098567688
141.1520098567688
141.1520098567688
141.1520098567688
139.8319068887373
137.14769752040658
137.14769752040658
137.14769752040658
137.14769752040658
137.14769752040658
137.14769752040658
137.14769752040658
137.14769752040658
137.14769752040658
137.14769752040658
137.14769752040658
137.14769752040658
137.14769752040658
137.14769752040658
137.14769752040658
137.14769752040658
137.14769752040658
137.14769752040658
137.14769752040658
137.14769752040658
137.14769752040658
21.099645772370245
0.0
0.0
0.0
0.0
0.0
0.0
0.0
0.0
0.0
0.0
0.0
0.0
0.0
0.0
0.0
0.0
0.0
91.52713911685112
130.14015093177267
130.14015093177267
130.14015093177267
130.14015093177267
130.14015093177267
130.14015093177267
130.14015093177267
130.14015093177267
130.14015093177267
130.14015093177267
130.14015093177267
130.14015093177267
130.14015093177267
21.45167323051198
0.0
0.0
0.0
0.0
0.0
0.0
0.0
0.0
112.47277287628435
144.1552441090405
144.1552441090405
144.1552441090405
144.1552441090405
144.1552441090405
144.1552441090405
144.1552441090405
144.1552441090405
144.1552441090405
144.1552441090405
144.1552441090405
144.1552441090405
144.1552441090405
144.1552441090405
144.1552441090405
144.1552441090405
144.1552441090405
144.1552441090405
144.1552441090405
144.1552441090405
144.1552441090405
144.1552441090405
144.1552441090405
95.04741369826846
0.0
0.0
0.0
0.0
0.0
0.0
0.0
0.0
0.0
0.0
0.0
0.0
0.0
0.0
0.0
0.0
0.0
0.0
0.0
0.0
0.0
0.0
0.0
0.0
0.0
107.7864073397725
142.1530879408594
142.1530879408594
142.1530879408594
143.69320807022947
144.1552441090405
144.1552441090405
144.1552441090405
144.1552441090405
144.1552441090405
144.1552441090405
144.1552441090405
144.1552441090405
144.1552441090405
144.1552441090405
144.1552441090405
144.1552441090405
144.1552441090405
144.1552441090405
144.1552441090405
144.1552441090405
144.1552441090405
144.1552441090405
144.1552441090405
144.1552441090405
144.1552441090405
144.1552441090405
144.1552441090405
98.21566082154408
0.0
0.0
80.85630679192977
147.15847836131218
147.15847836131218
147.15847836131218
147.15847836131218
147.15847836131218
147.15847836131218
147.15847836131218
147.15847836131218
147.15847836131218
147.15847836131218
147.15847836131218
147.15847836131218
147.15847836131218
147.15847836131218
147.15847836131218
147.15847836131218
147.15847836131218
147.15847836131218
147.15847836131218
147.15847836131218
147.15847836131218
147.15847836131218
147.15847836131218
132.60434313876482
0.0
0.0
0.0
0.0
0.0
0.0
0.0
0.0
0.0
0.0
0.0
0.0
0.0
0.0
0.0
0.0
0.0
0.0
0.0
32.12250555543332
133.14338518404435
133.14338518404435
133.14338518404435
133.14338518404435
133.14338518404435
133.14338518404435
133.14338518404435
133.14338518404435
133.14338518404435
133.14338518404435
133.14338518404435
133.14338518404435
133.14338518404435
133.14338518404435
133.14338518404435
133.14338518404435
133.14338518404435
133.14338518404435
133.14338518404435
133.14338518404435
133.14338518404435
133.14338518404435
133.14338518404435
133.14338518404435
133.14338518404435
133.14338518404435
133.14338518404435
131.53725990627268
135.14554135222548
135.14554135222548
135.14554135222548
135.14554135222548
135.14554135222548
135.14554135222548
135.14554135222548
135.14554135222548
135.14554135222548
135.14554135222548
135.14554135222548
135.14554135222548
135.14554135222548
135.14554135222548
135.14554135222548
135.14554135222548
135.14554135222548
135.14554135222548
135.14554135222548
135.14554135222548
135.14554135222548
135.14554135222548
135.14554135222548
135.14554135222548
135.14554135222548
135.14554135222548
135.14554135222548
135.14554135222548
135.14554135222548
135.14554135222548
135.14554135222548
135.14554135222548
83.1664869859849
0.0
0.0
0.0
0.0
0.0
0.0
0.0
0.0
0.0
