141.6424967221582
140.64921133139973
140.8081369939211
156.06500059597124
166.05745162700146
156.89936032420835
149.48945130915016
148.89348007469505
149.15173427629227
149.94636258889904
150.9396479796575
148.51603162620682
146.3904008899837
144.88060709603081
144.900472803846
145.4169812070404
149.7874369263777
162.64054988279233
161.64726449203386
151.57535062974293
148.19818030116411
147.54261194326352
147.92006039175175
148.71468870435854
146.3308037665382
144.40383010846676
142.21860224879813
141.8411538003099
141.7815566768644
141.62263101434303
141.02665977988795
139.55659740156543
140.51015137669356
157.33640589614208
163.61396956573563
154.49560967857283
151.0191108109182
150.78072231713617
150.78072231713617
151.11843934999405
150.5423338233541
147.86046326830623
145.7546982398983
144.72168143350947
143.4105447177083
142.437125034765
141.62263101434303
148.63522587309785
159.0249910604315
154.99225237395208
148.3372402558703
146.74798363065676
146.37053518216854
146.9069092931781
146.9069092931781
144.46342723191228
140.7286741626604
139.27847749215303
138.54344630299178
137.92760936072153
142.73511065199253
158.09130279311853
156.26365767412292
147.40355198855735
144.48329293972745
143.8674559974572
144.62235289443362
145.2183241288887
145.4169812070404
142.4967221582105
139.63606023282608
138.76196908895864
137.78854940601533
138.12626643887322
143.5893360880448
157.89264571496682
153.50232428781436
145.9334896102348
143.92705312090268
144.14557590686957
144.82100997258533
145.6156382851921
142.33779649568913
140.2717628829115
138.80170050458898
138.08653502324287
137.98720648416702
142.07954229409194
157.47546585084825
157.912511422782
148.7345544121737
145.03953275855218
144.0462473677937
144.80114426477016
145.45671262267075
144.86074138821567
141.34451110493066
138.50371488736144
137.78854940601533
136.81512972307203
136.67606976836583
138.08653502324287
148.2180460089793
157.7734514680758
147.66180619015455
142.9337677301442
142.85430489888356
143.23175334737175
144.60248718661845
144.68195001787913
142.27819937224362
139.6956573562716
138.12626643887322
137.78854940601533
139.67579164845642
156.1444634272319
158.84619969009495
149.5093170169653
144.99980134292184
143.37081330207795
144.28463586157574
145.7546982398983
144.86074138821567
142.0994080019071
139.19901466089237
138.24546068576424
137.78854940601533
141.74182526123406
160.19706782152647
154.55520680201835
145.47657833048592
143.74826175056617
143.39067900989312
144.86074138821567
145.8738924867893
144.00651595216337
140.03337438912948
138.2057292701339
137.78854940601533
139.1195518296317
155.9656720568954
161.72672732329454
152.3898446501649
145.69510111645278
144.7018157256943
144.88060709603081
145.0991298819977
146.7877150462871
143.60920179585997
140.70880845484524
138.96062616711032
137.8084151138305
139.79498589534745
156.740434661687
160.07787357463545
149.66824267948667
144.8408756804005
142.95363343795938
142.99336485358972
144.1257101990544
144.8408756804005
142.6159164051015
139.63606023282608
138.48384917954627
137.78854940601533
139.35794032341371
150.6217966546148
157.13774881799037
146.7877150462871
144.900472803846
144.46342723191228
145.6156382851921
146.80758075410228
146.70825221502642
142.4967221582105
140.25189717509636
139.81485160316262
139.77512018753228
140.33136000635702
146.11228098057134
159.97854503555962
153.0255473002503
147.99952322301243
146.9069092931781
146.92677500099327
147.32408915729667
147.38368628074218
144.86074138821567
141.90075092375542
139.8943144344233
139.81485160316262
139.81485160316262
139.4970002781199
138.42425205610076
136.93432396996306
138.3249235170249
157.49533155866342
159.32297667765903
149.80730263419287
146.41026659779888
145.89375819460446
145.89375819460446
146.7877150462871
146.43013230561405
143.25161905518692
140.62934562358456
139.81485160316262
139.19901466089237
137.96734077635185
136.79526401525686
136.13969565735627
134.8285589415551
134.31205053836067
150.50260240772377
161.0910246732091
148.49616591839168
144.1853073224999
142.99336485358972
143.82772458182686
145.11899558981287
145.89375819460446
141.8411538003099
138.5235805951766
137.78854940601533
137.78854940601533
137.84814652946085
138.50371488736144
144.99980134292184
155.80674639437402
157.21721164925106
145.73483253208312
144.16544161468474
143.19202193174144
144.9600699272915
145.4964440383011
141.74182526123406
138.82156621240415
137.45083237315745
136.97405538559337
136.7753983074417
136.49727839802932
139.51686598593508
155.3101036989948
153.32353291747785
146.3308037665382
142.73511065199253
142.6953792363622
144.80114426477016
146.62878938376574
143.4105447177083
139.1195518296317
137.31177241845126
136.7753983074417
136.9541896777782
140.51015137669356
154.5949382176487
149.5689141404108
144.48329293972745
142.95363343795938
142.07954229409194
143.0132305614049
145.8738924867893
142.67551352854701
140.5896142079542
139.02022329055583
137.78854940601533
138.88116333584966
148.49616591839168
159.7401565417776
150.28407962175692
146.41026659779888
145.53617545393143
145.95335531804997
147.08570066351464
147.74126902141523
144.54289006317296
141.2054511502245
139.2983431999682
138.80170050458898
139.02022329055583
151.45615638285193
155.42929794588582
148.416703087131
147.92006039175175
148.05912034645795
148.9332114903254
149.86689975763835
148.31737454805514
144.97993563510667
141.80142238467957
140.1525686360205
147.46314911200287
165.08403194405815
156.89936032420835
149.3901227700743
147.26449203385116
147.02610354006913
148.45643450276134
149.9066311732687
147.06583495569947
144.1853073224999
142.13913941753745
141.98021375501608
145.57590686956175
163.73316381262663
154.95252095832174
150.06555683579006
148.45643450276134
148.17831459334897
150.52246811553894
151.5952163375581
147.86046326830623
144.62235289443362
143.3310818864476
143.31121617863244
143.92705312090268
153.32353291747785
161.42874170606697
156.91922603202352
151.95279907823115
150.3039453295721
150.84031944058165
151.49588779848224
148.61536016528268
145.8142953633438
143.8674559974572
143.8674559974572
143.8674559974572
143.76812745838134
142.27819937224362
141.8411538003099
151.17803647343953
167.30899121935715
155.34983511462514
153.4228614565537
153.08514442369582
152.98581588461997
153.30366720966268
152.23091898764352
148.25777742460963
146.21160951964717
145.51630974611626
145.71496682426795
145.33751837577972
143.8674559974572
142.97349914577455
157.45560014303308
167.40831975843298
155.9656720568954
151.8534705391553
150.24434820612657
149.94636258889904
150.89991656402717
150.760856609321
147.16516349477533
144.1853073224999
143.37081330207795
143.13242480829592
142.65564782073184
143.5893360880448
160.79303905598155
167.2692598037268
153.8003099050419
151.97266478604632
151.89320195478564
151.5952163375581
151.97266478604632
151.67467916881878
147.8803289761214
145.03953275855218
143.9071874130875
143.68866462712066
143.19202193174144
142.85430489888356
141.8411538003099
140.8677341173666
138.40438634828558
142.67551352854701
165.60054034725258
161.547935952958
151.87333624697047
149.3901227700743
148.69482299654337
148.25777742460963
148.8140172434344
148.57562874965234
144.80114426477016
141.3246453971155
140.82800270173627
140.82800270173627
140.74853987047558
139.81485160316262
140.8677341173666
155.7670149787437
158.03170566967302
148.65509158091302
146.19174381183203
144.9600699272915
145.89375819460446
146.15201239620168
143.76812745838134
140.5896142079542
139.05995470618618
138.02693789979736
137.86801223727602
137.78854940601533
138.82156621240415
154.83332671143071
157.21721164925106
147.8405975604911
145.9334896102348
144.88060709603081
144.92033851166116
145.89375819460446
144.781278556955
141.14585402677898
138.42425205610076
137.78854940601533
137.78854940601533
137.78854940601533
136.89459255433272
138.92089475148
158.96539393698598
159.084588183877
148.07898605427312
145.89375819460446
144.97993563510667
144.88060709603081
145.29778696014938
144.62235289443362
140.9273312408121
138.24546068576424
137.78854940601533
137.78854940601533
137.78854940601533
137.76868369820016
136.35821844332312
134.92788748063094
140.84786840955144
159.32297667765903
150.80058802495134
146.9069092931781
146.23147522746234
145.0991298819977
145.89375819460446
146.70825221502642
144.781278556955
141.92061663157057
139.9539115578688
139.79498589534745
139.81485160316262
139.81485160316262
142.1788708331678
157.3960030195876
153.00568159243514
148.19818030116411
147.40355198855735
147.26449203385116
148.61536016528268
149.29079423099844
145.019667050737
141.1259883189638
139.8347173109778
139.81485160316262
139.85458301879297
139.31820890778337
140.51015137669356
156.81989749294766
157.67412292899996
150.56219953116928
147.4432834041877
146.68838650721125
146.80758075410228
147.5624776510787
147.4432834041877
144.26477015376057
142.33779649568913
141.18558544240932
140.60947991576938
139.8347173109778
140.6690770392149
155.68755214748302
161.547935952958
150.6813937780603
147.9597918073821
147.02610354006913
146.9069092931781
147.92006039175175
148.11871746990346
143.9866502443482
141.04652548770312
139.27847749215303
138.6427748420676
139.4970002781199
154.27708689260598
163.83249235170248
152.23091898764352
147.7015376057849
146.2513409352775
146.31093805872302
147.00623783225396
147.92006039175175
144.06611307560888
140.5896142079542
139.55659740156543
138.80170050458898
140.07310580475982
144.58262147880328
161.9452501092614
154.43601255512735
149.68810838730184
147.9597918073821
148.1584488855338
148.9332114903254
149.40998847788947
146.23147522746234
143.4701418411538
142.27819937224362
141.82128809249474
141.88088521594025
147.5624776510787
163.15705828598672
160.01827645118996
152.9659501768048
151.97266478604632
151.97266478604632
152.11172474075252
152.98581588461997
152.07199332512218
146.31093805872302
144.40383010846676
144.88060709603081
144.66208431006396
143.0728276848504
149.27092852318327
165.93825738011046
160.09773928245062
153.52218999562953
152.98581588461997
153.06527871588065
153.84004132067224
154.17775835353012
152.07199332512218
148.07898605427312
146.23147522746234
145.89375819460446
145.33751837577972
144.54289006317296
146.072549564941
157.03842027891454
160.0580078668203
153.32353291747785
152.40971035798006
152.3898446501649
153.78044419722676
154.95252095832174
150.44300528427829
147.32408915729667
146.43013230561405
145.89375819460446
146.29107235090785
151.0787079343637
170.1299217291112
160.65397910127538
154.99225237395208
154.27708689260598
153.8599070284874
154.87305812706106
154.53534109420318
150.97937939528785
147.82073185267592
146.82744646191745
146.9069092931781
146.88704358536293
145.79442965552863
145.83416107115897
150.44300528427829
166.91167706305376
157.35627160395725
154.99225237395208
154.09829552226947
153.9989669831936
154.79359529580037
155.92594064126504
151.21776788906988
147.92006039175175
146.84731216973262
145.89375819460446
146.3904008899837
153.08514442369582
163.29611824069292
154.71413246453972
153.20433867058682
153.00568159243514
153.105010131511
153.6811156581509
154.23735547697564
149.09213715284676
146.74798363065676
146.21160951964717
146.41026659779888
145.99308673368031
148.29750884023997
162.93853550001987
159.7798879574079
156.0252691803409
155.07171520521277
154.93265525050657
155.01211808176726
155.01211808176726
152.27065040327386
148.1584488855338
145.57590686956175
144.40383010846676
143.8674559974572
144.80114426477016
159.38257380110454
168.5009336882673
152.92621876117445
151.29723072033056
150.56219953116928
150.95951368747268
151.0191108109182
151.43629067503676
148.8537486590647
145.97322102586514
144.42369581628193
143.8674559974572
144.72168143350947
150.26421391394175
163.79276093607214
156.0848663037864
152.98581588461997
151.97266478604632
152.74742739083794
155.449163653701
154.7339981723549
149.42985418570464
147.28435774166633
146.9069092931781
146.9069092931781
148.61536016528268
156.2835233819381
165.95812308792563
161.21021892010012
155.38956653025548
154.43601255512735
154.57507250983352
155.449163653701
155.15117803647342
150.80058802495134
149.35039135444396
148.9332114903254
148.95307719814056
152.01239620167667
164.7264492033851
173.40776351861416
160.1772021137113
157.69398863681513
156.58150899916564
156.32325479756844
157.03842027891454
155.21077515991894
153.52218999562953
150.18475108268106
148.4763002105765
148.0988517620883
150.42313957646311
164.6867177877548
165.81906313321943
155.1114466208431
153.6811156581509
153.224204378402
154.03869839882395
154.87305812706106
153.08514442369582
148.83388295124956
146.11228098057134
145.0991298819977
146.37053518216854
157.49533155866342
164.05101513766934
154.71413246453972
150.26421391394175
148.83388295124956
149.3901227700743
150.52246811553894
150.5423338233541
146.96650641662362
144.10584449123922
142.85430489888356
145.2779212523342
157.7734514680758
160.61424768564504
153.04541300806548
148.75442011998888
147.3042234494815
147.99952322301243
148.65509158091302
147.7015376057849
144.1853073224999
142.6953792363622
142.05967658627677
146.56919226032022
158.64754261194327
157.27680877269657
149.52918272478047
146.17187810401686
145.97322102586514
146.82744646191745
146.9069092931781
144.36409869283642
141.90075092375542
140.17243434383568
139.39767173904406
139.79498589534745
146.5890579681354
157.33640589614208
150.84031944058165
146.84731216973262
145.55604116174658
145.45671262267075
145.91362390241963
146.29107235090785
143.39067900989312
140.90746553299695
139.6956573562716
138.9804918749255
138.80170050458898
143.74826175056617
155.21077515991894
153.72084707378124
147.9597918073821
145.13886129762804
143.96678453653303
144.781278556955
144.82100997258533
143.19202193174144
140.6690770392149
139.41753744685923
138.28519210139456
139.00035758274066
146.76784933847193
157.67412292899996
153.32353291747785
148.63522587309785
146.76784933847193
146.3308037665382
146.9069092931781
146.68838650721125
143.03309626922007
141.18558544240932
140.43068854543287
140.84786840955144
147.52274623544835
158.72700544320395
156.24379196630775
150.80058802495134
148.83388295124956
147.92006039175175
147.92006039175175
147.92006039175175
146.37053518216854
142.9337677301442
141.5828995987127
140.82800270173627
141.56303389089754
150.3039453295721
160.256664944972
155.07171520521277
148.55576304183717
146.4698637212444
145.97322102586514
146.9069092931781
146.9069092931781
145.13886129762804
142.91390202232904
141.2451825658548
139.81485160316262
142.2980650800588
159.18391672295283
155.13131232865825
150.34367674520243
147.06583495569947
145.13886129762804
144.6422186022488
144.88060709603081
144.02638165997854
141.72195955341888
139.19901466089237
137.39123524971194
136.97405538559337
146.5890579681354
155.4888950693313
153.76057848941159
144.68195001787913
143.09269339266558
143.29135047081726
145.05939846636736
145.53617545393143
142.65564782073184
140.1525686360205
138.68250625769795
137.78854940601533
144.1853073224999
157.49533155866342
155.25050657554928
147.82073185267592
144.66208431006396
142.95363343795938
142.87417060669873
143.64893321149032
141.5233024752672
138.92089475148
137.25217529500577
137.11311534029957
142.31793078787396
148.49616591839168
155.72728356311336
149.2510628153681
145.79442965552863
144.76141284913982
144.88060709603081
145.55604116174658
145.85402677897414
143.82772458182686
141.7815566768644
140.2320314672812
144.26477015376057
157.37613731177242
158.70713973538878
149.82716834200804
146.1321466883865
145.51630974611626
146.09241527275617
146.9069092931781
146.29107235090785
143.13242480829592
140.76840557829075
139.63606023282608
140.78827128610592
149.11200286066193
153.97910127537844
147.5624776510787
144.92033851166116
143.8674559974572
144.80114426477016
145.89375819460446
144.76141284913982
142.11927370972228
139.71552306408677
138.82156621240415
142.6159164051015
157.03842027891454
156.32325479756844
148.8140172434344
144.5627557709881
143.2714847630021
144.900472803846
145.89375819460446
144.22503873813022
140.31149429854185
137.70908657475465
139.87444872660814
154.93265525050657
159.9189479121141
150.60193094679963
143.9866502443482
142.23846795661328
143.84759028964203
145.23818983670387
144.88060709603081
141.44383964400652
139.040088998371
137.78854940601533
138.3249235170249
151.15817076562436
154.71413246453972
146.62878938376574
144.97993563510667
145.45671262267075
145.91362390241963
147.68167189796972
144.48329293972745
140.8677341173666
139.02022329055583
144.7018157256943
160.15733640589613
158.03170566967302
149.42985418570464
146.27120664309268
145.89375819460446
146.3904008899837
146.9069092931781
146.37053518216854
144.48329293972745
142.2980650800588
142.27819937224362
154.9723866661369
164.94497198935198
156.78016607731732
150.95951368747268
149.94636258889904
150.0456911279749
150.95951368747268
150.70125948587548
148.35710596368548
144.28463586157574
142.15900512535262
145.59577257737692
163.15705828598672
165.28268902220987
154.17775835353012
150.6813937780603
148.97294290595573
149.88676546545352
151.39655925940642
151.87333624697047
149.5093170169653
146.94664070880845
146.3308037665382
153.00568159243514
167.03087130994476
162.50148992808613
154.03869839882395
151.71441058444913
151.77400770789464
152.03226190949184
152.98581588461997
150.44300528427829
147.7611347292304
145.51630974611626
146.2513409352775
157.37613731177242
162.81934125312884
154.0784298144543
149.66824267948667
148.25777742460963
149.76757121856252
150.48273669990863
148.95307719814056
146.44999801342922
144.3045015693909
143.9866502443482
158.6872740275736
165.50121180817672
156.10473201160158
151.49588779848224
149.94636258889904
149.94636258889904
150.66152807024514
151.23763359688505
149.82716834200804
147.363820572927
145.3573840835949
144.9600699272915
155.25050657554928
164.90524057372164
162.24323572648893
155.52862648496165
152.23091898764352
151.83360483134012
152.98581588461997
153.06527871588065
151.55548492192776
148.37697167150066
145.25805554451904
143.6687989193055
