22.05704407951599
22.05704407951599
22.05704407951599
22.05704407951599
22.05704407951599
22.05704407951599
22.05704407951599
22.05704407951599
22.05704407951599
22.05704407951599
22.05704407951599
22.05704407951599
22.05704407951599
22.05704407951599
22.05704407951599
22.05704407951599
22.05704407951599
22.05704407951599
22.05704407951599
22.05704407951599
22.05704407951599
22.05704407951599
22.05704407951599
22.05704407951599
22.05704407951599
22.05704407951599
22.05704407951599
22.05704407951599
22.05704407951599
22.05704407951599
22.05704407951599
22.05704407951599
22.05704407951599
22.05704407951599
22.05704407951599
22.05704407951599
22.05704407951599
22.05704407951599
22.05704407951599
22.05704407951599
22.05704407951599
22.05704407951599
22.05704407951599
22.05704407951599
22.05704407951599
22.05704407951599
22.05704407951599
22.05704407951599
22.05704407951599
22.05704407951599
22.05704407951599
22.05704407951599
22.05704407951599
22.05704407951599
22.05704407951599
22.05704407951599
22.05704407951599
22.05704407951599
22.05704407951599
22.05704407951599
22.05704407951599
22.05704407951599
22.05704407951599
21.78046672428695
21.05445116681072
21.05445116681072
21.05445116681072
21.05445116681072
21.05445116681072
21.05445116681072
21.05445116681072
21.05445116681072
21.05445116681072
21.469317199654277
22.05704407951599
22.05704407951599
22.05704407951599
22.05704407951599
22.05704407951599
22.05704407951599
22.05704407951599
22.05704407951599
22.05704407951599
22.05704407951599
22.05704407951599
22.05704407951599
22.05704407951599
22.05704407951599
22.05704407951599
22.05704407951599
22.05704407951599
22.05704407951599
22.05704407951599
22.05704407951599
22.05704407951599
22.05704407951599
22.05704407951599
22.05704407951599
22.05704407951599
22.05704407951599
22.05704407951599
22.05704407951599
22.05704407951599
22.05704407951599
22.05704407951599
22.05704407951599
22.05704407951599
22.05704407951599
22.05704407951599
22.05704407951599
22.05704407951599
22.05704407951599
22.05704407951599
22.05704407951599
22.05704407951599
22.05704407951599
22.05704407951599
22.05704407951599
22.05704407951599
22.05704407951599
22.05704407951599
22.05704407951599
22.05704407951599
22.05704407951599
22.05704407951599
22.05704407951599
22.05704407951599
22.05704407951599
22.05704407951599
22.05704407951599
22.05704407951599
22.05704407951599
22.05704407951599
22.05704407951599
22.05704407951599
22.05704407951599
22.05704407951599
22.05704407951599
22.05704407951599
22.05704407951599
22.05704407951599
22.05704407951599
22.05704407951599
21.365600691443387
21.05445116681072
21.05445116681072
21.05445116681072
21.05445116681072
21.05445116681072
21.05445116681072
21.05445116681072
21.05445116681072
21.05445116681072
21.05445116681072
21.05445116681072
21.05445116681072
21.05445116681072
21.05445116681072
21.05445116681072
21.05445116681072
21.05445116681072
21.05445116681072
22.05704407951599
22.05704407951599
22.05704407951599
22.05704407951599
22.05704407951599
22.05704407951599
22.05704407951599
22.05704407951599
22.05704407951599
22.05704407951599
22.05704407951599
22.05704407951599
22.05704407951599
22.05704407951599
22.05704407951599
22.05704407951599
22.05704407951599
22.05704407951599
22.05704407951599
22.05704407951599
22.05704407951599
22.05704407951599
22.05704407951599
22.05704407951599
22.05704407951599
22.05704407951599
22.05704407951599
22.05704407951599
22.05704407951599
22.05704407951599
22.05704407951599
22.05704407951599
22.05704407951599
22.05704407951599
22.05704407951599
22.05704407951599
22.05704407951599
22.05704407951599
22.05704407951599
22.05704407951599
22.05704407951599
22.05704407951599
22.05704407951599
21.88418323249784
21.05445116681072
21.05445116681072
21.05445116681072
21.05445116681072
21.05445116681072
21.05445116681072
21.05445116681072
21.05445116681072
21.05445116681072
21.05445116681072
21.05445116681072
21.05445116681072
21.05445116681072
21.05445116681072
21.05445116681072
21.05445116681072
21.05445116681072
21.05445116681072
21.05445116681072
21.05445116681072
21.05445116681072
21.05445116681072
21.05445116681072
21.05445116681072
21.05445116681072
21.05445116681072
21.05445116681072
21.05445116681072
21.05445116681072
21.05445116681072
21.05445116681072
21.05445116681072
21.05445116681072
21.05445116681072
21.05445116681072
21.05445116681072
21.05445116681072
21.05445116681072
21.05445116681072
21.05445116681072
21.05445116681072
21.05445116681072
21.05445116681072
21.05445116681072
21.05445116681072
21.05445116681072
21.05445116681072
21.05445116681072
21.05445116681072
21.05445116681072
21.05445116681072
21.05445116681072
21.05445116681072
21.05445116681072
21.05445116681072
21.05445116681072
21.05445116681072
21.05445116681072
21.05445116681072
21.05445116681072
21.05445116681072
21.05445116681072
21.05445116681072
21.05445116681072
21.05445116681072
21.05445116681072
21.05445116681072
21.05445116681072
21.05445116681072
21.05445116681072
21.05445116681072
21.05445116681072
21.05445116681072
21.05445116681072
21.05445116681072
21.05445116681072
21.05445116681072
21.05445116681072
21.05445116681072
21.05445116681072
21.05445116681072
21.05445116681072
21.05445116681072
21.05445116681072
21.05445116681072
21.05445116681072
21.05445116681072
21.05445116681072
21.05445116681072
21.05445116681072
21.05445116681072
21.05445116681072
21.05445116681072
21.05445116681072
21.05445116681072
21.05445116681072
21.05445116681072
21.05445116681072
21.05445116681072
21.05445116681072
21.05445116681072
21.05445116681072
21.05445116681072
21.05445116681072
21.05445116681072
21.05445116681072
21.05445116681072
21.05445116681072
21.05445116681072
21.05445116681072
21.05445116681072
21.05445116681072
21.05445116681072
21.05445116681072
21.05445116681072
21.05445116681072
21.05445116681072
21.05445116681072
21.05445116681072
21.05445116681072
21.05445116681072
21.05445116681072
21.05445116681072
21.05445116681072
21.05445116681072
21.05445116681072
21.05445116681072
21.05445116681072
21.05445116681072
21.05445116681072
21.05445116681072
21.05445116681072
21.05445116681072
21.05445116681072
21.05445116681072
21.05445116681072
21.05445116681072
21.05445116681072
21.05445116681072
21.05445116681072
21.05445116681072
21.05445116681072
21.05445116681072
21.05445116681072
21.05445116681072
21.05445116681072
21.05445116681072
21.05445116681072
21.05445116681072
21.05445116681072
21.05445116681072
21.05445116681072
21.05445116681072
21.05445116681072
21.05445116681072
21.05445116681072
21.05445116681072
21.05445116681072
21.05445116681072
21.05445116681072
21.05445116681072
21.05445116681072
21.05445116681072
21.05445116681072
21.05445116681072
21.05445116681072
21.05445116681072
21.05445116681072
21.05445116681072
21.05445116681072
21.05445116681072
21.05445116681072
21.05445116681072
21.05445116681072
21.05445116681072
21.05445116681072
21.05445116681072
21.05445116681072
21.05445116681072
21.05445116681072
21.05445116681072
21.05445116681072
21.05445116681072
21.05445116681072
21.05445116681072
21.05445116681072
21.05445116681072
21.05445116681072
21.05445116681072
21.05445116681072
21.05445116681072
21.05445116681072
21.05445116681072
21.05445116681072
21.05445116681072
21.05445116681072
21.05445116681072
21.05445116681072
21.05445116681072
21.05445116681072
21.05445116681072
21.05445116681072
21.05445116681072
21.05445116681072
21.05445116681072
21.05445116681072
21.05445116681072
21.05445116681072
21.05445116681072
21.05445116681072
21.05445116681072
21.05445116681072
21.05445116681072
21.05445116681072
21.05445116681072
21.05445116681072
21.05445116681072
21.05445116681072
21.05445116681072
21.05445116681072
21.05445116681072
21.05445116681072
21.05445116681072
21.05445116681072
21.05445116681072
21.05445116681072
21.05445116681072
21.05445116681072
21.05445116681072
21.05445116681072
21.05445116681072
21.05445116681072
21.05445116681072
21.05445116681072
21.05445116681072
21.05445116681072
21.05445116681072
21.05445116681072
21.05445116681072
21.05445116681072
21.05445116681072
21.05445116681072
21.05445116681072
21.05445116681072
21.05445116681072
21.05445116681072
21.05445116681072
21.05445116681072
21.05445116681072
21.05445116681072
21.05445116681072
21.05445116681072
21.05445116681072
21.05445116681072
21.05445116681072
21.05445116681072
21.05445116681072
21.05445116681072
21.05445116681072
21.05445116681072
21.05445116681072
21.05445116681072
21.05445116681072
21.05445116681072
21.05445116681072
21.05445116681072
21.05445116681072
21.05445116681072
21.05445116681072
21.05445116681072
21.05445116681072
21.05445116681072
21.05445116681072
21.05445116681072
21.05445116681072
21.05445116681072
21.05445116681072
21.05445116681072
21.05445116681072
21.05445116681072
21.05445116681072
21.05445116681072
21.05445116681072
21.05445116681072
21.05445116681072
21.05445116681072
21.05445116681072
21.05445116681072
21.05445116681072
21.05445116681072
21.05445116681072
21.05445116681072
21.05445116681072
21.05445116681072
21.05445116681072
21.05445116681072
21.05445116681072
21.05445116681072
21.05445116681072
21.05445116681072
21.05445116681072
21.05445116681072
21.05445116681072
21.05445116681072
21.05445116681072
21.05445116681072
21.05445116681072
21.05445116681072
21.05445116681072
21.05445116681072
21.05445116681072
21.05445116681072
21.05445116681072
21.05445116681072
21.05445116681072
21.05445116681072
21.05445116681072
21.05445116681072
21.05445116681072
21.05445116681072
21.05445116681072
21.05445116681072
21.05445116681072
21.05445116681072
20.985306828003456
20.535868625756265
20.051858254105444
20.051858254105444
20.051858254105444
20.051858254105444
20.051858254105444
20.051858254105444
20.051858254105444
20.051858254105444
20.051858254105444
20.051858254105444
20.051858254105444
20.051858254105444
20.051858254105444
20.051858254105444
20.051858254105444
20.051858254105444
20.051858254105444
20.051858254105444
20.051858254105444
20.051858254105444
20.051858254105444
20.051858254105444
20.051858254105444
20.051858254105444
20.051858254105444
20.051858254105444
20.051858254105444
20.051858254105444
20.051858254105444
20.051858254105444
20.051858254105444
20.051858254105444
20.155574762316334
20.950734658599828
20.847018150388937
21.05445116681072
21.05445116681072
21.05445116681072
21.05445116681072
21.05445116681072
21.05445116681072
21.05445116681072
21.05445116681072
21.05445116681072
21.05445116681072
21.05445116681072
21.05445116681072
21.05445116681072
21.05445116681072
21.05445116681072
21.05445116681072
21.05445116681072
21.05445116681072
21.05445116681072
21.05445116681072
21.05445116681072
21.05445116681072
21.05445116681072
21.05445116681072
21.05445116681072
21.05445116681072
21.05445116681072
21.05445116681072
21.05445116681072
21.05445116681072
21.05445116681072
21.05445116681072
21.05445116681072
21.05445116681072
21.05445116681072
21.05445116681072
21.05445116681072
21.05445116681072
21.05445116681072
21.05445116681072
21.05445116681072
21.05445116681072
21.05445116681072
21.05445116681072
21.05445116681072
21.05445116681072
21.05445116681072
21.05445116681072
21.05445116681072
21.05445116681072
21.05445116681072
21.05445116681072
21.05445116681072
21.05445116681072
21.05445116681072
21.05445116681072
21.05445116681072
21.05445116681072
21.05445116681072
21.05445116681072
21.05445116681072
21.05445116681072
21.05445116681072
21.05445116681072
21.05445116681072
21.05445116681072
21.05445116681072
21.05445116681072
21.05445116681072
21.05445116681072
21.05445116681072
21.05445116681072
21.05445116681072
21.05445116681072
21.05445116681072
21.05445116681072
21.05445116681072
21.05445116681072
21.05445116681072
21.05445116681072
21.05445116681072
21.05445116681072
21.05445116681072
21.05445116681072
21.05445116681072
21.05445116681072
21.05445116681072
21.05445116681072
21.05445116681072
21.05445116681072
21.05445116681072
21.019878997407087
20.051858254105444
20.051858254105444
20.051858254105444
20.051858254105444
20.051858254105444
20.051858254105444
20.051858254105444
20.051858254105444
20.051858254105444
20.051858254105444
20.051858254105444
20.051858254105444
20.051858254105444
20.051858254105444
20.051858254105444
20.051858254105444
20.051858254105444
20.051858254105444
20.051858254105444
20.051858254105444
20.051858254105444
20.051858254105444
20.051858254105444
20.051858254105444
20.051858254105444
20.051858254105444
20.051858254105444
20.051858254105444
20.051858254105444
20.051858254105444
20.051858254105444
20.293863439930856
21.05445116681072
21.05445116681072
21.05445116681072
21.05445116681072
21.05445116681072
21.05445116681072
21.05445116681072
22.05704407951599
22.091616248919618
23.05963699222126
23.05963699222126
23.05963699222126
23.05963699222126
22.61019878997407
22.05704407951599
22.05704407951599
22.05704407951599
21.261884183232496
21.05445116681072
21.05445116681072
21.469317199654277
22.05704407951599
22.05704407951599
22.05704407951599
22.05704407951599
22.05704407951599
22.05704407951599
22.05704407951599
22.05704407951599
22.05704407951599
22.05704407951599
22.05704407951599
22.05704407951599
22.05704407951599
22.05704407951599
22.05704407951599
22.05704407951599
22.05704407951599
22.05704407951599
22.05704407951599
22.05704407951599
22.05704407951599
22.05704407951599
22.05704407951599
22.05704407951599
22.05704407951599
22.05704407951599
22.05704407951599
22.05704407951599
22.05704407951599
22.05704407951599
22.05704407951599
22.05704407951599
22.05704407951599
22.05704407951599
22.05704407951599
22.05704407951599
22.05704407951599
22.05704407951599
22.05704407951599
22.05704407951599
22.05704407951599
22.05704407951599
22.05704407951599
22.05704407951599
22.05704407951599
22.05704407951599
22.05704407951599
22.05704407951599
22.05704407951599
22.05704407951599
22.05704407951599
22.05704407951599
22.05704407951599
22.05704407951599
22.05704407951599
22.05704407951599
22.05704407951599
22.05704407951599
22.05704407951599
22.05704407951599
22.05704407951599
22.05704407951599
22.05704407951599
22.05704407951599
22.05704407951599
22.05704407951599
22.05704407951599
22.05704407951599
22.05704407951599
22.05704407951599
22.05704407951599
22.05704407951599
22.05704407951599
22.05704407951599
22.05704407951599
22.05704407951599
22.05704407951599
22.05704407951599
22.05704407951599
22.05704407951599
22.05704407951599
22.05704407951599
22.05704407951599
22.05704407951599
22.05704407951599
22.05704407951599
22.05704407951599
22.05704407951599
22.091616248919618
22.26447709593777
22.195332757130508
22.36819360414866
22.644770959377702
23.05963699222126
23.05963699222126
22.88677614520311
22.2990492653414
22.16076058772688
22.05704407951599
22.05704407951599
22.40276577355229
22.195332757130508
22.05704407951599
22.05704407951599
22.05704407951599
22.05704407951599
22.05704407951599
22.05704407951599
22.05704407951599
22.05704407951599
22.05704407951599
22.05704407951599
22.05704407951599
22.05704407951599
22.05704407951599
22.05704407951599
22.05704407951599
22.05704407951599
22.05704407951599
22.05704407951599
22.05704407951599
22.05704407951599
22.05704407951599
22.05704407951599
22.05704407951599
22.05704407951599
22.05704407951599
22.05704407951599
22.05704407951599
22.05704407951599
22.05704407951599
22.05704407951599
22.05704407951599
22.05704407951599
22.05704407951599
22.05704407951599
22.05704407951599
22.05704407951599
22.05704407951599
22.05704407951599
22.05704407951599
22.05704407951599
22.05704407951599
22.05704407951599
22.05704407951599
22.05704407951599
22.05704407951599
22.05704407951599
22.05704407951599
22.05704407951599
22.05704407951599
22.05704407951599
22.05704407951599
22.05704407951599
22.05704407951599
22.05704407951599
22.05704407951599
22.05704407951599
22.05704407951599
22.05704407951599
22.05704407951599
22.05704407951599
22.05704407951599
22.05704407951599
22.05704407951599
22.05704407951599
22.05704407951599
22.05704407951599
22.05704407951599
22.05704407951599
22.05704407951599
22.05704407951599
22.05704407951599
22.05704407951599
22.05704407951599
22.05704407951599
22.05704407951599
22.091616248919618
23.02506482281763
23.05963699222126
23.05963699222126
23.05963699222126
23.05963699222126
23.05963699222126
23.05963699222126
23.05963699222126
23.05963699222126
23.05963699222126
23.05963699222126
23.05963699222126
23.05963699222126
23.05963699222126
23.05963699222126
23.05963699222126
23.05963699222126
23.05963699222126
23.05963699222126
23.05963699222126
23.05963699222126
23.05963699222126
23.05963699222126
23.05963699222126
23.05963699222126
23.05963699222126
23.05963699222126
23.05963699222126
23.05963699222126
23.05963699222126
23.05963699222126
23.05963699222126
23.05963699222126
23.05963699222126
23.05963699222126
23.05963699222126
23.05963699222126
23.05963699222126
23.05963699222126
23.05963699222126
23.05963699222126
23.05963699222126
23.05963699222126
23.12878133102852
23.993085566119273
24.062229904926532
24.062229904926532
24.062229904926532
24.062229904926532
24.062229904926532
24.062229904926532
24.062229904926532
24.062229904926532
24.062229904926532
24.062229904926532
24.062229904926532
24.062229904926532
24.062229904926532
24.062229904926532
24.062229904926532
24.062229904926532
24.062229904926532
24.062229904926532
24.062229904926532
24.062229904926532
24.062229904926532
24.062229904926532
24.062229904926532
24.062229904926532
24.062229904926532
24.062229904926532
24.062229904926532
24.062229904926532
24.062229904926532
