27.276809099753052
27.276809099753052
27.276809099753052
27.276809099753052
27.276809099753052
27.276809099753052
27.239392352016765
26.640724388236176
26.26655691087331
26.26655691087331
26.26655691087331
26.26655691087331
26.26655691087331
26.26655691087331
26.26655691087331
26.26655691087331
26.26655691087331
26.26655691087331
26.26655691087331
26.26655691087331
26.26655691087331
26.26655691087331
26.26655691087331
26.26655691087331
26.26655691087331
26.26655691087331
26.26655691087331
26.26655691087331
26.26655691087331
26.26655691087331
26.26655691087331
26.26655691087331
26.26655691087331
26.26655691087331
26.26655691087331
26.26655691087331
26.26655691087331
26.26655691087331
26.26655691087331
26.865224874653897
27.276809099753052
27.276809099753052
27.276809099753052
27.276809099753052
27.276809099753052
27.276809099753052
27.276809099753052
27.276809099753052
27.276809099753052
27.276809099753052
27.276809099753052
27.276809099753052
27.276809099753052
27.276809099753052
27.276809099753052
27.276809099753052
27.276809099753052
27.276809099753052
27.276809099753052
27.276809099753052
27.276809099753052
27.276809099753052
27.276809099753052
27.276809099753052
27.276809099753052
27.276809099753052
27.276809099753052
27.276809099753052
27.276809099753052
27.276809099753052
27.276809099753052
27.276809099753052
27.276809099753052
27.276809099753052
27.276809099753052
27.276809099753052
27.276809099753052
27.276809099753052
27.276809099753052
27.276809099753052
27.276809099753052
27.276809099753052
27.276809099753052
27.276809099753052
27.276809099753052
27.276809099753052
27.276809099753052
27.276809099753052
27.276809099753052
27.276809099753052
27.276809099753052
27.276809099753052
27.276809099753052
27.276809099753052
27.276809099753052
27.276809099753052
27.276809099753052
27.276809099753052
27.276809099753052
27.276809099753052
27.276809099753052
27.276809099753052
27.276809099753052
27.276809099753052
27.276809099753052
27.276809099753052
27.276809099753052
27.276809099753052
27.276809099753052
27.276809099753052
27.276809099753052
27.276809099753052
27.276809099753052
27.276809099753052
27.276809099753052
27.276809099753052
27.276809099753052
27.276809099753052
27.276809099753052
27.276809099753052
27.276809099753052
27.276809099753052
27.276809099753052
27.276809099753052
27.276809099753052
27.276809099753052
27.276809099753052
27.276809099753052
27.276809099753052
27.276809099753052
27.276809099753052
27.276809099753052
27.276809099753052
27.276809099753052
27.276809099753052
27.276809099753052
27.276809099753052
27.276809099753052
27.276809099753052
27.276809099753052
27.276809099753052
27.276809099753052
27.276809099753052
27.276809099753052
27.276809099753052
27.276809099753052
27.276809099753052
27.276809099753052
27.276809099753052
27.276809099753052
27.276809099753052
27.276809099753052
27.276809099753052
27.276809099753052
27.276809099753052
27.276809099753052
27.276809099753052
27.276809099753052
27.276809099753052
27.276809099753052
27.276809099753052
27.276809099753052
27.276809099753052
27.276809099753052
27.276809099753052
27.276809099753052
27.276809099753052
27.276809099753052
27.276809099753052
27.276809099753052
27.276809099753052
27.276809099753052
27.276809099753052
27.276809099753052
27.276809099753052
27.276809099753052
27.276809099753052
27.276809099753052
27.276809099753052
27.276809099753052
27.276809099753052
27.276809099753052
27.276809099753052
27.276809099753052
27.276809099753052
27.276809099753052
27.276809099753052
27.276809099753052
27.276809099753052
27.276809099753052
27.276809099753052
27.276809099753052
27.276809099753052
27.276809099753052
27.276809099753052
27.276809099753052
27.276809099753052
27.276809099753052
27.276809099753052
27.276809099753052
27.276809099753052
27.276809099753052
27.276809099753052
27.276809099753052
27.276809099753052
27.276809099753052
27.276809099753052
27.276809099753052
27.276809099753052
27.276809099753052
27.276809099753052
27.276809099753052
27.276809099753052
27.276809099753052
27.276809099753052
27.276809099753052
26.82780812691761
26.26655691087331
26.26655691087331
26.26655691087331
26.26655691087331
26.26655691087331
26.26655691087331
26.26655691087331
26.26655691087331
26.26655691087331
26.26655691087331
26.26655691087331
26.26655691087331
26.26655691087331
26.26655691087331
26.26655691087331
27.16455885654419
27.276809099753052
27.276809099753052
27.276809099753052
27.276809099753052
27.276809099753052
27.276809099753052
27.276809099753052
27.276809099753052
27.276809099753052
27.276809099753052
27.276809099753052
27.276809099753052
27.276809099753052
27.276809099753052
27.276809099753052
27.276809099753052
27.276809099753052
27.276809099753052
27.276809099753052
27.276809099753052
27.276809099753052
27.276809099753052
27.276809099753052
27.276809099753052
27.276809099753052
27.276809099753052
27.276809099753052
27.276809099753052
27.276809099753052
27.276809099753052
27.276809099753052
27.276809099753052
27.276809099753052
27.276809099753052
27.276809099753052
27.276809099753052
27.276809099753052
27.276809099753052
27.276809099753052
27.276809099753052
27.276809099753052
27.276809099753052
27.276809099753052
27.276809099753052
27.276809099753052
27.276809099753052
27.276809099753052
27.276809099753052
27.276809099753052
27.276809099753052
27.276809099753052
27.276809099753052
27.276809099753052
27.276809099753052
27.276809099753052
27.276809099753052
27.276809099753052
27.276809099753052
27.276809099753052
27.276809099753052
27.276809099753052
27.276809099753052
27.276809099753052
27.276809099753052
27.276809099753052
27.276809099753052
26.715557883708748
26.26655691087331
26.26655691087331
26.26655691087331
26.26655691087331
26.26655691087331
26.26655691087331
26.26655691087331
26.26655691087331
26.26655691087331
26.26655691087331
26.26655691087331
26.26655691087331
26.26655691087331
26.26655691087331
26.26655691087331
26.26655691087331
26.26655691087331
26.26655691087331
26.26655691087331
26.26655691087331
26.26655691087331
26.26655691087331
26.26655691087331
26.26655691087331
26.26655691087331
26.26655691087331
26.26655691087331
26.26655691087331
26.26655691087331
26.26655691087331
26.26655691087331
26.26655691087331
26.26655691087331
26.26655691087331
26.26655691087331
26.26655691087331
26.26655691087331
26.26655691087331
26.26655691087331
26.26655691087331
26.26655691087331
26.26655691087331
26.26655691087331
26.26655691087331
26.26655691087331
26.26655691087331
26.26655691087331
26.26655691087331
26.26655691087331
26.26655691087331
26.26655691087331
26.26655691087331
26.26655691087331
26.26655691087331
26.26655691087331
26.26655691087331
26.26655691087331
26.26655691087331
26.26655691087331
26.26655691087331
26.26655691087331
26.26655691087331
26.26655691087331
26.26655691087331
26.26655691087331
26.26655691087331
26.26655691087331
26.26655691087331
26.26655691087331
26.26655691087331
26.26655691087331
26.26655691087331
26.26655691087331
26.26655691087331
26.26655691087331
26.26655691087331
26.26655691087331
26.26655691087331
26.26655691087331
26.26655691087331
26.26655691087331
26.26655691087331
26.26655691087331
26.26655691087331
26.26655691087331
26.26655691087331
26.26655691087331
26.26655691087331
26.26655691087331
26.26655691087331
26.26655691087331
26.26655691087331
26.26655691087331
26.26655691087331
26.26655691087331
26.26655691087331
26.26655691087331
26.26655691087331
26.26655691087331
26.26655691087331
26.26655691087331
26.26655691087331
26.26655691087331
26.26655691087331
26.26655691087331
26.26655691087331
26.26655691087331
26.26655691087331
26.26655691087331
26.26655691087331
26.26655691087331
26.26655691087331
26.26655691087331
26.26655691087331
26.26655691087331
26.26655691087331
26.26655691087331
26.26655691087331
26.26655691087331
26.26655691087331
26.26655691087331
26.26655691087331
26.26655691087331
26.26655691087331
26.26655691087331
26.26655691087331
26.26655691087331
26.26655691087331
26.26655691087331
26.26655691087331
26.26655691087331
26.26655691087331
26.26655691087331
26.26655691087331
26.26655691087331
26.26655691087331
26.26655691087331
26.26655691087331
26.26655691087331
26.26655691087331
26.26655691087331
26.26655691087331
26.26655691087331
26.26655691087331
26.26655691087331
26.26655691087331
26.26655691087331
26.26655691087331
26.26655691087331
26.26655691087331
26.26655691087331
26.26655691087331
26.26655691087331
26.26655691087331
26.26655691087331
26.26655691087331
26.26655691087331
26.26655691087331
26.26655691087331
26.26655691087331
26.26655691087331
26.26655691087331
26.26655691087331
26.26655691087331
26.26655691087331
26.26655691087331
26.26655691087331
26.26655691087331
26.26655691087331
26.042056424455588
25.40597171293871
25.368554965202424
25.33113821746614
25.256304721993565
25.256304721993565
25.256304721993565
25.256304721993565
25.256304721993565
25.256304721993565
25.256304721993565
25.256304721993565
25.256304721993565
25.256304721993565
25.256304721993565
25.256304721993565
25.256304721993565
25.256304721993565
25.256304721993565
25.256304721993565
25.256304721993565
25.256304721993565
25.256304721993565
25.256304721993565
25.256304721993565
25.256304721993565
25.256304721993565
25.256304721993565
25.256304721993565
25.256304721993565
25.256304721993565
25.256304721993565
25.256304721993565
25.256304721993565
25.256304721993565
25.256304721993565
25.256304721993565
25.256304721993565
25.256304721993565
25.256304721993565
25.256304721993565
25.256304721993565
25.256304721993565
25.256304721993565
25.256304721993565
25.256304721993565
25.256304721993565
25.256304721993565
25.256304721993565
25.256304721993565
25.256304721993565
25.256304721993565
25.256304721993565
25.256304721993565
25.256304721993565
25.256304721993565
25.256304721993565
25.256304721993565
25.256304721993565
25.256304721993565
25.256304721993565
25.256304721993565
25.256304721993565
25.256304721993565
25.256304721993565
25.256304721993565
25.256304721993565
25.256304721993565
25.256304721993565
25.256304721993565
25.256304721993565
25.256304721993565
25.256304721993565
25.256304721993565
25.256304721993565
25.256304721993565
25.256304721993565
25.256304721993565
25.256304721993565
25.256304721993565
25.256304721993565
25.256304721993565
25.256304721993565
25.256304721993565
25.256304721993565
25.256304721993565
25.256304721993565
25.256304721993565
25.256304721993565
25.256304721993565
25.256304721993565
25.256304721993565
25.256304721993565
25.256304721993565
25.256304721993565
25.293721469729853
26.191723415400734
26.26655691087331
26.26655691087331
26.26655691087331
26.26655691087331
26.26655691087331
26.26655691087331
26.26655691087331
26.26655691087331
26.26655691087331
26.26655691087331
26.26655691087331
26.26655691087331
26.26655691087331
26.26655691087331
26.26655691087331
26.26655691087331
26.26655691087331
26.26655691087331
26.26655691087331
26.26655691087331
26.26655691087331
26.26655691087331
26.26655691087331
26.26655691087331
26.26655691087331
26.26655691087331
26.11688991992816
25.368554965202424
25.256304721993565
25.256304721993565
25.256304721993565
25.256304721993565
25.256304721993565
25.256304721993565
25.256304721993565
25.256304721993565
25.256304721993565
25.256304721993565
25.256304721993565
25.256304721993565
25.256304721993565
25.256304721993565
25.256304721993565
25.256304721993565
25.256304721993565
25.256304721993565
25.256304721993565
25.256304721993565
25.256304721993565
25.256304721993565
25.256304721993565
25.256304721993565
25.256304721993565
25.256304721993565
25.256304721993565
25.256304721993565
25.256304721993565
25.256304721993565
25.256304721993565
25.256304721993565
25.256304721993565
25.256304721993565
25.256304721993565
25.256304721993565
25.256304721993565
25.256304721993565
25.256304721993565
25.256304721993565
25.256304721993565
25.256304721993565
25.256304721993565
25.256304721993565
25.256304721993565
25.256304721993565
25.256304721993565
25.256304721993565
25.256304721993565
25.256304721993565
25.256304721993565
25.256304721993565
25.256304721993565
25.256304721993565
25.33113821746614
26.079473172191875
26.26655691087331
26.26655691087331
26.26655691087331
26.26655691087331
26.26655691087331
26.26655691087331
26.26655691087331
26.26655691087331
26.26655691087331
26.26655691087331
26.26655691087331
26.26655691087331
26.26655691087331
26.26655691087331
26.26655691087331
26.26655691087331
26.26655691087331
26.26655691087331
26.26655691087331
26.26655691087331
26.26655691087331
26.26655691087331
26.26655691087331
26.26655691087331
26.26655691087331
26.26655691087331
26.26655691087331
26.26655691087331
26.26655691087331
26.26655691087331
26.26655691087331
26.26655691087331
26.26655691087331
26.26655691087331
26.26655691087331
26.26655691087331
26.26655691087331
26.26655691087331
26.26655691087331
26.26655691087331
26.26655691087331
26.26655691087331
26.26655691087331
26.26655691087331
26.26655691087331
26.26655691087331
26.26655691087331
26.26655691087331
26.26655691087331
26.26655691087331
26.26655691087331
26.26655691087331
26.26655691087331
26.26655691087331
26.26655691087331
26.26655691087331
26.26655691087331
26.26655691087331
26.26655691087331
26.26655691087331
26.26655691087331
26.26655691087331
26.26655691087331
26.26655691087331
26.26655691087331
26.26655691087331
26.26655691087331
26.26655691087331
26.26655691087331
26.26655691087331
26.26655691087331
26.26655691087331
26.26655691087331
26.26655691087331
26.26655691087331
26.26655691087331
26.26655691087331
26.26655691087331
26.26655691087331
26.26655691087331
26.26655691087331
26.26655691087331
26.26655691087331
26.26655691087331
26.26655691087331
26.26655691087331
26.26655691087331
26.26655691087331
26.26655691087331
26.26655691087331
26.26655691087331
26.26655691087331
26.26655691087331
26.26655691087331
26.26655691087331
26.26655691087331
26.26655691087331
26.26655691087331
26.26655691087331
26.26655691087331
26.26655691087331
26.26655691087331
26.26655691087331
26.26655691087331
26.26655691087331
26.26655691087331
26.26655691087331
26.26655691087331
26.26655691087331
26.26655691087331
26.26655691087331
26.26655691087331
26.26655691087331
26.26655691087331
26.26655691087331
26.26655691087331
26.26655691087331
26.26655691087331
26.26655691087331
26.26655691087331
26.790391379181322
27.239392352016765
27.276809099753052
27.276809099753052
27.276809099753052
27.276809099753052
27.276809099753052
27.276809099753052
27.276809099753052
27.276809099753052
27.276809099753052
27.276809099753052
27.276809099753052
27.276809099753052
27.276809099753052
27.276809099753052
27.276809099753052
27.276809099753052
27.276809099753052
27.276809099753052
27.276809099753052
27.276809099753052
27.276809099753052
27.276809099753052
27.276809099753052
27.276809099753052
27.276809099753052
27.276809099753052
27.276809099753052
27.276809099753052
27.276809099753052
27.276809099753052
27.276809099753052
27.276809099753052
27.276809099753052
27.276809099753052
27.276809099753052
27.276809099753052
27.276809099753052
27.276809099753052
27.276809099753052
27.276809099753052
27.276809099753052
27.276809099753052
27.276809099753052
27.276809099753052
27.276809099753052
27.276809099753052
27.4264760906982
28.287061288632792
28.287061288632792
28.287061288632792
28.287061288632792
28.287061288632792
28.287061288632792
28.287061288632792
28.287061288632792
28.287061288632792
28.287061288632792
28.287061288632792
28.287061288632792
28.287061288632792
28.287061288632792
28.287061288632792
28.287061288632792
28.287061288632792
28.287061288632792
28.287061288632792
28.287061288632792
28.287061288632792
28.287061288632792
28.287061288632792
28.287061288632792
28.287061288632792
28.287061288632792
28.287061288632792
28.287061288632792
28.287061288632792
28.287061288632792
28.287061288632792
28.287061288632792
28.287061288632792
28.287061288632792
28.287061288632792
28.287061288632792
28.287061288632792
28.287061288632792
28.287061288632792
28.287061288632792
28.287061288632792
28.287061288632792
28.287061288632792
28.287061288632792
28.287061288632792
28.287061288632792
28.287061288632792
28.287061288632792
28.287061288632792
28.287061288632792
28.287061288632792
28.287061288632792
28.287061288632792
28.287061288632792
28.287061288632792
28.287061288632792
28.287061288632792
28.287061288632792
28.287061288632792
28.287061288632792
28.287061288632792
28.287061288632792
28.287061288632792
28.287061288632792
28.287061288632792
28.287061288632792
28.287061288632792
28.287061288632792
28.287061288632792
28.287061288632792
28.287061288632792
28.287061288632792
28.287061288632792
28.287061288632792
28.287061288632792
28.287061288632792
28.66122876599566
28.923146000149668
28.923146000149668
28.997979495622243
28.66122876599566
28.287061288632792
28.287061288632792
28.287061288632792
28.287061288632792
28.287061288632792
28.287061288632792
28.287061288632792
28.287061288632792
28.287061288632792
28.287061288632792
28.287061288632792
28.287061288632792
28.287061288632792
28.287061288632792
28.287061288632792
28.287061288632792
28.287061288632792
28.287061288632792
28.287061288632792
28.287061288632792
28.287061288632792
28.287061288632792
28.287061288632792
28.287061288632792
28.287061288632792
28.287061288632792
28.287061288632792
28.287061288632792
28.287061288632792
28.287061288632792
28.287061288632792
28.287061288632792
28.287061288632792
28.287061288632792
28.287061288632792
28.287061288632792
28.287061288632792
28.287061288632792
28.287061288632792
28.287061288632792
28.287061288632792
28.287061288632792
28.287061288632792
28.287061288632792
27.9877273067425
27.276809099753052
27.276809099753052
27.276809099753052
27.276809099753052
27.276809099753052
27.276809099753052
27.276809099753052
27.276809099753052
27.276809099753052
