69.22587486744433
69.22587486744433
69.22587486744433
69.22587486744433
69.22587486744433
69.22587486744433
69.22587486744433
69.22587486744433
69.22587486744433
69.22587486744433
69.22587486744433
69.22587486744433
69.22587486744433
69.22587486744433
69.22587486744433
69.22587486744433
69.22587486744433
69.22587486744433
69.22587486744433
69.22587486744433
69.22587486744433
69.22587486744433
69.22587486744433
69.22587486744433
69.22587486744433
69.22587486744433
69.22587486744433
69.22587486744433
69.22587486744433
69.22587486744433
69.22587486744433
69.22587486744433
69.22587486744433
69.22587486744433
69.22587486744433
69.22587486744433
70.15906680805939
71.26193001060446
71.26193001060446
71.26193001060446
71.26193001060446
71.26193001060446
71.26193001060446
71.26193001060446
71.26193001060446
71.26193001060446
71.26193001060446
71.26193001060446
71.26193001060446
71.26193001060446
71.26193001060446
71.26193001060446
71.26193001060446
71.26193001060446
71.26193001060446
71.26193001060446
71.26193001060446
71.26193001060446
71.26193001060446
71.26193001060446
71.26193001060446
71.26193001060446
71.26193001060446
71.26193001060446
71.26193001060446
71.26193001060446
71.26193001060446
71.26193001060446
70.3287380699894
70.2439024390244
70.2439024390244
70.2439024390244
70.2439024390244
70.2439024390244
70.2439024390244
70.2439024390244
70.2439024390244
70.2439024390244
70.2439024390244
70.2439024390244
70.2439024390244
70.2439024390244
70.2439024390244
70.2439024390244
70.2439024390244
70.2439024390244
70.2439024390244
70.2439024390244
70.2439024390244
70.2439024390244
70.2439024390244
70.2439024390244
70.2439024390244
70.2439024390244
70.2439024390244
70.2439024390244
70.2439024390244
70.2439024390244
70.2439024390244
70.2439024390244
70.15906680805939
69.22587486744433
69.22587486744433
69.22587486744433
69.22587486744433
69.22587486744433
69.22587486744433
69.22587486744433
69.22587486744433
69.22587486744433
69.22587486744433
69.22587486744433
69.22587486744433
69.22587486744433
69.22587486744433
69.22587486744433
69.22587486744433
69.22587486744433
69.22587486744433
69.22587486744433
69.22587486744433
69.22587486744433
69.22587486744433
69.22587486744433
69.22587486744433
69.22587486744433
69.22587486744433
69.22587486744433
69.22587486744433
69.22587486744433
69.48038176033934
72.27995758218452
72.27995758218452
72.27995758218452
72.27995758218452
72.27995758218452
72.27995758218452
72.27995758218452
72.27995758218452
72.27995758218452
72.27995758218452
72.27995758218452
72.27995758218452
72.27995758218452
72.27995758218452
72.27995758218452
72.27995758218452
72.27995758218452
72.27995758218452
72.27995758218452
72.27995758218452
72.27995758218452
72.27995758218452
72.27995758218452
72.27995758218452
72.27995758218452
72.27995758218452
72.27995758218452
72.27995758218452
72.27995758218452
72.27995758218452
72.27995758218452
72.27995758218452
72.27995758218452
72.27995758218452
72.27995758218452
72.27995758218452
72.27995758218452
72.27995758218452
72.27995758218452
72.27995758218452
72.27995758218452
72.27995758218452
72.27995758218452
72.27995758218452
72.27995758218452
72.27995758218452
72.27995758218452
72.27995758218452
72.27995758218452
72.27995758218452
72.27995758218452
72.27995758218452
72.27995758218452
72.27995758218452
72.27995758218452
72.27995758218452
72.27995758218452
72.27995758218452
72.27995758218452
72.27995758218452
72.27995758218452
72.27995758218452
72.27995758218452
72.27995758218452
71.9406150583245
71.26193001060446
71.26193001060446
71.26193001060446
71.26193001060446
71.26193001060446
71.26193001060446
71.26193001060446
71.26193001060446
71.26193001060446
71.26193001060446
71.26193001060446
71.26193001060446
71.26193001060446
71.26193001060446
71.26193001060446
71.26193001060446
71.26193001060446
71.26193001060446
71.26193001060446
71.26193001060446
71.26193001060446
71.26193001060446
71.26193001060446
71.26193001060446
71.26193001060446
71.26193001060446
71.26193001060446
71.26193001060446
71.26193001060446
71.26193001060446
71.26193001060446
71.26193001060446
71.26193001060446
71.26193001060446
71.26193001060446
71.26193001060446
71.26193001060446
71.26193001060446
71.26193001060446
71.26193001060446
71.26193001060446
71.26193001060446
71.26193001060446
71.26193001060446
71.26193001060446
71.26193001060446
71.26193001060446
71.26193001060446
71.26193001060446
71.26193001060446
71.26193001060446
71.26193001060446
71.26193001060446
71.26193001060446
71.26193001060446
71.26193001060446
71.26193001060446
71.26193001060446
71.26193001060446
71.26193001060446
71.26193001060446
71.26193001060446
72.36479321314953
73.29798515376459
73.29798515376459
73.29798515376459
73.29798515376459
73.29798515376459
73.29798515376459
73.29798515376459
73.29798515376459
73.29798515376459
73.29798515376459
73.29798515376459
73.29798515376459
73.29798515376459
73.29798515376459
73.29798515376459
73.29798515376459
73.29798515376459
73.29798515376459
73.29798515376459
73.29798515376459
73.29798515376459
73.29798515376459
73.29798515376459
73.29798515376459
73.29798515376459
73.29798515376459
73.29798515376459
73.29798515376459
73.29798515376459
73.29798515376459
73.29798515376459
70.4984093319194
70.2439024390244
70.2439024390244
70.2439024390244
70.2439024390244
70.2439024390244
70.2439024390244
70.2439024390244
70.2439024390244
70.2439024390244
70.2439024390244
70.2439024390244
70.2439024390244
70.2439024390244
70.2439024390244
70.2439024390244
70.2439024390244
70.2439024390244
70.2439024390244
70.2439024390244
70.2439024390244
70.2439024390244
70.2439024390244
70.2439024390244
70.2439024390244
70.2439024390244
70.2439024390244
70.2439024390244
70.2439024390244
70.2439024390244
70.2439024390244
70.2439024390244
70.2439024390244
70.2439024390244
70.2439024390244
70.2439024390244
70.2439024390244
70.2439024390244
70.2439024390244
70.2439024390244
70.2439024390244
70.2439024390244
70.2439024390244
70.2439024390244
70.2439024390244
70.2439024390244
70.2439024390244
70.2439024390244
70.2439024390244
70.2439024390244
70.2439024390244
70.2439024390244
70.2439024390244
70.2439024390244
70.2439024390244
70.2439024390244
70.2439024390244
70.2439024390244
70.2439024390244
70.2439024390244
70.2439024390244
70.2439024390244
70.2439024390244
70.2439024390244
70.2439024390244
70.2439024390244
70.2439024390244
70.2439024390244
70.2439024390244
70.2439024390244
70.2439024390244
70.2439024390244
70.2439024390244
70.2439024390244
70.2439024390244
70.2439024390244
70.2439024390244
70.2439024390244
70.2439024390244
70.2439024390244
70.2439024390244
70.2439024390244
70.2439024390244
70.2439024390244
70.2439024390244
70.2439024390244
70.2439024390244
70.2439024390244
70.2439024390244
70.2439024390244
70.2439024390244
70.2439024390244
70.2439024390244
70.2439024390244
70.2439024390244
70.2439024390244
70.2439024390244
70.2439024390244
69.26829268292683
69.22587486744433
69.22587486744433
69.22587486744433
69.22587486744433
69.22587486744433
69.22587486744433
69.22587486744433
69.22587486744433
69.22587486744433
69.22587486744433
69.22587486744433
69.22587486744433
69.22587486744433
69.22587486744433
69.22587486744433
69.22587486744433
69.22587486744433
69.22587486744433
69.22587486744433
69.22587486744433
69.22587486744433
69.22587486744433
69.22587486744433
69.22587486744433
69.22587486744433
69.22587486744433
69.22587486744433
69.22587486744433
69.22587486744433
69.22587486744433
69.22587486744433
69.22587486744433
69.22587486744433
73.12831389183457
73.29798515376459
73.29798515376459
73.29798515376459
73.29798515376459
73.29798515376459
73.29798515376459
73.29798515376459
73.29798515376459
73.29798515376459
73.29798515376459
73.29798515376459
73.29798515376459
73.29798515376459
73.29798515376459
73.29798515376459
73.29798515376459
73.29798515376459
73.29798515376459
73.29798515376459
73.29798515376459
73.29798515376459
73.29798515376459
73.29798515376459
73.29798515376459
73.29798515376459
73.29798515376459
73.29798515376459
73.29798515376459
73.29798515376459
73.29798515376459
73.29798515376459
71.43160127253446
71.26193001060446
71.26193001060446
71.26193001060446
71.26193001060446
71.26193001060446
71.26193001060446
71.26193001060446
71.26193001060446
71.26193001060446
71.26193001060446
71.26193001060446
71.26193001060446
71.26193001060446
71.26193001060446
71.26193001060446
71.26193001060446
71.26193001060446
71.26193001060446
71.26193001060446
71.26193001060446
71.26193001060446
71.26193001060446
71.26193001060446
71.26193001060446
71.26193001060446
71.26193001060446
71.26193001060446
71.26193001060446
71.26193001060446
71.26193001060446
71.26193001060446
71.26193001060446
70.58324496288441
69.22587486744433
69.22587486744433
69.22587486744433
69.22587486744433
69.22587486744433
69.22587486744433
69.22587486744433
69.22587486744433
69.22587486744433
69.22587486744433
69.22587486744433
69.22587486744433
69.22587486744433
69.22587486744433
69.22587486744433
69.22587486744433
69.22587486744433
69.22587486744433
69.22587486744433
69.22587486744433
69.22587486744433
69.22587486744433
69.22587486744433
69.22587486744433
69.22587486744433
69.22587486744433
69.22587486744433
69.22587486744433
69.22587486744433
69.22587486744433
69.22587486744433
69.22587486744433
69.22587486744433
69.22587486744433
69.22587486744433
69.22587486744433
69.22587486744433
69.22587486744433
69.22587486744433
69.22587486744433
69.22587486744433
69.22587486744433
69.22587486744433
69.22587486744433
69.22587486744433
69.22587486744433
69.22587486744433
69.22587486744433
69.22587486744433
69.22587486744433
69.22587486744433
69.22587486744433
69.22587486744433
69.22587486744433
69.22587486744433
69.22587486744433
69.22587486744433
69.22587486744433
69.22587486744433
69.22587486744433
69.22587486744433
69.22587486744433
69.22587486744433
69.22587486744433
69.22587486744433
69.22587486744433
69.22587486744433
72.27995758218452
72.27995758218452
72.27995758218452
72.27995758218452
72.27995758218452
72.27995758218452
72.27995758218452
72.27995758218452
72.27995758218452
72.27995758218452
72.27995758218452
72.27995758218452
72.27995758218452
72.27995758218452
72.27995758218452
72.27995758218452
72.27995758218452
72.27995758218452
72.27995758218452
72.27995758218452
72.27995758218452
72.27995758218452
72.27995758218452
72.27995758218452
72.27995758218452
72.27995758218452
72.27995758218452
72.27995758218452
72.27995758218452
72.27995758218452
72.27995758218452
72.27995758218452
72.27995758218452
72.27995758218452
72.27995758218452
74.31601272534465
74.31601272534465
74.31601272534465
74.31601272534465
74.31601272534465
74.31601272534465
74.31601272534465
74.31601272534465
74.31601272534465
74.31601272534465
74.31601272534465
74.31601272534465
74.31601272534465
74.31601272534465
74.31601272534465
74.31601272534465
74.31601272534465
74.31601272534465
74.31601272534465
74.31601272534465
74.31601272534465
74.31601272534465
74.31601272534465
74.31601272534465
74.31601272534465
74.31601272534465
74.31601272534465
74.31601272534465
74.31601272534465
74.31601272534465
74.31601272534465
74.31601272534465
74.31601272534465
74.31601272534465
74.31601272534465
72.70413573700955
72.27995758218452
72.27995758218452
72.27995758218452
72.27995758218452
72.27995758218452
72.27995758218452
72.27995758218452
72.27995758218452
72.27995758218452
72.27995758218452
72.27995758218452
72.27995758218452
72.27995758218452
72.27995758218452
72.27995758218452
72.27995758218452
72.27995758218452
72.27995758218452
72.27995758218452
72.27995758218452
72.27995758218452
72.27995758218452
72.27995758218452
72.27995758218452
72.27995758218452
72.27995758218452
72.27995758218452
72.27995758218452
72.27995758218452
72.27995758218452
72.27995758218452
72.27995758218452
72.27995758218452
72.27995758218452
72.27995758218452
69.73488865323436
69.22587486744433
69.22587486744433
69.22587486744433
69.22587486744433
69.22587486744433
69.22587486744433
69.22587486744433
69.22587486744433
69.22587486744433
69.22587486744433
69.22587486744433
69.22587486744433
69.22587486744433
69.22587486744433
69.22587486744433
69.22587486744433
69.22587486744433
69.22587486744433
69.22587486744433
69.22587486744433
69.22587486744433
69.22587486744433
69.22587486744433
69.22587486744433
69.22587486744433
69.22587486744433
69.22587486744433
69.22587486744433
69.22587486744433
69.22587486744433
69.22587486744433
69.22587486744433
69.22587486744433
69.22587486744433
69.22587486744433
69.22587486744433
69.22587486744433
69.22587486744433
69.22587486744433
69.22587486744433
69.22587486744433
69.22587486744433
69.22587486744433
69.22587486744433
69.22587486744433
69.22587486744433
69.22587486744433
69.22587486744433
69.22587486744433
69.22587486744433
69.22587486744433
69.22587486744433
69.22587486744433
69.22587486744433
69.22587486744433
69.22587486744433
69.22587486744433
69.22587486744433
69.22587486744433
69.22587486744433
69.22587486744433
69.22587486744433
69.22587486744433
69.22587486744433
69.22587486744433
69.22587486744433
69.22587486744433
69.22587486744433
69.22587486744433
69.22587486744433
69.22587486744433
68.7592788971368
68.20784729586427
68.20784729586427
68.20784729586427
68.20784729586427
68.20784729586427
68.20784729586427
68.20784729586427
68.20784729586427
68.20784729586427
68.20784729586427
68.20784729586427
68.20784729586427
68.20784729586427
68.20784729586427
68.20784729586427
68.20784729586427
68.20784729586427
68.20784729586427
68.20784729586427
68.20784729586427
68.20784729586427
68.20784729586427
68.20784729586427
68.20784729586427
68.20784729586427
68.20784729586427
68.20784729586427
68.20784729586427
68.20784729586427
68.20784729586427
68.20784729586427
68.20784729586427
69.31071049840934
70.2439024390244
70.2439024390244
70.2439024390244
70.2439024390244
70.2439024390244
70.2439024390244
70.2439024390244
70.2439024390244
70.2439024390244
70.2439024390244
70.2439024390244
70.2439024390244
70.2439024390244
70.2439024390244
70.2439024390244
70.2439024390244
70.2439024390244
70.2439024390244
70.2439024390244
70.2439024390244
70.2439024390244
70.2439024390244
70.2439024390244
70.2439024390244
70.2439024390244
70.2439024390244
70.2439024390244
70.2439024390244
70.2439024390244
70.2439024390244
70.2439024390244
70.2439024390244
70.2439024390244
70.2439024390244
70.2439024390244
67.69883351007424
66.17179215270414
66.17179215270414
66.17179215270414
66.17179215270414
66.17179215270414
66.17179215270414
66.17179215270414
66.17179215270414
66.17179215270414
66.17179215270414
66.17179215270414
66.17179215270414
66.17179215270414
66.17179215270414
66.17179215270414
66.17179215270414
66.17179215270414
66.17179215270414
66.17179215270414
66.17179215270414
66.17179215270414
66.17179215270414
66.17179215270414
66.17179215270414
66.17179215270414
66.17179215270414
66.17179215270414
66.17179215270414
66.17179215270414
67.02014846235419
70.2439024390244
70.2439024390244
70.2439024390244
70.2439024390244
70.2439024390244
70.2439024390244
70.2439024390244
70.2439024390244
70.2439024390244
70.2439024390244
70.2439024390244
70.2439024390244
70.2439024390244
70.2439024390244
70.2439024390244
70.2439024390244
70.2439024390244
70.2439024390244
70.2439024390244
70.2439024390244
70.2439024390244
70.2439024390244
70.2439024390244
70.2439024390244
70.2439024390244
70.2439024390244
70.2439024390244
70.2439024390244
70.2439024390244
70.2439024390244
70.2439024390244
70.2439024390244
70.2439024390244
73.29798515376459
73.29798515376459
73.29798515376459
73.29798515376459
73.29798515376459
73.29798515376459
73.29798515376459
73.29798515376459
73.29798515376459
73.29798515376459
73.29798515376459
73.29798515376459
73.29798515376459
73.29798515376459
73.29798515376459
73.29798515376459
73.29798515376459
73.29798515376459
73.29798515376459
73.29798515376459
73.29798515376459
73.29798515376459
73.29798515376459
73.29798515376459
73.29798515376459
73.29798515376459
73.29798515376459
73.29798515376459
73.29798515376459
73.29798515376459
73.29798515376459
73.29798515376459
73.29798515376459
73.29798515376459
73.29798515376459
73.29798515376459
73.29798515376459
73.29798515376459
73.29798515376459
73.29798515376459
72.66171792152704
72.27995758218452
72.27995758218452
72.27995758218452
72.27995758218452
72.27995758218452
72.27995758218452
72.27995758218452
72.27995758218452
72.27995758218452
72.27995758218452
72.27995758218452
72.27995758218452
72.27995758218452
72.27995758218452
72.27995758218452
72.27995758218452
72.27995758218452
72.27995758218452
72.27995758218452
72.27995758218452
72.27995758218452
72.27995758218452
72.27995758218452
72.27995758218452
72.27995758218452
72.27995758218452
72.27995758218452
72.27995758218452
72.27995758218452
72.27995758218452
72.27995758218452
72.27995758218452
72.27995758218452
72.27995758218452
72.27995758218452
75.46129374337222
