74.99687513020291
74.99687513020291
74.99687513020291
74.99687513020291
74.99687513020291
74.99687513020291
74.99687513020291
74.99687513020291
77.08012166159743
77.08012166159743
77.08012166159743
77.08012166159743
77.08012166159743
77.08012166159743
77.08012166159743
77.08012166159743
77.08012166159743
77.08012166159743
77.08012166159743
77.08012166159743
77.08012166159743
77.08012166159743
77.08012166159743
77.08012166159743
77.08012166159743
77.08012166159743
77.08012166159743
77.08012166159743
77.08012166159743
77.08012166159743
76.74680221657431
76.03849839590016
76.03849839590016
76.03849839590016
76.03849839590016
76.03849839590016
76.03849839590016
76.03849839590016
76.03849839590016
76.03849839590016
76.03849839590016
76.03849839590016
76.03849839590016
76.03849839590016
76.03849839590016
76.03849839590016
76.03849839590016
76.03849839590016
76.03849839590016
76.03849839590016
76.03849839590016
76.03849839590016
76.03849839590016
77.08012166159743
77.08012166159743
77.08012166159743
77.08012166159743
77.08012166159743
77.08012166159743
77.08012166159743
77.08012166159743
77.08012166159743
77.08012166159743
77.08012166159743
77.08012166159743
77.08012166159743
77.08012166159743
77.08012166159743
77.08012166159743
77.08012166159743
77.08012166159743
77.08012166159743
77.08012166159743
77.08012166159743
77.08012166159743
77.08012166159743
77.08012166159743
77.08012166159743
77.08012166159743
77.08012166159743
77.08012166159743
77.08012166159743
77.08012166159743
77.08012166159743
77.08012166159743
77.08012166159743
77.08012166159743
77.08012166159743
77.08012166159743
77.08012166159743
77.08012166159743
77.08012166159743
77.08012166159743
77.08012166159743
77.08012166159743
77.08012166159743
77.08012166159743
77.08012166159743
77.08012166159743
77.08012166159743
77.08012166159743
77.08012166159743
77.08012166159743
77.08012166159743
77.08012166159743
77.08012166159743
77.08012166159743
77.08012166159743
77.08012166159743
77.08012166159743
77.08012166159743
77.08012166159743
77.08012166159743
77.08012166159743
77.08012166159743
77.08012166159743
77.08012166159743
77.08012166159743
77.08012166159743
77.08012166159743
77.08012166159743
77.08012166159743
77.08012166159743
77.08012166159743
77.08012166159743
77.08012166159743
77.08012166159743
77.08012166159743
77.08012166159743
77.08012166159743
77.08012166159743
77.08012166159743
77.08012166159743
77.08012166159743
77.08012166159743
77.08012166159743
77.08012166159743
76.58014249406274
76.03849839590016
76.03849839590016
76.03849839590016
76.03849839590016
76.03849839590016
76.03849839590016
76.03849839590016
76.03849839590016
76.03849839590016
76.03849839590016
76.03849839590016
76.03849839590016
76.03849839590016
76.03849839590016
76.03849839590016
76.03849839590016
76.03849839590016
76.03849839590016
76.03849839590016
76.03849839590016
76.03849839590016
76.03849839590016
76.03849839590016
76.03849839590016
76.03849839590016
76.03849839590016
76.03849839590016
76.03849839590016
76.03849839590016
76.03849839590016
75.24686471397025
74.99687513020291
74.99687513020291
74.99687513020291
74.99687513020291
74.99687513020291
74.99687513020291
74.99687513020291
74.99687513020291
74.99687513020291
74.99687513020291
74.99687513020291
74.99687513020291
74.99687513020291
74.99687513020291
74.99687513020291
74.99687513020291
74.99687513020291
74.99687513020291
74.99687513020291
74.99687513020291
74.99687513020291
74.99687513020291
74.99687513020291
74.99687513020291
74.99687513020291
74.99687513020291
74.99687513020291
74.99687513020291
74.99687513020291
74.41356610141244
72.91362859880837
72.91362859880837
72.91362859880837
72.91362859880837
72.91362859880837
72.91362859880837
72.91362859880837
72.91362859880837
72.91362859880837
72.91362859880837
72.91362859880837
72.91362859880837
72.91362859880837
72.91362859880837
72.91362859880837
72.91362859880837
72.91362859880837
72.91362859880837
72.91362859880837
72.91362859880837
72.91362859880837
72.91362859880837
72.91362859880837
72.91362859880837
72.91362859880837
72.91362859880837
72.91362859880837
72.91362859880837
72.91362859880837
72.91362859880837
72.91362859880837
72.91362859880837
72.91362859880837
72.91362859880837
72.91362859880837
72.91362859880837
72.91362859880837
72.91362859880837
72.91362859880837
72.91362859880837
72.91362859880837
72.91362859880837
72.91362859880837
72.91362859880837
72.91362859880837
72.91362859880837
72.91362859880837
72.91362859880837
72.91362859880837
72.91362859880837
72.91362859880837
72.91362859880837
72.91362859880837
72.91362859880837
72.91362859880837
72.91362859880837
72.91362859880837
72.91362859880837
72.91362859880837
72.91362859880837
72.91362859880837
72.58030915378525
71.87200533311112
71.87200533311112
71.87200533311112
71.87200533311112
71.87200533311112
71.87200533311112
71.87200533311112
71.87200533311112
71.87200533311112
71.87200533311112
71.87200533311112
71.87200533311112
71.87200533311112
71.87200533311112
71.87200533311112
71.87200533311112
71.87200533311112
71.87200533311112
71.87200533311112
71.87200533311112
71.87200533311112
71.87200533311112
71.87200533311112
71.87200533311112
71.87200533311112
71.87200533311112
71.87200533311112
71.87200533311112
71.87200533311112
71.87200533311112
71.87200533311112
71.78867547185534
70.83038206741385
70.83038206741385
70.83038206741385
70.83038206741385
70.83038206741385
70.83038206741385
70.83038206741385
70.83038206741385
70.83038206741385
70.83038206741385
70.83038206741385
70.83038206741385
70.83038206741385
70.83038206741385
70.83038206741385
70.83038206741385
70.83038206741385
70.83038206741385
70.83038206741385
70.83038206741385
70.83038206741385
70.83038206741385
70.83038206741385
70.83038206741385
70.83038206741385
70.83038206741385
71.16370151243697
72.91362859880837
72.91362859880837
72.91362859880837
72.91362859880837
72.91362859880837
72.91362859880837
72.91362859880837
72.91362859880837
72.91362859880837
72.91362859880837
72.91362859880837
72.91362859880837
72.91362859880837
72.91362859880837
72.91362859880837
72.91362859880837
72.91362859880837
72.91362859880837
72.91362859880837
72.91362859880837
72.91362859880837
72.91362859880837
72.91362859880837
72.91362859880837
72.91362859880837
72.91362859880837
72.91362859880837
72.91362859880837
72.91362859880837
72.91362859880837
72.91362859880837
72.91362859880837
72.91362859880837
72.91362859880837
72.91362859880837
72.91362859880837
72.91362859880837
72.91362859880837
72.91362859880837
72.91362859880837
72.91362859880837
72.91362859880837
72.91362859880837
72.91362859880837
72.91362859880837
72.91362859880837
72.91362859880837
72.91362859880837
72.91362859880837
72.91362859880837
72.91362859880837
72.91362859880837
72.91362859880837
72.91362859880837
72.91362859880837
72.91362859880837
72.91362859880837
72.91362859880837
72.91362859880837
72.91362859880837
72.91362859880837
72.91362859880837
72.91362859880837
72.91362859880837
72.91362859880837
72.91362859880837
72.91362859880837
72.91362859880837
72.91362859880837
72.91362859880837
72.91362859880837
72.91362859880837
72.91362859880837
72.91362859880837
72.91362859880837
72.91362859880837
72.91362859880837
72.91362859880837
72.91362859880837
72.91362859880837
72.91362859880837
72.91362859880837
72.91362859880837
72.91362859880837
72.91362859880837
72.91362859880837
72.91362859880837
74.41356610141244
76.03849839590016
76.03849839590016
76.03849839590016
76.03849839590016
76.03849839590016
76.03849839590016
76.03849839590016
76.03849839590016
76.03849839590016
76.03849839590016
76.03849839590016
76.03849839590016
76.03849839590016
76.03849839590016
76.03849839590016
76.03849839590016
76.03849839590016
76.03849839590016
76.03849839590016
76.03849839590016
76.03849839590016
76.03849839590016
76.03849839590016
76.03849839590016
76.03849839590016
76.03849839590016
76.03849839590016
76.03849839590016
76.03849839590016
76.28848797966751
78.12174492729469
78.12174492729469
78.12174492729469
78.12174492729469
78.12174492729469
78.12174492729469
78.12174492729469
78.12174492729469
78.12174492729469
78.12174492729469
78.12174492729469
78.12174492729469
78.12174492729469
78.12174492729469
78.12174492729469
78.12174492729469
78.12174492729469
78.12174492729469
78.12174492729469
78.12174492729469
78.12174492729469
78.12174492729469
78.12174492729469
78.12174492729469
78.12174492729469
78.12174492729469
78.12174492729469
78.12174492729469
78.12174492729469
78.12174492729469
78.12174492729469
78.12174492729469
78.12174492729469
78.12174492729469
78.12174492729469
78.12174492729469
78.12174492729469
77.6634306903879
77.08012166159743
77.08012166159743
77.08012166159743
77.08012166159743
77.08012166159743
77.08012166159743
77.08012166159743
77.08012166159743
77.08012166159743
77.08012166159743
77.08012166159743
77.08012166159743
77.08012166159743
77.08012166159743
77.08012166159743
77.08012166159743
77.08012166159743
77.08012166159743
77.08012166159743
77.08012166159743
77.08012166159743
77.08012166159743
77.08012166159743
77.08012166159743
77.08012166159743
77.08012166159743
77.08012166159743
77.08012166159743
77.08012166159743
77.08012166159743
77.08012166159743
77.08012166159743
77.08012166159743
76.45514770217908
76.03849839590016
76.03849839590016
76.03849839590016
76.03849839590016
76.03849839590016
76.03849839590016
76.03849839590016
76.03849839590016
76.03849839590016
76.03849839590016
76.03849839590016
76.03849839590016
76.03849839590016
76.03849839590016
76.03849839590016
76.03849839590016
76.03849839590016
76.03849839590016
76.03849839590016
76.03849839590016
76.03849839590016
76.03849839590016
76.03849839590016
76.03849839590016
76.03849839590016
76.03849839590016
76.03849839590016
76.03849839590016
76.03849839590016
76.03849839590016
76.03849839590016
76.03849839590016
75.78850881213282
73.95525186450564
73.95525186450564
73.95525186450564
73.95525186450564
73.95525186450564
73.95525186450564
73.95525186450564
73.95525186450564
73.95525186450564
73.95525186450564
73.95525186450564
73.95525186450564
73.95525186450564
73.95525186450564
73.95525186450564
73.95525186450564
73.95525186450564
73.95525186450564
73.95525186450564
73.95525186450564
73.95525186450564
73.95525186450564
73.95525186450564
73.95525186450564
73.95525186450564
73.95525186450564
73.95525186450564
73.95525186450564
73.95525186450564
73.95525186450564
73.95525186450564
73.95525186450564
73.95525186450564
74.24690637890087
74.99687513020291
74.99687513020291
74.99687513020291
74.99687513020291
74.99687513020291
74.99687513020291
74.99687513020291
74.99687513020291
74.99687513020291
74.99687513020291
74.99687513020291
74.99687513020291
74.99687513020291
74.99687513020291
74.99687513020291
74.99687513020291
74.99687513020291
74.99687513020291
74.99687513020291
74.99687513020291
74.99687513020291
74.99687513020291
74.99687513020291
74.99687513020291
74.99687513020291
74.99687513020291
74.99687513020291
74.99687513020291
74.99687513020291
74.99687513020291
74.99687513020291
74.99687513020291
74.99687513020291
74.91354526894712
72.91362859880837
72.91362859880837
72.91362859880837
72.91362859880837
72.91362859880837
72.91362859880837
72.91362859880837
72.91362859880837
72.91362859880837
72.91362859880837
72.91362859880837
72.91362859880837
72.91362859880837
72.91362859880837
72.91362859880837
72.91362859880837
72.91362859880837
72.91362859880837
72.91362859880837
72.91362859880837
72.91362859880837
72.91362859880837
72.91362859880837
72.91362859880837
72.91362859880837
72.91362859880837
72.91362859880837
72.91362859880837
72.91362859880837
72.91362859880837
72.91362859880837
73.91358693387775
73.95525186450564
73.95525186450564
73.95525186450564
73.95525186450564
73.95525186450564
73.95525186450564
73.95525186450564
73.95525186450564
73.95525186450564
73.95525186450564
73.95525186450564
73.95525186450564
73.95525186450564
73.95525186450564
73.95525186450564
73.95525186450564
73.95525186450564
73.95525186450564
73.95525186450564
73.95525186450564
73.95525186450564
73.95525186450564
73.95525186450564
73.95525186450564
73.95525186450564
73.95525186450564
73.95525186450564
73.95525186450564
73.95525186450564
73.95525186450564
73.95525186450564
73.95525186450564
73.95525186450564
74.74688554643556
74.99687513020291
74.99687513020291
74.99687513020291
74.99687513020291
74.99687513020291
74.99687513020291
74.99687513020291
74.99687513020291
74.99687513020291
74.99687513020291
74.99687513020291
74.99687513020291
74.99687513020291
74.99687513020291
74.99687513020291
74.99687513020291
74.99687513020291
74.99687513020291
74.99687513020291
74.99687513020291
74.99687513020291
74.99687513020291
74.99687513020291
74.99687513020291
74.99687513020291
74.99687513020291
74.99687513020291
74.99687513020291
74.99687513020291
74.99687513020291
75.58018415899338
76.03849839590016
76.03849839590016
76.03849839590016
76.03849839590016
76.03849839590016
76.03849839590016
76.03849839590016
76.03849839590016
76.03849839590016
76.03849839590016
76.03849839590016
76.03849839590016
76.03849839590016
76.03849839590016
76.03849839590016
76.03849839590016
76.03849839590016
76.03849839590016
76.03849839590016
76.03849839590016
76.03849839590016
76.03849839590016
76.03849839590016
76.03849839590016
76.03849839590016
76.03849839590016
76.03849839590016
76.03849839590016
76.03849839590016
77.03845673096954
77.08012166159743
77.08012166159743
77.08012166159743
77.08012166159743
77.08012166159743
77.08012166159743
77.08012166159743
77.08012166159743
77.08012166159743
77.08012166159743
77.08012166159743
77.08012166159743
77.08012166159743
77.08012166159743
77.08012166159743
77.08012166159743
77.08012166159743
77.08012166159743
77.08012166159743
77.08012166159743
77.08012166159743
77.08012166159743
77.08012166159743
77.08012166159743
77.08012166159743
77.08012166159743
77.08012166159743
77.08012166159743
77.08012166159743
77.08012166159743
77.08012166159743
77.33011124536478
78.12174492729469
78.12174492729469
78.12174492729469
78.12174492729469
78.12174492729469
78.12174492729469
78.12174492729469
78.12174492729469
78.12174492729469
78.12174492729469
78.12174492729469
78.12174492729469
78.12174492729469
78.12174492729469
78.12174492729469
78.12174492729469
78.12174492729469
78.12174492729469
78.12174492729469
78.12174492729469
78.12174492729469
78.12174492729469
78.12174492729469
78.12174492729469
78.12174492729469
78.12174492729469
78.12174492729469
78.12174492729469
78.12174492729469
78.12174492729469
78.12174492729469
78.12174492729469
78.12174492729469
76.37181784092328
76.03849839590016
76.03849839590016
76.03849839590016
76.03849839590016
76.03849839590016
76.03849839590016
76.03849839590016
76.03849839590016
76.03849839590016
76.03849839590016
76.03849839590016
76.03849839590016
76.03849839590016
76.03849839590016
76.03849839590016
76.03849839590016
76.03849839590016
76.03849839590016
76.03849839590016
76.03849839590016
76.03849839590016
76.03849839590016
76.03849839590016
76.03849839590016
76.03849839590016
76.03849839590016
76.03849839590016
76.03849839590016
76.03849839590016
76.03849839590016
76.03849839590016
74.28857130952876
73.95525186450564
73.95525186450564
73.95525186450564
73.95525186450564
73.95525186450564
73.95525186450564
73.95525186450564
73.95525186450564
73.95525186450564
73.95525186450564
73.95525186450564
73.95525186450564
73.95525186450564
73.95525186450564
73.95525186450564
73.95525186450564
73.95525186450564
73.95525186450564
73.95525186450564
73.95525186450564
73.95525186450564
73.95525186450564
73.95525186450564
73.95525186450564
73.95525186450564
73.95525186450564
73.95525186450564
73.95525186450564
73.95525186450564
73.95525186450564
73.95525186450564
73.95525186450564
72.58030915378525
70.83038206741385
70.83038206741385
70.83038206741385
70.83038206741385
70.83038206741385
70.83038206741385
70.83038206741385
70.83038206741385
70.83038206741385
70.83038206741385
70.83038206741385
70.83038206741385
70.83038206741385
70.83038206741385
70.83038206741385
70.83038206741385
70.83038206741385
70.83038206741385
70.83038206741385
70.83038206741385
70.83038206741385
70.83038206741385
70.83038206741385
70.83038206741385
70.83038206741385
70.83038206741385
70.83038206741385
70.83038206741385
70.83038206741385
70.83038206741385
70.83038206741385
70.83038206741385
70.83038206741385
70.83038206741385
70.83038206741385
70.83038206741385
70.83038206741385
70.83038206741385
70.83038206741385
70.83038206741385
70.83038206741385
70.83038206741385
70.83038206741385
70.83038206741385
70.83038206741385
70.83038206741385
70.83038206741385
70.83038206741385
70.83038206741385
70.83038206741385
70.83038206741385
70.83038206741385
70.83038206741385
70.83038206741385
