109.4743890190827
109.4743890190827
109.4743890190827
110.81352527619686
111.48309340475393
111.48309340475393
111.48309340475393
111.48309340475393
111.48309340475393
111.48309340475393
111.48309340475393
111.48309340475393
111.48309340475393
111.48309340475393
111.48309340475393
111.48309340475393
111.48309340475393
111.48309340475393
111.48309340475393
111.48309340475393
111.48309340475393
111.48309340475393
111.48309340475393
111.48309340475393
111.48309340475393
111.48309340475393
107.67492467358554
104.45262805490458
104.45262805490458
104.45262805490458
104.45262805490458
104.45262805490458
104.45262805490458
104.45262805490458
104.45262805490458
104.45262805490458
104.45262805490458
104.45262805490458
104.45262805490458
104.45262805490458
104.45262805490458
104.45262805490458
104.45262805490458
104.45262805490458
104.45262805490458
104.45262805490458
104.45262805490458
104.45262805490458
110.2276531637094
110.4787412119183
110.4787412119183
110.4787412119183
110.4787412119183
110.4787412119183
110.4787412119183
110.4787412119183
110.4787412119183
110.4787412119183
110.4787412119183
110.4787412119183
110.4787412119183
110.4787412119183
110.4787412119183
110.4787412119183
110.4787412119183
110.4787412119183
110.4787412119183
110.4787412119183
110.4787412119183
110.4787412119183
110.4787412119183
107.54938064948108
100.4352192835621
100.4352192835621
100.4352192835621
100.4352192835621
100.4352192835621
100.4352192835621
100.4352192835621
100.4352192835621
100.4352192835621
100.4352192835621
100.4352192835621
100.4352192835621
100.4352192835621
100.4352192835621
100.4352192835621
100.4352192835621
100.4352192835621
100.4352192835621
100.4352192835621
100.4352192835621
100.4352192835621
108.26079678607297
111.48309340475393
111.48309340475393
111.48309340475393
111.48309340475393
111.48309340475393
111.48309340475393
111.48309340475393
111.48309340475393
111.48309340475393
111.48309340475393
111.48309340475393
111.48309340475393
111.48309340475393
111.48309340475393
111.48309340475393
111.48309340475393
111.48309340475393
111.48309340475393
111.48309340475393
111.48309340475393
111.48309340475393
111.48309340475393
106.79611650485437
103.44827586206897
103.44827586206897
103.44827586206897
103.44827586206897
103.44827586206897
103.44827586206897
103.44827586206897
103.44827586206897
103.44827586206897
103.44827586206897
103.44827586206897
103.44827586206897
103.44827586206897
103.44827586206897
103.44827586206897
103.44827586206897
103.44827586206897
103.44827586206897
103.44827586206897
103.44827586206897
103.44827586206897
103.95045195848677
107.46568463341144
107.46568463341144
107.46568463341144
107.46568463341144
107.46568463341144
107.46568463341144
107.46568463341144
107.46568463341144
107.46568463341144
107.46568463341144
107.46568463341144
107.46568463341144
107.46568463341144
107.46568463341144
107.46568463341144
107.46568463341144
107.46568463341144
107.46568463341144
107.46568463341144
107.46568463341144
107.46568463341144
109.80917308336123
111.48309340475393
111.48309340475393
111.48309340475393
111.48309340475393
111.48309340475393
111.48309340475393
111.48309340475393
111.48309340475393
111.48309340475393
111.48309340475393
111.48309340475393
111.48309340475393
111.48309340475393
111.48309340475393
111.48309340475393
111.48309340475393
111.48309340475393
111.48309340475393
111.48309340475393
111.48309340475393
114.49614998326079
115.50050217609642
115.50050217609642
115.50050217609642
115.50050217609642
115.50050217609642
115.50050217609642
115.50050217609642
115.50050217609642
115.50050217609642
115.50050217609642
115.50050217609642
115.50050217609642
115.50050217609642
115.50050217609642
115.50050217609642
115.50050217609642
115.50050217609642
115.50050217609642
127.05055239370606
127.55272849012387
127.55272849012387
127.55272849012387
127.55272849012387
127.55272849012387
127.55272849012387
127.55272849012387
127.55272849012387
127.55272849012387
127.55272849012387
127.55272849012387
127.55272849012387
127.55272849012387
127.55272849012387
127.55272849012387
127.55272849012387
127.55272849012387
127.55272849012387
127.55272849012387
127.55272849012387
116.4211583528624
113.49179779042517
113.49179779042517
113.49179779042517
113.49179779042517
113.49179779042517
113.49179779042517
113.49179779042517
113.49179779042517
113.49179779042517
113.49179779042517
113.49179779042517
113.49179779042517
113.49179779042517
113.49179779042517
113.49179779042517
113.49179779042517
113.49179779042517
113.49179779042517
124.539671911617
125.54402410445262
125.54402410445262
125.54402410445262
125.54402410445262
125.54402410445262
125.54402410445262
125.54402410445262
125.54402410445262
125.54402410445262
125.54402410445262
125.54402410445262
125.54402410445262
125.54402410445262
125.54402410445262
125.54402410445262
125.54402410445262
125.54402410445262
125.54402410445262
125.54402410445262
122.82390358218949
120.52226314027452
120.52226314027452
120.52226314027452
120.52226314027452
120.52226314027452
120.52226314027452
120.52226314027452
120.52226314027452
120.52226314027452
120.52226314027452
120.52226314027452
120.52226314027452
120.52226314027452
120.52226314027452
120.52226314027452
120.52226314027452
120.52226314027452
120.52226314027452
120.52226314027452
120.52226314027452
120.52226314027452
120.52226314027452
120.52226314027452
110.18580515567459
101.43957147639772
101.43957147639772
101.43957147639772
101.43957147639772
101.43957147639772
101.43957147639772
101.43957147639772
101.43957147639772
101.43957147639772
101.43957147639772
101.43957147639772
101.43957147639772
101.43957147639772
101.43957147639772
101.43957147639772
101.43957147639772
101.43957147639772
101.43957147639772
101.43957147639772
101.43957147639772
101.43957147639772
101.43957147639772
101.43957147639772
100.60261131570137
96.41781051221962
96.41781051221962
96.41781051221962
96.41781051221962
96.41781051221962
96.41781051221962
96.41781051221962
96.41781051221962
96.41781051221962
96.41781051221962
96.41781051221962
96.41781051221962
96.41781051221962
96.41781051221962
96.41781051221962
96.41781051221962
96.41781051221962
96.41781051221962
96.41781051221962
96.41781051221962
96.41781051221962
96.41781051221962
96.41781051221962
96.41781051221962
96.41781051221962
93.65584198192165
93.40475393371275
93.40475393371275
93.40475393371275
93.40475393371275
93.40475393371275
93.40475393371275
93.40475393371275
93.40475393371275
93.40475393371275
93.40475393371275
93.40475393371275
93.40475393371275
93.40475393371275
93.40475393371275
93.40475393371275
93.40475393371275
93.40475393371275
93.40475393371275
93.40475393371275
93.40475393371275
93.40475393371275
93.40475393371275
93.40475393371275
101.10478741211918
101.43957147639772
101.43957147639772
101.43957147639772
101.43957147639772
101.43957147639772
101.43957147639772
101.43957147639772
101.43957147639772
101.43957147639772
101.43957147639772
101.43957147639772
101.43957147639772
101.43957147639772
101.43957147639772
101.43957147639772
101.43957147639772
101.43957147639772
101.43957147639772
101.43957147639772
101.43957147639772
107.46568463341144
110.4787412119183
110.4787412119183
110.4787412119183
110.4787412119183
110.4787412119183
110.4787412119183
110.4787412119183
110.4787412119183
110.4787412119183
110.4787412119183
110.4787412119183
110.4787412119183
110.4787412119183
110.4787412119183
110.4787412119183
110.4787412119183
110.4787412119183
110.4787412119183
110.4787412119183
110.4787412119183
110.4787412119183
110.4787412119183
110.4787412119183
104.45262805490458
101.43957147639772
101.43957147639772
101.43957147639772
101.43957147639772
101.43957147639772
101.43957147639772
101.43957147639772
101.43957147639772
101.43957147639772
101.43957147639772
101.43957147639772
101.43957147639772
101.43957147639772
101.43957147639772
101.43957147639772
101.43957147639772
101.43957147639772
101.43957147639772
101.43957147639772
101.43957147639772
101.43957147639772
101.43957147639772
101.27217944425846
100.4352192835621
100.4352192835621
100.4352192835621
100.4352192835621
100.4352192835621
100.4352192835621
100.4352192835621
100.4352192835621
100.4352192835621
100.4352192835621
100.4352192835621
100.4352192835621
100.4352192835621
100.4352192835621
100.4352192835621
100.4352192835621
100.4352192835621
100.4352192835621
100.4352192835621
100.4352192835621
100.4352192835621
100.4352192835621
100.4352192835621
100.4352192835621
100.4352192835621
97.29661868095079
95.41345831938399
95.41345831938399
95.41345831938399
95.41345831938399
95.41345831938399
95.41345831938399
95.41345831938399
95.41345831938399
95.41345831938399
95.41345831938399
95.41345831938399
95.41345831938399
95.41345831938399
95.41345831938399
95.41345831938399
95.41345831938399
95.41345831938399
95.41345831938399
95.41345831938399
95.41345831938399
95.41345831938399
95.41345831938399
98.09173083361232
103.44827586206897
103.44827586206897
103.44827586206897
103.44827586206897
103.44827586206897
103.44827586206897
103.44827586206897
103.44827586206897
103.44827586206897
103.44827586206897
103.44827586206897
103.44827586206897
103.44827586206897
103.44827586206897
103.44827586206897
103.44827586206897
103.44827586206897
103.44827586206897
103.44827586206897
103.44827586206897
103.44827586206897
103.44827586206897
103.44827586206897
103.44827586206897
103.44827586206897
103.44827586206897
103.44827586206897
103.44827586206897
103.44827586206897
103.44827586206897
103.44827586206897
103.44827586206897
103.44827586206897
103.44827586206897
103.44827586206897
103.44827586206897
103.44827586206897
103.44827586206897
103.44827586206897
103.44827586206897
103.44827586206897
103.44827586206897
103.44827586206897
103.44827586206897
103.44827586206897
103.44827586206897
103.44827586206897
101.35587546032808
98.42651489789085
98.42651489789085
98.42651489789085
98.42651489789085
98.42651489789085
98.42651489789085
98.42651489789085
98.42651489789085
98.42651489789085
98.42651489789085
98.42651489789085
98.42651489789085
98.42651489789085
98.42651489789085
98.42651489789085
98.42651489789085
98.42651489789085
98.42651489789085
98.42651489789085
98.42651489789085
98.42651489789085
98.42651489789085
98.42651489789085
98.42651489789085
97.38031469702042
93.40475393371275
93.40475393371275
93.40475393371275
93.40475393371275
93.40475393371275
93.40475393371275
93.40475393371275
93.40475393371275
93.40475393371275
93.40475393371275
93.40475393371275
93.40475393371275
93.40475393371275
93.40475393371275
93.40475393371275
93.40475393371275
93.40475393371275
93.40475393371275
93.40475393371275
93.40475393371275
93.40475393371275
93.40475393371275
93.40475393371275
93.40475393371275
94.66019417475728
96.41781051221962
96.41781051221962
96.41781051221962
96.41781051221962
96.41781051221962
96.41781051221962
96.41781051221962
96.41781051221962
96.41781051221962
96.41781051221962
96.41781051221962
96.41781051221962
96.41781051221962
96.41781051221962
96.41781051221962
96.41781051221962
96.41781051221962
96.41781051221962
96.41781051221962
96.41781051221962
96.41781051221962
96.41781051221962
96.41781051221962
100.18413123535319
101.43957147639772
101.43957147639772
101.43957147639772
101.43957147639772
101.43957147639772
101.43957147639772
101.43957147639772
101.43957147639772
101.43957147639772
101.43957147639772
101.43957147639772
101.43957147639772
101.43957147639772
101.43957147639772
101.43957147639772
101.43957147639772
101.43957147639772
101.43957147639772
101.43957147639772
101.43957147639772
101.43957147639772
108.13525276196853
109.4743890190827
109.4743890190827
109.4743890190827
109.4743890190827
109.4743890190827
109.4743890190827
109.4743890190827
109.4743890190827
109.4743890190827
109.4743890190827
109.4743890190827
109.4743890190827
109.4743890190827
109.4743890190827
109.4743890190827
109.4743890190827
109.4743890190827
109.4743890190827
109.4743890190827
109.4743890190827
109.4743890190827
109.4743890190827
109.4743890190827
102.77870773351188
101.43957147639772
101.43957147639772
101.43957147639772
101.43957147639772
101.43957147639772
101.43957147639772
101.43957147639772
101.43957147639772
101.43957147639772
101.43957147639772
101.43957147639772
101.43957147639772
101.43957147639772
101.43957147639772
101.43957147639772
101.43957147639772
101.43957147639772
101.43957147639772
101.43957147639772
101.94174757281553
113.49179779042517
113.49179779042517
113.49179779042517
113.49179779042517
113.49179779042517
113.49179779042517
113.49179779042517
113.49179779042517
113.49179779042517
113.49179779042517
113.49179779042517
113.49179779042517
113.49179779042517
113.49179779042517
113.49179779042517
113.49179779042517
113.49179779042517
113.49179779042517
113.49179779042517
113.49179779042517
113.49179779042517
113.49179779042517
113.49179779042517
113.49179779042517
99.43086709072648
99.43086709072648
99.43086709072648
99.43086709072648
99.43086709072648
99.43086709072648
99.43086709072648
99.43086709072648
99.43086709072648
99.43086709072648
99.43086709072648
99.43086709072648
99.43086709072648
99.43086709072648
99.43086709072648
99.43086709072648
99.43086709072648
99.43086709072648
99.43086709072648
99.43086709072648
99.43086709072648
99.43086709072648
99.43086709072648
99.43086709072648
98.42651489789085
98.42651489789085
98.42651489789085
98.42651489789085
98.42651489789085
98.42651489789085
98.42651489789085
98.42651489789085
98.42651489789085
98.42651489789085
98.42651489789085
98.42651489789085
98.42651489789085
98.42651489789085
98.42651489789085
98.42651489789085
98.42651489789085
98.42651489789085
98.42651489789085
98.42651489789085
98.42651489789085
105.54067626380984
115.50050217609642
115.50050217609642
115.50050217609642
115.50050217609642
115.50050217609642
115.50050217609642
115.50050217609642
115.50050217609642
115.50050217609642
115.50050217609642
115.50050217609642
115.50050217609642
115.50050217609642
115.50050217609642
115.50050217609642
115.50050217609642
115.50050217609642
115.50050217609642
115.50050217609642
115.50050217609642
112.98962169400737
111.48309340475393
111.48309340475393
111.48309340475393
111.48309340475393
111.48309340475393
111.48309340475393
111.48309340475393
111.48309340475393
111.48309340475393
111.48309340475393
111.48309340475393
111.48309340475393
111.48309340475393
111.48309340475393
111.48309340475393
111.48309340475393
111.48309340475393
111.48309340475393
111.48309340475393
112.98962169400737
117.50920656176766
117.50920656176766
117.50920656176766
117.50920656176766
117.50920656176766
117.50920656176766
117.50920656176766
117.50920656176766
117.50920656176766
117.50920656176766
117.50920656176766
117.50920656176766
117.50920656176766
117.50920656176766
117.50920656176766
117.50920656176766
117.50920656176766
117.50920656176766
117.50920656176766
117.50920656176766
120.0200870438567
120.52226314027452
120.52226314027452
120.52226314027452
120.52226314027452
120.52226314027452
120.52226314027452
120.52226314027452
120.52226314027452
120.52226314027452
120.52226314027452
120.52226314027452
120.52226314027452
120.52226314027452
120.52226314027452
120.52226314027452
120.52226314027452
120.52226314027452
120.52226314027452
120.52226314027452
120.52226314027452
120.52226314027452
120.52226314027452
120.52226314027452
103.82490793438232
101.43957147639772
101.43957147639772
101.43957147639772
101.43957147639772
101.43957147639772
101.43957147639772
101.43957147639772
101.43957147639772
101.43957147639772
101.43957147639772
101.43957147639772
101.43957147639772
101.43957147639772
101.43957147639772
101.43957147639772
101.43957147639772
101.43957147639772
101.43957147639772
101.43957147639772
101.43957147639772
101.43957147639772
101.43957147639772
101.43957147639772
98.80314697020421
98.42651489789085
98.42651489789085
98.42651489789085
98.42651489789085
98.42651489789085
98.42651489789085
98.42651489789085
98.42651489789085
98.42651489789085
98.42651489789085
98.42651489789085
98.42651489789085
98.42651489789085
98.42651489789085
98.42651489789085
98.42651489789085
98.42651489789085
98.42651489789085
98.42651489789085
98.42651489789085
98.42651489789085
98.42651489789085
98.92869099430867
100.4352192835621
100.4352192835621
100.4352192835621
100.4352192835621
100.4352192835621
100.4352192835621
100.4352192835621
100.4352192835621
100.4352192835621
100.4352192835621
100.4352192835621
100.4352192835621
100.4352192835621
100.4352192835621
100.4352192835621
100.4352192835621
100.4352192835621
100.4352192835621
100.4352192835621
100.4352192835621
100.4352192835621
100.4352192835621
100.4352192835621
100.4352192835621
100.26782725142283
96.41781051221962
96.41781051221962
96.41781051221962
96.41781051221962
96.41781051221962
96.41781051221962
96.41781051221962
96.41781051221962
96.41781051221962
96.41781051221962
96.41781051221962
96.41781051221962
96.41781051221962
96.41781051221962
96.41781051221962
96.41781051221962
96.41781051221962
96.41781051221962
96.41781051221962
96.41781051221962
96.41781051221962
96.41781051221962
96.41781051221962
96.41781051221962
96.41781051221962
96.41781051221962
96.41781051221962
96.41781051221962
96.41781051221962
96.41781051221962
96.41781051221962
96.41781051221962
96.41781051221962
96.41781051221962
96.41781051221962
96.41781051221962
96.41781051221962
96.41781051221962
96.41781051221962
96.41781051221962
96.41781051221962
96.41781051221962
96.41781051221962
96.41781051221962
96.41781051221962
96.41781051221962
96.41781051221962
96.41781051221962
96.41781051221962
96.41781051221962
96.41781051221962
96.41781051221962
96.41781051221962
96.41781051221962
96.41781051221962
96.41781051221962
96.41781051221962
96.41781051221962
96.41781051221962
96.41781051221962
96.41781051221962
96.41781051221962
96.41781051221962
