80.13708019191226
80.13708019191226
80.13708019191226
80.13708019191226
80.13708019191226
80.13708019191226
80.13708019191226
80.13708019191226
80.13708019191226
80.13708019191226
80.13708019191226
80.13708019191226
80.13708019191226
80.13708019191226
80.13708019191226
80.13708019191226
80.13708019191226
80.13708019191226
80.13708019191226
80.13708019191226
80.13708019191226
80.13708019191226
80.13708019191226
80.13708019191226
80.13708019191226
80.13708019191226
80.13708019191226
80.13708019191226
80.13708019191226
80.13708019191226
80.13708019191226
80.13708019191226
80.13708019191226
80.13708019191226
80.13708019191226
80.60315284441398
81.15147361206306
81.15147361206306
81.15147361206306
81.15147361206306
81.15147361206306
81.15147361206306
81.15147361206306
81.15147361206306
81.15147361206306
81.15147361206306
81.15147361206306
81.15147361206306
81.15147361206306
81.15147361206306
81.15147361206306
85.75736806031529
88.25222755311857
88.25222755311857
88.25222755311857
88.25222755311857
88.25222755311857
88.25222755311857
88.25222755311857
88.25222755311857
88.25222755311857
88.25222755311857
88.25222755311857
88.25222755311857
88.25222755311857
88.25222755311857
88.25222755311857
84.1398217957505
82.16586703221384
82.16586703221384
82.16586703221384
82.16586703221384
82.16586703221384
82.16586703221384
82.16586703221384
82.16586703221384
82.16586703221384
82.16586703221384
82.16586703221384
82.16586703221384
82.16586703221384
82.16586703221384
82.16586703221384
82.16586703221384
82.16586703221384
81.67237834132968
81.15147361206306
81.15147361206306
81.15147361206306
81.15147361206306
81.15147361206306
81.15147361206306
81.15147361206306
81.15147361206306
81.15147361206306
81.15147361206306
81.15147361206306
81.15147361206306
81.15147361206306
81.15147361206306
81.15147361206306
81.15147361206306
81.15147361206306
80.24674434544208
78.10829335161068
78.10829335161068
78.10829335161068
78.10829335161068
78.10829335161068
78.10829335161068
78.10829335161068
78.10829335161068
78.10829335161068
78.10829335161068
78.10829335161068
78.10829335161068
78.10829335161068
78.10829335161068
78.10829335161068
78.10829335161068
78.10829335161068
76.87457162440028
75.06511309115832
75.06511309115832
75.06511309115832
75.06511309115832
75.06511309115832
75.06511309115832
75.06511309115832
75.06511309115832
75.06511309115832
75.06511309115832
75.06511309115832
75.06511309115832
75.06511309115832
75.06511309115832
75.06511309115832
77.36806031528444
81.15147361206306
81.15147361206306
81.15147361206306
81.15147361206306
81.15147361206306
81.15147361206306
81.15147361206306
81.15147361206306
81.15147361206306
81.15147361206306
81.15147361206306
81.15147361206306
81.15147361206306
81.15147361206306
81.15147361206306
81.15147361206306
81.97395476353667
84.19465387251542
84.19465387251542
84.19465387251542
84.19465387251542
84.19465387251542
84.19465387251542
84.19465387251542
84.19465387251542
84.19465387251542
84.19465387251542
84.19465387251542
84.19465387251542
84.19465387251542
84.19465387251542
84.19465387251542
84.19465387251542
84.19465387251542
80.90472926662098
79.12268677176148
79.12268677176148
79.12268677176148
79.12268677176148
79.12268677176148
79.12268677176148
79.12268677176148
79.12268677176148
79.12268677176148
79.12268677176148
79.12268677176148
79.12268677176148
79.12268677176148
79.12268677176148
79.12268677176148
79.12268677176148
79.12268677176148
79.12268677176148
79.12268677176148
79.12268677176148
79.12268677176148
79.12268677176148
79.12268677176148
79.12268677176148
79.12268677176148
79.12268677176148
79.12268677176148
79.12268677176148
79.12268677176148
79.12268677176148
79.12268677176148
79.12268677176148
79.12268677176148
79.12268677176148
79.12268677176148
79.06785469499657
78.10829335161068
78.10829335161068
78.10829335161068
78.10829335161068
78.10829335161068
78.10829335161068
78.10829335161068
78.10829335161068
78.10829335161068
78.10829335161068
78.10829335161068
78.10829335161068
78.10829335161068
78.10829335161068
78.10829335161068
78.10829335161068
78.10829335161068
78.10829335161068
77.69705277587389
75.06511309115832
75.06511309115832
75.06511309115832
75.06511309115832
75.06511309115832
75.06511309115832
75.06511309115832
75.06511309115832
75.06511309115832
75.06511309115832
75.06511309115832
75.06511309115832
75.06511309115832
75.06511309115832
75.06511309115832
75.06511309115832
75.06511309115832
73.58464701850582
72.02193283070596
72.02193283070596
72.02193283070596
72.02193283070596
72.02193283070596
72.02193283070596
72.02193283070596
72.02193283070596
72.02193283070596
72.02193283070596
72.02193283070596
72.02193283070596
72.02193283070596
72.02193283070596
72.02193283070596
72.02193283070596
73.39273474982865
74.05071967100754
74.05071967100754
74.05071967100754
74.05071967100754
74.05071967100754
74.05071967100754
74.05071967100754
74.05071967100754
74.05071967100754
74.05071967100754
74.05071967100754
74.05071967100754
74.05071967100754
74.05071967100754
74.05071967100754
74.05071967100754
74.05071967100754
74.05071967100754
73.28307059629883
73.03632625085675
73.03632625085675
73.03632625085675
73.03632625085675
73.03632625085675
73.03632625085675
73.03632625085675
73.03632625085675
73.03632625085675
73.03632625085675
73.03632625085675
73.03632625085675
73.03632625085675
73.03632625085675
73.03632625085675
73.03632625085675
73.03632625085675
73.11857436600411
76.07950651130912
76.07950651130912
76.07950651130912
76.07950651130912
76.07950651130912
76.07950651130912
76.07950651130912
76.07950651130912
76.07950651130912
76.07950651130912
76.07950651130912
76.07950651130912
76.07950651130912
76.07950651130912
76.07950651130912
76.07950651130912
76.07950651130912
77.03906785469499
77.0938999314599
77.0938999314599
77.0938999314599
77.0938999314599
77.0938999314599
77.0938999314599
77.0938999314599
77.0938999314599
77.0938999314599
77.0938999314599
77.0938999314599
77.0938999314599
77.0938999314599
77.0938999314599
77.0938999314599
77.0938999314599
77.42289239204935
78.10829335161068
78.10829335161068
78.10829335161068
78.10829335161068
78.10829335161068
78.10829335161068
78.10829335161068
78.10829335161068
78.10829335161068
78.10829335161068
78.10829335161068
78.10829335161068
78.10829335161068
78.10829335161068
78.10829335161068
78.10829335161068
78.10829335161068
78.10829335161068
78.10829335161068
78.10829335161068
78.10829335161068
78.10829335161068
78.10829335161068
78.10829335161068
78.10829335161068
78.10829335161068
78.10829335161068
78.10829335161068
78.10829335161068
78.10829335161068
78.10829335161068
78.10829335161068
78.10829335161068
78.82111034955449
80.13708019191226
80.13708019191226
80.13708019191226
80.13708019191226
80.13708019191226
80.13708019191226
80.13708019191226
80.13708019191226
80.13708019191226
80.13708019191226
80.13708019191226
80.13708019191226
80.13708019191226
80.13708019191226
80.13708019191226
80.13708019191226
80.13708019191226
80.13708019191226
80.13708019191226
80.13708019191226
80.13708019191226
76.84715558601782
76.07950651130912
76.07950651130912
76.07950651130912
76.07950651130912
76.07950651130912
76.07950651130912
76.07950651130912
76.07950651130912
76.07950651130912
76.07950651130912
76.07950651130912
76.07950651130912
76.07950651130912
76.07950651130912
76.07950651130912
76.07950651130912
76.07950651130912
76.07950651130912
75.50376970527759
75.06511309115832
75.06511309115832
75.06511309115832
75.06511309115832
75.06511309115832
75.06511309115832
75.06511309115832
75.06511309115832
75.06511309115832
75.06511309115832
75.06511309115832
75.06511309115832
75.06511309115832
75.06511309115832
75.06511309115832
75.06511309115832
75.06511309115832
75.06511309115832
75.06511309115832
75.06511309115832
75.06511309115832
75.06511309115832
75.06511309115832
75.06511309115832
75.06511309115832
75.06511309115832
75.06511309115832
75.06511309115832
75.06511309115832
75.06511309115832
75.06511309115832
75.06511309115832
75.06511309115832
75.06511309115832
75.06511309115832
75.06511309115832
75.06511309115832
74.79095270733379
73.03632625085675
73.03632625085675
73.03632625085675
73.03632625085675
73.03632625085675
73.03632625085675
73.03632625085675
73.03632625085675
73.03632625085675
73.03632625085675
73.03632625085675
73.03632625085675
73.03632625085675
73.03632625085675
73.03632625085675
73.03632625085675
73.03632625085675
73.03632625085675
73.03632625085675
73.44756682659356
74.05071967100754
74.05071967100754
74.05071967100754
74.05071967100754
74.05071967100754
74.05071967100754
74.05071967100754
74.05071967100754
74.05071967100754
74.05071967100754
74.05071967100754
74.05071967100754
74.05071967100754
74.05071967100754
74.05071967100754
74.05071967100754
74.05071967100754
74.05071967100754
74.05071967100754
74.05071967100754
72.78958190541466
72.02193283070596
72.02193283070596
72.02193283070596
72.02193283070596
72.02193283070596
72.02193283070596
72.02193283070596
72.02193283070596
72.02193283070596
72.02193283070596
72.02193283070596
72.02193283070596
72.02193283070596
72.02193283070596
72.02193283070596
72.02193283070596
72.02193283070596
72.02193283070596
71.6381082933516
69.99314599040439
69.99314599040439
69.99314599040439
69.99314599040439
69.99314599040439
69.99314599040439
69.99314599040439
69.99314599040439
69.99314599040439
69.99314599040439
69.99314599040439
69.99314599040439
69.99314599040439
69.99314599040439
69.99314599040439
69.99314599040439
69.99314599040439
69.99314599040439
69.99314599040439
69.25291295407813
68.97875257025359
68.97875257025359
68.97875257025359
68.97875257025359
68.97875257025359
68.97875257025359
68.97875257025359
68.97875257025359
68.97875257025359
68.97875257025359
68.97875257025359
68.97875257025359
68.97875257025359
68.97875257025359
68.97875257025359
68.97875257025359
68.97875257025359
69.00616860863605
69.99314599040439
69.99314599040439
69.99314599040439
69.99314599040439
69.99314599040439
69.99314599040439
69.99314599040439
69.99314599040439
69.99314599040439
69.99314599040439
69.99314599040439
69.99314599040439
69.99314599040439
69.99314599040439
69.99314599040439
69.99314599040439
69.99314599040439
69.99314599040439
69.99314599040439
68.29335161069226
67.96435915010281
67.96435915010281
67.96435915010281
67.96435915010281
67.96435915010281
67.96435915010281
67.96435915010281
67.96435915010281
67.96435915010281
67.96435915010281
67.96435915010281
67.96435915010281
67.96435915010281
67.96435915010281
67.96435915010281
67.96435915010281
66.94996572995201
66.94996572995201
66.94996572995201
66.94996572995201
66.94996572995201
66.94996572995201
66.94996572995201
66.94996572995201
66.94996572995201
66.94996572995201
66.94996572995201
66.94996572995201
66.94996572995201
66.94996572995201
66.94996572995201
66.94996572995201
71.06237148732008
73.03632625085675
73.03632625085675
73.03632625085675
73.03632625085675
73.03632625085675
73.03632625085675
73.03632625085675
73.03632625085675
73.03632625085675
73.03632625085675
73.03632625085675
73.03632625085675
73.03632625085675
73.03632625085675
73.03632625085675
73.03632625085675
71.33653187114462
71.00753941055517
71.00753941055517
71.00753941055517
71.00753941055517
71.00753941055517
71.00753941055517
71.00753941055517
71.00753941055517
71.00753941055517
71.00753941055517
71.00753941055517
71.00753941055517
71.00753941055517
71.00753941055517
71.00753941055517
71.83002056202878
72.02193283070596
72.02193283070596
72.02193283070596
72.02193283070596
72.02193283070596
72.02193283070596
72.02193283070596
72.02193283070596
72.02193283070596
72.02193283070596
72.02193283070596
72.02193283070596
72.02193283070596
72.02193283070596
72.02193283070596
72.02193283070596
72.73474982864975
73.03632625085675
73.03632625085675
73.03632625085675
73.03632625085675
73.03632625085675
73.03632625085675
73.03632625085675
73.03632625085675
73.03632625085675
73.03632625085675
73.03632625085675
73.03632625085675
73.03632625085675
73.03632625085675
73.03632625085675
73.03632625085675
73.03632625085675
73.52981494174091
75.06511309115832
75.06511309115832
75.06511309115832
75.06511309115832
75.06511309115832
75.06511309115832
75.06511309115832
75.06511309115832
75.06511309115832
75.06511309115832
75.06511309115832
75.06511309115832
75.06511309115832
75.06511309115832
75.06511309115832
75.06511309115832
75.06511309115832
75.94242631939684
83.18026045236464
83.18026045236464
83.18026045236464
83.18026045236464
83.18026045236464
83.18026045236464
83.18026045236464
83.18026045236464
83.18026045236464
83.18026045236464
83.18026045236464
83.18026045236464
83.18026045236464
83.18026045236464
83.18026045236464
83.18026045236464
83.18026045236464
83.18026045236464
83.18026045236464
83.18026045236464
83.18026045236464
83.18026045236464
83.18026045236464
83.18026045236464
83.18026045236464
83.18026045236464
83.18026045236464
83.18026045236464
83.18026045236464
83.18026045236464
83.18026045236464
83.18026045236464
83.18026045236464
83.18026045236464
83.18026045236464
83.18026045236464
83.18026045236464
83.18026045236464
83.18026045236464
83.18026045236464
83.18026045236464
83.18026045236464
83.18026045236464
83.18026045236464
83.18026045236464
83.18026045236464
83.18026045236464
83.18026045236464
73.58464701850582
68.97875257025359
68.97875257025359
68.97875257025359
68.97875257025359
68.97875257025359
68.97875257025359
68.97875257025359
68.97875257025359
68.97875257025359
68.97875257025359
68.97875257025359
68.97875257025359
68.97875257025359
68.97875257025359
68.97875257025359
74.90061686086361
75.06511309115832
75.06511309115832
75.06511309115832
75.06511309115832
75.06511309115832
75.06511309115832
75.06511309115832
75.06511309115832
75.06511309115832
75.06511309115832
75.06511309115832
75.06511309115832
74.81836874571624
74.05071967100754
74.05071967100754
74.05071967100754
74.05071967100754
74.05071967100754
74.05071967100754
74.05071967100754
74.05071967100754
74.05071967100754
74.05071967100754
74.05071967100754
74.05071967100754
74.05071967100754
74.05071967100754
74.05071967100754
74.05071967100754
74.05071967100754
74.05071967100754
74.05071967100754
74.05071967100754
74.05071967100754
74.05071967100754
74.05071967100754
74.05071967100754
74.05071967100754
74.05071967100754
74.05071967100754
74.05071967100754
74.05071967100754
74.05071967100754
74.05071967100754
74.05071967100754
74.05071967100754
74.05071967100754
74.05071967100754
74.05071967100754
74.05071967100754
74.05071967100754
74.05071967100754
74.05071967100754
74.05071967100754
74.05071967100754
72.24126113776559
72.02193283070596
72.02193283070596
72.02193283070596
72.02193283070596
72.02193283070596
72.02193283070596
72.02193283070596
72.02193283070596
72.02193283070596
72.02193283070596
72.02193283070596
72.02193283070596
72.02193283070596
70.78821110349554
68.97875257025359
68.97875257025359
68.97875257025359
68.97875257025359
68.97875257025359
68.97875257025359
68.97875257025359
68.97875257025359
68.97875257025359
68.97875257025359
68.97875257025359
68.97875257025359
68.97875257025359
68.97875257025359
68.97875257025359
68.97875257025359
74.73612063056888
76.07950651130912
76.07950651130912
76.07950651130912
76.07950651130912
76.07950651130912
76.07950651130912
76.07950651130912
76.07950651130912
76.07950651130912
76.07950651130912
76.07950651130912
80.13708019191226
80.13708019191226
80.13708019191226
80.13708019191226
80.13708019191226
80.13708019191226
80.13708019191226
80.13708019191226
80.13708019191226
80.13708019191226
80.13708019191226
80.13708019191226
80.13708019191226
76.81973954763536
68.97875257025359
68.97875257025359
68.97875257025359
68.97875257025359
68.97875257025359
68.97875257025359
68.97875257025359
68.97875257025359
68.97875257025359
68.97875257025359
68.97875257025359
68.97875257025359
68.75942426319396
66.94996572995201
66.94996572995201
66.94996572995201
66.94996572995201
66.94996572995201
66.94996572995201
66.94996572995201
66.94996572995201
66.94996572995201
66.94996572995201
66.94996572995201
66.94996572995201
66.94996572995201
68.48526387936943
68.97875257025359
68.97875257025359
68.97875257025359
68.97875257025359
68.97875257025359
68.97875257025359
68.97875257025359
68.97875257025359
68.97875257025359
68.97875257025359
68.97875257025359
68.97875257025359
71.39136394790953
77.0938999314599
77.0938999314599
77.0938999314599
77.0938999314599
77.0938999314599
77.0938999314599
77.0938999314599
77.0938999314599
77.0938999314599
77.0938999314599
77.0938999314599
77.0938999314599
76.27141877998629
75.06511309115832
75.06511309115832
75.06511309115832
75.06511309115832
75.06511309115832
75.06511309115832
75.06511309115832
75.06511309115832
75.06511309115832
75.06511309115832
75.06511309115832
75.06511309115832
75.06511309115832
77.91638108293351
79.12268677176148
79.12268677176148
79.12268677176148
79.12268677176148
79.12268677176148
79.12268677176148
79.12268677176148
79.12268677176148
79.12268677176148
79.12268677176148
79.12268677176148
79.12268677176148
79.12268677176148
81.86429061000685
84.19465387251542
84.19465387251542
84.19465387251542
84.19465387251542
84.19465387251542
84.19465387251542
84.19465387251542
84.19465387251542
84.19465387251542
84.19465387251542
84.19465387251542
84.19465387251542
84.19465387251542
84.19465387251542
84.19465387251542
84.63331048663468
