121.72721041809459
121.72721041809459
121.72721041809459
120.08224811514735
119.69842357779301
119.69842357779301
119.69842357779301
119.69842357779301
119.69842357779301
119.69842357779301
119.69842357779301
119.69842357779301
119.69842357779301
119.69842357779301
119.69842357779301
119.69842357779301
119.69842357779301
119.69842357779301
119.69842357779301
119.42426319396847
118.68403015764221
118.68403015764221
118.68403015764221
118.68403015764221
118.68403015764221
118.68403015764221
118.68403015764221
118.68403015764221
118.68403015764221
118.68403015764221
118.68403015764221
118.68403015764221
118.68403015764221
118.68403015764221
118.68403015764221
119.15010281014393
119.69842357779301
119.69842357779301
119.69842357779301
119.69842357779301
119.69842357779301
119.69842357779301
119.69842357779301
119.69842357779301
119.69842357779301
119.69842357779301
119.69842357779301
119.69842357779301
119.69842357779301
119.69842357779301
119.69842357779301
123.64633310486634
125.78478409869773
125.78478409869773
125.78478409869773
125.78478409869773
125.78478409869773
125.78478409869773
125.78478409869773
125.78478409869773
125.78478409869773
125.78478409869773
125.78478409869773
125.78478409869773
125.78478409869773
125.78478409869773
125.78478409869773
123.04318026045236
121.72721041809459
121.72721041809459
121.72721041809459
121.72721041809459
121.72721041809459
121.72721041809459
121.72721041809459
121.72721041809459
121.72721041809459
121.72721041809459
121.72721041809459
121.72721041809459
121.72721041809459
121.72721041809459
121.72721041809459
121.72721041809459
121.72721041809459
121.72721041809459
121.72721041809459
121.72721041809459
121.72721041809459
121.72721041809459
121.72721041809459
121.72721041809459
121.72721041809459
121.72721041809459
121.72721041809459
121.72721041809459
121.72721041809459
121.72721041809459
121.72721041809459
121.72721041809459
121.72721041809459
121.72721041809459
121.72721041809459
118.71144619602467
111.5832762165867
111.5832762165867
111.5832762165867
111.5832762165867
111.5832762165867
111.5832762165867
111.5832762165867
111.5832762165867
111.5832762165867
111.5832762165867
111.5832762165867
111.5832762165867
111.5832762165867
111.5832762165867
111.5832762165867
111.5832762165867
111.5832762165867
115.28444139821795
120.71281699794379
120.71281699794379
120.71281699794379
120.71281699794379
120.71281699794379
120.71281699794379
120.71281699794379
120.71281699794379
120.71281699794379
120.71281699794379
120.71281699794379
120.71281699794379
120.71281699794379
120.71281699794379
120.71281699794379
121.48046607265249
122.74160383824537
122.74160383824537
122.74160383824537
122.74160383824537
122.74160383824537
122.74160383824537
122.74160383824537
122.74160383824537
122.74160383824537
122.74160383824537
122.74160383824537
122.74160383824537
122.74160383824537
122.74160383824537
122.74160383824537
122.74160383824537
122.1932830705963
120.71281699794379
120.71281699794379
120.71281699794379
120.71281699794379
120.71281699794379
120.71281699794379
120.71281699794379
120.71281699794379
120.71281699794379
120.71281699794379
120.71281699794379
120.71281699794379
120.71281699794379
120.71281699794379
120.71281699794379
120.71281699794379
120.71281699794379
117.42289239204935
115.64084989718985
115.64084989718985
115.64084989718985
115.64084989718985
115.64084989718985
115.64084989718985
115.64084989718985
115.64084989718985
115.64084989718985
115.64084989718985
115.64084989718985
115.64084989718985
115.64084989718985
115.64084989718985
115.64084989718985
115.64084989718985
115.64084989718985
118.24537354352296
120.71281699794379
120.71281699794379
120.71281699794379
120.71281699794379
120.71281699794379
120.71281699794379
120.71281699794379
120.71281699794379
120.71281699794379
120.71281699794379
120.71281699794379
120.71281699794379
120.71281699794379
120.71281699794379
120.71281699794379
120.71281699794379
120.71281699794379
120.32899246058945
113.61206305688827
113.61206305688827
113.61206305688827
113.61206305688827
113.61206305688827
113.61206305688827
113.61206305688827
113.61206305688827
113.61206305688827
113.61206305688827
113.61206305688827
113.61206305688827
113.61206305688827
113.61206305688827
113.61206305688827
113.61206305688827
113.61206305688827
113.61206305688827
112.51542152159013
105.49691569568196
105.49691569568196
105.49691569568196
105.49691569568196
105.49691569568196
105.49691569568196
105.49691569568196
105.49691569568196
105.49691569568196
105.49691569568196
105.49691569568196
105.49691569568196
105.49691569568196
105.49691569568196
105.49691569568196
105.49691569568196
105.49691569568196
108.45784784098697
111.5832762165867
111.5832762165867
111.5832762165867
111.5832762165867
111.5832762165867
111.5832762165867
111.5832762165867
111.5832762165867
111.5832762165867
111.5832762165867
111.5832762165867
111.5832762165867
111.5832762165867
111.5832762165867
111.5832762165867
111.5832762165867
110.89787525702536
110.56888279643591
110.56888279643591
110.56888279643591
110.56888279643591
110.56888279643591
110.56888279643591
110.56888279643591
110.56888279643591
110.56888279643591
110.56888279643591
110.56888279643591
110.56888279643591
110.56888279643591
110.56888279643591
110.56888279643591
110.56888279643591
110.56888279643591
110.56888279643591
114.40712816997943
115.64084989718985
115.64084989718985
115.64084989718985
115.64084989718985
115.64084989718985
115.64084989718985
115.64084989718985
115.64084989718985
115.64084989718985
115.64084989718985
115.64084989718985
115.64084989718985
115.64084989718985
115.64084989718985
115.64084989718985
115.64084989718985
115.64084989718985
115.64084989718985
115.64084989718985
115.64084989718985
115.64084989718985
115.64084989718985
115.64084989718985
115.64084989718985
115.64084989718985
115.64084989718985
115.64084989718985
115.64084989718985
115.64084989718985
115.64084989718985
115.64084989718985
115.64084989718985
115.64084989718985
115.64084989718985
115.64084989718985
111.80260452364632
111.5832762165867
111.5832762165867
111.5832762165867
111.5832762165867
111.5832762165867
111.5832762165867
111.5832762165867
111.5832762165867
111.5832762165867
111.5832762165867
111.5832762165867
111.5832762165867
111.5832762165867
111.5832762165867
111.5832762165867
111.5832762165867
110.9252912954078
109.55448937628512
109.55448937628512
109.55448937628512
109.55448937628512
109.55448937628512
109.55448937628512
109.55448937628512
109.55448937628512
109.55448937628512
109.55448937628512
109.55448937628512
109.55448937628512
109.55448937628512
109.55448937628512
109.55448937628512
109.55448937628512
109.55448937628512
114.35229609321452
114.62645647703906
114.62645647703906
114.62645647703906
114.62645647703906
114.62645647703906
114.62645647703906
114.62645647703906
114.62645647703906
114.62645647703906
114.62645647703906
114.62645647703906
114.62645647703906
114.62645647703906
114.62645647703906
114.62645647703906
114.27004797806717
113.61206305688827
113.61206305688827
113.61206305688827
113.61206305688827
113.61206305688827
113.61206305688827
113.61206305688827
113.61206305688827
113.61206305688827
113.61206305688827
113.61206305688827
113.61206305688827
113.61206305688827
113.61206305688827
113.61206305688827
113.61206305688827
113.61206305688827
113.61206305688827
113.61206305688827
113.61206305688827
113.61206305688827
116.0795065113091
116.65524331734063
116.65524331734063
116.65524331734063
116.65524331734063
116.65524331734063
116.65524331734063
116.65524331734063
116.65524331734063
116.65524331734063
116.65524331734063
116.65524331734063
116.65524331734063
116.65524331734063
116.65524331734063
116.65524331734063
116.65524331734063
116.65524331734063
116.65524331734063
112.62508567511995
109.55448937628512
109.55448937628512
109.55448937628512
109.55448937628512
109.55448937628512
109.55448937628512
109.55448937628512
109.55448937628512
109.55448937628512
109.55448937628512
109.55448937628512
109.55448937628512
109.55448937628512
109.55448937628512
109.55448937628512
109.55448937628512
109.55448937628512
109.55448937628512
112.2960932145305
113.61206305688827
113.61206305688827
113.61206305688827
113.61206305688827
113.61206305688827
113.61206305688827
113.61206305688827
113.61206305688827
113.61206305688827
113.61206305688827
113.61206305688827
113.61206305688827
113.61206305688827
113.61206305688827
113.61206305688827
113.61206305688827
113.61206305688827
113.61206305688827
113.61206305688827
113.61206305688827
113.61206305688827
113.61206305688827
113.61206305688827
113.61206305688827
113.61206305688827
113.61206305688827
113.61206305688827
113.61206305688827
113.61206305688827
113.61206305688827
113.61206305688827
113.61206305688827
113.61206305688827
113.61206305688827
113.61206305688827
113.61206305688827
113.61206305688827
113.61206305688827
113.61206305688827
113.61206305688827
113.61206305688827
113.61206305688827
113.61206305688827
113.61206305688827
113.61206305688827
113.61206305688827
113.61206305688827
113.61206305688827
113.61206305688827
113.61206305688827
113.61206305688827
113.61206305688827
113.61206305688827
113.61206305688827
113.61206305688827
113.61206305688827
113.61206305688827
113.61206305688827
113.61206305688827
111.72035640849897
110.56888279643591
110.56888279643591
110.56888279643591
110.56888279643591
110.56888279643591
110.56888279643591
110.56888279643591
110.56888279643591
110.56888279643591
110.56888279643591
110.56888279643591
110.56888279643591
110.56888279643591
110.56888279643591
110.56888279643591
110.56888279643591
110.56888279643591
110.56888279643591
110.18505825908156
108.54009595613434
108.54009595613434
108.54009595613434
108.54009595613434
108.54009595613434
108.54009595613434
108.54009595613434
108.54009595613434
108.54009595613434
108.54009595613434
108.54009595613434
108.54009595613434
108.54009595613434
108.54009595613434
108.54009595613434
108.54009595613434
108.54009595613434
108.54009595613434
108.54009595613434
110.02056202878684
110.56888279643591
110.56888279643591
110.56888279643591
110.56888279643591
110.56888279643591
110.56888279643591
110.56888279643591
110.56888279643591
110.56888279643591
110.56888279643591
110.56888279643591
110.56888279643591
110.56888279643591
110.56888279643591
110.56888279643591
110.56888279643591
110.56888279643591
110.56888279643591
110.56888279643591
110.56888279643591
110.56888279643591
110.56888279643591
110.56888279643591
110.56888279643591
110.56888279643591
110.56888279643591
110.56888279643591
110.56888279643591
110.56888279643591
110.56888279643591
110.56888279643591
110.56888279643591
110.56888279643591
110.56888279643591
110.56888279643591
110.56888279643591
110.56888279643591
111.41877998629198
111.5832762165867
111.5832762165867
111.5832762165867
111.5832762165867
111.5832762165867
111.5832762165867
111.5832762165867
111.5832762165867
111.5832762165867
111.5832762165867
111.5832762165867
111.5832762165867
111.5832762165867
111.5832762165867
111.5832762165867
111.5832762165867
107.52570253598354
107.52570253598354
107.52570253598354
107.52570253598354
107.52570253598354
107.52570253598354
107.52570253598354
107.52570253598354
107.52570253598354
107.52570253598354
107.52570253598354
107.52570253598354
107.52570253598354
107.52570253598354
107.52570253598354
107.52570253598354
108.89650445510624
109.55448937628512
109.55448937628512
109.55448937628512
109.55448937628512
109.55448937628512
109.55448937628512
109.55448937628512
109.55448937628512
109.55448937628512
109.55448937628512
109.55448937628512
109.55448937628512
109.55448937628512
109.55448937628512
109.55448937628512
109.55448937628512
109.55448937628512
109.55448937628512
109.55448937628512
109.55448937628512
109.55448937628512
109.55448937628512
109.55448937628512
109.55448937628512
109.55448937628512
109.55448937628512
109.55448937628512
109.55448937628512
109.55448937628512
109.55448937628512
109.55448937628512
109.55448937628512
109.55448937628512
109.55448937628512
109.55448937628512
109.55448937628512
109.55448937628512
109.55448937628512
109.55448937628512
109.55448937628512
109.55448937628512
109.55448937628512
109.55448937628512
109.55448937628512
109.55448937628512
109.55448937628512
109.55448937628512
109.55448937628512
109.55448937628512
110.98012337217271
111.5832762165867
111.5832762165867
111.5832762165867
111.5832762165867
111.5832762165867
111.5832762165867
111.5832762165867
111.5832762165867
111.5832762165867
111.5832762165867
111.5832762165867
111.5832762165867
111.5832762165867
111.5832762165867
111.5832762165867
111.5832762165867
111.5832762165867
112.81699794379712
116.65524331734063
116.65524331734063
116.65524331734063
116.65524331734063
116.65524331734063
116.65524331734063
116.65524331734063
116.65524331734063
116.65524331734063
116.65524331734063
116.65524331734063
116.65524331734063
116.65524331734063
116.65524331734063
116.65524331734063
116.65524331734063
116.65524331734063
116.21658670322138
112.59766963673749
112.59766963673749
112.59766963673749
112.59766963673749
112.59766963673749
112.59766963673749
112.59766963673749
112.59766963673749
112.59766963673749
112.59766963673749
112.59766963673749
112.59766963673749
112.59766963673749
112.59766963673749
112.59766963673749
112.59766963673749
112.59766963673749
112.59766963673749
112.59766963673749
112.59766963673749
112.59766963673749
112.59766963673749
112.59766963673749
112.59766963673749
112.59766963673749
112.59766963673749
112.59766963673749
112.59766963673749
112.59766963673749
112.59766963673749
112.59766963673749
112.59766963673749
112.59766963673749
112.59766963673749
112.59766963673749
112.59766963673749
112.59766963673749
112.59766963673749
112.59766963673749
112.59766963673749
112.59766963673749
112.59766963673749
112.59766963673749
112.59766963673749
112.59766963673749
112.59766963673749
112.59766963673749
112.59766963673749
109.85606579849211
108.54009595613434
108.54009595613434
108.54009595613434
108.54009595613434
108.54009595613434
108.54009595613434
108.54009595613434
108.54009595613434
108.54009595613434
108.54009595613434
108.54009595613434
108.54009595613434
108.54009595613434
108.54009595613434
108.54009595613434
107.553118574366
107.52570253598354
107.52570253598354
107.52570253598354
107.52570253598354
107.52570253598354
107.52570253598354
107.52570253598354
107.52570253598354
107.52570253598354
107.52570253598354
107.52570253598354
107.52570253598354
108.01919122686772
109.55448937628512
109.55448937628512
109.55448937628512
109.55448937628512
109.55448937628512
109.55448937628512
109.55448937628512
109.55448937628512
109.55448937628512
109.55448937628512
109.55448937628512
109.55448937628512
109.55448937628512
109.55448937628512
109.55448937628512
109.55448937628512
109.55448937628512
109.55448937628512
109.55448937628512
109.55448937628512
109.55448937628512
109.55448937628512
109.55448937628512
109.55448937628512
109.55448937628512
109.55448937628512
109.55448937628512
109.28032899246058
104.48252227553118
104.48252227553118
104.48252227553118
104.48252227553118
104.48252227553118
104.48252227553118
104.48252227553118
104.48252227553118
104.48252227553118
104.48252227553118
104.48252227553118
104.48252227553118
104.48252227553118
104.48252227553118
107.19671007539411
107.52570253598354
107.52570253598354
107.52570253598354
107.52570253598354
107.52570253598354
107.52570253598354
107.52570253598354
107.52570253598354
107.52570253598354
107.52570253598354
107.52570253598354
107.52570253598354
107.52570253598354
107.11446196024674
106.51130911583276
106.51130911583276
106.51130911583276
106.51130911583276
106.51130911583276
106.51130911583276
106.51130911583276
106.51130911583276
106.51130911583276
106.51130911583276
106.51130911583276
106.51130911583276
106.51130911583276
106.51130911583276
106.51130911583276
106.51130911583276
108.15627141877998
108.54009595613434
108.54009595613434
108.54009595613434
108.54009595613434
108.54009595613434
108.54009595613434
108.54009595613434
108.54009595613434
108.54009595613434
108.54009595613434
108.54009595613434
101.43934201507882
101.43934201507882
101.43934201507882
101.43934201507882
101.43934201507882
101.43934201507882
101.43934201507882
101.43934201507882
101.43934201507882
101.43934201507882
101.43934201507882
101.43934201507882
101.43934201507882
102.0424948594928
103.4681288553804
103.4681288553804
103.4681288553804
103.4681288553804
103.4681288553804
103.4681288553804
103.4681288553804
103.4681288553804
103.4681288553804
103.4681288553804
103.4681288553804
103.4681288553804
103.79712131596983
106.51130911583276
106.51130911583276
106.51130911583276
106.51130911583276
106.51130911583276
106.51130911583276
106.51130911583276
106.51130911583276
106.51130911583276
106.51130911583276
106.51130911583276
106.51130911583276
106.51130911583276
104.20836189170664
103.4681288553804
103.4681288553804
103.4681288553804
103.4681288553804
103.4681288553804
103.4681288553804
103.4681288553804
103.4681288553804
103.4681288553804
103.4681288553804
103.4681288553804
103.4681288553804
105.57916381082933
110.56888279643591
110.56888279643591
110.56888279643591
110.56888279643591
110.56888279643591
110.56888279643591
110.56888279643591
110.56888279643591
110.56888279643591
110.56888279643591
110.56888279643591
110.56888279643591
112.21384509938314
114.62645647703906
114.62645647703906
114.62645647703906
114.62645647703906
114.62645647703906
114.62645647703906
114.62645647703906
114.62645647703906
114.62645647703906
114.62645647703906
114.62645647703906
114.62645647703906
114.62645647703906
115.33927347498286
115.64084989718985
115.64084989718985
115.64084989718985
115.64084989718985
115.64084989718985
115.64084989718985
115.64084989718985
115.64084989718985
115.64084989718985
115.64084989718985
115.64084989718985
115.64084989718985
115.64084989718985
115.64084989718985
115.64084989718985
115.64084989718985
115.64084989718985
115.64084989718985
115.64084989718985
115.64084989718985
115.64084989718985
115.64084989718985
115.64084989718985
115.64084989718985
115.64084989718985
115.64084989718985
115.64084989718985
115.64084989718985
115.64084989718985
114.5442083618917
