113.39858251771851
113.39858251771851
113.39858251771851
113.39858251771851
113.39858251771851
113.39858251771851
113.39858251771851
113.39858251771851
113.39858251771851
114.31902555763506
116.43604454944312
116.43604454944312
116.43604454944312
116.43604454944312
116.43604454944312
116.43604454944312
116.43604454944312
116.43604454944312
116.43604454944312
116.43604454944312
116.43604454944312
115.33151290154326
114.41106986162671
114.41106986162671
114.41106986162671
114.41106986162671
114.41106986162671
114.41106986162671
114.41106986162671
114.41106986162671
114.41106986162671
114.41106986162671
114.41106986162671
114.71788420826556
115.42355720553492
115.42355720553492
115.42355720553492
115.42355720553492
115.42355720553492
115.42355720553492
115.42355720553492
115.42355720553492
115.42355720553492
115.42355720553492
115.42355720553492
115.42355720553492
116.40536311477923
116.43604454944312
116.43604454944312
116.43604454944312
116.43604454944312
116.43604454944312
116.43604454944312
116.43604454944312
116.43604454944312
116.43604454944312
116.43604454944312
115.94514159482097
115.42355720553492
115.42355720553492
115.42355720553492
115.42355720553492
115.42355720553492
115.42355720553492
115.42355720553492
115.42355720553492
115.42355720553492
115.42355720553492
115.42355720553492
115.11674285889607
113.39858251771851
113.39858251771851
113.39858251771851
113.39858251771851
113.39858251771851
113.39858251771851
113.39858251771851
113.39858251771851
113.39858251771851
113.39858251771851
113.39858251771851
113.39858251771851
113.39858251771851
113.39858251771851
113.39858251771851
113.39858251771851
113.39858251771851
113.39858251771851
113.39858251771851
113.39858251771851
113.39858251771851
113.39858251771851
113.39858251771851
113.39858251771851
111.1895192219188
110.36112048599391
110.36112048599391
110.36112048599391
110.36112048599391
110.36112048599391
110.36112048599391
110.36112048599391
110.36112048599391
110.36112048599391
110.36112048599391
110.36112048599391
106.31117111036112
104.2861964225447
104.2861964225447
104.2861964225447
104.2861964225447
104.2861964225447
104.2861964225447
104.2861964225447
104.2861964225447
104.2861964225447
104.2861964225447
104.2861964225447
104.2861964225447
107.96796858221089
109.34863314208572
109.34863314208572
109.34863314208572
109.34863314208572
109.34863314208572
109.34863314208572
109.34863314208572
109.34863314208572
109.34863314208572
109.34863314208572
109.34863314208572
110.33043905133003
111.37360782990211
111.37360782990211
111.37360782990211
111.37360782990211
111.37360782990211
111.37360782990211
111.37360782990211
111.37360782990211
111.37360782990211
111.37360782990211
111.37360782990211
111.37360782990211
112.90767956309635
113.39858251771851
113.39858251771851
113.39858251771851
113.39858251771851
113.39858251771851
113.39858251771851
113.39858251771851
113.39858251771851
113.39858251771851
113.39858251771851
113.39858251771851
113.39858251771851
113.39858251771851
113.39858251771851
113.39858251771851
113.39858251771851
113.39858251771851
113.39858251771851
113.39858251771851
113.39858251771851
113.39858251771851
113.39858251771851
113.39858251771851
113.39858251771851
113.39858251771851
113.39858251771851
113.39858251771851
113.39858251771851
113.39858251771851
113.39858251771851
113.39858251771851
113.39858251771851
113.39858251771851
113.39858251771851
113.39858251771851
113.39858251771851
112.38609517381032
112.38609517381032
112.38609517381032
112.38609517381032
112.38609517381032
112.38609517381032
112.38609517381032
112.38609517381032
112.38609517381032
112.38609517381032
112.38609517381032
112.38609517381032
112.38609517381032
112.38609517381032
112.38609517381032
112.38609517381032
112.38609517381032
112.38609517381032
112.38609517381032
112.38609517381032
112.38609517381032
112.38609517381032
112.38609517381032
112.38609517381032
112.38609517381032
112.38609517381032
112.38609517381032
112.38609517381032
112.38609517381032
112.38609517381032
112.38609517381032
112.38609517381032
112.38609517381032
112.38609517381032
112.38609517381032
112.38609517381032
112.38609517381032
112.69290952044916
113.39858251771851
113.39858251771851
113.39858251771851
113.39858251771851
113.39858251771851
113.39858251771851
113.39858251771851
113.39858251771851
113.39858251771851
113.39858251771851
113.39858251771851
113.39858251771851
115.42355720553492
116.43604454944312
116.43604454944312
116.43604454944312
116.43604454944312
116.43604454944312
116.43604454944312
116.43604454944312
116.43604454944312
116.43604454944312
116.43604454944312
116.43604454944312
116.37468168011534
115.42355720553492
115.42355720553492
115.42355720553492
115.42355720553492
115.42355720553492
115.42355720553492
115.42355720553492
115.42355720553492
115.42355720553492
115.42355720553492
115.42355720553492
115.42355720553492
115.42355720553492
115.42355720553492
115.42355720553492
115.42355720553492
115.42355720553492
115.42355720553492
115.42355720553492
115.42355720553492
115.42355720553492
115.42355720553492
115.42355720553492
115.42355720553492
115.42355720553492
115.42355720553492
115.42355720553492
115.42355720553492
115.42355720553492
115.42355720553492
115.42355720553492
115.42355720553492
115.42355720553492
115.42355720553492
115.42355720553492
115.42355720553492
115.42355720553492
114.71788420826556
114.41106986162671
114.41106986162671
114.41106986162671
114.41106986162671
114.41106986162671
114.41106986162671
114.41106986162671
114.41106986162671
114.41106986162671
114.41106986162671
114.41106986162671
114.41106986162671
114.41106986162671
114.41106986162671
114.41106986162671
114.41106986162671
114.41106986162671
114.41106986162671
114.41106986162671
114.41106986162671
114.41106986162671
114.41106986162671
114.41106986162671
114.41106986162671
114.41106986162671
114.41106986162671
114.41106986162671
114.41106986162671
114.41106986162671
114.41106986162671
114.41106986162671
114.41106986162671
114.41106986162671
114.41106986162671
114.41106986162671
114.41106986162671
114.41106986162671
114.41106986162671
114.41106986162671
114.41106986162671
114.41106986162671
114.41106986162671
114.41106986162671
114.41106986162671
114.41106986162671
114.41106986162671
114.41106986162671
114.41106986162671
113.49062682171017
111.37360782990211
111.37360782990211
111.37360782990211
111.37360782990211
111.37360782990211
111.37360782990211
111.37360782990211
111.37360782990211
111.37360782990211
111.37360782990211
111.37360782990211
111.37360782990211
110.3918019206578
110.36112048599391
110.36112048599391
110.36112048599391
110.36112048599391
110.36112048599391
110.36112048599391
110.36112048599391
110.36112048599391
110.36112048599391
110.36112048599391
110.36112048599391
110.36112048599391
111.83382934986038
112.38609517381032
112.38609517381032
112.38609517381032
112.38609517381032
112.38609517381032
112.38609517381032
112.38609517381032
112.38609517381032
112.38609517381032
112.38609517381032
112.93836099776024
113.39858251771851
113.39858251771851
113.39858251771851
113.39858251771851
113.39858251771851
113.39858251771851
113.39858251771851
113.39858251771851
113.39858251771851
113.39858251771851
113.39858251771851
113.39858251771851
114.0428926456601
114.41106986162671
114.41106986162671
114.41106986162671
114.41106986162671
114.41106986162671
114.41106986162671
114.41106986162671
114.41106986162671
114.41106986162671
114.41106986162671
114.41106986162671
114.41106986162671
114.41106986162671
114.41106986162671
114.41106986162671
114.41106986162671
114.41106986162671
114.41106986162671
114.41106986162671
114.41106986162671
114.41106986162671
114.41106986162671
114.41106986162671
114.0428926456601
112.38609517381032
112.38609517381032
112.38609517381032
112.38609517381032
112.38609517381032
112.38609517381032
112.38609517381032
112.38609517381032
112.38609517381032
112.38609517381032
112.38609517381032
112.38609517381032
112.38609517381032
112.38609517381032
112.38609517381032
112.38609517381032
112.38609517381032
112.38609517381032
112.38609517381032
112.38609517381032
112.38609517381032
112.38609517381032
112.38609517381032
112.38609517381032
112.38609517381032
111.46565213389377
111.37360782990211
111.37360782990211
111.37360782990211
111.37360782990211
111.37360782990211
111.37360782990211
111.37360782990211
111.37360782990211
111.37360782990211
111.37360782990211
111.37360782990211
111.61905930721319
112.38609517381032
112.38609517381032
112.38609517381032
112.38609517381032
112.38609517381032
112.38609517381032
112.38609517381032
112.38609517381032
112.38609517381032
112.38609517381032
112.38609517381032
112.38609517381032
112.38609517381032
112.38609517381032
112.38609517381032
112.38609517381032
112.38609517381032
112.38609517381032
112.38609517381032
112.38609517381032
112.38609517381032
112.38609517381032
112.38609517381032
112.38609517381032
112.38609517381032
113.09176817107966
113.39858251771851
113.39858251771851
113.39858251771851
113.39858251771851
113.39858251771851
113.39858251771851
113.39858251771851
113.39858251771851
113.39858251771851
113.39858251771851
113.39858251771851
113.39858251771851
113.39858251771851
113.39858251771851
113.39858251771851
113.39858251771851
113.39858251771851
113.39858251771851
113.39858251771851
113.39858251771851
113.39858251771851
113.39858251771851
113.39858251771851
113.39858251771851
113.8281226030129
114.41106986162671
114.41106986162671
114.41106986162671
114.41106986162671
114.41106986162671
114.41106986162671
114.41106986162671
114.41106986162671
114.41106986162671
114.41106986162671
114.41106986162671
114.41106986162671
114.41106986162671
114.41106986162671
114.41106986162671
114.41106986162671
114.41106986162671
114.41106986162671
114.41106986162671
114.41106986162671
114.41106986162671
114.41106986162671
114.41106986162671
114.41106986162671
114.31902555763506
113.39858251771851
113.39858251771851
113.39858251771851
113.39858251771851
113.39858251771851
113.39858251771851
113.39858251771851
113.39858251771851
113.39858251771851
113.39858251771851
113.39858251771851
113.39858251771851
113.39858251771851
113.39858251771851
115.42355720553492
115.42355720553492
115.42355720553492
115.42355720553492
115.42355720553492
115.42355720553492
115.42355720553492
115.42355720553492
115.42355720553492
115.42355720553492
115.42355720553492
114.99401712024053
113.39858251771851
113.39858251771851
113.39858251771851
113.39858251771851
113.39858251771851
113.39858251771851
113.39858251771851
113.39858251771851
113.39858251771851
113.39858251771851
113.39858251771851
113.39858251771851
112.81563525910471
112.38609517381032
112.38609517381032
112.38609517381032
112.38609517381032
112.38609517381032
112.38609517381032
112.38609517381032
112.38609517381032
112.38609517381032
112.38609517381032
112.38609517381032
112.38609517381032
112.38609517381032
112.38609517381032
112.38609517381032
112.38609517381032
112.38609517381032
112.38609517381032
112.38609517381032
112.38609517381032
112.38609517381032
112.38609517381032
112.38609517381032
112.38609517381032
112.38609517381032
112.81563525910471
113.39858251771851
113.39858251771851
113.39858251771851
113.39858251771851
113.39858251771851
113.39858251771851
113.39858251771851
113.39858251771851
113.39858251771851
113.39858251771851
113.39858251771851
113.39858251771851
113.39858251771851
113.39858251771851
113.39858251771851
113.39858251771851
113.39858251771851
113.39858251771851
113.39858251771851
113.39858251771851
113.39858251771851
113.39858251771851
113.39858251771851
113.39858251771851
113.39858251771851
112.87699812843248
112.38609517381032
112.38609517381032
112.38609517381032
112.38609517381032
112.38609517381032
112.38609517381032
112.38609517381032
112.38609517381032
112.38609517381032
112.38609517381032
112.38609517381032
112.38609517381032
112.38609517381032
107.96796858221089
106.31117111036112
106.31117111036112
106.31117111036112
106.31117111036112
106.31117111036112
106.31117111036112
106.31117111036112
106.31117111036112
106.31117111036112
106.31117111036112
106.31117111036112
106.31117111036112
111.68042217654096
113.39858251771851
113.39858251771851
113.39858251771851
113.39858251771851
113.39858251771851
113.39858251771851
113.39858251771851
113.39858251771851
113.39858251771851
113.39858251771851
113.39858251771851
113.15313104040743
111.37360782990211
111.37360782990211
111.37360782990211
111.37360782990211
111.37360782990211
111.37360782990211
111.37360782990211
111.37360782990211
111.37360782990211
111.37360782990211
111.37360782990211
111.37360782990211
111.37360782990211
111.98723652317982
112.38609517381032
112.38609517381032
112.38609517381032
112.38609517381032
112.38609517381032
112.38609517381032
112.38609517381032
112.38609517381032
112.38609517381032
112.38609517381032
112.38609517381032
111.55769643788543
109.34863314208572
109.34863314208572
109.34863314208572
109.34863314208572
109.34863314208572
109.34863314208572
109.34863314208572
109.34863314208572
109.34863314208572
109.34863314208572
109.34863314208572
109.34863314208572
109.34863314208572
109.34863314208572
109.34863314208572
109.34863314208572
109.34863314208572
109.34863314208572
109.34863314208572
109.34863314208572
109.34863314208572
109.34863314208572
109.34863314208572
109.34863314208572
109.34863314208572
107.99865001687478
107.3236584542693
107.3236584542693
107.3236584542693
107.3236584542693
107.3236584542693
107.3236584542693
107.3236584542693
107.3236584542693
107.3236584542693
107.3236584542693
107.3236584542693
104.74641794250299
103.2737090786365
103.2737090786365
103.2737090786365
103.2737090786365
103.2737090786365
103.2737090786365
103.2737090786365
103.2737090786365
103.2737090786365
103.2737090786365
103.2737090786365
103.2737090786365
102.4759917773755
101.2487343908201
101.2487343908201
101.2487343908201
101.2487343908201
101.2487343908201
101.2487343908201
101.2487343908201
101.2487343908201
101.2487343908201
101.2487343908201
101.2487343908201
101.2487343908201
99.96011413493694
98.2112723590955
98.2112723590955
98.2112723590955
98.2112723590955
98.2112723590955
98.2112723590955
98.2112723590955
98.2112723590955
98.2112723590955
98.2112723590955
98.2112723590955
97.93513944712053
95.1738103273709
95.1738103273709
95.1738103273709
95.1738103273709
95.1738103273709
95.1738103273709
95.1738103273709
95.1738103273709
95.1738103273709
95.1738103273709
95.1738103273709
95.1738103273709
95.1738103273709
95.1738103273709
95.1738103273709
95.1738103273709
95.1738103273709
95.1738103273709
95.1738103273709
95.1738103273709
95.1738103273709
95.1738103273709
95.1738103273709
95.1738103273709
95.1738103273709
95.1738103273709
95.1738103273709
95.1738103273709
95.1738103273709
95.1738103273709
95.1738103273709
95.1738103273709
95.1738103273709
95.1738103273709
95.1738103273709
95.1738103273709
95.1738103273709
95.1738103273709
95.1738103273709
94.98972171938759
93.14883563955449
93.14883563955449
93.14883563955449
93.14883563955449
93.14883563955449
93.14883563955449
93.14883563955449
93.14883563955449
93.14883563955449
93.14883563955449
93.14883563955449
93.14883563955449
93.24087994354615
94.1613229834627
94.1613229834627
94.1613229834627
94.1613229834627
94.1613229834627
94.1613229834627
94.1613229834627
94.1613229834627
94.1613229834627
94.1613229834627
94.1613229834627
94.1613229834627
94.1613229834627
92.3204369036296
92.1363482956463
92.1363482956463
92.1363482956463
92.1363482956463
92.1363482956463
92.1363482956463
92.1363482956463
92.1363482956463
92.1363482956463
92.1363482956463
92.1363482956463
92.1363482956463
92.59656981560457
93.14883563955449
93.14883563955449
93.14883563955449
93.14883563955449
93.14883563955449
93.14883563955449
93.14883563955449
93.14883563955449
93.14883563955449
93.14883563955449
93.14883563955449
93.14883563955449
93.14883563955449
94.25336728745435
95.1738103273709
95.1738103273709
95.1738103273709
95.1738103273709
95.1738103273709
95.1738103273709
95.1738103273709
95.1738103273709
95.1738103273709
95.1738103273709
95.1738103273709
95.1738103273709
95.1738103273709
95.1738103273709
95.1738103273709
95.1738103273709
95.1738103273709
95.1738103273709
95.1738103273709
95.1738103273709
95.1738103273709
95.1738103273709
95.1738103273709
95.1738103273709
95.1738103273709
95.1738103273709
95.1738103273709
95.1738103273709
95.1738103273709
95.1738103273709
95.1738103273709
95.1738103273709
95.1738103273709
95.1738103273709
95.1738103273709
95.1738103273709
95.1738103273709
95.1738103273709
95.1738103273709
94.28404872211824
94.1613229834627
94.1613229834627
94.1613229834627
94.1613229834627
94.1613229834627
94.1613229834627
94.1613229834627
94.1613229834627
94.1613229834627
94.1613229834627
94.1613229834627
94.1613229834627
94.83631454606817
96.18629767127909
96.18629767127909
96.18629767127909
96.18629767127909
96.18629767127909
96.18629767127909
96.18629767127909
96.18629767127909
96.18629767127909
96.18629767127909
96.18629767127909
96.18629767127909
96.58515632190961
97.1987850151873
97.1987850151873
97.1987850151873
97.1987850151873
97.1987850151873
97.1987850151873
97.1987850151873
97.1987850151873
97.1987850151873
97.1987850151873
97.1987850151873
97.1987850151873
97.04537784186788
96.18629767127909
96.18629767127909
96.18629767127909
96.18629767127909
96.18629767127909
96.18629767127909
96.18629767127909
96.18629767127909
96.18629767127909
96.18629767127909
96.18629767127909
96.18629767127909
95.75675758598472
94.1613229834627
94.1613229834627
94.1613229834627
94.1613229834627
94.1613229834627
94.1613229834627
94.1613229834627
94.1613229834627
94.1613229834627
94.1613229834627
94.1613229834627
94.1613229834627
94.1613229834627
93.7317828981683
93.14883563955449
93.14883563955449
93.14883563955449
93.14883563955449
93.14883563955449
93.14883563955449
93.14883563955449
