-7.180076313953965
-7.180076313953965
-7.180076313953965
-7.180076313953965
-7.180076313953965
-7.180076313953965
-7.180076313953965
-7.180076313953965
-7.180076313953965
-7.180076313953965
-7.180076313953965
-7.180076313953965
-7.180076313953965
-7.180076313953965
-7.180076313953965
-7.180076313953965
-7.180076313953965
-7.180076313953965
-7.180076313953965
-7.180076313953965
-7.180076313953965
-7.180076313953965
-7.180076313953965
-7.180076313953965
-7.180076313953965
-7.180076313953965
-7.180076313953965
-7.180076313953965
-7.180076313953965
-7.180076313953965
-7.180076313953965
-7.180076313953965
-7.180076313953965
-7.180076313953965
-7.180076313953965
-7.180076313953965
-7.180076313953965
-7.180076313953965
-7.180076313953965
-7.180076313953965
-7.180076313953965
-7.180076313953965
-7.180076313953965
-7.180076313953965
-7.180076313953965
-7.180076313953965
-7.180076313953965
-7.180076313953965
-7.180076313953965
-7.180076313953965
-7.180076313953965
-7.180076313953965
-7.180076313953965
-7.180076313953965
-7.180076313953965
-7.180076313953965
-7.180076313953965
-7.180076313953965
-7.180076313953965
-7.180076313953965
-7.180076313953965
-6.195380133754564
-6.154351126246256
-6.154351126246256
-6.154351126246256
-6.154351126246256
-6.154351126246256
-6.154351126246256
-6.154351126246256
-6.154351126246256
-6.154351126246256
-6.154351126246256
-6.154351126246256
-6.154351126246256
-6.154351126246256
-6.154351126246256
-6.154351126246256
-6.154351126246256
-6.154351126246256
-6.154351126246256
-6.154351126246256
-6.154351126246256
-6.154351126246256
-6.154351126246256
-6.154351126246256
-6.154351126246256
-6.154351126246256
-6.154351126246256
-6.154351126246256
-6.154351126246256
-6.154351126246256
-6.154351126246256
-6.154351126246256
-6.154351126246256
-6.154351126246256
-6.154351126246256
-6.154351126246256
-6.728757231362573
-7.180076313953965
-7.180076313953965
-7.180076313953965
-7.180076313953965
-7.180076313953965
-7.180076313953965
-7.180076313953965
-7.180076313953965
-7.180076313953965
-7.180076313953965
-7.180076313953965
-7.180076313953965
-7.180076313953965
-7.180076313953965
-7.180076313953965
-7.180076313953965
-7.180076313953965
-7.180076313953965
-7.180076313953965
-7.180076313953965
-7.180076313953965
-7.180076313953965
-7.180076313953965
-7.180076313953965
-7.180076313953965
-7.180076313953965
-7.180076313953965
-7.180076313953965
-7.180076313953965
-7.180076313953965
-7.180076313953965
-7.180076313953965
-7.180076313953965
-7.180076313953965
-7.180076313953965
-7.180076313953965
-7.180076313953965
-7.180076313953965
-7.180076313953965
-7.180076313953965
-7.180076313953965
-7.180076313953965
-7.180076313953965
-7.180076313953965
-7.180076313953965
-7.180076313953965
-7.180076313953965
-7.180076313953965
-7.180076313953965
-7.180076313953965
-7.180076313953965
-7.180076313953965
-7.180076313953965
-7.180076313953965
-7.180076313953965
-7.180076313953965
-7.180076313953965
-7.180076313953965
-7.180076313953965
-7.180076313953965
-7.180076313953965
-7.180076313953965
-7.180076313953965
-6.851844253887498
-6.154351126246256
-6.154351126246256
-6.154351126246256
-6.154351126246256
-6.154351126246256
-6.154351126246256
-6.154351126246256
-6.154351126246256
-6.154351126246256
-6.154351126246256
-6.154351126246256
-6.154351126246256
-6.154351126246256
-6.154351126246256
-6.154351126246256
-6.154351126246256
-6.154351126246256
-6.154351126246256
-6.154351126246256
-6.154351126246256
-6.154351126246256
-6.154351126246256
-6.154351126246256
-6.154351126246256
-6.154351126246256
-6.154351126246256
-6.154351126246256
-6.154351126246256
-6.154351126246256
-6.154351126246256
-6.154351126246256
-6.154351126246256
-6.851844253887498
-7.180076313953965
-7.180076313953965
-7.180076313953965
-7.180076313953965
-7.180076313953965
-7.180076313953965
-7.180076313953965
-7.180076313953965
-7.180076313953965
-7.180076313953965
-7.180076313953965
-7.180076313953965
-7.180076313953965
-7.180076313953965
-7.180076313953965
-7.180076313953965
-7.180076313953965
-7.180076313953965
-7.180076313953965
-7.180076313953965
-7.180076313953965
-7.180076313953965
-7.180076313953965
-7.180076313953965
-7.180076313953965
-7.180076313953965
-7.180076313953965
-7.180076313953965
-7.180076313953965
-7.180076313953965
-7.180076313953965
-7.180076313953965
-7.180076313953965
-7.180076313953965
-7.180076313953965
-7.180076313953965
-7.180076313953965
-7.180076313953965
-7.180076313953965
-7.180076313953965
-7.180076313953965
-7.180076313953965
-7.180076313953965
-7.180076313953965
-7.180076313953965
-7.180076313953965
-7.180076313953965
-7.180076313953965
-7.180076313953965
-7.180076313953965
-7.180076313953965
-7.180076313953965
-7.180076313953965
-7.180076313953965
-7.180076313953965
-7.180076313953965
-7.180076313953965
-7.180076313953965
-7.180076313953965
-6.400525171296106
-6.154351126246256
-6.154351126246256
-6.154351126246256
-6.154351126246256
-6.154351126246256
-6.154351126246256
-6.154351126246256
-6.154351126246256
-5.497887006113322
-5.128625938538547
-5.128625938538547
-5.128625938538547
-5.128625938538547
-5.128625938538547
-5.128625938538547
-5.128625938538547
-5.128625938538547
-5.128625938538547
-5.128625938538547
-5.128625938538547
-5.128625938538547
-5.128625938538547
-5.128625938538547
-5.128625938538547
-5.128625938538547
-5.128625938538547
-5.744061051163172
-6.154351126246256
-6.154351126246256
-6.154351126246256
-6.154351126246256
-6.154351126246256
-6.154351126246256
-6.154351126246256
-6.154351126246256
-6.154351126246256
-6.6056702088376476
-7.180076313953965
-7.180076313953965
-7.180076313953965
-7.180076313953965
-7.180076313953965
-7.180076313953965
-7.180076313953965
-7.180076313953965
-7.180076313953965
-7.180076313953965
-7.180076313953965
-7.180076313953965
-7.180076313953965
-7.180076313953965
-7.180076313953965
-7.180076313953965
-7.180076313953965
-7.180076313953965
-7.180076313953965
-7.180076313953965
-7.180076313953965
-7.180076313953965
-7.180076313953965
-7.180076313953965
-7.180076313953965
-7.180076313953965
-7.180076313953965
-7.180076313953965
-7.180076313953965
-7.180076313953965
-7.180076313953965
-7.180076313953965
-7.180076313953965
-7.180076313953965
-7.180076313953965
-7.180076313953965
-7.180076313953965
-7.180076313953965
-7.180076313953965
-7.180076313953965
-7.180076313953965
-7.139047306445657
-6.154351126246256
-6.154351126246256
-6.154351126246256
-6.154351126246256
-6.154351126246256
-6.154351126246256
-6.154351126246256
-6.154351126246256
-6.154351126246256
-6.154351126246256
-6.154351126246256
-6.154351126246256
-6.154351126246256
-6.154351126246256
-6.154351126246256
-6.154351126246256
-6.154351126246256
-6.154351126246256
-6.154351126246256
-6.154351126246256
-6.154351126246256
-6.154351126246256
-6.154351126246256
-6.154351126246256
-6.154351126246256
-6.154351126246256
-6.154351126246256
-6.154351126246256
-6.154351126246256
-6.154351126246256
-6.154351126246256
-6.154351126246256
-7.139047306445657
-7.180076313953965
-7.180076313953965
-7.180076313953965
-7.180076313953965
-7.180076313953965
-7.180076313953965
-7.180076313953965
-7.180076313953965
-7.180076313953965
-7.180076313953965
-7.180076313953965
-7.180076313953965
-7.180076313953965
-7.180076313953965
-7.180076313953965
-7.180076313953965
-7.180076313953965
-7.180076313953965
-7.180076313953965
-7.180076313953965
-7.180076313953965
-7.180076313953965
-7.180076313953965
-7.180076313953965
-7.180076313953965
-7.180076313953965
-7.180076313953965
-7.180076313953965
-7.180076313953965
-7.180076313953965
-7.180076313953965
-7.180076313953965
-7.180076313953965
-7.180076313953965
-7.180076313953965
-7.180076313953965
-7.180076313953965
-7.180076313953965
-7.180076313953965
-7.180076313953965
-7.180076313953965
-7.180076313953965
-7.180076313953965
-7.180076313953965
-7.180076313953965
-7.180076313953965
-7.180076313953965
-7.180076313953965
-7.180076313953965
-7.180076313953965
-7.180076313953965
-7.180076313953965
-7.180076313953965
-7.180076313953965
-7.180076313953965
-7.180076313953965
-6.400525171296106
-6.154351126246256
-6.154351126246256
-6.154351126246256
-6.154351126246256
-6.154351126246256
-6.154351126246256
-6.154351126246256
-6.154351126246256
-6.154351126246256
-6.154351126246256
-6.154351126246256
-6.154351126246256
-6.154351126246256
-6.154351126246256
-6.154351126246256
-6.154351126246256
-6.154351126246256
-6.154351126246256
-6.154351126246256
-6.154351126246256
-6.154351126246256
-6.154351126246256
-6.154351126246256
-6.154351126246256
-6.154351126246256
-6.154351126246256
-6.154351126246256
-6.154351126246256
-6.154351126246256
-6.154351126246256
-6.154351126246256
-6.154351126246256
-6.154351126246256
-6.154351126246256
-6.154351126246256
-6.154351126246256
-6.154351126246256
-6.154351126246256
-6.154351126246256
-6.81081524637919
-7.180076313953965
-7.180076313953965
-7.180076313953965
-7.180076313953965
-7.180076313953965
-7.180076313953965
-7.180076313953965
-7.180076313953965
-7.180076313953965
-7.180076313953965
-7.180076313953965
-7.180076313953965
-7.180076313953965
-7.180076313953965
-7.180076313953965
-7.180076313953965
-7.180076313953965
-7.180076313953965
-7.180076313953965
-7.180076313953965
-7.180076313953965
-7.180076313953965
-7.180076313953965
-7.180076313953965
-7.180076313953965
-7.180076313953965
-7.180076313953965
-7.180076313953965
-7.180076313953965
-7.180076313953965
-7.180076313953965
-7.180076313953965
-7.180076313953965
-7.180076313953965
-7.180076313953965
-7.180076313953965
-7.180076313953965
-7.180076313953965
-7.180076313953965
-7.180076313953965
-7.180076313953965
-7.180076313953965
-7.180076313953965
-7.180076313953965
-6.400525171296106
-6.154351126246256
-6.154351126246256
-6.154351126246256
-6.154351126246256
-6.154351126246256
-6.154351126246256
-6.154351126246256
-6.154351126246256
-6.154351126246256
-6.154351126246256
-6.154351126246256
-6.154351126246256
-6.154351126246256
-6.154351126246256
-6.154351126246256
-6.154351126246256
-6.154351126246256
-6.154351126246256
-6.154351126246256
-6.154351126246256
-6.154351126246256
-6.154351126246256
-6.154351126246256
-6.154351126246256
-6.154351126246256
-6.154351126246256
-6.154351126246256
-6.154351126246256
-6.154351126246256
-6.154351126246256
-6.687728223854265
-7.180076313953965
-7.180076313953965
-7.180076313953965
-7.180076313953965
-7.180076313953965
-7.180076313953965
-7.180076313953965
-7.180076313953965
-7.180076313953965
-7.180076313953965
-7.180076313953965
-8.164772494153366
-8.205801501661675
-8.205801501661675
-8.205801501661675
-8.205801501661675
-9.231526689369383
-9.231526689369383
-9.231526689369383
-9.231526689369383
-9.231526689369383
-9.231526689369383
-9.682845771960777
-10.257251877077094
-10.257251877077094
-10.257251877077094
-10.257251877077094
-10.257251877077094
-10.257251877077094
-10.257251877077094
-10.257251877077094
-10.257251877077094
-10.257251877077094
-10.257251877077094
-10.257251877077094
-10.257251877077094
-10.257251877077094
-10.257251877077094
-10.257251877077094
-10.257251877077094
-10.257251877077094
-10.257251877077094
-10.257251877077094
-10.257251877077094
-10.257251877077094
-10.257251877077094
-10.257251877077094
-10.257251877077094
-10.216222869568785
-9.231526689369383
-9.231526689369383
-9.231526689369383
-9.231526689369383
-9.231526689369383
-8.205801501661675
-8.205801501661675
-8.205801501661675
-8.205801501661675
-8.205801501661675
-7.877569441595208
-7.180076313953965
-7.180076313953965
-7.180076313953965
-7.180076313953965
-7.180076313953965
-7.180076313953965
-7.180076313953965
-7.180076313953965
-7.180076313953965
-6.892873261395806
-6.154351126246256
-6.154351126246256
-6.154351126246256
-6.154351126246256
-6.154351126246256
-6.154351126246256
-6.154351126246256
-6.154351126246256
-6.154351126246256
-6.154351126246256
-6.154351126246256
-6.154351126246256
-6.154351126246256
-6.154351126246256
-6.154351126246256
-6.154351126246256
-6.154351126246256
-6.154351126246256
-6.154351126246256
-6.154351126246256
-6.154351126246256
-6.154351126246256
-6.154351126246256
-6.154351126246256
-6.154351126246256
-6.154351126246256
-6.154351126246256
-6.154351126246256
-6.154351126246256
-6.154351126246256
-6.154351126246256
-6.154351126246256
-6.154351126246256
-6.523612193821031
-7.180076313953965
-7.180076313953965
-7.180076313953965
-7.180076313953965
-7.180076313953965
-7.180076313953965
-7.180076313953965
-7.180076313953965
-7.180076313953965
-7.180076313953965
-7.180076313953965
-7.180076313953965
-7.180076313953965
-7.180076313953965
-7.180076313953965
-7.180076313953965
-7.180076313953965
-7.180076313953965
-7.180076313953965
-7.180076313953965
-7.180076313953965
-7.180076313953965
-7.180076313953965
-7.180076313953965
-7.180076313953965
-7.180076313953965
-7.180076313953965
-7.180076313953965
-7.180076313953965
-7.180076313953965
-7.180076313953965
-7.180076313953965
-7.180076313953965
-7.180076313953965
-7.180076313953965
-7.180076313953965
-7.180076313953965
-7.180076313953965
-7.180076313953965
-7.180076313953965
-7.180076313953965
-7.180076313953965
-7.180076313953965
-7.180076313953965
-7.180076313953965
-7.180076313953965
-7.180076313953965
-7.180076313953965
-7.180076313953965
-7.180076313953965
-7.180076313953965
-7.180076313953965
-7.180076313953965
-7.180076313953965
-7.180076313953965
-7.180076313953965
-7.180076313953965
-7.180076313953965
-7.180076313953965
-7.180076313953965
-7.180076313953965
-7.180076313953965
-7.180076313953965
-7.180076313953965
-7.180076313953965
-7.180076313953965
-7.180076313953965
-7.180076313953965
-7.180076313953965
-7.180076313953965
-7.180076313953965
-7.180076313953965
-7.180076313953965
-7.180076313953965
-7.180076313953965
-7.180076313953965
-7.180076313953965
-7.180076313953965
-7.180076313953965
-7.180076313953965
-7.180076313953965
-7.180076313953965
-7.180076313953965
-7.180076313953965
-7.180076313953965
-7.180076313953965
-7.180076313953965
-7.180076313953965
-7.180076313953965
-7.180076313953965
-7.180076313953965
-7.180076313953965
-7.180076313953965
-7.180076313953965
-7.180076313953965
-7.180076313953965
-7.180076313953965
-7.180076313953965
-7.180076313953965
-7.180076313953965
-7.180076313953965
-6.974931276412423
-6.154351126246256
-6.154351126246256
-6.154351126246256
-6.154351126246256
-6.154351126246256
-6.154351126246256
-6.154351126246256
-6.154351126246256
-6.154351126246256
-5.128625938538547
-5.128625938538547
-5.128625938538547
-5.128625938538547
-5.128625938538547
-5.128625938538547
-5.128625938538547
-5.128625938538547
-4.964509908505313
-4.1029007508308375
-4.1029007508308375
-4.1029007508308375
-4.1029007508308375
-4.1029007508308375
-4.1029007508308375
-4.1029007508308375
-4.1029007508308375
-4.1029007508308375
-4.1029007508308375
-4.759364870963771
-5.128625938538547
-5.128625938538547
-5.128625938538547
-5.128625938538547
-5.128625938538547
-5.128625938538547
-5.128625938538547
-5.744061051163172
-6.154351126246256
-6.154351126246256
-6.154351126246256
-6.154351126246256
-6.154351126246256
-6.154351126246256
-6.154351126246256
-6.154351126246256
-6.646699216345956
-7.180076313953965
-7.180076313953965
-7.180076313953965
-7.180076313953965
-7.180076313953965
-7.180076313953965
-7.180076313953965
-7.180076313953965
-7.180076313953965
-7.180076313953965
-7.180076313953965
-7.180076313953965
-7.180076313953965
-7.180076313953965
-7.180076313953965
-7.180076313953965
-7.180076313953965
-7.180076313953965
-7.180076313953965
-7.180076313953965
-7.180076313953965
-7.180076313953965
-7.180076313953965
-7.180076313953965
-7.180076313953965
-7.180076313953965
-7.180076313953965
-7.180076313953965
-7.180076313953965
-7.180076313953965
-7.180076313953965
-7.180076313953965
-7.180076313953965
-7.180076313953965
-7.180076313953965
-7.180076313953965
-7.180076313953965
-7.180076313953965
-7.180076313953965
-7.180076313953965
-7.180076313953965
-7.180076313953965
-7.180076313953965
-7.180076313953965
-7.180076313953965
-7.180076313953965
-7.180076313953965
-7.180076313953965
-7.180076313953965
-7.180076313953965
-7.180076313953965
-7.180076313953965
-7.180076313953965
-7.180076313953965
-7.180076313953965
-7.180076313953965
-7.180076313953965
-7.180076313953965
-7.180076313953965
-7.180076313953965
-7.180076313953965
-7.180076313953965
-7.180076313953965
-7.180076313953965
-7.180076313953965
-7.180076313953965
-7.180076313953965
-7.180076313953965
-7.180076313953965
-7.180076313953965
-7.180076313953965
-7.180076313953965
-7.180076313953965
-7.180076313953965
-6.195380133754564
-6.154351126246256
-6.154351126246256
-6.154351126246256
-6.154351126246256
-6.154351126246256
-6.154351126246256
-6.154351126246256
-6.154351126246256
-5.703032043654864
-5.128625938538547
-5.128625938538547
-5.128625938538547
-5.128625938538547
-5.128625938538547
-5.128625938538547
-5.128625938538547
-5.128625938538547
-5.128625938538547
-5.128625938538547
-5.128625938538547
-5.128625938538547
-5.128625938538547
-5.128625938538547
-5.128625938538547
-5.128625938538547
-5.128625938538547
-5.128625938538547
-5.128625938538547
-5.128625938538547
-5.53891601362163
-6.154351126246256
-6.154351126246256
-6.154351126246256
-6.154351126246256
-6.154351126246256
-6.154351126246256
-6.154351126246256
-6.154351126246256
-6.154351126246256
-6.154351126246256
-6.154351126246256
-6.154351126246256
-6.769786238870881
-7.180076313953965
-7.180076313953965
-7.180076313953965
-7.180076313953965
-7.180076313953965
-7.180076313953965
-7.180076313953965
-7.180076313953965
-7.180076313953965
-7.180076313953965
-7.180076313953965
-7.180076313953965
-7.180076313953965
-7.180076313953965
-7.180076313953965
-7.180076313953965
-7.180076313953965
-7.180076313953965
-7.180076313953965
-7.180076313953965
-7.180076313953965
-7.180076313953965
-7.180076313953965
-7.180076313953965
-7.180076313953965
-7.180076313953965
-7.180076313953965
