79.57539129087246
81.20254145358747
105.18363551836354
111.53726948706027
108.78661087866108
105.45482721214938
97.70649310398264
93.01875096854175
92.67007593367425
92.43762591042925
92.28265922826591
91.66279249961258
91.66279249961258
91.66279249961258
91.66279249961258
90.81047574771424
89.02835890283589
85.92902525956919
82.55849992251666
79.88532465519913
78.18069115140244
77.5608244227491
77.5608244227491
77.0959243762591
76.04989927165659
74.92639082597242
74.65519913218658
79.26545792654579
102.89787695645435
113.82302804896946
111.96342786300944
107.62436076243607
98.75251820858514
93.56113435611343
92.67007593367425
91.77901751123508
92.12769254610258
92.63133426313343
91.66279249961258
91.66279249961258
91.2366341236634
88.56345885634587
86.20021695335502
84.06942507360917
81.51247481791414
78.72307453897412
76.47605764760576
75.12009917867658
73.7641407097474
72.75685727568572
72.71811560514489
72.17573221757321
71.0134821013482
77.28963272896327
102.43297690996435
110.80117774678443
110.83991941732528
110.25879435921276
100.7670850767085
92.47636758097009
89.84193398419339
89.33829226716256
89.53200061986672
89.64822563148923
89.64822563148923
89.6094839609484
88.79590887959088
88.83465055013171
88.36975050364171
86.9750503641717
85.61909189524252
84.99922516658918
81.93863319386331
77.48334108166743
76.35983263598327
75.9336742600341
75.43003254300325
74.53897412056408
76.08864094219743
89.53200061986672
110.02634433596776
110.8786610878661
107.70184410351774
103.09158530915853
96.6217263288393
91.77901751123508
89.02835890283589
87.7886254455292
87.63365876336587
87.63365876336587
87.6724004339067
88.64094219742755
88.64094219742755
88.09855880985587
85.81280024794668
83.21710832171082
80.04029133736246
77.79327444599411
76.8634743530141
76.3985743065241
75.62374089570741
75.54625755462575
75.97241593057493
81.66744150007747
103.8664187199752
113.20316132031613
110.80117774678443
106.07469394080272
102.43297690996435
98.79125987912599
92.94126762746009
89.76445064311173
89.64822563148923
89.53200061986672
89.57074229040755
89.64822563148923
89.64822563148923
89.6094839609484
87.63365876336587
85.38664187199751
82.20982488764915
79.30419959708662
77.01844103517743
76.04989927165659
75.54625755462575
74.53897412056408
74.03533240353323
77.01844103517743
83.13962498062916
104.48628544862854
111.2273361227336
109.91011932434526
99.21741825507516
92.90252595691926
89.91941732527506
89.64822563148923
89.64822563148923
89.26080892608088
89.64822563148923
89.64822563148923
89.26080892608088
89.29955059662173
88.64094219742755
86.35518363551836
83.44955834495583
82.20982488764915
79.9628079962808
76.9796993646366
76.55354098868743
75.77870757787075
75.08135750813575
73.68665736866573
76.24360762436076
85.92902525956919
106.65581899891522
109.91011932434526
106.65581899891522
101.65814349914768
95.45947621261428
91.39160080582674
89.64822563148923
90.11312567797923
90.6555090655509
90.6555090655509
89.91941732527506
89.64822563148923
89.64822563148923
88.83465055013171
86.31644196497753
83.72075003874167
81.74492484115915
80.23399969006663
78.72307453897412
77.40585774058577
76.55354098868743
75.66248256624826
75.43003254300325
75.04261583759491
78.56810785681078
88.67968386796838
106.2684022935069
108.20548582054857
104.75747714241437
103.2852936618627
97.9002014566868
89.57074229040755
89.6094839609484
89.64822563148923
89.29955059662173
89.57074229040755
89.57074229040755
89.64822563148923
89.64822563148923
88.05981713931504
84.84425848442585
82.32604989927165
80.6601580660158
79.7303579730358
79.22671625600495
78.49062451572911
77.94824112815745
77.52208275220828
76.7472493413916
80.46644971331163
84.49558344955834
100.84456841779017
108.59290252595692
107.15946071594607
102.8203936153727
96.66046799938013
91.85650085231674
91.15915078258175
90.6555090655509
90.5392840539284
89.64822563148923
89.64822563148923
89.64822563148923
89.64822563148923
89.64822563148923
89.64822563148923
85.65783356578335
82.63598326359832
80.73764140709747
79.18797458546412
78.21943282194327
77.5608244227491
77.40585774058577
76.55354098868743
78.18069115140244
84.26313342631335
100.18596001859599
108.01177746784441
104.09886874322021
98.32635983263597
92.94126762746009
90.4230590423059
89.64822563148923
90.34557570122423
90.38431737176506
89.64822563148923
89.64822563148923
88.91213389121339
88.33100883310088
87.13001704633503
85.19293351929335
82.90717495738416
81.3575081357508
80.1952580195258
79.03300790330078
78.06446613977994
77.5608244227491
76.82473268247327
75.89493258949325
75.54625755462575
75.58499922516658
81.74492484115915
94.2197427553076
102.58794359212769
103.8664187199752
94.68464280179761
93.01875096854175
89.91941732527506
88.87339222067256
89.6094839609484
89.64822563148923
89.64822563148923
89.6094839609484
88.79590887959088
88.64094219742755
86.89756702309003
83.79823337982333
82.20982488764915
80.07903300790329
78.87804122113745
77.59956609328994
76.94095769409577
76.5147993181466
76.04989927165659
75.23632419029909
74.53897412056408
78.64559119789244
88.75716720905005
104.75747714241437
106.65581899891522
103.24655199132187
97.59026809236013
92.5925925925926
89.26080892608088
88.64094219742755
89.6094839609484
89.68696730203006
89.64822563148923
89.64822563148923
89.02835890283589
87.7886254455292
87.63365876336587
85.27041686037502
83.37207500387416
81.20254145358747
79.53664962033163
77.71579110491244
76.20486595381992
75.66248256624826
75.73996590732992
74.77142414380907
73.8803657213699
74.65519913218658
77.59956609328994
94.5684177901751
106.03595227026189
104.17635208430187
98.48132651479932
92.70881760421508
88.48597551526422
87.3237253990392
87.63365876336587
88.56345885634587
88.64094219742755
88.64094219742755
88.64094219742755
88.25352549201921
87.63365876336587
86.12273361227335
83.83697505036417
81.16379978304664
79.18797458546412
77.2121493878816
76.3985743065241
75.54625755462575
74.92639082597242
74.53897412056408
74.53897412056408
74.30652409731907
79.8465829846583
98.86874322020765
107.12071904540524
104.91244382457771
101.11576011157601
99.488609948861
93.44490934449092
87.90485045715171
87.63365876336587
87.63365876336587
87.13001704633503
87.40120874012086
87.63365876336587
87.47869208120254
86.6263753293042
86.6263753293042
84.76677514334418
82.17108321710832
80.1952580195258
77.98698279869828
76.16612428327909
75.15884084921741
74.53897412056408
73.9965907329924
74.07407407407408
83.13962498062916
100.5346350534635
104.98992716565938
103.24655199132187
98.63629319696265
93.09623430962343
88.64094219742755
86.93630869363086
86.6263753293042
86.6263753293042
86.6263753293042
86.6263753293042
86.70385867038587
86.8588253525492
86.35518363551836
84.06942507360917
82.32604989927165
79.61413296141329
76.90221602355493
75.58499922516658
75.19758251975824
74.19029908569657
74.07407407407408
74.30652409731907
83.68200836820083
99.68231830156516
106.34588563458856
105.45482721214938
101.348210134821
96.0406012707268
90.84921741825507
88.40849217418254
87.63365876336587
87.63365876336587
87.74988377498838
87.63365876336587
87.63365876336587
87.63365876336587
87.63365876336587
87.43995041066171
83.44955834495583
80.7763830776383
78.76181620951495
76.78599101193242
76.04989927165659
75.54625755462575
75.54625755462575
75.23632419029909
74.38400743840074
76.63102432976909
106.50085231675189
105.14489384782271
102.16178521617852
97.4353014101968
93.09623430962343
90.11312567797923
88.95087556175422
88.64094219742755
89.6094839609484
88.79590887959088
88.64094219742755
88.83465055013171
89.37703393770339
88.21478382147838
85.6965752363242
83.52704168603749
81.00883310088331
79.11049124438246
77.98698279869828
77.48334108166743
76.47605764760576
75.54625755462575
77.9094994576166
87.28498372849837
104.83496048349605
108.28296916163025
106.69456066945607
102.70416860375019
94.91709282504262
91.58530915853092
90.6555090655509
90.69425073609173
90.92670075933674
90.6555090655509
90.6555090655509
90.11312567797923
89.64822563148923
89.33829226716256
87.86610878661088
85.23167518983418
82.32604989927165
79.9628079962808
78.95552456221913
78.18069115140244
77.52208275220828
76.47605764760576
76.16612428327909
77.2121493878816
87.90485045715171
103.90516039051603
109.01906090190609
104.98992716565938
100.68960173562684
95.26576785991011
91.58530915853092
90.6555090655509
90.92670075933674
90.7717340771734
90.6555090655509
90.6555090655509
90.6555090655509
90.6555090655509
90.22935068960173
86.12273361227335
83.68200836820083
81.97737486440415
80.6601580660158
79.57539129087246
78.10320781032078
77.63830776383077
77.5608244227491
77.5608244227491
77.48334108166743
77.98698279869828
98.52006818534015
104.56376878971021
98.28761816209514
92.90252595691926
90.1906090190609
89.64822563148923
89.64822563148923
89.64822563148923
89.64822563148923
89.7257089725709
89.64822563148923
89.64822563148923
87.16875871687587
84.92174182550751
84.53432512009917
83.17836665117
80.38896637222997
79.03300790330078
78.02572446923911
77.59956609328994
77.48334108166743
84.26313342631335
100.61211839454516
107.7793274445994
105.76476057647605
102.47171858050518
99.87602665426932
93.79358437935844
90.6555090655509
90.6555090655509
89.64822563148923
89.64822563148923
89.64822563148923
89.64822563148923
89.6094839609484
89.18332558499922
88.64094219742755
85.38664187199751
82.13234154656749
80.7763830776383
79.88532465519913
78.91678289167828
78.52936618626995
77.5608244227491
78.18069115140244
80.07903300790329
92.63133426313343
107.50813575081357
109.13528591352859
105.37734387106772
100.18596001859599
95.49821788315512
93.67735936773593
93.67735936773593
93.9872927320626
93.1737176507051
91.46908414690841
91.08166744150007
90.57802572446923
89.64822563148923
88.44723384472339
86.23895862389585
84.340616767395
82.90717495738416
81.58995815899581
80.8926080892608
80.58267472493414
79.42042460870913
78.60684952735161
79.3816829381683
80.58267472493414
80.58267472493414
87.47869208120254
103.32403533240353
102.35549356888268
97.66775143344181
93.13497598016426
92.67007593367425
93.25120099178676
92.90252595691926
92.39888423988842
91.39160080582674
91.19789245312258
90.81047574771424
89.64822563148923
89.29955059662173
86.12273361227335
84.30187509685418
82.09359987602664
80.3114830311483
78.21943282194327
76.63102432976909
75.50751588408492
74.88764915543157
78.33565783356578
83.2945916627925
99.79854331318766
107.27568572756857
105.10615217728188
100.49589338292267
92.74755927475593
89.76445064311173
89.64822563148923
90.03564233689757
90.46180071284674
89.64822563148923
88.87339222067256
88.64094219742755
88.64094219742755
88.64094219742755
87.40120874012086
83.7594917092825
81.51247481791414
79.3816829381683
78.02572446923911
77.5608244227491
77.5608244227491
76.55354098868743
76.16612428327909
82.40353324035333
93.8710677204401
105.53231055323106
105.64853556485355
102.66542693320936
97.47404308073763
91.77901751123508
88.44723384472339
87.01379203471254
87.2075003874167
87.63365876336587
87.94359212769254
88.09855880985587
88.56345885634587
88.64094219742755
86.2777002944367
83.79823337982333
81.43499147683248
79.57539129087246
78.14194948086161
77.59956609328994
76.8634743530141
76.35983263598327
75.54625755462575
78.64559119789244
81.58995815899581
82.24856655818999
95.73066790640011
104.06012707267936
99.68231830156516
95.18828451882845
90.46180071284674
88.67968386796838
88.21478382147838
88.17604215093755
88.25352549201921
88.56345885634587
88.64094219742755
88.64094219742755
88.64094219742755
87.71114210444755
84.03068340306834
80.5439330543933
78.29691616302495
76.82473268247327
76.55354098868743
76.35983263598327
75.77870757787075
75.54625755462575
75.89493258949325
85.77405857740585
103.8664187199752
106.92701069270106
102.97536029753603
95.80815124748179
90.84921741825507
88.33100883310088
88.25352549201921
88.64094219742755
88.52471718580505
88.29226716256005
87.7886254455292
87.74988377498838
88.25352549201921
88.64094219742755
82.8296916163025
80.23399969006663
78.37439950410662
77.13466604679994
75.81744924841159
75.54625755462575
75.62374089570741
75.35254920192159
75.85619091895242
76.55354098868743
84.30187509685418
97.04788470478847
100.45715171238183
102.12304354563769
95.92437625910429
90.61676739501007
88.64094219742755
88.36975050364171
88.64094219742755
88.29226716256005
88.05981713931504
87.74988377498838
87.24624205795753
87.63365876336587
85.85154191848753
82.32604989927165
79.57539129087246
76.47605764760576
75.46877421354408
74.53897412056408
73.8803657213699
73.4154656748799
72.56314892298155
76.20486595381992
77.36711607004494
80.04029133736246
97.9002014566868
101.15450178211684
98.52006818534015
93.9872927320626
88.60220052688672
86.7426003409267
86.82008368200836
87.3237253990392
87.63365876336587
87.63365876336587
87.6724004339067
87.63365876336587
86.66511699984503
83.79823337982333
80.69889973655664
78.60684952735161
77.0959243762591
75.54625755462575
75.08135750813575
74.42274910894157
73.57043235704323
76.5147993181466
84.61180846118084
100.883310088331
105.49356888269021
103.05284363861769
97.51278475127847
90.5392840539284
87.05253370525337
85.65783356578335
85.23167518983418
84.61180846118084
85.07670850767084
85.61909189524252
85.61909189524252
85.61909189524252
85.61909189524252
83.2945916627925
79.76909964357662
77.25089105842244
75.81744924841159
74.53897412056408
73.80288238028824
73.2992406632574
73.8803657213699
74.53897412056408
78.99426623275995
96.27305129397179
103.44026034402603
101.07701844103518
96.6217263288393
91.27537579420424
87.82736711607004
86.6263753293042
85.6965752363242
85.61909189524252
85.65783356578335
85.61909189524252
85.73531690686502
86.89756702309003
86.2777002944367
81.31876646520998
78.18069115140244
76.82473268247327
76.01115760111576
74.65519913218658
73.9965907329924
73.5316906865024
75.08135750813575
78.56810785681078
84.99922516658918
101.38695180536185
103.78893537889353
102.74291027429102
97.3190763985743
89.68696730203006
86.6263753293042
86.6263753293042
85.96776693011002
85.73531690686502
85.61909189524252
85.85154191848753
86.6263753293042
86.6263753293042
83.02339996900666
82.55849992251666
81.00883310088331
78.56810785681078
77.40585774058577
76.32109096544242
75.50751588408492
74.53897412056408
74.73268247326824
81.58995815899581
96.58298465829846
104.13761041376104
101.92933519293352
94.02603440260343
89.91941732527506
87.98233379823337
87.71114210444755
88.09855880985587
88.13730048039672
87.63365876336587
87.63365876336587
87.47869208120254
86.6263753293042
86.00650860065086
83.7594917092825
81.55121648845498
80.8926080892608
78.95552456221913
77.71579110491244
76.78599101193242
76.55354098868743
75.77870757787075
75.58499922516658
78.45188284518828
90.5392840539284
104.13761041376104
105.88098558809855
100.80582674724934
94.2197427553076
90.84921741825507
89.6094839609484
89.68696730203006
90.15186734852007
90.0743840074384
89.64822563148923
89.64822563148923
89.64822563148923
89.64822563148923
89.18332558499922
85.15419184875252
83.33333333333333
82.01611653494498
81.47373314737331
80.62141639547497
79.42042460870913
78.25817449248412
78.52936618626995
85.92902525956919
97.39655973965597
106.2684022935069
104.56376878971021
99.488609948861
95.03331783666512
94.68464280179761
91.97272586393925
91.04292577095924
91.58530915853092
90.6555090655509
90.61676739501007
90.6555090655509
90.38431737176506
89.7257089725709
88.33100883310088
85.27041686037502
83.06214163954749
81.51247481791414
80.58267472493414
79.9628079962808
78.64559119789244
77.83201611653494
78.64559119789244
79.61413296141329
86.93630869363086
101.89059352239268
104.7962188129552
100.0697350069735
94.52967611963427
89.84193398419339
89.45451727878506
89.6094839609484
89.64822563148923
90.0743840074384
89.64822563148923
89.64822563148923
89.41577560824422
88.64094219742755
87.24624205795753
83.410816674415
81.39624980629165
80.58267472493414
80.3114830311483
79.11049124438246
77.71579110491244
76.82473268247327
77.48334108166743
81.55121648845498
94.49093444909344
102.70416860375019
99.33364326669765
94.33596776693011
89.41577560824422
87.0912753757942
86.6263753293042
87.05253370525337
87.63365876336587
87.7886254455292
88.64094219742755
88.44723384472339
87.74988377498838
87.5561754222842
82.48101658143499
81.08631644196497
79.76909964357662
79.07174957384161
78.33565783356578
77.5608244227491
77.2121493878816
76.3985743065241
77.5608244227491
83.44955834495583
96.81543468154346
103.4015186734852
100.57337672400433
94.64590113125678
87.98233379823337
85.65783356578335
85.61909189524252
85.61909189524252
85.89028358902836
87.01379203471254
87.63365876336587
87.63365876336587
87.74988377498838
87.74988377498838
82.01611653494498
80.11777467844414
78.83929955059662
78.56810785681078
77.98698279869828
77.5608244227491
80.73764140709747
89.37703393770339
99.87602665426932
103.71145203781187
100.18596001859599
94.80086781342011
90.50054238338757
87.71114210444755
87.2075003874167
87.63365876336587
87.63365876336587
87.71114210444755
88.56345885634587
88.64094219742755
88.64094219742755
88.02107546877421
84.2243917557725
81.31876646520998
79.65287463195412
78.95552456221913
