84.61180846118084
84.61180846118084
84.61180846118084
82.59724159305749
82.59724159305749
82.59724159305749
82.59724159305749
82.59724159305749
82.59724159305749
82.59724159305749
82.59724159305749
82.59724159305749
82.59724159305749
82.59724159305749
82.59724159305749
82.59724159305749
82.59724159305749
82.59724159305749
82.59724159305749
82.59724159305749
82.59724159305749
82.59724159305749
82.59724159305749
82.59724159305749
82.59724159305749
82.59724159305749
82.59724159305749
82.59724159305749
82.59724159305749
84.61180846118084
84.61180846118084
84.61180846118084
84.61180846118084
84.61180846118084
84.61180846118084
84.61180846118084
84.61180846118084
84.61180846118084
84.61180846118084
84.61180846118084
84.61180846118084
84.61180846118084
84.61180846118084
84.61180846118084
84.61180846118084
84.61180846118084
84.61180846118084
84.61180846118084
84.61180846118084
84.61180846118084
84.61180846118084
84.61180846118084
84.61180846118084
84.61180846118084
84.61180846118084
86.31644196497753
86.6263753293042
86.6263753293042
86.6263753293042
86.6263753293042
86.6263753293042
86.6263753293042
86.6263753293042
86.6263753293042
86.6263753293042
86.6263753293042
86.6263753293042
86.6263753293042
86.6263753293042
86.6263753293042
86.6263753293042
86.6263753293042
86.6263753293042
86.6263753293042
86.6263753293042
86.6263753293042
86.6263753293042
86.6263753293042
86.6263753293042
86.6263753293042
86.6263753293042
86.6263753293042
86.6263753293042
86.6263753293042
86.6263753293042
86.6263753293042
86.6263753293042
86.6263753293042
86.6263753293042
86.6263753293042
86.6263753293042
86.6263753293042
86.6263753293042
86.6263753293042
86.6263753293042
86.6263753293042
86.6263753293042
86.6263753293042
86.6263753293042
86.6263753293042
86.6263753293042
86.6263753293042
86.6263753293042
86.6263753293042
86.93630869363086
90.6555090655509
90.6555090655509
90.6555090655509
90.6555090655509
90.6555090655509
90.6555090655509
90.6555090655509
90.6555090655509
90.6555090655509
90.6555090655509
90.6555090655509
90.6555090655509
90.6555090655509
90.6555090655509
90.6555090655509
90.6555090655509
90.6555090655509
90.6555090655509
90.6555090655509
90.6555090655509
90.6555090655509
90.6555090655509
90.6555090655509
90.6555090655509
90.6555090655509
88.64094219742755
88.64094219742755
88.64094219742755
88.64094219742755
88.64094219742755
88.64094219742755
88.64094219742755
88.64094219742755
88.64094219742755
88.64094219742755
88.64094219742755
88.64094219742755
88.64094219742755
88.64094219742755
88.64094219742755
88.64094219742755
88.64094219742755
88.64094219742755
88.64094219742755
88.64094219742755
88.64094219742755
88.64094219742755
88.64094219742755
88.64094219742755
88.83465055013171
89.64822563148923
89.64822563148923
89.64822563148923
89.64822563148923
89.64822563148923
89.64822563148923
89.64822563148923
89.64822563148923
89.64822563148923
89.64822563148923
89.64822563148923
89.64822563148923
89.64822563148923
89.64822563148923
89.64822563148923
89.64822563148923
89.64822563148923
89.64822563148923
89.64822563148923
89.64822563148923
89.64822563148923
89.64822563148923
89.64822563148923
89.64822563148923
89.64822563148923
88.56345885634587
85.61909189524252
85.61909189524252
85.61909189524252
85.61909189524252
85.61909189524252
85.61909189524252
85.61909189524252
85.61909189524252
85.61909189524252
85.61909189524252
85.61909189524252
85.61909189524252
85.61909189524252
85.61909189524252
85.61909189524252
85.61909189524252
85.61909189524252
85.61909189524252
85.61909189524252
85.61909189524252
85.61909189524252
85.61909189524252
85.61909189524252
85.61909189524252
85.73531690686502
88.64094219742755
88.64094219742755
88.64094219742755
88.64094219742755
88.64094219742755
88.64094219742755
88.64094219742755
88.64094219742755
88.64094219742755
88.64094219742755
88.64094219742755
88.64094219742755
88.64094219742755
88.64094219742755
88.64094219742755
88.64094219742755
88.64094219742755
88.64094219742755
88.64094219742755
88.64094219742755
88.64094219742755
88.64094219742755
88.64094219742755
88.64094219742755
88.64094219742755
88.64094219742755
88.64094219742755
88.64094219742755
88.64094219742755
88.64094219742755
88.64094219742755
88.64094219742755
88.64094219742755
88.64094219742755
88.64094219742755
88.64094219742755
88.64094219742755
88.64094219742755
88.64094219742755
88.64094219742755
88.64094219742755
88.64094219742755
88.64094219742755
88.64094219742755
88.64094219742755
88.64094219742755
88.64094219742755
88.64094219742755
88.64094219742755
88.64094219742755
87.94359212769254
86.6263753293042
86.6263753293042
86.6263753293042
86.6263753293042
86.6263753293042
86.6263753293042
86.6263753293042
86.6263753293042
86.6263753293042
86.6263753293042
86.6263753293042
86.6263753293042
86.6263753293042
86.6263753293042
86.6263753293042
86.6263753293042
86.6263753293042
86.6263753293042
86.6263753293042
86.6263753293042
86.6263753293042
86.6263753293042
86.6263753293042
86.6263753293042
86.6263753293042
86.58763365876337
85.61909189524252
85.61909189524252
85.61909189524252
85.61909189524252
85.61909189524252
85.61909189524252
85.61909189524252
85.61909189524252
85.61909189524252
85.61909189524252
85.61909189524252
85.61909189524252
85.61909189524252
85.61909189524252
85.61909189524252
85.61909189524252
85.61909189524252
85.61909189524252
85.61909189524252
85.61909189524252
85.61909189524252
85.61909189524252
85.61909189524252
85.61909189524252
85.61909189524252
85.61909189524252
84.06942507360917
83.60452502711917
83.60452502711917
83.60452502711917
83.60452502711917
83.60452502711917
83.60452502711917
83.60452502711917
83.60452502711917
83.60452502711917
83.60452502711917
83.60452502711917
83.60452502711917
83.60452502711917
83.60452502711917
83.60452502711917
83.60452502711917
83.60452502711917
83.60452502711917
83.60452502711917
83.60452502711917
83.60452502711917
83.60452502711917
83.60452502711917
83.60452502711917
83.60452502711917
85.38664187199751
85.61909189524252
85.61909189524252
85.61909189524252
85.61909189524252
85.61909189524252
85.61909189524252
85.61909189524252
85.61909189524252
85.61909189524252
85.61909189524252
85.61909189524252
85.61909189524252
85.61909189524252
85.61909189524252
85.61909189524252
85.61909189524252
85.61909189524252
85.61909189524252
85.61909189524252
85.61909189524252
85.61909189524252
85.61909189524252
85.61909189524252
87.5561754222842
90.6555090655509
90.6555090655509
90.6555090655509
90.6555090655509
90.6555090655509
90.6555090655509
90.6555090655509
90.6555090655509
90.6555090655509
90.6555090655509
90.6555090655509
90.6555090655509
90.6555090655509
90.6555090655509
90.6555090655509
90.6555090655509
90.6555090655509
90.6555090655509
90.6555090655509
90.6555090655509
90.6555090655509
90.6555090655509
90.6555090655509
91.35285913528591
92.67007593367425
92.67007593367425
92.67007593367425
92.67007593367425
92.67007593367425
92.67007593367425
92.67007593367425
92.67007593367425
92.67007593367425
92.67007593367425
92.67007593367425
92.67007593367425
92.67007593367425
92.67007593367425
92.67007593367425
92.67007593367425
92.67007593367425
92.67007593367425
92.67007593367425
92.67007593367425
92.67007593367425
92.67007593367425
92.67007593367425
92.67007593367425
91.89524252285759
87.63365876336587
87.63365876336587
87.63365876336587
87.63365876336587
87.63365876336587
87.63365876336587
87.63365876336587
87.63365876336587
87.63365876336587
87.63365876336587
87.63365876336587
87.63365876336587
87.63365876336587
87.63365876336587
87.63365876336587
87.63365876336587
87.63365876336587
87.63365876336587
87.63365876336587
87.63365876336587
87.63365876336587
87.63365876336587
87.63365876336587
87.63365876336587
87.63365876336587
87.63365876336587
87.63365876336587
87.63365876336587
87.63365876336587
87.63365876336587
87.63365876336587
87.63365876336587
87.63365876336587
87.63365876336587
87.63365876336587
87.63365876336587
87.63365876336587
87.63365876336587
87.63365876336587
87.63365876336587
87.63365876336587
87.63365876336587
87.63365876336587
87.63365876336587
87.63365876336587
87.63365876336587
87.63365876336587
87.63365876336587
87.63365876336587
87.63365876336587
87.63365876336587
87.63365876336587
87.63365876336587
87.63365876336587
87.63365876336587
87.63365876336587
87.63365876336587
87.63365876336587
87.63365876336587
87.63365876336587
87.63365876336587
87.63365876336587
87.63365876336587
87.63365876336587
87.63365876336587
87.63365876336587
87.63365876336587
87.63365876336587
87.63365876336587
87.63365876336587
87.63365876336587
87.63365876336587
87.63365876336587
87.63365876336587
43.46815434681543
30.2185030218503
30.2185030218503
30.2185030218503
30.2185030218503
30.2185030218503
30.2185030218503
30.2185030218503
30.2185030218503
30.2185030218503
30.2185030218503
30.2185030218503
30.2185030218503
30.2185030218503
30.2185030218503
30.2185030218503
30.2185030218503
30.2185030218503
30.2185030218503
30.2185030218503
30.2185030218503
30.2185030218503
30.2185030218503
30.2185030218503
30.2185030218503
30.2185030218503
30.2185030218503
30.2185030218503
30.2185030218503
30.2185030218503
30.2185030218503
30.2185030218503
30.2185030218503
30.2185030218503
30.2185030218503
30.2185030218503
30.2185030218503
30.2185030218503
30.2185030218503
30.2185030218503
30.2185030218503
30.2185030218503
30.2185030218503
30.2185030218503
30.2185030218503
30.2185030218503
30.2185030218503
30.2185030218503
30.2185030218503
30.2185030218503
30.2185030218503
30.2185030218503
30.2185030218503
30.2185030218503
30.2185030218503
30.2185030218503
30.2185030218503
30.2185030218503
30.2185030218503
30.2185030218503
30.2185030218503
30.2185030218503
30.2185030218503
30.2185030218503
30.2185030218503
30.2185030218503
30.2185030218503
30.2185030218503
30.2185030218503
30.2185030218503
30.2185030218503
30.2185030218503
30.2185030218503
30.2185030218503
30.2185030218503
30.2185030218503
30.2185030218503
30.2185030218503
30.2185030218503
30.2185030218503
30.2185030218503
30.2185030218503
24.407252440725244
0.0
4.029133736246707
26.189369285603593
26.189369285603593
26.189369285603593
26.189369285603593
26.189369285603593
26.189369285603593
26.189369285603593
26.189369285603593
26.189369285603593
26.189369285603593
26.189369285603593
26.189369285603593
50.054238338757166
181.3110181311018
181.3110181311018
181.3110181311018
181.3110181311018
181.3110181311018
181.3110181311018
181.3110181311018
181.3110181311018
181.3110181311018
181.3110181311018
181.3110181311018
181.3110181311018
181.3110181311018
181.3110181311018
181.3110181311018
181.3110181311018
181.3110181311018
181.3110181311018
181.3110181311018
181.3110181311018
181.3110181311018
181.3110181311018
181.3110181311018
128.00247946691462
94.68464280179761
94.68464280179761
94.68464280179761
94.68464280179761
94.68464280179761
94.68464280179761
94.68464280179761
94.68464280179761
94.68464280179761
94.68464280179761
94.68464280179761
94.68464280179761
94.68464280179761
94.68464280179761
94.68464280179761
94.68464280179761
94.68464280179761
94.68464280179761
94.68464280179761
94.68464280179761
94.68464280179761
94.68464280179761
94.68464280179761
94.68464280179761
88.98961723229505
87.63365876336587
87.63365876336587
87.63365876336587
87.63365876336587
87.63365876336587
87.63365876336587
87.63365876336587
87.63365876336587
87.63365876336587
87.63365876336587
87.63365876336587
87.63365876336587
87.63365876336587
87.63365876336587
87.63365876336587
87.63365876336587
87.63365876336587
87.63365876336587
87.63365876336587
87.63365876336587
87.63365876336587
87.63365876336587
88.33100883310088
93.67735936773593
93.67735936773593
93.67735936773593
93.67735936773593
93.67735936773593
93.67735936773593
93.67735936773593
93.67735936773593
93.67735936773593
93.67735936773593
93.67735936773593
93.67735936773593
93.67735936773593
93.67735936773593
93.67735936773593
93.67735936773593
93.67735936773593
93.67735936773593
93.67735936773593
93.67735936773593
93.67735936773593
93.67735936773593
93.67735936773593
93.67735936773593
92.28265922826591
89.64822563148923
89.64822563148923
89.64822563148923
89.64822563148923
89.64822563148923
89.64822563148923
89.64822563148923
89.64822563148923
89.64822563148923
89.64822563148923
89.64822563148923
89.64822563148923
89.64822563148923
89.64822563148923
89.64822563148923
89.64822563148923
89.64822563148923
89.64822563148923
89.64822563148923
89.64822563148923
89.64822563148923
89.64822563148923
89.64822563148923
89.64822563148923
89.64822563148923
88.83465055013171
88.64094219742755
88.64094219742755
88.64094219742755
88.64094219742755
88.64094219742755
88.64094219742755
88.64094219742755
88.64094219742755
88.64094219742755
88.64094219742755
88.64094219742755
88.64094219742755
88.64094219742755
88.64094219742755
88.64094219742755
88.64094219742755
88.64094219742755
88.64094219742755
88.64094219742755
88.64094219742755
88.64094219742755
89.88067565473423
96.69920966992096
96.69920966992096
96.69920966992096
96.69920966992096
96.69920966992096
96.69920966992096
96.69920966992096
96.69920966992096
96.69920966992096
96.69920966992096
96.69920966992096
96.69920966992096
96.69920966992096
96.69920966992096
96.69920966992096
96.69920966992096
96.69920966992096
96.69920966992096
96.69920966992096
96.69920966992096
96.69920966992096
96.69920966992096
96.69920966992096
96.69920966992096
93.59987602665427
92.67007593367425
92.67007593367425
92.67007593367425
92.67007593367425
92.67007593367425
92.67007593367425
92.67007593367425
92.67007593367425
92.67007593367425
92.67007593367425
92.67007593367425
92.67007593367425
92.67007593367425
92.67007593367425
92.67007593367425
92.67007593367425
92.67007593367425
92.67007593367425
92.67007593367425
92.67007593367425
92.67007593367425
92.67007593367425
93.0574926390826
93.67735936773593
93.67735936773593
93.67735936773593
93.67735936773593
93.67735936773593
93.67735936773593
93.67735936773593
93.67735936773593
93.67735936773593
93.67735936773593
93.67735936773593
93.67735936773593
93.67735936773593
93.67735936773593
93.67735936773593
93.67735936773593
93.67735936773593
93.67735936773593
93.67735936773593
93.67735936773593
93.67735936773593
93.67735936773593
93.83232604989927
95.69192623585928
95.69192623585928
95.69192623585928
95.69192623585928
95.69192623585928
95.69192623585928
95.69192623585928
95.69192623585928
95.69192623585928
95.69192623585928
95.69192623585928
95.69192623585928
95.69192623585928
95.69192623585928
95.69192623585928
95.69192623585928
95.69192623585928
95.69192623585928
95.69192623585928
95.69192623585928
95.69192623585928
95.69192623585928
95.69192623585928
95.69192623585928
94.33596776693011
90.6555090655509
90.6555090655509
90.6555090655509
90.6555090655509
90.6555090655509
90.6555090655509
90.6555090655509
90.6555090655509
90.6555090655509
90.6555090655509
90.6555090655509
90.6555090655509
90.6555090655509
90.6555090655509
90.6555090655509
90.6555090655509
90.6555090655509
90.6555090655509
90.6555090655509
90.6555090655509
90.6555090655509
90.6555090655509
90.6555090655509
92.51510925151092
92.67007593367425
92.67007593367425
92.67007593367425
92.67007593367425
92.67007593367425
92.67007593367425
92.67007593367425
92.67007593367425
92.67007593367425
92.67007593367425
92.67007593367425
92.67007593367425
92.67007593367425
92.67007593367425
92.67007593367425
92.67007593367425
92.67007593367425
92.67007593367425
92.67007593367425
92.67007593367425
92.67007593367425
92.67007593367425
92.67007593367425
92.51510925151092
90.6555090655509
90.6555090655509
90.6555090655509
90.6555090655509
90.6555090655509
90.6555090655509
90.6555090655509
90.6555090655509
90.6555090655509
90.6555090655509
90.6555090655509
90.6555090655509
90.6555090655509
90.6555090655509
90.6555090655509
90.6555090655509
90.6555090655509
90.6555090655509
90.6555090655509
90.6555090655509
90.6555090655509
90.6555090655509
90.6555090655509
94.72338447233844
95.69192623585928
95.69192623585928
95.69192623585928
95.69192623585928
95.69192623585928
95.69192623585928
95.69192623585928
95.69192623585928
95.69192623585928
95.69192623585928
95.69192623585928
95.69192623585928
95.69192623585928
95.69192623585928
95.69192623585928
95.69192623585928
95.69192623585928
95.69192623585928
95.69192623585928
95.69192623585928
95.69192623585928
95.69192623585928
95.69192623585928
94.14225941422593
93.67735936773593
93.67735936773593
93.67735936773593
93.67735936773593
93.67735936773593
93.67735936773593
93.67735936773593
93.67735936773593
93.67735936773593
93.67735936773593
93.67735936773593
93.67735936773593
93.67735936773593
93.67735936773593
93.67735936773593
93.67735936773593
93.67735936773593
93.67735936773593
93.67735936773593
93.67735936773593
94.76212614287928
100.72834340616767
100.72834340616767
100.72834340616767
100.72834340616767
100.72834340616767
100.72834340616767
100.72834340616767
100.72834340616767
100.72834340616767
100.72834340616767
100.72834340616767
100.72834340616767
100.72834340616767
100.72834340616767
100.72834340616767
100.72834340616767
100.72834340616767
