99.17928563171888
99.17928563171888
99.17928563171888
99.17928563171888
99.17928563171888
99.17928563171888
99.17928563171888
92.43632720687397
85.15393210804146
85.15393210804146
85.15393210804146
85.15393210804146
85.15393210804146
85.15393210804146
85.15393210804146
85.15393210804146
85.15393210804146
85.15393210804146
85.15393210804146
89.16117597194929
93.16841983585712
93.16841983585712
93.16841983585712
93.16841983585712
93.16841983585712
93.16841983585712
93.16841983585712
93.16841983585712
93.16841983585712
93.16841983585712
93.16841983585712
95.59588486880129
96.17385273378801
96.17385273378801
96.17385273378801
96.17385273378801
96.17385273378801
96.17385273378801
96.17385273378801
96.17385273378801
96.17385273378801
96.17385273378801
96.17385273378801
96.17385273378801
88.8914576349555
87.15755403999538
87.15755403999538
87.15755403999538
87.15755403999538
87.15755403999538
87.15755403999538
87.15755403999538
87.15755403999538
87.15755403999538
87.15755403999538
90.33637729742226
98.17747466574193
98.17747466574193
98.17747466574193
98.17747466574193
98.17747466574193
98.17747466574193
98.17747466574193
98.17747466574193
98.17747466574193
98.17747466574193
98.17747466574193
98.17747466574193
95.21057295881016
87.15755403999538
87.15755403999538
87.15755403999538
87.15755403999538
87.15755403999538
87.15755403999538
87.15755403999538
87.15755403999538
87.15755403999538
87.15755403999538
87.15755403999538
87.15755403999538
89.58501907293955
90.16298693792625
90.16298693792625
90.16298693792625
90.16298693792625
90.16298693792625
90.16298693792625
90.16298693792625
90.16298693792625
90.16298693792625
90.16298693792625
90.16298693792625
90.16298693792625
88.15936500597233
88.15936500597233
88.15936500597233
88.15936500597233
88.15936500597233
88.15936500597233
88.15936500597233
88.15936500597233
88.15936500597233
88.15936500597233
88.15936500597233
88.15936500597233
88.50614572496436
89.16117597194929
89.16117597194929
89.16117597194929
89.16117597194929
89.16117597194929
89.16117597194929
89.16117597194929
89.16117597194929
89.16117597194929
89.16117597194929
89.58501907293955
100.18109659769584
100.18109659769584
100.18109659769584
100.18109659769584
100.18109659769584
100.18109659769584
100.18109659769584
100.18109659769584
100.18109659769584
100.18109659769584
100.18109659769584
100.18109659769584
100.18109659769584
85.15393210804146
85.15393210804146
85.15393210804146
85.15393210804146
85.15393210804146
85.15393210804146
85.15393210804146
85.15393210804146
85.15393210804146
85.15393210804146
85.15393210804146
85.15393210804146
85.15393210804146
86.77224213000424
87.15755403999538
87.15755403999538
87.15755403999538
87.15755403999538
87.15755403999538
87.15755403999538
87.15755403999538
87.15755403999538
87.15755403999538
87.15755403999538
87.15755403999538
87.15755403999538
87.15755403999538
87.15755403999538
87.15755403999538
87.15755403999538
87.15755403999538
87.15755403999538
87.15755403999538
87.15755403999538
87.15755403999538
87.15755403999538
87.15755403999538
59.51142449813124
46.08330443494008
46.08330443494008
46.08330443494008
46.08330443494008
46.08330443494008
46.08330443494008
46.08330443494008
46.08330443494008
46.08330443494008
46.08330443494008
46.08330443494008
46.08330443494008
81.70539051362078
89.16117597194929
89.16117597194929
89.16117597194929
89.16117597194929
89.16117597194929
89.16117597194929
89.16117597194929
89.16117597194929
89.16117597194929
89.16117597194929
89.16117597194929
89.16117597194929
86.67591415250645
86.15574307401842
86.15574307401842
86.15574307401842
86.15574307401842
86.15574307401842
86.15574307401842
86.15574307401842
86.15574307401842
86.15574307401842
86.15574307401842
86.15574307401842
86.15574307401842
85.46218163603437
84.1521211420645
84.1521211420645
84.1521211420645
84.1521211420645
84.1521211420645
84.1521211420645
84.1521211420645
84.1521211420645
84.1521211420645
84.1521211420645
84.1521211420645
87.27314761299272
93.16841983585712
93.16841983585712
93.16841983585712
93.16841983585712
93.16841983585712
93.16841983585712
93.16841983585712
93.16841983585712
93.16841983585712
93.16841983585712
93.16841983585712
93.16841983585712
93.16841983585712
84.32551150156051
84.1521211420645
84.1521211420645
84.1521211420645
84.1521211420645
84.1521211420645
84.1521211420645
84.1521211420645
84.1521211420645
84.1521211420645
84.1521211420645
84.57596424305476
95.17204176781105
95.17204176781105
95.17204176781105
95.17204176781105
95.17204176781105
95.17204176781105
95.17204176781105
95.17204176781105
95.17204176781105
95.17204176781105
95.17204176781105
95.17204176781105
91.99321851038415
90.16298693792625
90.16298693792625
90.16298693792625
90.16298693792625
90.16298693792625
90.16298693792625
90.16298693792625
90.16298693792625
90.16298693792625
90.16298693792625
90.16298693792625
90.16298693792625
90.16298693792625
90.16298693792625
90.16298693792625
90.16298693792625
90.16298693792625
90.16298693792625
90.16298693792625
90.16298693792625
90.16298693792625
90.16298693792625
90.16298693792625
91.60790660039302
95.17204176781105
95.17204176781105
95.17204176781105
95.17204176781105
95.17204176781105
95.17204176781105
95.17204176781105
95.17204176781105
95.17204176781105
95.17204176781105
95.17204176781105
95.17204176781105
95.17204176781105
95.17204176781105
95.17204176781105
95.17204176781105
95.17204176781105
95.17204176781105
95.17204176781105
95.17204176781105
95.17204176781105
95.17204176781105
95.34543212730706
98.17747466574193
98.17747466574193
98.17747466574193
98.17747466574193
98.17747466574193
98.17747466574193
98.17747466574193
98.17747466574193
98.17747466574193
98.17747466574193
98.17747466574193
100.89392363117945
101.1829075636728
101.1829075636728
101.1829075636728
101.1829075636728
101.1829075636728
101.1829075636728
101.1829075636728
101.1829075636728
101.1829075636728
101.1829075636728
105.19015142758063
105.19015142758063
105.19015142758063
105.19015142758063
105.19015142758063
105.19015142758063
105.19015142758063
105.19015142758063
105.19015142758063
105.19015142758063
105.19015142758063
101.64528185566216
101.1829075636728
101.1829075636728
101.1829075636728
101.1829075636728
101.1829075636728
101.1829075636728
101.1829075636728
101.1829075636728
101.1829075636728
101.1829075636728
101.1829075636728
95.80780641929643
92.16660886988016
92.16660886988016
92.16660886988016
92.16660886988016
92.16660886988016
92.16660886988016
92.16660886988016
92.16660886988016
92.16660886988016
92.16660886988016
94.18949639733364
99.17928563171888
99.17928563171888
99.17928563171888
99.17928563171888
99.17928563171888
99.17928563171888
99.17928563171888
99.17928563171888
99.17928563171888
99.17928563171888
99.17928563171888
99.17928563171888
92.39779601587485
91.1647979039032
91.1647979039032
91.1647979039032
91.1647979039032
91.1647979039032
91.1647979039032
91.1647979039032
91.1647979039032
91.1647979039032
91.1647979039032
91.1647979039032
91.1647979039032
90.47123646591916
82.14849921011059
82.14849921011059
82.14849921011059
82.14849921011059
82.14849921011059
82.14849921011059
82.14849921011059
82.14849921011059
82.14849921011059
82.14849921011059
82.14849921011059
82.14849921011059
82.14849921011059
84.80715138904944
85.15393210804146
85.15393210804146
85.15393210804146
85.15393210804146
85.15393210804146
85.15393210804146
85.15393210804146
85.15393210804146
85.15393210804146
85.15393210804146
85.15393210804146
85.2695256810388
88.15936500597233
88.15936500597233
88.15936500597233
88.15936500597233
88.15936500597233
88.15936500597233
88.15936500597233
88.15936500597233
88.15936500597233
88.15936500597233
88.15936500597233
90.93361075790853
96.17385273378801
96.17385273378801
96.17385273378801
96.17385273378801
96.17385273378801
96.17385273378801
96.17385273378801
96.17385273378801
96.17385273378801
96.17385273378801
96.17385273378801
96.17385273378801
90.62536122991561
88.15936500597233
88.15936500597233
88.15936500597233
88.15936500597233
88.15936500597233
88.15936500597233
88.15936500597233
88.15936500597233
88.15936500597233
88.15936500597233
88.15936500597233
94.7867298578199
96.17385273378801
96.17385273378801
96.17385273378801
96.17385273378801
96.17385273378801
96.17385273378801
96.17385273378801
96.17385273378801
96.17385273378801
96.17385273378801
96.17385273378801
94.24729318383231
91.1647979039032
91.1647979039032
91.1647979039032
91.1647979039032
91.1647979039032
91.1647979039032
91.1647979039032
91.1647979039032
91.1647979039032
91.1647979039032
91.1647979039032
91.1647979039032
88.96852001695373
88.15936500597233
88.15936500597233
88.15936500597233
88.15936500597233
88.15936500597233
88.15936500597233
88.15936500597233
88.15936500597233
88.15936500597233
88.15936500597233
88.15936500597233
91.43451624089701
93.16841983585712
93.16841983585712
93.16841983585712
93.16841983585712
93.16841983585712
93.16841983585712
93.16841983585712
93.16841983585712
93.16841983585712
93.16841983585712
93.16841983585712
92.97576388086156
92.16660886988016
92.16660886988016
92.16660886988016
92.16660886988016
92.16660886988016
92.16660886988016
92.16660886988016
92.16660886988016
92.16660886988016
92.16660886988016
92.16660886988016
93.72712210534428
95.17204176781105
95.17204176781105
95.17204176781105
95.17204176781105
95.17204176781105
95.17204176781105
95.17204176781105
95.17204176781105
95.17204176781105
95.17204176781105
95.17204176781105
95.17204176781105
90.74095480291297
90.16298693792625
90.16298693792625
90.16298693792625
90.16298693792625
90.16298693792625
90.16298693792625
90.16298693792625
90.16298693792625
90.16298693792625
90.16298693792625
90.16298693792625
91.35745385889878
92.16660886988016
92.16660886988016
92.16660886988016
92.16660886988016
92.16660886988016
92.16660886988016
92.16660886988016
92.16660886988016
92.16660886988016
92.16660886988016
92.16660886988016
92.16660886988016
92.16660886988016
83.84387161407159
83.15031017608754
83.15031017608754
83.15031017608754
83.15031017608754
83.15031017608754
83.15031017608754
83.15031017608754
83.15031017608754
83.15031017608754
83.15031017608754
83.15031017608754
83.15031017608754
87.15755403999538
87.15755403999538
87.15755403999538
87.15755403999538
87.15755403999538
87.15755403999538
87.15755403999538
87.15755403999538
87.15755403999538
87.15755403999538
87.15755403999538
87.15755403999538
87.15755403999538
86.15574307401842
86.15574307401842
86.15574307401842
86.15574307401842
86.15574307401842
86.15574307401842
86.15574307401842
86.15574307401842
86.15574307401842
86.15574307401842
86.15574307401842
86.15574307401842
88.3134897699688
90.16298693792625
90.16298693792625
90.16298693792625
90.16298693792625
90.16298693792625
90.16298693792625
90.16298693792625
90.16298693792625
90.16298693792625
90.16298693792625
90.16298693792625
94.49774592532656
95.17204176781105
95.17204176781105
95.17204176781105
95.17204176781105
95.17204176781105
95.17204176781105
95.17204176781105
95.17204176781105
95.17204176781105
95.17204176781105
95.17204176781105
94.01610603783763
92.16660886988016
92.16660886988016
92.16660886988016
92.16660886988016
92.16660886988016
92.16660886988016
92.16660886988016
92.16660886988016
92.16660886988016
92.16660886988016
92.16660886988016
92.16660886988016
90.6831580164143
85.15393210804146
85.15393210804146
85.15393210804146
85.15393210804146
85.15393210804146
85.15393210804146
85.15393210804146
85.15393210804146
85.15393210804146
85.15393210804146
85.15393210804146
85.15393210804146
85.15393210804146
85.15393210804146
85.15393210804146
85.15393210804146
85.15393210804146
85.15393210804146
85.15393210804146
85.15393210804146
85.15393210804146
85.15393210804146
85.15393210804146
85.15393210804146
87.85111547797942
95.17204176781105
95.17204176781105
95.17204176781105
95.17204176781105
95.17204176781105
95.17204176781105
95.17204176781105
95.17204176781105
95.17204176781105
95.17204176781105
95.17204176781105
95.17204176781105
92.39779601587485
89.16117597194929
89.16117597194929
89.16117597194929
89.16117597194929
89.16117597194929
89.16117597194929
89.16117597194929
89.16117597194929
89.16117597194929
89.16117597194929
89.16117597194929
89.16117597194929
88.48688012946481
88.15936500597233
88.15936500597233
88.15936500597233
88.15936500597233
88.15936500597233
88.15936500597233
88.15936500597233
88.15936500597233
88.15936500597233
88.15936500597233
88.15936500597233
90.31711170192271
92.16660886988016
92.16660886988016
92.16660886988016
92.16660886988016
92.16660886988016
92.16660886988016
92.16660886988016
92.16660886988016
92.16660886988016
92.16660886988016
92.16660886988016
91.9739529148846
90.16298693792625
90.16298693792625
90.16298693792625
90.16298693792625
90.16298693792625
90.16298693792625
90.16298693792625
90.16298693792625
90.16298693792625
90.16298693792625
90.16298693792625
90.16298693792625
89.89326860093246
89.16117597194929
89.16117597194929
89.16117597194929
89.16117597194929
89.16117597194929
89.16117597194929
89.16117597194929
89.16117597194929
89.16117597194929
89.16117597194929
89.16117597194929
90.0088621739298
93.16841983585712
93.16841983585712
93.16841983585712
93.16841983585712
93.16841983585712
93.16841983585712
93.16841983585712
93.16841983585712
93.16841983585712
93.16841983585712
93.16841983585712
93.16841983585712
93.16841983585712
85.5392440180326
84.1521211420645
84.1521211420645
84.1521211420645
84.1521211420645
84.1521211420645
84.1521211420645
84.1521211420645
84.1521211420645
84.1521211420645
84.1521211420645
84.1521211420645
84.1521211420645
85.77043116402729
86.15574307401842
86.15574307401842
86.15574307401842
86.15574307401842
86.15574307401842
86.15574307401842
86.15574307401842
86.15574307401842
86.15574307401842
86.15574307401842
86.15574307401842
86.15574307401842
85.34658806303703
84.1521211420645
84.1521211420645
84.1521211420645
84.1521211420645
84.1521211420645
84.1521211420645
84.1521211420645
84.1521211420645
84.1521211420645
84.1521211420645
84.1521211420645
84.1521211420645
90.04739336492891
90.16298693792625
90.16298693792625
90.16298693792625
90.16298693792625
90.16298693792625
90.16298693792625
90.16298693792625
90.16298693792625
90.16298693792625
90.16298693792625
90.16298693792625
89.66208145493778
89.16117597194929
89.16117597194929
89.16117597194929
89.16117597194929
89.16117597194929
89.16117597194929
89.16117597194929
89.16117597194929
89.16117597194929
89.16117597194929
89.16117597194929
89.16117597194929
89.16117597194929
89.16117597194929
89.16117597194929
89.16117597194929
89.16117597194929
89.16117597194929
89.16117597194929
89.16117597194929
89.16117597194929
89.16117597194929
89.16117597194929
89.16117597194929
93.90051246484029
95.17204176781105
95.17204176781105
95.17204176781105
95.17204176781105
95.17204176781105
95.17204176781105
95.17204176781105
95.17204176781105
95.17204176781105
95.17204176781105
95.17204176781105
95.17204176781105
95.17204176781105
95.17204176781105
95.17204176781105
95.17204176781105
95.17204176781105
95.17204176781105
95.17204176781105
95.17204176781105
95.17204176781105
95.17204176781105
95.17204176781105
93.16841983585712
93.16841983585712
93.16841983585712
93.16841983585712
93.16841983585712
93.16841983585712
93.16841983585712
93.16841983585712
93.16841983585712
93.16841983585712
93.16841983585712
93.57299734134783
96.17385273378801
96.17385273378801
96.17385273378801
96.17385273378801
96.17385273378801
96.17385273378801
96.17385273378801
96.17385273378801
96.17385273378801
96.17385273378801
96.17385273378801
96.17385273378801
93.0913574538589
86.15574307401842
86.15574307401842
86.15574307401842
86.15574307401842
86.15574307401842
86.15574307401842
86.15574307401842
86.15574307401842
86.15574307401842
86.15574307401842
86.15574307401842
86.15574307401842
87.60066273648519
89.16117597194929
89.16117597194929
89.16117597194929
89.16117597194929
89.16117597194929
89.16117597194929
89.16117597194929
89.16117597194929
89.16117597194929
89.16117597194929
89.16117597194929
89.19970716294841
90.16298693792625
90.16298693792625
90.16298693792625
90.16298693792625
90.16298693792625
90.16298693792625
90.16298693792625
90.16298693792625
90.16298693792625
90.16298693792625
90.16298693792625
90.16298693792625
90.16298693792625
86.02088390552152
85.15393210804146
85.15393210804146
85.15393210804146
85.15393210804146
85.15393210804146
85.15393210804146
85.15393210804146
85.15393210804146
85.15393210804146
85.15393210804146
85.15393210804146
92.86017030786422
93.16841983585712
93.16841983585712
93.16841983585712
93.16841983585712
93.16841983585712
93.16841983585712
93.16841983585712
93.16841983585712
93.16841983585712
93.16841983585712
93.16841983585712
93.16841983585712
88.54467691596348
88.15936500597233
88.15936500597233
88.15936500597233
88.15936500597233
88.15936500597233
88.15936500597233
88.15936500597233
88.15936500597233
88.15936500597233
88.15936500597233
94.13169961083497
98.17747466574193
98.17747466574193
98.17747466574193
98.17747466574193
98.17747466574193
98.17747466574193
98.17747466574193
98.17747466574193
98.17747466574193
101.1829075636728
110.19920625746542
110.19920625746542
110.19920625746542
110.19920625746542
110.19920625746542
110.19920625746542
110.19920625746542
110.19920625746542
110.19920625746542
110.19920625746542
110.19920625746542
110.19920625746542
92.5133895888722
92.16660886988016
92.16660886988016
92.16660886988016
92.16660886988016
92.16660886988016
92.16660886988016
92.16660886988016
92.16660886988016
92.16660886988016
92.16660886988016
94.82526104881902
98.17747466574193
98.17747466574193
98.17747466574193
98.17747466574193
98.17747466574193
98.17747466574193
