96.92077449771635
96.02903203294018
96.02903203294018
96.02903203294018
96.02903203294018
96.02903203294018
96.02903203294018
96.02903203294018
96.02903203294018
96.02903203294018
96.02903203294018
96.02903203294018
95.02097533362799
94.0284271989206
94.0284271989206
94.0284271989206
94.0284271989206
94.0284271989206
94.0284271989206
94.0284271989206
94.0284271989206
94.0284271989206
94.0284271989206
93.96639294050138
92.02782236490101
92.02782236490101
92.02782236490101
92.02782236490101
92.02782236490101
92.02782236490101
91.21362272314884
91.02751994789121
91.02751994789121
91.02751994789121
91.02751994789121
91.02751994789121
89.53869774583012
89.02691511387162
89.02691511387162
89.02691511387162
89.02691511387162
89.02691511387162
89.02691511387162
89.02691511387162
89.02691511387162
89.02691511387162
89.02691511387162
89.02691511387162
89.53869774583012
90.02721753088142
90.02721753088142
90.02721753088142
90.02721753088142
90.02721753088142
90.02721753088142
90.02721753088142
90.02721753088142
90.02721753088142
90.02721753088142
90.02721753088142
92.93507339428199
93.0281247819108
93.0281247819108
93.0281247819108
93.0281247819108
93.0281247819108
93.0281247819108
93.0281247819108
93.0281247819108
93.0281247819108
93.0281247819108
92.28371368088025
92.02782236490101
92.02782236490101
92.02782236490101
92.02782236490101
92.26045083397305
94.0284271989206
94.0284271989206
94.0284271989206
94.0284271989206
94.0284271989206
93.34605035630926
93.0281247819108
93.0281247819108
93.0281247819108
93.0281247819108
92.62490210218593
91.02751994789121
91.02751994789121
91.02751994789121
91.02751994789121
91.05078279479842
92.02782236490101
92.02782236490101
92.02782236490101
92.02782236490101
92.02782236490101
92.02782236490101
92.02782236490101
92.02782236490101
92.02782236490101
92.02782236490101
95.03648389823279
96.02903203294018
96.02903203294018
96.02903203294018
96.02903203294018
95.81966641077534
95.02872961593039
95.02872961593039
95.02872961593039
95.02872961593039
95.02872961593039
95.02872961593039
95.02872961593039
95.02872961593039
95.02872961593039
95.02872961593039
95.02872961593039
94.29982707950465
94.0284271989206
94.0284271989206
94.0284271989206
94.0284271989206
92.98935337039879
92.02782236490101
92.02782236490101
92.02782236490101
92.02782236490101
91.16709702933444
89.02691511387162
89.02691511387162
89.02691511387162
89.02691511387162
89.67827482727336
92.02782236490101
92.02782236490101
92.02782236490101
92.02782236490101
91.81070246043376
91.02751994789121
91.02751994789121
91.02751994789121
91.02751994789121
91.4462511922209
94.0284271989206
94.0284271989206
94.0284271989206
94.0284271989206
94.0284271989206
94.0284271989206
94.0284271989206
94.0284271989206
94.0284271989206
94.0284271989206
95.84292925768254
96.02903203294018
96.02903203294018
96.02903203294018
96.02903203294018
96.02903203294018
96.02903203294018
96.02903203294018
96.02903203294018
96.02903203294018
93.98190150510618
93.0281247819108
93.0281247819108
93.0281247819108
93.32278750940206
95.02872961593039
95.02872961593039
95.02872961593039
95.02872961593039
93.91211296438458
92.02782236490101
92.02782236490101
92.02782236490101
92.02782236490101
92.02782236490101
92.02782236490101
92.02782236490101
92.02782236490101
94.0516900458278
101.03054411798915
101.03054411798915
101.03054411798915
101.03054411798915
101.03054411798915
101.03054411798915
101.03054411798915
101.03054411798915
100.41020153379704
97.02933444994997
97.02933444994997
97.02933444994997
97.02933444994997
98.25451105372942
99.02993928396957
99.02993928396957
99.02993928396957
99.02993928396957
99.94494459565294
100.03024170097936
100.03024170097936
100.03024170097936
100.03024170097936
100.03024170097936
100.03024170097936
100.03024170097936
100.03024170097936
99.81312179651212
99.02993928396957
99.02993928396957
99.02993928396957
99.02993928396957
98.87485363792153
97.02933444994997
97.02933444994997
97.02933444994997
97.02933444994997
96.95179162692597
96.02903203294018
96.02903203294018
96.02903203294018
96.02903203294018
96.02903203294018
96.02903203294018
96.02903203294018
96.02903203294018
96.02903203294018
95.098518156652
93.0281247819108
93.0281247819108
93.0281247819108
93.0281247819108
92.32248509239227
92.02782236490101
92.02782236490101
92.02782236490101
91.79519389582896
91.02751994789121
91.02751994789121
91.02751994789121
91.02751994789121
93.12117616953962
94.0284271989206
94.0284271989206
94.0284271989206
94.12147858654942
96.02903203294018
96.02903203294018
96.02903203294018
96.02903203294018
96.73467172245871
97.02933444994997
97.02933444994997
97.02933444994997
97.10687727297399
98.02963686695976
98.02963686695976
98.02963686695976
98.02963686695976
98.02963686695976
98.02963686695976
98.02963686695976
98.02963686695976
98.02963686695976
98.02963686695976
98.02963686695976
98.02963686695976
98.02963686695976
98.02963686695976
97.93658547933094
97.02933444994997
97.02933444994997
97.02933444994997
97.02933444994997
97.02933444994997
96.40123758345545
96.02903203294018
96.02903203294018
96.02903203294018
96.02903203294018
96.02903203294018
95.85843782228734
94.0284271989206
94.0284271989206
94.0284271989206
94.0284271989206
93.79579872984856
93.0281247819108
93.0281247819108
93.0281247819108
93.0281247819108
93.0281247819108
92.37676506850907
91.02751994789121
91.02751994789121
91.02751994789121
91.02751994789121
91.02751994789121
91.9657881064818
92.02782236490101
92.02782236490101
92.02782236490101
92.02782236490101
92.66367351369793
93.0281247819108
93.0281247819108
93.0281247819108
93.0281247819108
92.85753057125797
91.02751994789121
91.02751994789121
91.02751994789121
91.02751994789121
91.02751994789121
90.36065166988469
90.02721753088142
90.02721753088142
90.02721753088142
90.02721753088142
90.02721753088142
89.09670365459324
89.02691511387162
89.02691511387162
89.02691511387162
89.02691511387162
90.29861741146547
91.02751994789121
91.02751994789121
91.02751994789121
91.02751994789121
90.61654298586393
90.02721753088142
90.02721753088142
90.02721753088142
90.02721753088142
90.19781174153425
91.02751994789121
91.02751994789121
91.02751994789121
91.02751994789121
91.63235396747854
93.0281247819108
93.0281247819108
93.0281247819108
93.0281247819108
93.0281247819108
90.23658315304625
90.02721753088142
90.02721753088142
90.02721753088142
90.02721753088142
93.5321531315669
94.0284271989206
94.0284271989206
94.0284271989206
94.0284271989206
95.6413179178201
96.02903203294018
96.02903203294018
96.02903203294018
96.02903203294018
96.56407751180589
97.02933444994997
97.02933444994997
97.02933444994997
97.02933444994997
97.02933444994997
94.14474143345662
94.0284271989206
94.0284271989206
94.0284271989206
94.0284271989206
94.0284271989206
94.0284271989206
94.0284271989206
94.0284271989206
94.0284271989206
93.5709245430789
93.0281247819108
93.0281247819108
93.0281247819108
93.0281247819108
93.21422755716844
94.0284271989206
94.0284271989206
94.0284271989206
94.0284271989206
94.0439357635254
95.02872961593039
95.02872961593039
95.02872961593039
95.02872961593039
95.02872961593039
94.45491272555267
94.0284271989206
94.0284271989206
94.0284271989206
94.0284271989206
94.0284271989206
93.0746504757252
93.0281247819108
93.0281247819108
93.0281247819108
93.0281247819108
94.47042129015747
95.02872961593039
95.02872961593039
95.02872961593039
95.02872961593039
94.53245554857669
94.0284271989206
94.0284271989206
94.0284271989206
94.0284271989206
94.0284271989206
95.00546676902319
95.02872961593039
95.02872961593039
95.02872961593039
95.02872961593039
92.58613069067391
92.02782236490101
92.02782236490101
92.02782236490101
92.02782236490101
92.84202200665317
93.0281247819108
93.0281247819108
93.0281247819108
93.0281247819108
93.0281247819108
93.0281247819108
93.0281247819108
93.0281247819108
93.0281247819108
95.35440947263125
97.02933444994997
97.02933444994997
97.02933444994997
97.02933444994997
96.88975736850675
94.0284271989206
94.0284271989206
94.0284271989206
94.0284271989206
94.0284271989206
94.88915253448717
95.02872961593039
95.02872961593039
95.02872961593039
95.02872961593039
94.44715844325027
92.02782236490101
92.02782236490101
92.02782236490101
92.02782236490101
92.02782236490101
92.60939353758113
93.0281247819108
93.0281247819108
93.0281247819108
93.0281247819108
93.0281247819108
92.36125650390427
92.02782236490101
92.02782236490101
92.02782236490101
92.02782236490101
92.02782236490101
91.05853707710082
91.02751994789121
91.02751994789121
91.02751994789121
91.02751994789121
91.88049100115538
93.0281247819108
93.0281247819108
93.0281247819108
93.0281247819108
93.0281247819108
93.0281247819108
93.0281247819108
93.0281247819108
93.0281247819108
93.0281247819108
92.67142779600033
92.02782236490101
92.02782236490101
92.02782236490101
92.02782236490101
92.02782236490101
91.4617597568257
91.02751994789121
91.02751994789121
91.02751994789121
91.02751994789121
91.02751994789121
92.0045595179938
92.02782236490101
92.02782236490101
92.02782236490101
92.02782236490101
92.95833624118919
94.0284271989206
94.0284271989206
94.0284271989206
94.0284271989206
93.89660439977978
93.0281247819108
93.0281247819108
93.0281247819108
93.0281247819108
93.0281247819108
92.14413659943703
90.02721753088142
90.02721753088142
90.02721753088142
90.02721753088142
90.02721753088142
91.85722815424818
92.02782236490101
92.02782236490101
92.02782236490101
92.02782236490101
92.53960499685951
93.0281247819108
93.0281247819108
93.0281247819108
93.0281247819108
93.0281247819108
93.0281247819108
93.0281247819108
93.0281247819108
93.0281247819108
93.0281247819108
93.0281247819108
93.0281247819108
93.0281247819108
93.0281247819108
93.0281247819108
93.0281247819108
93.62520451919572
94.0284271989206
94.0284271989206
94.0284271989206
94.0284271989206
94.0284271989206
92.33799365699707
92.02782236490101
92.02782236490101
92.02782236490101
92.02782236490101
92.24494226936825
93.0281247819108
93.0281247819108
93.0281247819108
93.0281247819108
93.0281247819108
92.28371368088025
91.02751994789121
91.02751994789121
91.02751994789121
91.02751994789121
91.02751994789121
91.63235396747854
92.02782236490101
92.02782236490101
92.02782236490101
92.02782236490101
91.19035987624164
88.02661269686183
88.02661269686183
88.02661269686183
88.02661269686183
88.02661269686183
88.78653236249718
90.02721753088142
90.02721753088142
90.02721753088142
90.02721753088142
90.02721753088142
92.0123138002962
92.02782236490101
92.02782236490101
92.02782236490101
92.02782236490101
92.40002791541627
93.0281247819108
93.0281247819108
93.0281247819108
93.0281247819108
93.0281247819108
93.64071308380052
94.0284271989206
94.0284271989206
94.0284271989206
94.0284271989206
94.0284271989206
92.42329076232349
91.02751994789121
91.02751994789121
91.02751994789121
91.02751994789121
91.02751994789121
91.80294817813136
92.02782236490101
92.02782236490101
92.02782236490101
92.02782236490101
92.09761090562262
93.0281247819108
93.0281247819108
93.0281247819108
93.0281247819108
93.0281247819108
92.57837640837151
91.02751994789121
91.02751994789121
91.02751994789121
91.02751994789121
91.02751994789121
90.57001729204953
90.02721753088142
90.02721753088142
90.02721753088142
90.02721753088142
90.02721753088142
90.9422228425648
92.02782236490101
92.02782236490101
92.02782236490101
92.02782236490101
92.02782236490101
92.02782236490101
92.02782236490101
92.02782236490101
92.02782236490101
92.02782236490101
92.02782236490101
90.69408580888795
88.02661269686183
88.02661269686183
88.02661269686183
88.02661269686183
88.02661269686183
88.02661269686183
88.02661269686183
88.02661269686183
88.02661269686183
88.02661269686183
88.72449810407797
91.02751994789121
91.02751994789121
91.02751994789121
91.02751994789121
91.02751994789121
91.02751994789121
91.02751994789121
91.02751994789121
91.02751994789121
91.02751994789121
92.06659377641301
93.0281247819108
93.0281247819108
93.0281247819108
93.0281247819108
93.0281247819108
92.31473081008987
92.02782236490101
92.02782236490101
92.02782236490101
92.02782236490101
92.31473081008987
93.0281247819108
93.0281247819108
93.0281247819108
93.0281247819108
93.0281247819108
93.65622164840532
94.0284271989206
94.0284271989206
94.0284271989206
94.0284271989206
94.0284271989206
93.32278750940206
93.0281247819108
93.0281247819108
93.0281247819108
93.0281247819108
93.012616217306
92.02782236490101
92.02782236490101
92.02782236490101
92.02782236490101
92.02782236490101
91.9425252595746
91.02751994789121
91.02751994789121
91.02751994789121
91.02751994789121
91.02751994789121
91.5082854506401
92.02782236490101
92.02782236490101
92.02782236490101
92.02782236490101
92.18290801094903
93.0281247819108
93.0281247819108
93.0281247819108
93.0281247819108
93.0281247819108
92.55511356146431
92.02782236490101
92.02782236490101
92.02782236490101
92.02782236490101
92.02782236490101
92.65591923139553
93.0281247819108
93.0281247819108
93.0281247819108
93.0281247819108
93.0281247819108
93.0281247819108
93.0281247819108
93.0281247819108
93.0281247819108
93.0281247819108
93.0281247819108
93.0281247819108
93.0281247819108
93.0281247819108
93.0281247819108
93.43134746163568
94.0284271989206
94.0284271989206
94.0284271989206
94.0284271989206
94.0284271989206
93.23749040407564
93.0281247819108
93.0281247819108
93.0281247819108
93.0281247819108
93.0281247819108
93.0281247819108
93.0281247819108
93.0281247819108
93.0281247819108
93.0281247819108
92.98159908809639
91.02751994789121
91.02751994789121
91.02751994789121
91.02751994789121
91.02751994789121
91.4384969099185
92.02782236490101
92.02782236490101
92.02782236490101
92.02782236490101
92.02782236490101
92.02782236490101
92.02782236490101
92.02782236490101
92.02782236490101
92.02782236490101
91.85722815424818
91.02751994789121
91.02751994789121
91.02751994789121
91.02751994789121
91.02751994789121
91.82621102503857
92.02782236490101
92.02782236490101
92.02782236490101
92.02782236490101
92.02782236490101
92.02782236490101
92.02782236490101
92.02782236490101
92.02782236490101
92.02782236490101
91.67112537899054
90.02721753088142
90.02721753088142
90.02721753088142
90.02721753088142
90.02721753088142
89.46890920510852
87.02631027985204
87.02631027985204
87.02631027985204
87.02631027985204
87.3674987011577
91.02751994789121
91.02751994789121
91.02751994789121
91.02751994789121
91.02751994789121
91.02751994789121
91.02751994789121
91.02751994789121
91.02751994789121
91.02751994789121
91.02751994789121
90.21332030613905
90.02721753088142
90.02721753088142
90.02721753088142
90.02721753088142
90.02721753088142
88.56941245802994
88.02661269686183
88.02661269686183
88.02661269686183
88.02661269686183
88.58492102263475
91.02751994789121
91.02751994789121
91.02751994789121
91.02751994789121
91.02751994789121
91.02751994789121
91.02751994789121
91.02751994789121
91.02751994789121
91.02751994789121
91.02751994789121
91.02751994789121
91.02751994789121
91.02751994789121
91.02751994789121
91.02751994789121
90.29861741146547
90.02721753088142
90.02721753088142
90.02721753088142
90.02721753088142
90.02721753088142
90.02721753088142
90.02721753088142
90.02721753088142
90.02721753088142
90.02721753088142
90.88018858414559
92.02782236490101
92.02782236490101
92.02782236490101
92.02782236490101
92.02782236490101
90.74836578500476
89.02691511387162
89.02691511387162
89.02691511387162
89.02691511387162
89.11996650150044
91.02751994789121
91.02751994789121
91.02751994789121
91.02751994789121
91.02751994789121
90.51573731593271
90.02721753088142
90.02721753088142
90.02721753088142
90.02721753088142
90.02721753088142
91.65561681438574
92.02782236490101
92.02782236490101
92.02782236490101
92.02782236490101
92.02782236490101
88.55390389342513
88.02661269686183
88.02661269686183
88.02661269686183
88.02661269686183
88.19720690751467
90.02721753088142
90.02721753088142
90.02721753088142
90.02721753088142
90.02721753088142
92.49307930304509
93.0281247819108
93.0281247819108
93.0281247819108
93.0281247819108
93.66397593070772
94.0284271989206
94.0284271989206
94.0284271989206
94.0284271989206
93.93537581129178
92.02782236490101
92.02782236490101
92.02782236490101
92.02782236490101
92.02782236490101
91.60909112057132
90.02721753088142
90.02721753088142
90.02721753088142
90.02721753088142
90.02721753088142
90.02721753088142
87.3054644427385
87.02631027985204
87.02631027985204
87.02631027985204
87.02631027985204
87.02631027985204
87.02631027985204
87.02631027985204
87.02631027985204
87.02631027985204
87.02631027985204
89.01140654926682
91.02751994789121
91.02751994789121
91.02751994789121
91.02751994789121
91.02751994789121
90.12026891851023
90.02721753088142
90.02721753088142
90.02721753088142
90.02721753088142
90.43044021060629
92.02782236490101
92.02782236490101
92.02782236490101
92.02782236490101
92.02782236490101
92.59388497297631
93.0281247819108
93.0281247819108
93.0281247819108
93.0281247819108
93.0281247819108
90.46921162211831
88.02661269686183
88.02661269686183
88.02661269686183
88.02661269686183
88.02661269686183
90.51573731593271
91.02751994789121
91.02751994789121
91.02751994789121
91.02751994789121
90.74061150270236
90.02721753088142
90.02721753088142
90.02721753088142
90.02721753088142
90.02721753088142
91.23688557005606
92.02782236490101
92.02782236490101
92.02782236490101
92.02782236490101
92.91181054737478
94.0284271989206
94.0284271989206
94.0284271989206
94.0284271989206
94.0284271989206
93.11342188723722
93.0281247819108
93.0281247819108
93.0281247819108
93.0281247819108
92.88854770046757
91.02751994789121
91.02751994789121
91.02751994789121
91.02751994789121
91.02751994789121
91.63235396747854
92.02782236490101
92.02782236490101
92.02782236490101
