70.78283747096197
73.55369587729855
73.55369587729855
73.55369587729855
73.55369587729855
73.55369587729855
73.55369587729855
73.55369587729855
68.96358700215511
67.50818662710964
67.50818662710964
67.50818662710964
67.50818662710964
67.50818662710964
67.50818662710964
65.86619646039165
63.47784712698368
63.47784712698368
63.47784712698368
63.47784712698368
63.47784712698368
63.47784712698368
63.47784712698368
63.47784712698368
63.47784712698368
63.47784712698368
63.47784712698368
63.47784712698368
63.47784712698368
63.47784712698368
63.47784712698368
63.47784712698368
63.47784712698368
63.47784712698368
63.47784712698368
63.47784712698368
63.972310074915804
64.48543200201517
64.48543200201517
64.48543200201517
64.48543200201517
64.48543200201517
64.48543200201517
64.96123597078004
67.50818662710964
67.50818662710964
67.50818662710964
67.50818662710964
67.50818662710964
67.50818662710964
67.50818662710964
67.96533161670725
68.51577150214112
68.51577150214112
68.51577150214112
68.51577150214112
68.51577150214112
68.51577150214112
68.55308946047562
70.53094125220409
70.53094125220409
70.53094125220409
70.53094125220409
70.53094125220409
70.53094125220409
70.53094125220409
70.53094125220409
70.53094125220409
70.53094125220409
70.53094125220409
75.24233349193466
75.56886562736153
75.56886562736153
75.56886562736153
75.56886562736153
70.25105656469535
69.5233563771726
69.5233563771726
69.5233563771726
69.5233563771726
69.5233563771726
69.5233563771726
69.5233563771726
69.08487036674224
68.51577150214112
68.51577150214112
68.51577150214112
68.51577150214112
68.51577150214112
68.51577150214112
68.51577150214112
68.51577150214112
70.17642064802635
70.53094125220409
70.53094125220409
70.53094125220409
70.53094125220409
70.53094125220409
70.53094125220409
70.53094125220409
71.10936960638884
71.53852612723558
71.53852612723558
71.53852612723558
71.53852612723558
71.53852612723558
71.53852612723558
71.53852612723558
71.53852612723558
72.01433009600045
72.54611100226707
72.54611100226707
72.54611100226707
72.54611100226707
72.54611100226707
72.54611100226707
72.54611100226707
72.54611100226707
72.54611100226707
74.07614729398155
74.56128075233003
74.56128075233003
74.56128075233003
74.56128075233003
74.56128075233003
74.56128075233003
74.56128075233003
74.56128075233003
74.56128075233003
73.69363822105292
73.55369587729855
73.55369587729855
73.55369587729855
73.55369587729855
73.55369587729855
73.55369587729855
73.55369587729855
73.55369587729855
73.55369587729855
73.55369587729855
73.55369587729855
73.55369587729855
73.55369587729855
73.55369587729855
73.55369587729855
73.55369587729855
73.55369587729855
73.88022801272542
74.56128075233003
74.56128075233003
74.56128075233003
74.56128075233003
74.56128075233003
74.56128075233003
74.56128075233003
74.56128075233003
73.27381118978981
71.53852612723558
71.53852612723558
71.53852612723558
71.53852612723558
71.53852612723558
71.53852612723558
71.53852612723558
71.53852612723558
70.50295278345322
68.51577150214112
68.51577150214112
68.51577150214112
74.22541912731954
74.56128075233003
74.56128075233003
74.56128075233003
72.60208793976882
68.51577150214112
68.51577150214112
68.51577150214112
68.51577150214112
68.51577150214112
68.51577150214112
68.51577150214112
68.51577150214112
69.36475505425098
69.5233563771726
69.5233563771726
69.5233563771726
69.5233563771726
69.5233563771726
69.5233563771726
69.5233563771726
69.88720647093398
72.54611100226707
72.54611100226707
72.54611100226707
72.54611100226707
72.54611100226707
72.54611100226707
72.54611100226707
72.54611100226707
72.41549814809632
71.53852612723558
71.53852612723558
71.53852612723558
71.53852612723558
71.53852612723558
71.53852612723558
71.53852612723558
71.53852612723558
71.53852612723558
70.1577616688591
69.5233563771726
69.5233563771726
69.5233563771726
69.5233563771726
69.5233563771726
69.5233563771726
69.5233563771726
69.5233563771726
70.72686053346021
72.54611100226707
72.54611100226707
72.54611100226707
72.54611100226707
72.54611100226707
72.54611100226707
72.54611100226707
72.54611100226707
72.11695448142032
71.53852612723558
71.53852612723558
71.53852612723558
71.53852612723558
71.53852612723558
71.53852612723558
71.53852612723558
71.53852612723558
71.2866299084777
70.53094125220409
70.53094125220409
70.53094125220409
70.53094125220409
70.53094125220409
70.53094125220409
70.53094125220409
70.53094125220409
70.53094125220409
71.40791327306484
71.53852612723558
71.53852612723558
71.53852612723558
71.53852612723558
71.53852612723558
71.53852612723558
71.53852612723558
71.53852612723558
70.9041208355491
70.53094125220409
70.53094125220409
70.53094125220409
70.53094125220409
70.53094125220409
70.53094125220409
70.53094125220409
70.53094125220409
69.69128718967785
69.5233563771726
69.5233563771726
69.5233563771726
69.5233563771726
69.5233563771726
69.5233563771726
69.5233563771726
69.5233563771726
69.5233563771726
69.5233563771726
69.5233563771726
69.5233563771726
69.5233563771726
69.5233563771726
69.5233563771726
69.5233563771726
69.4860384188381
68.51577150214112
68.51577150214112
68.51577150214112
68.51577150214112
68.51577150214112
68.51577150214112
68.51577150214112
68.51577150214112
68.19856885629787
67.50818662710964
67.50818662710964
67.50818662710964
67.50818662710964
67.50818662710964
67.50818662710964
67.50818662710964
67.50818662710964
68.03063804379262
68.51577150214112
68.51577150214112
68.51577150214112
68.51577150214112
68.51577150214112
68.51577150214112
68.51577150214112
68.86096261673524
69.5233563771726
69.5233563771726
69.5233563771726
69.5233563771726
69.5233563771726
69.5233563771726
69.5233563771726
69.54201535633986
71.53852612723558
71.53852612723558
72.79800722102495
76.57645050239302
76.57645050239302
76.57645050239302
76.57645050239302
76.53913254405852
72.54611100226707
72.54611100226707
72.54611100226707
72.54611100226707
72.54611100226707
72.54611100226707
72.54611100226707
72.54611100226707
72.54611100226707
72.54611100226707
72.54611100226707
72.54611100226707
72.54611100226707
72.54611100226707
72.54611100226707
72.54611100226707
72.54611100226707
72.54611100226707
72.54611100226707
72.54611100226707
1.3434465000419826
0.0
72.88197262727756
84.63712950264491
83.32167147135381
81.61437487755045
81.61437487755045
81.61437487755045
81.61437487755045
81.61437487755045
81.61437487755045
80.74673234627333
78.591620252456
78.591620252456
79.22602554414249
82.62195975258194
82.62195975258194
82.62195975258194
82.62195975258194
79.76713593999273
79.59920512748748
79.59920512748748
79.59920512748748
79.59920512748748
79.59920512748748
79.59920512748748
78.92748187746649
77.5840353774245
77.5840353774245
77.5840353774245
77.5840353774245
77.5840353774245
77.5840353774245
77.5840353774245
77.5840353774245
77.5840353774245
77.5840353774245
78.70357412745949
82.62195975258194
82.62195975258194
82.62195975258194
82.62195975258194
82.51000587757844
76.57645050239302
76.57645050239302
76.57645050239302
76.57645050239302
76.57645050239302
76.57645050239302
76.57645050239302
76.57645050239302
75.7088079711159
75.56886562736153
75.56886562736153
79.25401401289335
80.60679000251896
80.60679000251896
80.60679000251896
80.60679000251896
75.75545541903402
75.56886562736153
75.56886562736153
75.56886562736153
75.56886562736153
75.56886562736153
75.56886562736153
75.56886562736153
75.56886562736153
75.56886562736153
75.56886562736153
75.56886562736153
75.56886562736153
75.56886562736153
75.56886562736153
75.56886562736153
75.56886562736153
75.56886562736153
75.56886562736153
75.56886562736153
77.90123802326775
80.60679000251896
80.60679000251896
80.60679000251896
78.27441760661274
75.56886562736153
75.56886562736153
75.56886562736153
75.56886562736153
75.56886562736153
75.56886562736153
75.56886562736153
75.56886562736153
75.56886562736153
75.56886562736153
75.56886562736153
75.56886562736153
75.56886562736153
75.56886562736153
75.56886562736153
75.56886562736153
76.17528245029715
76.57645050239302
76.57645050239302
76.57645050239302
76.57645050239302
76.57645050239302
76.57645050239302
76.57645050239302
77.09890191907601
77.5840353774245
77.5840353774245
77.5840353774245
77.5840353774245
77.5840353774245
77.5840353774245
77.5840353774245
77.5840353774245
76.52047356489126
75.56886562736153
75.56886562736153
75.56886562736153
78.60094974203962
80.60679000251896
80.60679000251896
80.60679000251896
80.10299756500322
74.56128075233003
74.56128075233003
74.56128075233003
74.56128075233003
74.56128075233003
74.56128075233003
74.56128075233003
74.56128075233003
74.56128075233003
74.56128075233003
74.56128075233003
74.56128075233003
74.56128075233003
74.56128075233003
74.56128075233003
74.56128075233003
74.56128075233003
75.51288868985978
75.56886562736153
75.56886562736153
75.56886562736153
79.07675371080448
79.59920512748748
79.59920512748748
79.59920512748748
79.59920512748748
74.79451799192066
74.56128075233003
74.56128075233003
74.56128075233003
74.56128075233003
74.56128075233003
74.56128075233003
74.56128075233003
73.67497924188568
73.55369587729855
73.55369587729855
77.89190853368413
78.591620252456
78.591620252456
78.591620252456
78.08782781494024
75.56886562736153
75.56886562736153
75.56886562736153
75.56886562736153
75.56886562736153
75.56886562736153
75.56886562736153
75.56886562736153
76.03534010654278
76.57645050239302
76.57645050239302
76.57645050239302
76.57645050239302
76.57645050239302
76.57645050239302
76.57645050239302
76.57645050239302
76.92164161698713
77.5840353774245
77.5840353774245
77.5840353774245
77.5840353774245
77.5840353774245
77.5840353774245
77.5840353774245
77.5840353774245
77.5840353774245
77.5840353774245
77.5840353774245
82.20213272131882
82.62195975258194
82.62195975258194
82.62195975258194
82.62195975258194
78.42368943995075
77.5840353774245
77.5840353774245
77.5840353774245
77.5840353774245
77.5840353774245
77.5840353774245
77.5840353774245
77.5840353774245
77.5840353774245
77.5840353774245
77.5840353774245
77.5840353774245
77.5840353774245
77.5840353774245
77.5840353774245
77.5840353774245
77.5840353774245
77.5840353774245
77.5840353774245
30.171569313442863
0.0
0.0
0.0
0.0
9.292171625290381
83.62954462761343
83.62954462761343
83.62954462761343
83.62954462761343
83.62954462761343
83.62954462761343
83.62954462761343
83.62954462761343
80.83069775252596
80.60679000251896
80.60679000251896
80.60679000251896
80.60679000251896
80.60679000251896
80.60679000251896
80.60679000251896
83.70418054428242
84.63712950264491
84.63712950264491
84.63712950264491
84.63712950264491
84.63712950264491
84.63712950264491
84.63712950264491
83.85345237762043
78.591620252456
78.591620252456
78.66625616912499
82.62195975258194
82.62195975258194
82.62195975258194
82.62195975258194
82.62195975258194
81.42778508587796
74.56128075233003
74.56128075233003
74.56128075233003
74.56128075233003
74.56128075233003
74.56128075233003
74.56128075233003
74.56128075233003
74.56128075233003
74.56128075233003
74.56128075233003
74.56128075233003
74.56128075233003
74.56128075233003
74.56128075233003
74.56128075233003
74.56128075233003
74.56128075233003
74.56128075233003
74.56128075233003
74.56128075233003
74.56128075233003
74.56128075233003
74.56128075233003
74.11346525231605
73.55369587729855
73.55369587729855
73.55369587729855
73.55369587729855
73.55369587729855
73.55369587729855
73.55369587729855
73.55369587729855
72.88197262727756
72.54611100226707
72.54611100226707
72.54611100226707
72.54611100226707
72.54611100226707
72.54611100226707
72.54611100226707
72.54611100226707
72.54611100226707
72.54611100226707
76.18461193988077
77.5840353774245
77.5840353774245
77.5840353774245
77.5840353774245
76.27790683571702
72.54611100226707
72.54611100226707
72.54611100226707
72.54611100226707
72.54611100226707
72.54611100226707
72.54611100226707
72.54611100226707
73.55369587729855
73.55369587729855
73.55369587729855
73.55369587729855
73.55369587729855
73.55369587729855
73.55369587729855
73.55369587729855
74.30938453357217
74.56128075233003
74.56128075233003
74.56128075233003
74.56128075233003
74.56128075233003
74.56128075233003
74.56128075233003
75.13970910651479
75.56886562736153
75.56886562736153
75.56886562736153
75.56886562736153
75.56886562736153
75.56886562736153
75.56886562736153
76.35254275238601
76.57645050239302
76.57645050239302
76.57645050239302
76.57645050239302
76.57645050239302
76.57645050239302
76.57645050239302
76.57645050239302
76.57645050239302
76.57645050239302
76.57645050239302
76.57645050239302
76.57645050239302
76.57645050239302
76.57645050239302
77.31348017949938
77.5840353774245
77.5840353774245
77.5840353774245
77.5840353774245
77.5840353774245
77.5840353774245
77.5840353774245
77.5840353774245
77.5840353774245
77.5840353774245
81.08259397128383
82.62195975258194
82.62195975258194
82.62195975258194
82.62195975258194
80.23361041917397
78.591620252456
78.591620252456
78.591620252456
78.591620252456
78.591620252456
78.591620252456
78.591620252456
78.53564331495424
77.5840353774245
77.5840353774245
77.5840353774245
77.5840353774245
77.5840353774245
80.75606183585697
81.61437487755045
81.61437487755045
78.51698433578699
77.5840353774245
77.5840353774245
77.5840353774245
77.5840353774245
77.5840353774245
77.5840353774245
77.5840353774245
77.5840353774245
76.75371080448188
76.57645050239302
78.591620252456
80.60679000251896
80.60679000251896
80.60679000251896
80.60679000251896
80.60679000251896
78.22777015869463
75.56886562736153
75.56886562736153
75.56886562736153
75.56886562736153
75.56886562736153
75.56886562736153
75.56886562736153
75.35428736693815
74.56128075233003
74.56128075233003
77.322809669083
78.591620252456
78.591620252456
78.591620252456
78.591620252456
78.591620252456
75.45691175235802
74.56128075233003
74.56128075233003
74.56128075233003
74.56128075233003
74.56128075233003
74.56128075233003
74.56128075233003
74.56128075233003
71.90237622099696
71.53852612723558
71.53852612723558
71.53852612723558
71.53852612723558
71.53852612723558
71.53852612723558
71.53852612723558
71.53852612723558
71.53852612723558
71.53852612723558
71.53852612723558
71.53852612723558
71.53852612723558
71.53852612723558
71.53852612723558
71.53852612723558
71.53852612723558
71.53852612723558
71.53852612723558
71.53852612723558
71.53852612723558
71.53852612723558
71.53852612723558
71.53852612723558
71.16534654389058
70.53094125220409
70.53094125220409
72.25689682517469
75.56886562736153
75.56886562736153
75.56886562736153
75.56886562736153
75.56886562736153
71.03473368971984
69.5233563771726
69.5233563771726
69.5233563771726
69.5233563771726
69.5233563771726
69.5233563771726
69.5233563771726
70.53094125220409
71.53852612723558
71.53852612723558
71.53852612723558
71.53852612723558
71.53852612723558
71.53852612723558
71.53852612723558
71.53852612723558
71.53852612723558
71.53852612723558
74.01084086689617
76.57645050239302
77.919897002435
78.591620252456
78.591620252456
75.96070418987378
72.54611100226707
72.54611100226707
72.54611100226707
72.54611100226707
72.54611100226707
72.54611100226707
72.54611100226707
72.54611100226707
72.54611100226707
74.27206657523767
77.5840353774245
77.5840353774245
77.5840353774245
77.5840353774245
77.472081502421
74.56128075233003
74.56128075233003
74.56128075233003
74.56128075233003
74.56128075233003
74.56128075233003
74.56128075233003
75.97936316904102
76.57645050239302
76.57645050239302
76.57645050239302
76.57645050239302
76.57645050239302
76.57645050239302
76.57645050239302
77.09890191907601
77.5840353774245
77.5840353774245
77.5840353774245
77.5840353774245
77.5840353774245
77.5840353774245
77.5840353774245
78.143804752442
78.591620252456
78.591620252456
78.591620252456
78.591620252456
78.591620252456
78.591620252456
78.591620252456
78.591620252456
78.591620252456
78.591620252456
82.28609812757145
82.62195975258194
82.62195975258194
82.62195975258194
80.80270928377509
79.59920512748748
79.59920512748748
79.59920512748748
79.59920512748748
81.53973896088145
81.61437487755045
81.61437487755045
79.99104368999973
79.59920512748748
79.59920512748748
79.59920512748748
79.59920512748748
79.59920512748748
79.59920512748748
79.39395635664773
77.5840353774245
77.5840353774245
78.21844066911099
81.61437487755045
81.61437487755045
81.61437487755045
81.61437487755045
80.71874387752246
78.591620252456
78.591620252456
78.591620252456
78.591620252456
78.591620252456
78.591620252456
78.591620252456
78.591620252456
77.65867129409351
77.5840353774245
77.5840353774245
79.29133197122786
80.60679000251896
80.60679000251896
80.60679000251896
80.60679000251896
78.143804752442
76.57645050239302
76.57645050239302
76.57645050239302
76.57645050239302
76.57645050239302
76.57645050239302
76.57645050239302
76.57645050239302
76.57645050239302
76.57645050239302
76.57645050239302
76.57645050239302
76.57645050239302
76.57645050239302
77.75196618992975
78.591620252456
78.591620252456
80.24293990875759
81.61437487755045
81.61437487755045
81.61437487755045
81.61437487755045
79.65518206498922
78.591620252456
78.591620252456
78.591620252456
78.591620252456
78.591620252456
78.591620252456
78.591620252456
78.18112271077649
76.57645050239302
77.5093994607555
81.61437487755045
81.61437487755045
81.61437487755045
81.61437487755045
81.61437487755045
78.367712502449
77.5840353774245
77.5840353774245
77.5840353774245
77.5840353774245
77.5840353774245
77.5840353774245
77.5840353774245
76.83767621073451
76.57645050239302
76.57645050239302
76.57645050239302
