89.31410401998639
86.87258687258688
84.65818759936408
81.76243470361118
78.52600499659324
77.78787190551897
77.78787190551897
76.25482625482626
74.1539859186918
70.4065409947763
69.27095162389281
67.22689075630252
66.65909607086078
69.10061321826028
69.4980694980695
70.69043833749717
87.0429252782194
112.48012718600955
117.07926413808768
116.17079264138088
113.95639336815809
111.9123325005678
107.14285714285715
99.53440835793778
93.85646150352034
89.59800136270725
87.32682262094028
85.0556438791733
84.8285260049966
85.56665909607086
85.85055643879174
85.85055643879174
86.64546899841018
86.92936634113106
86.92936634113106
87.0429252782194
86.36157165568932
85.79377697024756
83.86327503974563
82.89802407449467
81.47853736089031
79.4912559618442
77.90143084260733
75.80059050647287
74.3811037928685
72.79127867363162
70.97433568021803
70.52009993186465
72.22348398818988
76.59550306609131
90.84714967067909
113.55893708834887
121.84873949579833
121.56484215307746
120.1453554394731
118.66908925732456
116.45468998410176
110.09538950715422
104.1335453100159
97.7174653645242
91.64206223029753
85.56665909607086
84.6014081308199
84.88530547354078
85.79377697024756
86.41835112423348
86.87258687258688
87.32682262094028
88.1785146491029
88.91664774017715
88.57597092891211
87.0429252782194
86.64546899841018
85.11242334771747
82.27344992050875
79.32091755621168
77.22007722007723
75.63025210084034
74.1539859186918
73.18873495344084
71.65568930274813
71.48535089711561
74.1539859186918
80.8539632069044
84.65818759936408
106.46150352032706
122.8139904610493
125.4826254826255
123.66568248921192
121.73518055870998
120.03179650238475
115.09198273904157
108.27844651374065
101.46491028843971
96.58187599364071
93.11832841244606
90.44969339086987
89.9386781739723
89.9386781739723
89.99545764251647
89.9386781739723
89.9386781739723
90.27935498523735
90.96070860776744
89.65478083125143
88.80308880308881
87.32682262094028
84.88530547354078
81.98955257778788
80.1726095843743
78.01498977969567
76.65228253463549
75.68703156938452
73.87008857597094
72.96161707926414
74.3811037928685
77.67431296843063
81.64887576652283
105.15557574381104
120.03179650238475
120.99704746763571
120.37247331364979
118.72586872586874
115.65977742448332
109.13013854190326
101.40813081989553
96.97933227344993
92.03951851010676
88.91664774017715
87.4971610265728
86.87258687258688
87.7242789007495
88.00817624347037
88.34885305473541
88.51919146036794
88.85986827163299
88.80308880308881
87.89461730638202
86.41835112423348
84.48784919373155
81.64887576652283
79.83193277310924
77.90143084260733
75.23279582103112
72.8480581421758
71.14467408585057
70.12264365205543
71.59890983420397
75.57347263229617
90.90392913922327
113.78605496252557
122.30297524415172
122.64365205541678
120.94026799909155
118.66908925732456
116.1140131728367
109.52759482171248
98.85305473540768
89.88189870542813
84.20395185101069
80.96752214399274
79.83193277310924
80.57006586418352
81.76243470361118
81.64887576652283
81.81921417215536
83.23870088575971
83.57937769702477
83.35225982284807
83.23870088575971
84.65818759936408
84.65818759936408
83.12514194867137
79.32091755621168
76.19804678628209
73.81330910742676
71.03111514876221
69.4980694980695
67.5107880990234
66.65909607086078
65.06927095162389
64.33113786054963
64.89893254599137
68.58959800136272
70.29298205768795
87.0429252782194
112.42334771746538
117.41994094935272
117.13604360663186
116.3411310470134
112.70724506018625
103.73608903020668
93.17510788099024
84.77174653645243
80.399727458551
78.01498977969567
76.93617987735635
78.24210765387237
79.77515330456508
83.29548035430389
85.85055643879174
86.70224846695436
91.81240063593006
94.87849193731547
95.048830342948
94.36747672041791
92.43697478991598
90.44969339086987
88.80308880308881
86.70224846695436
85.0556438791733
83.97683397683399
82.78446513740631
81.64887576652283
81.30819895525778
80.74040426981604
79.83193277310924
79.7183738360209
78.24210765387237
81.30819895525778
111.96911196911198
147.74017715194188
164.66045877810586
162.3325005677947
157.84692255280493
149.61389961389963
135.30547354076768
116.17079264138088
103.11151487622077
96.01408130819897
93.11832841244606
92.09629797865092
92.26663638428346
93.91324097206451
95.84374290256645
97.14967067908245
98.56915739268682
101.06745400863049
105.21235521235522
105.2691346808994
105.2691346808994
105.0420168067227
104.01998637292756
103.05473540767659
101.35135135135135
98.85305473540768
96.92255280490575
95.73018396547809
93.5157846922553
91.81240063593006
90.73359073359075
87.89461730638202
85.96411537588008
81.53531682943448
79.0370202134908
80.91074267544856
108.50556438791735
151.26050420168067
161.14013172836704
155.57574381103794
150.3520327049739
140.69952305246423
126.78855325914151
122.92754939813764
106.91573926868045
89.48444242561891
76.02770838064957
70.00908471496707
68.47603906427436
68.47603906427436
68.47603906427436
68.47603906427436
68.47603906427436
68.58959800136272
78.01498977969567
83.06836248012719
83.80649557120147
83.80649557120147
79.83193277310924
75.68703156938452
69.7251873722462
64.50147626618215
61.71928230751761
60.58369293663412
59.39132409720646
57.5176016352487
56.21167385873269
56.21167385873269
55.18964342493755
55.18964342493755
55.18964342493755
55.18964342493755
55.13286395639337
55.18964342493755
55.87099704746764
55.53032023620259
55.81421757892347
56.779468544174435
61.66250283897343
69.89552577787873
78.58278446513741
87.15648421530776
91.86918010447422
92.26663638428346
91.2446059504883
90.39291392232569
88.85986827163299
87.89461730638202
86.41835112423348
84.88530547354078
84.8285260049966
85.56665909607086
85.73699750170339
85.85055643879174
85.16920281626165
84.8285260049966
84.8285260049966
84.26073131955485
83.80649557120147
76.70906200317965
63.70656370656371
63.365886895298665
61.26504655916421
58.31251419486714
56.949806949806955
55.41676129911425
53.770156711333186
53.14558255734727
53.14558255734727
52.23711106064048
51.158301158301164
51.66931637519873
54.67862820803998
66.31841925959574
106.34794458323871
140.0749488984783
142.23256870315694
136.3275039745628
127.01567113331821
113.78605496252557
101.63524869407223
90.79037020213492
82.50056779468545
75.34635475811947
70.00908471496707
67.68112650465592
66.43197819668408
67.79468544174428
69.32773109243698
70.52009993186465
75.40313422666364
80.68362480127186
81.76243470361118
81.76243470361118
80.91074267544856
79.32091755621168
78.01498977969567
74.72178060413356
71.82602770838065
68.02180331592096
65.12605042016807
63.138769021121966
61.15148762207586
61.43538496479673
66.88621394503748
78.92346127640246
107.88099023393143
130.53599818305702
132.86395639336817
130.93345446286625
129.17329093799682
123.94957983193278
115.2623211446741
110.3792868498751
110.3792868498751
106.00726777197366
97.0361117419941
88.00817624347037
83.29548035430389
83.57937769702477
83.23870088575971
85.56665909607086
86.70224846695436
92.72087213263684
96.07086077674313
96.69543493072906
95.61662502838975
94.8217124687713
94.31069725187373
93.57256416079946
93.00476947535772
92.6073131955485
93.00476947535772
94.25391778332956
98.51237792414264
101.18101294571883
119.57756075403135
137.97410856234387
139.28003633885987
137.51987281399047
135.36225300931184
133.43175107880992
128.71905518964343
123.43856461503522
118.44197138314786
113.67249602543721
109.2436974789916
106.12082670906202
103.28185328185329
103.6793095616625
104.07676584147174
103.22507381330912
103.39541221894164
103.22507381330912
103.22507381330912
103.22507381330912
102.94117647058825
98.05814217578924
94.99205087440383
91.18782648194414
90.27935498523735
91.6988416988417
93.00476947535772
101.12423347717467
120.65637065637067
129.40040881217354
129.79786509198274
129.79786509198274
128.26481944129003
125.93686123097889
123.43856461503522
120.71315012491485
116.00045423574836
110.71996366114014
106.74540086304793
104.64456052691348
103.9064274358392
104.24710424710426
104.24710424710426
104.24710424710426
103.9064274358392
103.62253009311834
103.50897115602999
102.6004996593232
98.11492164433342
96.07086077674313
94.87849193731547
92.43697478991598
92.94799000681354
94.02679990915286
95.61662502838975
108.05132863956395
119.86145809675223
124.51737451737453
123.72246195775608
122.98432886668182
122.18941630706338
121.56484215307746
120.08857597092893
118.10129457188282
114.69452645923235
111.40131728367024
108.50556438791735
107.82421076538725
107.59709289121055
107.31319554848967
107.31319554848967
107.31319554848967
107.19963661140133
106.1776061776062
106.29116511469454
104.1335453100159
98.00136270724506
95.21916874858053
92.89121053826938
90.16579604814899
88.91664774017715
88.91664774017715
90.22257551669317
92.6073131955485
93.00476947535772
101.06745400863049
114.29707017942313
120.94026799909155
120.59959118782649
120.54281171928231
119.57756075403135
119.52078128548717
118.27163297751534
118.10129457188282
117.13604360663186
116.1140131728367
114.06995230524643
111.6852146263911
110.66318419259596
110.43606631841926
110.3792868498751
110.3792868498751
109.86827163297752
109.9250511015217
109.35725641607996
106.68862139450376
104.47422212128096
102.48694072223485
100.04542357483535
97.60390642743585
95.95730183965479
94.08357937769703
92.43697478991598
91.01748807631161
89.71156029979561
88.46241199182377
87.78105836929367
88.51919146036794
88.91664774017715
90.27935498523735
99.81830570065866
110.8335225982285
116.96570520099932
117.07926413808768
116.51146945264594
116.45468998410176
116.22757210992506
115.65977742448332
115.60299795593914
114.52418805359983
114.01317283670225
112.30978878037703
110.3792868498751
108.90302066772657
108.33522598228481
108.33522598228481
108.33522598228481
108.33522598228481
107.59709289121055
107.31319554848967
105.0420168067227
101.80558709970475
99.08017260958438
96.35475811946401
94.70815353168295
93.68612309788782
92.66409266409268
91.6988416988417
90.33613445378153
89.37088348853055
88.23529411764707
87.9513967749262
89.42766295707473
90.96070860776744
93.00476947535772
105.15557574381104
115.31910061321827
118.89620713150126
118.55553032023622
117.7038382920736
117.53349988644108
117.4767204178969
116.51146945264594
115.94367476720419
114.35384964796731
112.76402452873042
109.07335907335909
107.02929820576881
105.55303202362028
105.2691346808994
105.2691346808994
105.2691346808994
104.70133999545766
104.70133999545766
104.24710424710426
103.28185328185329
101.80558709970475
95.84374290256645
92.49375425846014
91.07426754485579
89.31410401998639
88.34885305473541
87.38360208948446
86.87258687258688
85.39632069043834
84.03361344537817
84.09039291392233
85.33954122189417
86.87258687258688
86.87258687258688
90.05223711106065
103.39541221894164
113.33181921417217
114.92164433340905
114.52418805359983
108.67590279354987
103.45219168748582
101.12423347717467
99.4776288893936
98.34203951851012
97.09289121053828
95.50306609130139
95.048830342948
95.048830342948
95.048830342948
95.048830342948
95.95730183965479
96.35475811946401
97.09289121053828
97.09289121053828
97.09289121053828
97.0361117419941
96.07086077674313
95.55984555984557
94.5945945945946
93.17510788099024
91.6988416988417
90.50647285941405
89.20054508289803
88.80308880308881
87.44038155802862
87.0429252782194
84.31751078809903
83.80649557120147
84.71496706790825
89.54122189416307
94.02679990915286
102.03270497388145
112.08267090620033
116.17079264138088
116.3411310470134
115.48943901885079
115.48943901885079
115.88689529866002
115.48943901885079
115.48943901885079
114.75130592777653
113.67249602543721
112.42334771746538
109.58437429025665
107.02929820576881
106.29116511469454
106.29116511469454
105.2691346808994
105.2691346808994
105.2691346808994
105.2691346808994
101.74880763116059
99.13695207812856
96.24119918237567
92.94799000681354
90.27935498523735
88.34885305473541
86.36157165568932
84.43106972518738
82.89802407449467
82.10311151487623
81.53531682943448
80.6268453327277
80.00227117874178
79.0370202134908
77.67431296843063
77.67431296843063
79.20735861912333
83.74971610265729
86.87258687258688
97.43356802180332
109.697933227345
112.99114240290712
112.42334771746538
111.74199409493528
111.11741994094936
111.40131728367024
111.40131728367024
110.77674312968432
110.3792868498751
109.07335907335909
107.4835339541222
105.7233704292528
104.41744265273678
103.33863275039747
103.22507381330912
103.22507381330912
103.22507381330912
103.22507381330912
101.63524869407223
98.79627526686352
96.63865546218489
94.8217124687713
92.55053372700432
91.18782648194414
89.37088348853055
87.44038155802862
86.87258687258688
86.87258687258688
85.96411537588008
84.94208494208495
82.27344992050875
80.74040426981604
79.60481489893256
78.58278446513741
78.29888712241655
80.68362480127186
80.74040426981604
81.93277310924371
93.742902566432
106.1776061776062
112.08267090620033
112.42334771746538
112.19622984328868
111.40131728367024
111.40131728367024
111.40131728367024
110.49284578696344
110.43606631841926
109.30047694753578
107.99454917101977
106.1776061776062
104.98523733817852
104.64456052691348
104.24710424710426
104.24710424710426
104.24710424710426
103.96320690438338
103.45219168748582
100.66999772882127
94.08357937769703
90.73359073359075
88.1785146491029
87.89461730638202
86.92936634113106
85.16920281626165
83.23870088575971
82.27344992050875
81.30819895525778
79.77515330456508
78.69634340222576
77.5039745627981
76.36838519191461
74.94889847831026
73.9268680445151
72.96161707926414
71.54213036565979
73.0751760163525
76.02770838064957
77.67431296843063
80.6268453327277
98.68271632977516
111.28775834658188
114.01317283670225
114.52418805359983
114.46740858505565
114.41062911651149
113.44537815126051
113.44537815126051
112.53690665455372
111.51487622075858
109.41403588462413
106.23438564615036
103.33863275039747
101.86236656824893
101.35135135135135
101.40813081989553
101.18101294571883
101.18101294571883
99.59118782648196
96.18441971383149
94.02679990915286
90.84714967067909
87.89461730638202
84.99886441062912
82.44378832614127
80.74040426981604
79.2641380876675
78.24210765387237
77.27685668862141
76.19804678628209
74.8353395412219
73.69975017033842
73.18873495344084
71.99636611401318
71.48535089711561
70.1794231205996
68.98705428117194
68.93027481262776
71.37179196002727
80.45650692709518
102.03270497388145
114.18351124233479
116.51146945264594
116.17079264138088
115.14876220758575
114.29707017942313
113.27503974562799
113.16148080853964
112.48012718600955
112.08267090620033
111.11741994094936
109.13013854190326
106.57506245741541
106.00726777197366
102.82761753349989
100.1589825119237
100.1589825119237
100.1589825119237
100.1589825119237
99.53440835793778
98.11492164433342
96.07086077674313
90.22257551669317
88.63275039745629
86.07767431296844
84.14717238246651
82.10311151487623
80.74040426981604
79.43447649330002
78.35566659096071
77.39041562570975
76.36838519191461
74.72178060413356
73.64297070179424
72.96161707926414
71.99636611401318
70.97433568021803
70.97433568021803
71.54213036565979
71.54213036565979
73.30229389052919
86.36157165568932
99.08017260958438
99.13695207812856
110.66318419259596
116.96570520099932
116.51146945264594
115.48943901885079
115.48943901885079
114.24029071087895
112.48012718600955
110.09538950715422
106.40472405178289
102.48694072223485
100.72677719736544
100.6132182602771
100.1589825119237
100.1589825119237
100.32932091755622
100.3861003861004
98.62593686123098
93.2886668180786
90.96070860776744
87.38360208948446
84.43106972518738
83.86327503974563
82.10311151487623
80.22938905291848
78.12854871678402
76.42516466045879
74.94889847831026
73.75652963888258
72.22348398818988
71.37179196002727
69.89552577787873
68.87349534408358
67.7379059732001
67.11333181921418
65.97774244833069
64.50147626618215
65.01249148307973
67.7379059732001
68.70315693845106
81.0810810810811
106.46150352032706
111.00386100386102
119.06654553713378
118.10129457188282
117.13604360663186
116.51146945264594
116.17079264138088
115.2623211446741
114.24029071087895
112.48012718600955
108.33522598228481
103.50897115602999
99.64796729502613
98.11492164433342
98.11492164433342
97.54712695889167
98.11492164433342
98.11492164433342
98.11492164433342
97.37678855325915
91.471723824665
87.66749943220532
83.74971610265729
81.25141948671362
78.46922552804907
76.31160572337043
74.72178060413356
72.67771973654327
71.54213036565979
70.80399727458551
69.78196684079037
68.47603906427436
66.99977288212582
66.43197819668408
65.92096297978651
64.61503520327051
63.365886895298665
62.173518055871
61.26504655916421
60.35657506245742
59.10742675448559
57.68794004088122
57.80149897796957
61.20826709062004
76.99295934590053
109.52759482171248
124.347036111742
125.70974335680219
124.06313876902114
122.75721099250512
120.82670906200319
118.89620713150126
115.37588008176245
111.62843515784694
108.39200545082899
104.87167840109018
101.29457188280719
97.77424483306837
95.33272768566887
