82.12661185995076
81.2085298168009
80.29044777365104
79.24717272461712
79.12197971873304
79.12197971873304
79.12197971873304
79.12197971873304
79.12197971873304
78.99678671284897
76.95196761674248
76.07561657555398
75.32445854024955
74.65676250886783
74.11425948337019
73.19617744022034
73.07098443433627
72.27809539707049
71.44347535784334
71.06789634019113
70.65058632057756
70.10808329507991
70.35846930684805
73.11271543629762
80.95814380503276
85.04778199724575
85.13124400116847
85.0060509952844
84.1296999540959
84.1296999540959
84.1296999540959
83.67065893252096
83.12815590702333
82.58565288152568
82.12661185995076
82.12661185995076
82.0848808579894
81.75103284229854
81.7927638442599
81.33372282268498
76.91023661478111
76.11734757751533
74.99061052455869
73.48829445394983
72.69540541668405
71.98597838334098
71.36001335392062
71.10962734215248
70.35846930684805
70.10808329507991
69.77423527938906
69.52384926762092
68.73096023035512
67.64595417935985
66.72787213620998
66.10190710678962
67.1034511538622
73.19617744022034
81.29199182072361
84.04623795017318
84.08796895213453
82.87776989525518
82.12661185995076
82.41872887368025
82.12661185995076
82.12661185995076
81.37545382464633
81.08333681091683
80.54083378541918
80.16525476776697
80.12352376580561
80.12352376580561
80.12352376580561
77.24408463047197
75.99215457163126
73.98906647748612
72.40328840295456
71.02616533822977
70.3167383048867
69.56558026958227
69.10653924800734
69.02307724408463
68.14672620289613
68.10499520093477
67.43729916955306
67.1034511538622
66.76960313817135
65.72632808913741
64.30747402245127
64.0988190126445
64.0988190126445
65.51767307933063
73.5300254559112
79.08024871677169
79.41409673246254
79.12197971873304
79.12197971873304
79.12197971873304
78.78813170304218
77.28581563243333
77.16062262654926
77.1188916245879
77.03542962066518
77.03542962066518
77.07716062262655
77.1188916245879
77.1188916245879
77.1188916245879
77.03542962066518
77.1188916245879
77.1188916245879
75.44965154613362
71.90251637941827
68.43884321662563
66.31056211659642
66.10190710678962
66.10190710678962
66.56094812836456
67.1034511538622
67.1034511538622
67.1034511538622
67.31210616366899
71.31828235195927
77.66139465008554
80.16525476776697
80.41564077953511
80.12352376580561
80.12352376580561
80.12352376580561
80.12352376580561
80.12352376580561
79.58102074030798
79.12197971873304
79.12197971873304
78.70466969911948
78.99678671284897
78.12043567166047
78.12043567166047
78.12043567166047
77.24408463047197
74.4898385010224
71.94424738137963
69.85769728331177
68.81442223427784
67.85460918916662
67.1034511538622
67.1034511538622
67.1034511538622
66.35229311855777
66.10190710678962
65.55940408129199
65.43421107540792
66.10190710678962
67.85460918916662
74.07252848140884
77.78658765596961
78.12043567166047
78.12043567166047
77.49447064224012
77.24408463047197
77.1188916245879
76.5346575971289
75.99215457163126
75.32445854024955
75.11580353044276
75.07407252848141
75.11580353044276
74.57330050494512
74.11425948337019
73.44656345198848
72.11117138922505
70.77577932646163
69.02307724408463
67.06172015190084
65.72632808913741
65.10036305971705
65.10036305971705
65.10036305971705
65.10036305971705
65.0586320577557
65.0586320577557
64.97517005383298
65.10036305971705
68.18845720485749
73.69694946375662
75.11580353044276
75.11580353044276
74.94887952259734
74.11425948337019
73.44656345198848
72.31982639903184
70.9009723323457
69.77423527938906
69.10653924800734
69.89942828527313
70.10808329507991
70.06635229311856
70.10808329507991
70.10808329507991
66.72787213620998
65.72632808913741
64.14055001460585
62.17919292242207
61.13591787338814
60.34302883612235
60.09264282435421
60.050911822392855
59.63360180277928
60.050911822392855
61.13591787338814
66.64441013228728
70.85924133038434
72.27809539707049
72.15290239118642
72.27809539707049
72.11117138922505
72.11117138922505
71.98597838334098
70.56712431665484
69.10653924800734
68.31365021074156
68.14672620289613
68.77269123231649
68.89788423820056
68.48057421858698
68.10499520093477
68.10499520093477
65.80979009306013
64.72478404206485
63.22246797145599
62.09573091849935
61.845344906731206
60.718607853774564
60.09264282435421
60.09264282435421
60.09264282435421
60.718607853774564
66.10190710678962
71.02616533822977
72.52848140883863
72.44501940491591
72.23636439510912
72.11117138922505
71.52693736176606
70.69231732253891
69.35692525977548
68.10499520093477
68.10499520093477
68.10499520093477
68.10499520093477
68.10499520093477
68.10499520093477
68.10499520093477
65.72632808913741
64.72478404206485
63.3059299753787
62.721695947919706
61.51149689104035
60.301297834161
59.09109877728164
59.09109877728164
60.96899386554271
64.51612903225806
70.19154529900263
72.11117138922505
72.61194341276133
72.11117138922505
72.0694403872637
72.11117138922505
71.10962734215248
70.52539331469349
70.44193131077077
70.10808329507991
70.10808329507991
70.10808329507991
70.10808329507991
70.10808329507991
69.94115928723448
69.10653924800734
66.97825814797812
65.6428660852147
64.51612903225806
63.639777991069565
63.09727496557192
63.09727496557192
63.09727496557192
63.89016400283771
68.43884321662563
72.27809539707049
72.52848140883863
72.11117138922505
72.11117138922505
72.11117138922505
72.11117138922505
72.11117138922505
71.52693736176606
71.10962734215248
71.10962734215248
71.10962734215248
71.10962734215248
71.10962734215248
70.44193131077077
70.56712431665484
68.10499520093477
67.01998914993949
65.68459708717606
64.72478404206485
64.0988190126445
64.0988190126445
64.26574302048992
66.76960313817135
71.98597838334098
74.11425948337019
74.11425948337019
74.11425948337019
74.11425948337019
74.11425948337019
73.94733547552477
73.86387347160205
73.69694946375662
73.40483245002713
73.11271543629762
73.11271543629762
73.11271543629762
73.11271543629762
73.11271543629762
73.11271543629762
70.65058632057756
69.27346325585277
68.14672620289613
67.18691315778491
66.93652714601677
65.9349830989442
65.30901806952384
65.39248007344656
65.39248007344656
65.80979009306013
68.18845720485749
74.11425948337019
74.11425948337019
74.11425948337019
74.11425948337019
74.11425948337019
74.11425948337019
73.8221424696407
73.9056044735634
73.8221424696407
73.94733547552477
73.86387347160205
73.86387347160205
73.73868046571798
73.86387347160205
72.52848140883863
71.44347535784334
70.52539331469349
69.52384926762092
68.5640362225097
68.10499520093477
67.35383716563034
67.1034511538622
66.68614113424863
66.10190710678962
66.43575512248049
68.68922922839377
73.11271543629762
75.07407252848141
75.11580353044276
75.11580353044276
75.11580353044276
74.90714852063597
74.4898385010224
74.11425948337019
74.11425948337019
74.11425948337019
74.11425948337019
74.11425948337019
74.11425948337019
74.11425948337019
74.11425948337019
73.78041146767933
71.73559237157284
70.56712431665484
69.7325042774277
68.81442223427784
68.18845720485749
68.10499520093477
67.31210616366899
67.14518215582356
67.1034511538622
67.1034511538622
67.1034511538622
66.10190710678962
65.80979009306013
65.22555606560113
65.3507490714852
68.64749822643242
72.98752243041355
74.11425948337019
74.53156950298376
74.11425948337019
74.11425948337019
74.11425948337019
73.78041146767933
73.65521846179526
73.65521846179526
73.69694946375662
73.8221424696407
73.69694946375662
73.23790844218169
73.11271543629762
73.11271543629762
73.11271543629762
72.40328840295456
72.11117138922505
72.11117138922505
72.11117138922505
72.11117138922505
72.11117138922505
71.27655134999792
69.27346325585277
66.89479614405542
65.47594207736927
65.0586320577557
65.10036305971705
65.10036305971705
65.18382506363977
65.18382506363977
66.06017610482827
67.89634019112799
71.61039936568876
73.19617744022034
73.73868046571798
73.8221424696407
73.69694946375662
73.78041146767933
73.78041146767933
73.69694946375662
73.48829445394983
73.44656345198848
73.69694946375662
73.11271543629762
73.11271543629762
73.11271543629762
73.11271543629762
71.48520635980469
69.89942828527313
68.39711221466428
67.47903017151441
67.06172015190084
66.10190710678962
66.10190710678962
66.47748612444184
66.10190710678962
66.10190710678962
65.39248007344656
65.10036305971705
65.10036305971705
64.39093602637399
63.26419897341735
67.56249217543713
71.94424738137963
72.11117138922505
72.11117138922505
72.11117138922505
72.11117138922505
72.11117138922505
72.11117138922505
72.11117138922505
72.0694403872637
72.0694403872637
71.69386136961148
71.10962734215248
71.10962734215248
71.10962734215248
70.06635229311856
68.10499520093477
67.27037516170763
66.85306514209405
66.10190710678962
65.30901806952384
65.18382506363977
65.10036305971705
65.10036305971705
65.10036305971705
64.26574302048992
64.30747402245127
65.10036305971705
66.10190710678962
70.10808329507991
72.7371364186454
73.11271543629762
73.11271543629762
73.11271543629762
73.11271543629762
72.27809539707049
72.48675040687726
72.11117138922505
72.11117138922505
72.11117138922505
72.11117138922505
72.11117138922505
72.15290239118642
72.11117138922505
71.73559237157284
69.69077327546634
68.73096023035512
67.6876851813212
66.89479614405542
65.76805909109878
65.14209406167842
65.10036305971705
64.47439803029671
64.0988190126445
64.0988190126445
64.47439803029671
65.30901806952384
68.89788423820056
73.02925343237492
74.11425948337019
73.94733547552477
73.44656345198848
73.32137044610441
73.11271543629762
73.11271543629762
73.11271543629762
72.57021241079998
72.57021241079998
72.57021241079998
72.11117138922505
72.19463339314777
72.15290239118642
71.90251637941827
70.19154529900263
70.10808329507991
69.23173225389141
69.10653924800734
69.10653924800734
68.68922922839377
68.10499520093477
67.47903017151441
67.1034511538622
67.01998914993949
67.1034511538622
68.06326419897341
71.69386136961148
73.65521846179526
73.57175645787255
73.23790844218169
73.15444643825899
73.11271543629762
73.11271543629762
73.11271543629762
73.11271543629762
73.11271543629762
73.11271543629762
73.11271543629762
73.11271543629762
73.11271543629762
72.7371364186454
71.94424738137963
70.44193131077077
69.48211826565955
68.39711221466428
67.52076117347578
67.01998914993949
65.97671410090555
65.18382506363977
65.10036305971705
64.68305304010349
65.10036305971705
65.10036305971705
67.3955681675917
72.15290239118642
74.11425948337019
74.11425948337019
74.11425948337019
74.11425948337019
73.57175645787255
73.36310144806576
73.11271543629762
73.27963944414306
73.11271543629762
73.11271543629762
73.11271543629762
73.11271543629762
72.9457914284522
72.11117138922505
69.02307724408463
67.6876851813212
67.1034511538622
66.64441013228728
65.97671410090555
65.10036305971705
65.10036305971705
64.64132203814214
64.05708801068313
63.51458498518549
64.0988190126445
65.89325209698285
70.10808329507991
71.90251637941827
72.11117138922505
72.0694403872637
71.48520635980469
71.10962734215248
71.10962734215248
71.10962734215248
70.77577932646163
70.48366231273212
70.23327630096398
70.10808329507991
70.10808329507991
70.10808329507991
69.89942828527313
69.06480824604598
67.1034511538622
66.64441013228728
65.10036305971705
63.38939197930142
62.42957893419021
61.55322789300171
60.843800859658636
60.13437382631557
61.09418687142678
61.63668989692442
67.47903017151441
71.8607853774569
73.11271543629762
72.69540541668405
72.19463339314777
72.11117138922505
71.44347535784334
70.40020030880942
69.85769728331177
69.1482702499687
69.4403872636982
69.10653924800734
69.77423527938906
69.64904227350499
69.35692525977548
68.52230522054835
68.10499520093477
67.27037516170763
65.97671410090555
65.10036305971705
64.01535700872178
63.13900596753328
63.09727496557192
63.13900596753328
65.9349830989442
68.06326419897341
72.9457914284522
74.94887952259734
74.15599048533154
74.11425948337019
73.9056044735634
73.57175645787255
72.9457914284522
72.11117138922505
72.11117138922505
71.27655134999792
71.44347535784334
71.10962734215248
71.10962734215248
71.10962734215248
70.85924133038434
69.64904227350499
68.68922922839377
68.10499520093477
67.1034511538622
66.2271001126737
65.43421107540792
65.10036305971705
65.14209406167842
67.89634019112799
73.8221424696407
76.07561657555398
76.4511955932062
76.11734757751533
76.07561657555398
76.11734757751533
75.86696156574719
75.3661895422109
75.6583065559404
75.11580353044276
75.11580353044276
75.11580353044276
75.11580353044276
75.11580353044276
75.11580353044276
75.11580353044276
74.36464549513833
71.61039936568876
70.56712431665484
69.69077327546634
69.10653924800734
68.89788423820056
68.10499520093477
67.64595417935985
67.1034511538622
67.1034511538622
69.02307724408463
74.03079747944747
77.57793264616284
78.12043567166047
77.53620164420147
77.66139465008554
77.36927763635605
77.16062262654926
77.57793264616284
77.4110086383174
77.1188916245879
77.1188916245879
77.1188916245879
77.1188916245879
77.1188916245879
77.1188916245879
76.86850561281976
75.95042356966991
74.86541751867462
73.6134874598339
72.44501940491591
71.27655134999792
70.9009723323457
70.14981429704127
70.10808329507991
69.27346325585277
69.10653924800734
69.02307724408463
68.10499520093477
67.72941618328255
67.22864415974627
66.26883111463506
65.97671410090555
65.14209406167842
64.43266702833535
64.05708801068313
63.18073696949463
62.09573091849935
62.09573091849935
62.596502942035634
67.77114718524392
75.99215457163126
78.12043567166047
79.03851771481033
79.12197971873304
78.24562867754454
78.12043567166047
78.12043567166047
78.12043567166047
78.12043567166047
78.12043567166047
78.03697366773775
77.9952426657764
78.12043567166047
78.07870466969912
78.07870466969912
77.36927763635605
77.07716062262655
76.11734757751533
74.94887952259734
74.11425948337019
73.23790844218169
72.40328840295456
72.11117138922505
71.8607853774569
71.10962734215248
71.10962734215248
70.81751032842298
70.10808329507991
69.64904227350499
68.98134624212327
68.35538121270291
67.52076117347578
67.1034511538622
67.1034511538622
67.14518215582356
70.10808329507991
75.90869256770854
78.12043567166047
78.12043567166047
77.9952426657764
77.24408463047197
77.07716062262655
77.1188916245879
77.03542962066518
77.07716062262655
77.03542962066518
77.07716062262655
76.65985060301297
77.1188916245879
76.40946459124483
76.11734757751533
75.6583065559404
73.65521846179526
72.57021241079998
71.65213036765013
70.98443433626841
70.06635229311856
69.10653924800734
68.52230522054835
68.10499520093477
67.64595417935985
67.1034511538622
66.97825814797812
66.10190710678962
65.26728706756249
64.84997704794893
63.72323999499228
63.26419897341735
62.638233943996994
61.761882902808495
61.13591787338814
60.38475983808371
60.55168384592914
61.761882902808495
62.22092392438342
68.8561532362392
75.86696156574719
78.95505571088762
79.08024871677169
78.99678671284897
78.8715937069649
78.12043567166047
78.12043567166047
78.12043567166047
78.12043567166047
78.12043567166047
78.12043567166047
77.87004965989233
77.9952426657764
77.16062262654926
77.16062262654926
76.82677461085841
75.19926553436548
73.65521846179526
72.23636439510912
70.94270333430705
70.0246212911572
69.10653924800734
68.39711221466428
68.10499520093477
67.22864415974627
67.1034511538622
66.56094812836456
66.10190710678962
65.26728706756249
64.39093602637399
63.26419897341735
62.80515795184242
62.09573091849935
61.13591787338814
60.59341484789049
60.050911822392855
59.132829779242996
59.09109877728164
59.09109877728164
61.51149689104035
68.5640362225097
69.10653924800734
75.70003755790177
77.45273964027876
77.1188916245879
77.03542962066518
76.95196761674248
76.99369861870383
76.91023661478111
76.70158160497434
76.4511955932062
76.11734757751533
76.11734757751533
76.11734757751533
76.11734757751533
75.40792054417226
72.69540541668405
71.40174435588199
70.27500730292535
68.81442223427784
67.64595417935985
67.1034511538622
67.01998914993949
66.35229311855777
65.18382506363977
65.10036305971705
64.55786003421942
64.0988190126445
63.639777991069565
63.09727496557192
62.596502942035634
61.803613904769854
61.01072486750407
60.09264282435421
59.50840879689521
58.42340274589993
58.08955473020907
58.131285732170426
58.214747736093145
58.965905771397566
65.55940408129199
77.03542962066518
76.99369861870383
75.86696156574719
75.03234152652004
74.11425948337019
73.19617744022034
73.11271543629762
72.19463339314777
72.11117138922505
72.11117138922505
72.19463339314777
72.11117138922505
72.11117138922505
71.56866836372741
69.94115928723448
68.35538121270291
67.1034511538622
66.10190710678962
64.80824604598756
64.0988190126445
63.472853983224134
63.09727496557192
63.09727496557192
62.596502942035634
62.09573091849935
62.09573091849935
61.97053791261528
61.46976588907899
61.46976588907899
62.763426949881065
69.89942828527313
75.03234152652004
77.91178066185368
78.03697366773775
77.1188916245879
77.1188916245879
76.40946459124483
76.11734757751533
76.40946459124483
76.07561657555398
75.11580353044276
75.03234152652004
74.11425948337019
74.11425948337019
74.11425948337019
73.94733547552477
72.11117138922505
70.6088553186162
68.77269123231649
67.18691315778491
66.10190710678962
65.18382506363977
64.39093602637399
64.0988190126445
63.639777991069565
63.09727496557192
63.09727496557192
62.638233943996994
62.09573091849935
