85.48220029439022
83.99207690490468
83.44690981119045
83.44690981119045
83.44690981119045
83.44690981119045
83.44690981119045
83.44690981119045
83.44690981119045
83.44690981119045
83.44690981119045
83.44690981119045
83.44690981119045
83.44690981119045
83.44690981119045
83.44690981119045
83.44690981119045
83.84669901324756
85.48220029439022
85.48220029439022
85.48220029439022
85.48220029439022
85.48220029439022
85.48220029439022
85.48220029439022
85.48220029439022
85.48220029439022
85.48220029439022
85.48220029439022
85.48220029439022
85.48220029439022
85.3368224027331
79.37632884479092
79.37632884479092
79.37632884479092
79.37632884479092
79.37632884479092
79.37632884479092
79.37632884479092
79.37632884479092
79.37632884479092
79.37632884479092
79.37632884479092
79.37632884479092
79.37632884479092
79.37632884479092
79.37632884479092
79.37632884479092
79.37632884479092
82.13850878627632
83.44690981119045
83.44690981119045
83.44690981119045
83.44690981119045
83.44690981119045
83.44690981119045
83.44690981119045
83.44690981119045
83.44690981119045
83.44690981119045
83.44690981119045
83.44690981119045
83.44690981119045
81.41161932799069
81.41161932799069
81.41161932799069
81.41161932799069
81.41161932799069
81.41161932799069
81.41161932799069
81.41161932799069
81.41161932799069
81.41161932799069
81.41161932799069
81.41161932799069
81.41161932799069
81.41161932799069
81.41161932799069
81.41161932799069
81.41161932799069
81.41161932799069
81.41161932799069
81.41161932799069
81.41161932799069
81.41161932799069
81.41161932799069
81.41161932799069
81.41161932799069
81.41161932799069
81.41161932799069
81.41161932799069
81.41161932799069
81.41161932799069
81.41161932799069
81.41161932799069
81.41161932799069
81.41161932799069
81.41161932799069
71.23516691199185
0.0
0.0
0.0
0.0
0.0
0.0
0.0
0.0
0.0
27.858038488796815
74.2881026367915
74.2881026367915
74.2881026367915
74.2881026367915
74.2881026367915
74.2881026367915
74.2881026367915
74.2881026367915
74.2881026367915
74.2881026367915
74.2881026367915
74.2881026367915
74.2881026367915
74.2881026367915
74.2881026367915
74.79692525759145
76.32339311999127
76.32339311999127
76.32339311999127
76.32339311999127
76.32339311999127
76.32339311999127
76.32339311999127
76.32339311999127
76.32339311999127
76.32339311999127
76.32339311999127
76.32339311999127
76.70501008559123
77.34103836159116
77.34103836159116
77.34103836159116
77.34103836159116
77.34103836159116
77.34103836159116
77.34103836159116
77.34103836159116
77.34103836159116
77.34103836159116
77.34103836159116
77.34103836159116
77.34103836159116
77.34103836159116
77.34103836159116
77.34103836159116
77.34103836159116
77.34103836159116
77.34103836159116
77.34103836159116
77.34103836159116
77.34103836159116
77.34103836159116
77.34103836159116
77.34103836159116
77.34103836159116
77.34103836159116
77.34103836159116
77.34103836159116
77.34103836159116
77.34103836159116
77.34103836159116
77.34103836159116
77.34103836159116
77.34103836159116
77.34103836159116
9.667629795198895
0.0
0.0
0.0
26.004470370168455
69.19987642879208
69.19987642879208
69.19987642879208
69.19987642879208
69.19987642879208
69.19987642879208
69.19987642879208
69.19987642879208
69.19987642879208
69.19987642879208
69.19987642879208
69.19987642879208
69.19987642879208
70.56279416307764
72.25281215359173
72.25281215359173
72.25281215359173
72.25281215359173
72.25281215359173
72.25281215359173
72.25281215359173
72.25281215359173
72.25281215359173
72.25281215359173
72.25281215359173
72.25281215359173
73.99734685347725
75.30574787839139
75.30574787839139
73.4885242326773
73.27045739519163
73.27045739519163
73.27045739519163
73.27045739519163
73.27045739519163
73.27045739519163
73.27045739519163
73.27045739519163
73.27045739519163
74.36079158262007
78.35868360319104
78.35868360319104
78.35868360319104
78.35868360319104
78.35868360319104
78.35868360319104
78.35868360319104
78.35868360319104
78.35868360319104
78.35868360319104
78.35868360319104
78.35868360319104
78.35868360319104
78.35868360319104
78.35868360319104
78.35868360319104
78.35868360319104
78.35868360319104
78.35868360319104
78.35868360319104
78.35868360319104
78.35868360319104
78.35868360319104
78.35868360319104
78.35868360319104
78.35868360319104
78.35868360319104
78.35868360319104
78.35868360319104
78.35868360319104
78.35868360319104
78.35868360319104
78.35868360319104
78.35868360319104
20.9889331079976
0.0
0.0
0.0
0.0
0.0
0.0
0.0
0.0
44.485634847080625
73.27045739519163
73.27045739519163
73.27045739519163
73.27045739519163
73.27045739519163
73.27045739519163
73.27045739519163
73.27045739519163
73.27045739519163
73.27045739519163
73.27045739519163
73.27045739519163
73.27045739519163
73.27045739519163
73.72476330662015
74.2881026367915
74.2881026367915
74.2881026367915
74.2881026367915
74.2881026367915
74.2881026367915
74.2881026367915
74.2881026367915
74.2881026367915
74.2881026367915
74.2881026367915
74.2881026367915
74.2881026367915
74.2881026367915
74.2881026367915
74.2881026367915
73.99734685347725
73.27045739519163
73.27045739519163
73.27045739519163
73.27045739519163
73.27045739519163
73.27045739519163
73.27045739519163
73.27045739519163
73.27045739519163
73.27045739519163
73.27045739519163
73.27045739519163
73.27045739519163
73.03421832124879
72.25281215359173
72.25281215359173
72.25281215359173
72.25281215359173
72.25281215359173
72.25281215359173
72.25281215359173
72.25281215359173
72.25281215359173
72.25281215359173
72.25281215359173
72.25281215359173
72.25281215359173
72.25281215359173
72.25281215359173
72.25281215359173
73.41583528684875
74.2881026367915
74.2881026367915
74.2881026367915
74.2881026367915
74.2881026367915
74.2881026367915
74.2881026367915
74.2881026367915
74.2881026367915
74.2881026367915
74.2881026367915
74.2881026367915
74.2881026367915
75.41478129713424
76.32339311999127
76.32339311999127
76.32339311999127
76.32339311999127
76.32339311999127
76.32339311999127
76.32339311999127
76.32339311999127
76.32339311999127
76.32339311999127
76.32339311999127
76.32339311999127
76.32339311999127
76.32339311999127
76.32339311999127
76.32339311999127
76.32339311999127
76.32339311999127
76.32339311999127
76.32339311999127
76.32339311999127
76.32339311999127
76.32339311999127
76.32339311999127
76.32339311999127
76.32339311999127
76.32339311999127
76.32339311999127
76.32339311999127
76.32339311999127
76.32339311999127
76.32339311999127
76.32339311999127
76.32339311999127
76.32339311999127
76.32339311999127
76.32339311999127
76.32339311999127
76.32339311999127
76.32339311999127
76.32339311999127
76.32339311999127
76.32339311999127
76.32339311999127
74.97864762216285
74.2881026367915
74.2881026367915
74.2881026367915
74.2881026367915
74.2881026367915
74.2881026367915
74.2881026367915
74.2881026367915
74.2881026367915
74.2881026367915
74.2881026367915
74.2881026367915
74.2881026367915
74.2881026367915
75.01499209507713
76.32339311999127
76.32339311999127
76.32339311999127
76.32339311999127
76.32339311999127
76.32339311999127
76.32339311999127
76.32339311999127
76.32339311999127
76.32339311999127
76.32339311999127
76.32339311999127
76.32339311999127
76.32339311999127
76.32339311999127
76.32339311999127
76.32339311999127
76.32339311999127
76.32339311999127
76.32339311999127
76.32339311999127
76.32339311999127
76.32339311999127
76.32339311999127
76.32339311999127
76.32339311999127
76.32339311999127
76.32339311999127
76.32339311999127
76.34156535644841
77.34103836159116
77.34103836159116
77.34103836159116
77.34103836159116
77.34103836159116
77.34103836159116
77.34103836159116
77.34103836159116
77.34103836159116
77.34103836159116
77.34103836159116
77.34103836159116
77.34103836159116
77.34103836159116
77.34103836159116
77.34103836159116
77.34103836159116
77.34103836159116
77.34103836159116
77.34103836159116
77.34103836159116
77.34103836159116
77.34103836159116
77.34103836159116
77.34103836159116
77.34103836159116
77.34103836159116
77.34103836159116
77.34103836159116
77.34103836159116
76.70501008559123
76.32339311999127
76.32339311999127
76.32339311999127
76.32339311999127
76.32339311999127
76.32339311999127
76.32339311999127
76.32339311999127
76.32339311999127
76.32339311999127
76.32339311999127
76.32339311999127
76.32339311999127
76.32339311999127
76.32339311999127
76.32339311999127
76.32339311999127
76.32339311999127
76.32339311999127
76.32339311999127
76.32339311999127
76.32339311999127
76.32339311999127
76.32339311999127
76.32339311999127
76.32339311999127
76.32339311999127
76.32339311999127
76.32339311999127
76.32339311999127
76.32339311999127
76.32339311999127
76.32339311999127
76.32339311999127
76.32339311999127
76.32339311999127
76.32339311999127
76.32339311999127
76.32339311999127
76.32339311999127
76.32339311999127
76.32339311999127
76.32339311999127
76.32339311999127
76.32339311999127
75.5783314252485
75.30574787839139
75.30574787839139
75.30574787839139
75.30574787839139
75.30574787839139
75.30574787839139
75.30574787839139
75.30574787839139
75.30574787839139
75.30574787839139
75.30574787839139
75.30574787839139
75.30574787839139
75.30574787839139
75.30574787839139
75.30574787839139
75.30574787839139
75.30574787839139
75.30574787839139
75.30574787839139
75.30574787839139
75.30574787839139
75.30574787839139
75.30574787839139
75.30574787839139
75.30574787839139
75.30574787839139
75.30574787839139
75.30574787839139
75.95994839084845
78.35868360319104
78.35868360319104
78.35868360319104
78.35868360319104
78.35868360319104
78.35868360319104
78.35868360319104
78.35868360319104
78.35868360319104
78.35868360319104
78.35868360319104
78.35868360319104
78.35868360319104
79.84880699267659
80.39397408639081
80.39397408639081
80.39397408639081
80.39397408639081
80.39397408639081
80.39397408639081
80.39397408639081
80.39397408639081
80.39397408639081
80.39397408639081
80.39397408639081
80.39397408639081
80.39397408639081
78.35868360319104
78.35868360319104
78.35868360319104
78.35868360319104
78.35868360319104
78.35868360319104
78.35868360319104
78.35868360319104
78.35868360319104
78.35868360319104
78.35868360319104
78.35868360319104
78.35868360319104
78.35868360319104
78.35868360319104
78.1587890021625
77.34103836159116
77.34103836159116
77.34103836159116
77.34103836159116
77.34103836159116
77.34103836159116
77.34103836159116
77.34103836159116
77.34103836159116
77.34103836159116
77.34103836159116
77.34103836159116
77.34103836159116
77.34103836159116
77.34103836159116
77.34103836159116
77.34103836159116
77.34103836159116
77.34103836159116
77.34103836159116
77.34103836159116
77.34103836159116
77.34103836159116
77.34103836159116
77.34103836159116
77.34103836159116
78.54040596776245
79.37632884479092
79.37632884479092
79.37632884479092
79.37632884479092
79.37632884479092
79.37632884479092
79.37632884479092
79.37632884479092
79.37632884479092
79.37632884479092
79.37632884479092
79.37632884479092
79.37632884479092
79.37632884479092
79.37632884479092
79.37632884479092
79.37632884479092
79.37632884479092
79.37632884479092
79.37632884479092
79.37632884479092
79.37632884479092
79.37632884479092
79.37632884479092
79.37632884479092
80.19407948536225
80.39397408639081
80.39397408639081
80.39397408639081
80.39397408639081
80.39397408639081
80.39397408639081
80.39397408639081
80.39397408639081
80.39397408639081
80.39397408639081
80.39397408639081
80.39397408639081
80.39397408639081
80.39397408639081
80.39397408639081
80.39397408639081
80.39397408639081
80.39397408639081
80.39397408639081
80.39397408639081
80.39397408639081
80.39397408639081
80.39397408639081
80.39397408639081
80.39397408639081
80.39397408639081
80.39397408639081
82.02947536753348
82.42926456959057
82.42926456959057
82.42926456959057
82.42926456959057
82.42926456959057
82.42926456959057
82.42926456959057
82.42926456959057
82.42926456959057
82.42926456959057
82.42926456959057
82.42926456959057
82.42926456959057
82.42926456959057
82.42926456959057
82.42926456959057
82.42926456959057
82.42926456959057
82.42926456959057
82.42926456959057
82.42926456959057
82.42926456959057
82.42926456959057
82.42926456959057
82.42926456959057
82.42926456959057
82.42926456959057
82.42926456959057
82.42926456959057
82.42926456959057
73.59755765142016
0.0
0.0
0.0
0.0
0.0
0.0
0.0
0.0
0.0
0.0
0.0
0.0
0.0
34.96338294353886
75.30574787839139
75.30574787839139
75.30574787839139
75.30574787839139
75.30574787839139
75.30574787839139
75.30574787839139
75.30574787839139
75.30574787839139
75.30574787839139
75.30574787839139
75.30574787839139
75.74188155336277
78.35868360319104
78.35868360319104
78.35868360319104
78.35868360319104
78.35868360319104
78.35868360319104
78.35868360319104
78.35868360319104
78.35868360319104
78.35868360319104
78.35868360319104
78.35868360319104
78.35868360319104
78.35868360319104
78.35868360319104
78.35868360319104
78.35868360319104
78.35868360319104
78.35868360319104
78.35868360319104
78.35868360319104
78.35868360319104
78.35868360319104
78.35868360319104
78.35868360319104
78.35868360319104
81.35710261861927
81.41161932799069
81.41161932799069
81.41161932799069
81.41161932799069
81.41161932799069
81.41161932799069
81.41161932799069
81.41161932799069
81.41161932799069
80.4848352686765
78.35868360319104
78.35868360319104
78.35868360319104
78.35868360319104
78.35868360319104
78.35868360319104
78.35868360319104
78.35868360319104
78.35868360319104
78.35868360319104
78.35868360319104
78.35868360319104
78.35868360319104
78.35868360319104
78.35868360319104
78.35868360319104
78.35868360319104
78.35868360319104
78.35868360319104
78.35868360319104
78.35868360319104
78.35868360319104
78.35868360319104
78.35868360319104
78.35868360319104
83.31970415599048
85.48220029439022
85.48220029439022
85.48220029439022
85.48220029439022
85.48220029439022
85.48220029439022
85.48220029439022
85.48220029439022
85.48220029439022
85.48220029439022
85.48220029439022
85.48220029439022
85.48220029439022
85.48220029439022
85.48220029439022
85.48220029439022
85.48220029439022
85.48220029439022
85.48220029439022
85.48220029439022
85.48220029439022
85.48220029439022
85.48220029439022
85.48220029439022
85.48220029439022
85.48220029439022
85.48220029439022
85.48220029439022
85.48220029439022
85.48220029439022
25.949953660797032
0.0
0.0
0.0
0.0
0.0
0.0
0.0
46.17565283759472
78.35868360319104
78.35868360319104
78.35868360319104
78.35868360319104
78.35868360319104
78.35868360319104
78.35868360319104
78.35868360319104
78.35868360319104
78.35868360319104
78.35868360319104
78.35868360319104
78.35868360319104
78.35868360319104
78.35868360319104
78.35868360319104
78.35868360319104
78.35868360319104
78.35868360319104
78.35868360319104
78.35868360319104
78.35868360319104
78.35868360319104
78.35868360319104
78.35868360319104
78.35868360319104
79.52170673644805
80.39397408639081
80.39397408639081
80.39397408639081
80.39397408639081
80.39397408639081
80.39397408639081
80.39397408639081
80.39397408639081
80.39397408639081
80.39397408639081
80.39397408639081
80.39397408639081
80.39397408639081
80.39397408639081
80.39397408639081
80.39397408639081
80.39397408639081
80.39397408639081
80.39397408639081
80.19407948536225
79.37632884479092
79.37632884479092
79.37632884479092
76.3779098293627
76.32339311999127
76.32339311999127
76.32339311999127
76.32339311999127
76.32339311999127
76.32339311999127
76.32339311999127
76.32339311999127
77.08662705119119
79.37632884479092
79.37632884479092
79.37632884479092
79.37632884479092
79.37632884479092
79.37632884479092
79.37632884479092
79.37632884479092
79.37632884479092
79.37632884479092
79.37632884479092
79.37632884479092
79.37632884479092
79.37632884479092
79.37632884479092
79.37632884479092
79.37632884479092
79.37632884479092
79.37632884479092
79.37632884479092
79.37632884479092
79.37632884479092
79.37632884479092
79.37632884479092
79.37632884479092
79.37632884479092
79.37632884479092
79.37632884479092
79.37632884479092
79.37632884479092
79.37632884479092
79.37632884479092
79.37632884479092
79.37632884479092
56.69737774627923
0.0
0.0
0.0
0.0
0.0
0.0
64.54778389576404
75.30574787839139
75.30574787839139
75.30574787839139
75.30574787839139
75.30574787839139
75.30574787839139
75.30574787839139
75.30574787839139
75.30574787839139
75.30574787839139
75.30574787839139
75.30574787839139
77.41372730741972
79.37632884479092
79.37632884479092
79.37632884479092
79.37632884479092
79.37632884479092
79.37632884479092
79.37632884479092
79.37632884479092
79.37632884479092
79.37632884479092
79.37632884479092
79.37632884479092
79.37632884479092
83.30153191953333
83.44690981119045
83.44690981119045
83.44690981119045
83.44690981119045
83.44690981119045
83.44690981119045
83.44690981119045
83.44690981119045
84.60993294444746
87.51749077759
87.51749077759
87.51749077759
87.51749077759
87.51749077759
87.51749077759
