131.31897369456078
131.31897369456078
131.31897369456078
131.31897369456078
131.31897369456078
131.31897369456078
131.31897369456078
131.31897369456078
131.31897369456078
131.31897369456078
131.31897369456078
131.31897369456078
131.31897369456078
131.31897369456078
131.31897369456078
131.31897369456078
131.31897369456078
131.31897369456078
131.31897369456078
131.31897369456078
131.31897369456078
131.31897369456078
131.31897369456078
131.31897369456078
132.1518635911436
134.3729033153645
134.3729033153645
134.3729033153645
134.3729033153645
134.3729033153645
134.3729033153645
134.3729033153645
134.3729033153645
134.3729033153645
134.3729033153645
134.3729033153645
134.3729033153645
134.3729033153645
133.8176433843093
133.3549267750966
133.3549267750966
133.3549267750966
133.3549267750966
133.3549267750966
133.3549267750966
133.3549267750966
133.3549267750966
133.3549267750966
133.3549267750966
133.3549267750966
133.3549267750966
133.3549267750966
133.3549267750966
133.3549267750966
133.3549267750966
133.3549267750966
133.3549267750966
133.3549267750966
133.3549267750966
133.3549267750966
133.3549267750966
133.3549267750966
133.3549267750966
133.3549267750966
132.7533951831201
131.31897369456078
131.31897369456078
131.31897369456078
131.31897369456078
131.31897369456078
131.31897369456078
131.31897369456078
131.31897369456078
131.31897369456078
131.31897369456078
131.31897369456078
131.31897369456078
132.56830853943504
134.3729033153645
134.3729033153645
134.3729033153645
134.3729033153645
134.3729033153645
134.3729033153645
134.3729033153645
134.3729033153645
134.3729033153645
134.3729033153645
134.3729033153645
134.3729033153645
134.3729033153645
134.3729033153645
134.3729033153645
134.3729033153645
134.3729033153645
134.3729033153645
134.3729033153645
134.3729033153645
134.3729033153645
134.3729033153645
134.3729033153645
134.3729033153645
134.3729033153645
134.3729033153645
134.69680494181338
135.39087985563242
135.39087985563242
135.39087985563242
135.39087985563242
135.39087985563242
135.39087985563242
135.39087985563242
135.39087985563242
135.39087985563242
135.39087985563242
135.39087985563242
135.39087985563242
135.39087985563242
135.39087985563242
135.39087985563242
135.39087985563242
135.39087985563242
135.39087985563242
135.39087985563242
135.39087985563242
135.39087985563242
135.39087985563242
135.39087985563242
135.39087985563242
135.39087985563242
135.39087985563242
135.39087985563242
135.39087985563242
135.39087985563242
135.39087985563242
135.39087985563242
135.39087985563242
135.39087985563242
135.39087985563242
135.39087985563242
135.39087985563242
135.39087985563242
135.39087985563242
135.39087985563242
135.39087985563242
137.1954746315619
137.42683293616824
137.42683293616824
137.42683293616824
137.42683293616824
137.42683293616824
137.42683293616824
137.42683293616824
137.42683293616824
137.42683293616824
137.42683293616824
137.42683293616824
137.42683293616824
137.42683293616824
137.21861046202253
136.40885639590033
136.40885639590033
136.40885639590033
136.40885639590033
136.40885639590033
136.40885639590033
136.40885639590033
136.40885639590033
136.40885639590033
136.40885639590033
136.40885639590033
136.40885639590033
136.40885639590033
136.40885639590033
134.60426161997086
130.30099715429284
130.30099715429284
130.30099715429284
130.30099715429284
130.30099715429284
130.30099715429284
130.30099715429284
130.30099715429284
130.30099715429284
130.30099715429284
130.30099715429284
130.30099715429284
130.30099715429284
130.30099715429284
130.30099715429284
130.30099715429284
130.30099715429284
130.30099715429284
130.30099715429284
130.30099715429284
130.30099715429284
130.30099715429284
130.30099715429284
130.30099715429284
130.30099715429284
130.30099715429284
130.30099715429284
130.30099715429284
130.30099715429284
130.30099715429284
130.30099715429284
130.30099715429284
130.30099715429284
130.30099715429284
130.30099715429284
130.30099715429284
130.30099715429284
130.30099715429284
130.30099715429284
130.30099715429284
130.30099715429284
130.30099715429284
130.30099715429284
131.874233625616
132.3369502348287
132.3369502348287
132.3369502348287
132.3369502348287
132.3369502348287
132.3369502348287
132.3369502348287
132.3369502348287
132.3369502348287
132.3369502348287
132.3369502348287
132.3369502348287
135.02070656826228
136.40885639590033
136.40885639590033
136.40885639590033
136.40885639590033
136.40885639590033
136.40885639590033
136.40885639590033
136.40885639590033
136.40885639590033
136.40885639590033
136.40885639590033
136.40885639590033
138.02836452814475
138.44480947643615
138.44480947643615
138.44480947643615
138.44480947643615
138.44480947643615
138.44480947643615
138.44480947643615
138.44480947643615
138.44480947643615
138.44480947643615
138.44480947643615
139.18515605117645
139.4627860167041
139.4627860167041
139.4627860167041
139.4627860167041
139.4627860167041
139.4627860167041
139.4627860167041
139.4627860167041
139.4627860167041
139.4627860167041
139.4627860167041
139.4627860167041
139.4627860167041
139.4627860167041
139.4627860167041
139.4627860167041
139.4627860167041
139.4627860167041
139.4627860167041
139.4627860167041
139.4627860167041
139.4627860167041
139.4627860167041
139.4627860167041
139.4627860167041
139.4627860167041
137.56564791893206
137.42683293616824
137.42683293616824
137.42683293616824
137.42683293616824
137.42683293616824
137.42683293616824
137.42683293616824
137.42683293616824
137.42683293616824
137.42683293616824
137.42683293616824
137.42683293616824
135.39087985563242
135.39087985563242
135.39087985563242
135.39087985563242
135.39087985563242
135.39087985563242
135.39087985563242
135.39087985563242
135.39087985563242
135.39087985563242
135.39087985563242
135.39087985563242
135.20579321194734
133.3549267750966
133.3549267750966
133.3549267750966
133.3549267750966
133.3549267750966
133.3549267750966
133.3549267750966
133.3549267750966
133.3549267750966
133.3549267750966
133.3549267750966
133.3549267750966
133.3549267750966
134.74307660273465
137.42683293616824
137.42683293616824
137.42683293616824
137.42683293616824
137.42683293616824
137.42683293616824
137.42683293616824
137.42683293616824
137.42683293616824
137.42683293616824
137.42683293616824
137.42683293616824
137.42683293616824
137.42683293616824
137.42683293616824
137.42683293616824
137.42683293616824
137.42683293616824
137.42683293616824
137.42683293616824
137.42683293616824
137.42683293616824
137.42683293616824
137.42683293616824
137.42683293616824
137.42683293616824
137.24174629248319
129.28302061402493
129.28302061402493
129.28302061402493
129.28302061402493
129.28302061402493
129.28302061402493
129.28302061402493
129.28302061402493
129.28302061402493
129.28302061402493
129.28302061402493
129.28302061402493
129.28302061402493
129.28302061402493
132.17499942160424
134.3729033153645
134.3729033153645
134.3729033153645
134.3729033153645
134.3729033153645
134.3729033153645
134.3729033153645
134.3729033153645
134.3729033153645
134.3729033153645
134.3729033153645
134.3729033153645
134.3729033153645
134.3729033153645
134.3729033153645
134.3729033153645
134.3729033153645
134.3729033153645
134.3729033153645
134.3729033153645
134.3729033153645
134.3729033153645
134.3729033153645
134.3729033153645
134.3729033153645
134.3729033153645
133.67882840154547
131.31897369456078
131.31897369456078
131.31897369456078
131.31897369456078
131.31897369456078
131.31897369456078
131.31897369456078
131.31897369456078
131.31897369456078
131.31897369456078
131.31897369456078
131.31897369456078
131.31897369456078
131.31897369456078
132.1518635911436
132.3369502348287
132.3369502348287
132.3369502348287
132.3369502348287
132.3369502348287
132.3369502348287
132.3369502348287
132.3369502348287
132.3369502348287
132.3369502348287
132.3369502348287
132.3369502348287
135.1132498901048
135.39087985563242
135.39087985563242
135.39087985563242
135.39087985563242
135.39087985563242
135.39087985563242
135.39087985563242
135.39087985563242
135.39087985563242
135.39087985563242
135.39087985563242
135.39087985563242
136.50139971774288
138.44480947643615
138.44480947643615
138.44480947643615
138.44480947643615
138.44480947643615
138.44480947643615
138.44480947643615
138.44480947643615
138.44480947643615
138.44480947643615
138.44480947643615
138.44480947643615
138.37540198505425
135.39087985563242
135.39087985563242
135.39087985563242
135.39087985563242
135.39087985563242
135.39087985563242
135.39087985563242
135.39087985563242
135.39087985563242
135.39087985563242
135.39087985563242
135.39087985563242
135.39087985563242
135.39087985563242
136.54767137866415
137.42683293616824
137.42683293616824
137.42683293616824
137.42683293616824
137.42683293616824
137.42683293616824
137.42683293616824
137.42683293616824
137.42683293616824
137.42683293616824
137.42683293616824
137.42683293616824
137.42683293616824
136.64021470050668
136.40885639590033
136.40885639590033
136.40885639590033
136.40885639590033
136.40885639590033
136.40885639590033
136.40885639590033
136.40885639590033
136.40885639590033
136.40885639590033
136.40885639590033
136.40885639590033
136.36258473497907
135.39087985563242
135.39087985563242
135.39087985563242
135.39087985563242
135.39087985563242
135.39087985563242
135.39087985563242
135.39087985563242
135.39087985563242
135.39087985563242
135.39087985563242
135.39087985563242
135.39087985563242
135.59910232977813
136.40885639590033
136.40885639590033
136.40885639590033
136.40885639590033
136.40885639590033
136.40885639590033
136.40885639590033
136.40885639590033
136.40885639590033
136.40885639590033
136.40885639590033
136.40885639590033
136.40885639590033
136.40885639590033
136.40885639590033
136.40885639590033
136.40885639590033
136.40885639590033
136.40885639590033
136.40885639590033
136.40885639590033
136.40885639590033
136.40885639590033
136.40885639590033
136.40885639590033
136.40885639590033
135.20579321194734
134.3729033153645
134.3729033153645
134.3729033153645
134.3729033153645
134.3729033153645
134.3729033153645
134.3729033153645
134.3729033153645
134.3729033153645
134.3729033153645
134.3729033153645
134.3729033153645
134.34976748490388
133.3549267750966
133.3549267750966
133.3549267750966
133.3549267750966
133.3549267750966
133.3549267750966
133.3549267750966
133.3549267750966
133.3549267750966
133.3549267750966
133.3549267750966
133.3549267750966
133.3549267750966
133.3549267750966
133.19297596187215
132.3369502348287
132.3369502348287
132.3369502348287
132.3369502348287
132.3369502348287
132.3369502348287
132.3369502348287
132.3369502348287
132.3369502348287
132.3369502348287
132.3369502348287
132.3369502348287
132.3369502348287
132.3369502348287
132.12872776068298
131.31897369456078
131.31897369456078
131.31897369456078
131.31897369456078
131.31897369456078
131.31897369456078
131.31897369456078
131.31897369456078
131.31897369456078
131.31897369456078
131.31897369456078
131.31897369456078
131.31897369456078
132.84593850496265
134.3729033153645
134.3729033153645
134.3729033153645
134.3729033153645
134.3729033153645
134.3729033153645
134.3729033153645
134.3729033153645
134.3729033153645
134.3729033153645
134.3729033153645
134.3729033153645
134.3729033153645
133.86391504523056
133.3549267750966
133.3549267750966
133.3549267750966
133.3549267750966
133.3549267750966
133.3549267750966
133.3549267750966
133.3549267750966
133.3549267750966
133.3549267750966
133.3549267750966
133.3549267750966
133.3549267750966
133.3549267750966
133.3549267750966
133.3549267750966
133.3549267750966
133.3549267750966
133.3549267750966
133.3549267750966
133.3549267750966
133.3549267750966
133.3549267750966
133.3549267750966
133.3549267750966
133.3549267750966
133.3549267750966
133.3549267750966
134.2340883326007
134.3729033153645
134.3729033153645
134.3729033153645
134.3729033153645
134.3729033153645
134.3729033153645
134.3729033153645
134.3729033153645
134.3729033153645
134.3729033153645
134.3729033153645
134.3729033153645
134.3729033153645
135.20579321194734
136.40885639590033
136.40885639590033
136.40885639590033
136.40885639590033
136.40885639590033
136.40885639590033
136.40885639590033
136.40885639590033
136.40885639590033
136.40885639590033
136.40885639590033
136.40885639590033
136.40885639590033
136.40885639590033
135.87673229530574
135.39087985563242
135.39087985563242
135.39087985563242
135.39087985563242
135.39087985563242
135.39087985563242
135.39087985563242
135.39087985563242
135.39087985563242
135.39087985563242
135.39087985563242
135.39087985563242
135.39087985563242
134.8356199245772
133.3549267750966
133.3549267750966
133.3549267750966
133.3549267750966
133.3549267750966
133.3549267750966
133.3549267750966
133.3549267750966
133.3549267750966
133.3549267750966
133.3549267750966
133.3549267750966
133.3549267750966
133.3549267750966
133.79450755384866
134.3729033153645
134.3729033153645
134.3729033153645
134.3729033153645
134.3729033153645
134.3729033153645
134.3729033153645
134.3729033153645
134.3729033153645
134.3729033153645
134.3729033153645
134.3729033153645
134.3729033153645
134.53485412858896
135.39087985563242
135.39087985563242
135.39087985563242
135.39087985563242
135.39087985563242
135.39087985563242
135.39087985563242
135.39087985563242
135.39087985563242
135.39087985563242
135.39087985563242
135.39087985563242
135.39087985563242
135.39087985563242
135.06697822918355
134.3729033153645
134.3729033153645
134.3729033153645
134.3729033153645
134.3729033153645
134.3729033153645
134.3729033153645
134.3729033153645
134.3729033153645
134.3729033153645
134.3729033153645
134.3729033153645
134.3729033153645
134.3729033153645
134.3729033153645
126.59926428059136
126.2290909932212
126.2290909932212
126.2290909932212
126.2290909932212
126.2290909932212
126.2290909932212
126.2290909932212
126.2290909932212
126.2290909932212
126.2290909932212
126.2290909932212
126.2290909932212
126.2290909932212
126.2290909932212
128.82030400481224
133.3549267750966
133.3549267750966
133.3549267750966
133.3549267750966
133.3549267750966
133.3549267750966
133.3549267750966
133.3549267750966
133.3549267750966
133.3549267750966
133.3549267750966
133.3549267750966
133.3549267750966
131.5966036600884
131.31897369456078
131.31897369456078
131.31897369456078
131.31897369456078
131.31897369456078
131.31897369456078
131.31897369456078
131.31897369456078
131.31897369456078
131.31897369456078
131.31897369456078
131.31897369456078
131.31897369456078
129.97709552784397
129.28302061402493
129.28302061402493
129.28302061402493
129.28302061402493
129.28302061402493
129.28302061402493
129.28302061402493
129.28302061402493
129.28302061402493
129.28302061402493
129.28302061402493
129.28302061402493
129.28302061402493
129.28302061402493
137.42683293616824
137.42683293616824
137.42683293616824
137.42683293616824
137.42683293616824
137.42683293616824
137.42683293616824
137.42683293616824
137.42683293616824
137.42683293616824
137.42683293616824
137.42683293616824
137.42683293616824
137.42683293616824
137.42683293616824
137.42683293616824
137.42683293616824
137.42683293616824
137.42683293616824
137.42683293616824
137.42683293616824
137.42683293616824
137.42683293616824
137.42683293616824
137.42683293616824
137.42683293616824
133.86391504523056
126.2290909932212
126.2290909932212
126.2290909932212
126.2290909932212
126.2290909932212
126.2290909932212
126.2290909932212
126.2290909932212
126.2290909932212
126.2290909932212
126.2290909932212
126.2290909932212
131.78169030377344
134.3729033153645
134.3729033153645
134.3729033153645
134.3729033153645
134.3729033153645
134.3729033153645
134.3729033153645
134.3729033153645
134.3729033153645
134.3729033153645
134.3729033153645
134.3729033153645
134.3729033153645
134.3729033153645
134.3729033153645
134.3729033153645
134.3729033153645
134.3729033153645
134.3729033153645
134.3729033153645
134.3729033153645
134.3729033153645
134.3729033153645
134.3729033153645
135.52969483839624
136.40885639590033
136.40885639590033
136.40885639590033
136.40885639590033
136.40885639590033
136.40885639590033
136.40885639590033
136.40885639590033
136.40885639590033
136.40885639590033
136.40885639590033
136.40885639590033
137.3342896143257
138.44480947643615
138.44480947643615
138.44480947643615
138.44480947643615
138.44480947643615
138.44480947643615
138.44480947643615
138.44480947643615
138.44480947643615
138.44480947643615
138.44480947643615
138.44480947643615
138.329130324133
137.42683293616824
137.42683293616824
137.42683293616824
137.42683293616824
137.42683293616824
137.42683293616824
137.42683293616824
137.42683293616824
137.42683293616824
137.42683293616824
137.42683293616824
137.42683293616824
137.42683293616824
137.42683293616824
138.86125442472758
139.4627860167041
139.4627860167041
139.4627860167041
139.4627860167041
139.4627860167041
139.4627860167041
139.4627860167041
139.4627860167041
139.4627860167041
139.4627860167041
139.4627860167041
139.4627860167041
139.4627860167041
139.4627860167041
135.8535964648451
133.3549267750966
133.3549267750966
133.3549267750966
133.3549267750966
133.3549267750966
133.3549267750966
133.3549267750966
133.3549267750966
133.3549267750966
133.3549267750966
133.3549267750966
133.3549267750966
133.3549267750966
133.3549267750966
134.04900168891564
134.3729033153645
134.3729033153645
134.3729033153645
134.3729033153645
134.3729033153645
134.3729033153645
134.3729033153645
134.3729033153645
134.3729033153645
134.3729033153645
134.3729033153645
134.3729033153645
134.3729033153645
134.3729033153645
134.3729033153645
134.3729033153645
134.3729033153645
134.3729033153645
134.3729033153645
134.3729033153645
134.3729033153645
134.3729033153645
134.3729033153645
134.3729033153645
134.3729033153645
134.3729033153645
135.1132498901048
136.40885639590033
136.40885639590033
136.40885639590033
136.40885639590033
136.40885639590033
136.40885639590033
136.40885639590033
136.40885639590033
