4.104969945755754
4.104969945755754
4.104969945755754
4.104969945755754
4.104969945755754
4.104969945755754
4.104969945755754
4.104969945755754
4.104969945755754
4.104969945755754
4.104969945755754
4.104969945755754
4.104969945755754
4.104969945755754
4.104969945755754
4.104969945755754
4.104969945755754
4.104969945755754
4.104969945755754
4.104969945755754
4.104969945755754
4.104969945755754
4.104969945755754
4.104969945755754
4.104969945755754
4.104969945755754
4.104969945755754
4.104969945755754
4.104969945755754
4.104969945755754
4.104969945755754
4.104969945755754
4.104969945755754
4.104969945755754
4.104969945755754
4.104969945755754
4.104969945755754
4.104969945755754
4.104969945755754
4.104969945755754
4.104969945755754
4.104969945755754
4.104969945755754
4.104969945755754
4.104969945755754
4.104969945755754
4.104969945755754
4.104969945755754
4.104969945755754
4.104969945755754
4.104969945755754
4.104969945755754
4.104969945755754
4.104969945755754
4.104969945755754
4.104969945755754
4.104969945755754
4.104969945755754
4.104969945755754
4.104969945755754
4.104969945755754
4.104969945755754
4.104969945755754
4.104969945755754
4.104969945755754
4.104969945755754
4.104969945755754
4.104969945755754
4.104969945755754
4.104969945755754
4.104969945755754
4.104969945755754
4.104969945755754
4.104969945755754
4.104969945755754
4.104969945755754
4.104969945755754
4.104969945755754
4.104969945755754
4.104969945755754
4.104969945755754
4.104969945755754
4.104969945755754
4.104969945755754
4.104969945755754
4.104969945755754
4.104969945755754
4.104969945755754
4.104969945755754
4.104969945755754
4.104969945755754
4.104969945755754
4.104969945755754
4.104969945755754
4.104969945755754
4.104969945755754
4.104969945755754
4.104969945755754
4.104969945755754
4.104969945755754
4.104969945755754
4.104969945755754
4.104969945755754
4.104969945755754
4.104969945755754
4.104969945755754
4.104969945755754
4.104969945755754
4.104969945755754
4.104969945755754
4.104969945755754
4.104969945755754
4.104969945755754
4.104969945755754
4.104969945755754
4.104969945755754
4.104969945755754
4.104969945755754
4.104969945755754
4.104969945755754
4.104969945755754
4.104969945755754
4.104969945755754
4.104969945755754
4.104969945755754
3.261985046180912
2.8954698724527197
1.9058789033866004
1.0262424864389386
1.0262424864389386
1.2828031080486733
2.052484972877877
2.5289546987245273
3.078727459316816
3.078727459316816
3.078727459316816
3.078727459316816
3.078727459316816
3.078727459316816
3.078727459316816
3.078727459316816
3.078727459316816
3.078727459316816
3.078727459316816
3.078727459316816
3.078727459316816
3.078727459316816
3.078727459316816
3.078727459316816
3.078727459316816
3.84840932414602
4.104969945755754
4.104969945755754
4.104969945755754
4.104969945755754
4.104969945755754
4.104969945755754
4.104969945755754
4.104969945755754
4.104969945755754
4.104969945755754
4.104969945755754
4.104969945755754
4.104969945755754
4.104969945755754
4.104969945755754
4.104969945755754
4.104969945755754
4.104969945755754
4.104969945755754
4.104969945755754
4.104969945755754
4.104969945755754
4.104969945755754
4.104969945755754
4.104969945755754
4.104969945755754
4.104969945755754
4.104969945755754
4.104969945755754
4.104969945755754
4.104969945755754
4.104969945755754
4.104969945755754
4.104969945755754
4.104969945755754
4.104969945755754
4.104969945755754
4.104969945755754
4.104969945755754
4.104969945755754
4.104969945755754
4.104969945755754
4.104969945755754
4.104969945755754
4.104969945755754
4.104969945755754
4.104969945755754
4.104969945755754
4.104969945755754
4.104969945755754
4.104969945755754
4.104969945755754
4.104969945755754
4.104969945755754
4.104969945755754
4.104969945755754
4.104969945755754
4.104969945755754
4.104969945755754
4.104969945755754
4.104969945755754
4.104969945755754
4.104969945755754
4.104969945755754
4.104969945755754
4.104969945755754
4.104969945755754
4.104969945755754
4.104969945755754
4.104969945755754
4.104969945755754
4.104969945755754
4.104969945755754
4.104969945755754
4.104969945755754
4.104969945755754
4.104969945755754
4.104969945755754
4.104969945755754
4.104969945755754
4.104969945755754
4.104969945755754
4.104969945755754
4.104969945755754
4.104969945755754
4.104969945755754
4.104969945755754
4.104969945755754
4.104969945755754
4.104969945755754
4.104969945755754
4.104969945755754
4.104969945755754
3.3352880809265506
3.078727459316816
3.078727459316816
3.078727459316816
3.078727459316816
3.8117578067732008
3.995015393637297
4.104969945755754
4.104969945755754
4.104969945755754
4.104969945755754
4.104969945755754
4.104969945755754
4.104969945755754
4.104969945755754
4.104969945755754
4.104969945755754
4.104969945755754
4.104969945755754
4.104969945755754
4.104969945755754
4.104969945755754
4.104969945755754
3.9217123588916585
3.555197185163466
3.115378976689635
3.078727459316816
3.078727459316816
3.078727459316816
3.078727459316816
3.078727459316816
3.078727459316816
3.078727459316816
3.078727459316816
3.078727459316816
3.078727459316816
3.078727459316816
3.078727459316816
3.078727459316816
3.078727459316816
3.078727459316816
3.078727459316816
3.078727459316816
3.078727459316816
3.078727459316816
3.078727459316816
3.078727459316816
3.078727459316816
3.078727459316816
3.078727459316816
3.078727459316816
3.078727459316816
3.078727459316816
3.078727459316816
3.078727459316816
3.078727459316816
3.078727459316816
3.078727459316816
3.078727459316816
3.078727459316816
3.078727459316816
3.078727459316816
3.078727459316816
3.078727459316816
3.078727459316816
3.078727459316816
3.078727459316816
3.078727459316816
3.078727459316816
3.078727459316816
3.078727459316816
3.078727459316816
3.078727459316816
3.078727459316816
3.078727459316816
3.078727459316816
3.078727459316816
3.078727459316816
3.078727459316816
3.078727459316816
3.078727459316816
3.078727459316816
3.078727459316816
3.078727459316816
3.078727459316816
3.078727459316816
3.078727459316816
3.078727459316816
3.078727459316816
3.078727459316816
3.078727459316816
3.078727459316816
3.078727459316816
3.078727459316816
3.078727459316816
3.078727459316816
3.078727459316816
3.078727459316816
3.078727459316816
3.078727459316816
3.078727459316816
3.078727459316816
3.078727459316816
3.078727459316816
3.078727459316816
3.078727459316816
3.078727459316816
3.078727459316816
3.078727459316816
3.078727459316816
3.078727459316816
3.078727459316816
3.078727459316816
3.078727459316816
3.078727459316816
3.078727459316816
3.078727459316816
3.078727459316816
3.078727459316816
3.078727459316816
3.078727459316816
3.078727459316816
3.078727459316816
3.078727459316816
3.078727459316816
3.078727459316816
3.078727459316816
3.078727459316816
3.078727459316816
3.078727459316816
3.078727459316816
3.078727459316816
3.078727459316816
3.078727459316816
3.078727459316816
3.078727459316816
3.078727459316816
3.078727459316816
3.078727459316816
3.078727459316816
3.078727459316816
3.078727459316816
3.078727459316816
3.078727459316816
3.078727459316816
3.078727459316816
3.078727459316816
3.078727459316816
3.078727459316816
3.078727459316816
3.078727459316816
3.078727459316816
3.078727459316816
3.078727459316816
3.078727459316816
3.078727459316816
3.078727459316816
3.078727459316816
3.078727459316816
3.078727459316816
3.665151737281924
4.104969945755754
4.104969945755754
4.104969945755754
4.104969945755754
4.104969945755754
4.104969945755754
4.104969945755754
4.104969945755754
4.104969945755754
4.104969945755754
4.104969945755754
3.555197185163466
3.078727459316816
3.078727459316816
3.078727459316816
3.078727459316816
3.078727459316816
3.078727459316816
3.078727459316816
3.078727459316816
3.078727459316816
3.078727459316816
3.078727459316816
3.078727459316816
3.078727459316816
3.078727459316816
3.078727459316816
3.078727459316816
3.078727459316816
3.078727459316816
3.078727459316816
3.078727459316816
3.078727459316816
3.078727459316816
3.078727459316816
3.078727459316816
3.078727459316816
3.078727459316816
3.078727459316816
3.078727459316816
3.078727459316816
3.078727459316816
3.078727459316816
3.078727459316816
3.078727459316816
3.078727459316816
3.078727459316816
3.078727459316816
3.078727459316816
3.078727459316816
3.078727459316816
3.4452426330450083
4.104969945755754
4.104969945755754
4.104969945755754
4.104969945755754
4.104969945755754
4.104969945755754
4.104969945755754
4.104969945755754
4.104969945755754
4.104969945755754
3.7751062894003815
3.078727459316816
3.078727459316816
3.078727459316816
3.078727459316816
3.078727459316816
3.078727459316816
3.078727459316816
3.078727459316816
3.078727459316816
3.078727459316816
3.078727459316816
3.078727459316816
3.078727459316816
3.078727459316816
3.078727459316816
3.078727459316816
3.078727459316816
3.078727459316816
3.078727459316816
3.078727459316816
3.078727459316816
3.078727459316816
3.078727459316816
3.078727459316816
3.078727459316816
3.078727459316816
3.078727459316816
3.078727459316816
3.078727459316816
3.078727459316816
3.078727459316816
3.078727459316816
3.078727459316816
3.078727459316816
3.078727459316816
3.078727459316816
3.078727459316816
3.078727459316816
3.078727459316816
3.078727459316816
3.078727459316816
3.078727459316816
3.078727459316816
3.078727459316816
3.078727459316816
3.078727459316816
3.078727459316816
3.078727459316816
3.078727459316816
3.078727459316816
3.078727459316816
3.078727459316816
3.078727459316816
3.078727459316816
3.078727459316816
3.078727459316816
3.078727459316816
3.078727459316816
3.078727459316816
3.078727459316816
3.078727459316816
3.078727459316816
3.078727459316816
3.078727459316816
3.078727459316816
3.078727459316816
3.078727459316816
3.078727459316816
3.078727459316816
3.078727459316816
3.078727459316816
3.078727459316816
3.078727459316816
3.078727459316816
3.078727459316816
3.078727459316816
3.078727459316816
3.078727459316816
3.078727459316816
3.078727459316816
3.078727459316816
3.078727459316816
3.078727459316816
3.078727459316816
3.078727459316816
3.078727459316816
3.078727459316816
3.078727459316816
3.078727459316816
3.078727459316816
3.078727459316816
3.078727459316816
3.078727459316816
3.078727459316816
3.078727459316816
3.078727459316816
3.078727459316816
3.078727459316816
3.078727459316816
3.078727459316816
3.078727459316816
3.078727459316816
3.078727459316816
3.078727459316816
3.078727459316816
3.078727459316816
3.078727459316816
3.078727459316816
3.078727459316816
3.078727459316816
3.078727459316816
3.078727459316816
3.078727459316816
3.078727459316816
3.078727459316816
3.078727459316816
3.078727459316816
3.078727459316816
3.078727459316816
3.078727459316816
3.078727459316816
3.078727459316816
3.078727459316816
3.078727459316816
3.078727459316816
3.078727459316816
3.078727459316816
3.078727459316816
3.078727459316816
3.078727459316816
3.078727459316816
3.078727459316816
3.078727459316816
3.078727459316816
3.078727459316816
3.078727459316816
3.078727459316816
3.078727459316816
3.078727459316816
3.078727459316816
3.078727459316816
3.078727459316816
3.078727459316816
3.078727459316816
3.078727459316816
3.078727459316816
3.078727459316816
3.078727459316816
3.078727459316816
3.078727459316816
3.078727459316816
3.078727459316816
3.078727459316816
3.078727459316816
3.078727459316816
3.078727459316816
3.078727459316816
3.078727459316816
3.078727459316816
3.078727459316816
3.078727459316816
3.078727459316816
3.078727459316816
3.078727459316816
3.078727459316816
3.078727459316816
3.078727459316816
3.078727459316816
3.078727459316816
3.078727459316816
3.078727459316816
3.078727459316816
3.078727459316816
3.078727459316816
3.078727459316816
3.078727459316816
3.078727459316816
3.078727459316816
3.078727459316816
3.078727459316816
3.078727459316816
3.078727459316816
3.078727459316816
3.078727459316816
3.078727459316816
3.078727459316816
3.078727459316816
3.078727459316816
3.078727459316816
3.078727459316816
3.078727459316816
3.078727459316816
3.078727459316816
3.078727459316816
3.078727459316816
3.078727459316816
3.078727459316816
3.078727459316816
3.078727459316816
3.078727459316816
3.078727459316816
3.078727459316816
3.078727459316816
3.078727459316816
3.078727459316816
3.078727459316816
3.078727459316816
3.078727459316816
3.078727459316816
3.078727459316816
3.078727459316816
3.078727459316816
3.078727459316816
3.078727459316816
3.078727459316816
3.078727459316816
3.078727459316816
3.078727459316816
3.078727459316816
3.078727459316816
3.078727459316816
3.078727459316816
3.078727459316816
3.078727459316816
3.078727459316816
3.078727459316816
3.078727459316816
3.078727459316816
3.078727459316816
3.078727459316816
3.078727459316816
3.078727459316816
3.078727459316816
3.078727459316816
3.078727459316816
3.078727459316816
3.078727459316816
3.078727459316816
3.078727459316816
3.078727459316816
3.078727459316816
3.078727459316816
3.078727459316816
3.078727459316816
3.078727459316816
3.078727459316816
3.078727459316816
3.078727459316816
3.078727459316816
3.078727459316816
3.078727459316816
3.078727459316816
3.078727459316816
3.078727459316816
3.078727459316816
3.078727459316816
3.078727459316816
3.078727459316816
3.078727459316816
3.078727459316816
3.078727459316816
3.078727459316816
3.078727459316816
3.078727459316816
3.078727459316816
3.078727459316816
3.078727459316816
3.078727459316816
3.078727459316816
3.078727459316816
3.078727459316816
3.078727459316816
3.078727459316816
3.078727459316816
3.078727459316816
3.078727459316816
3.078727459316816
3.078727459316816
3.078727459316816
3.078727459316816
3.078727459316816
3.078727459316816
3.078727459316816
3.078727459316816
3.078727459316816
3.078727459316816
3.078727459316816
3.078727459316816
3.078727459316816
3.078727459316816
3.078727459316816
3.078727459316816
3.078727459316816
3.078727459316816
3.078727459316816
3.078727459316816
3.078727459316816
3.078727459316816
3.078727459316816
3.078727459316816
3.078727459316816
3.078727459316816
3.078727459316816
3.078727459316816
3.078727459316816
3.078727459316816
3.078727459316816
3.078727459316816
3.078727459316816
3.078727459316816
3.078727459316816
3.078727459316816
3.078727459316816
3.078727459316816
3.078727459316816
3.078727459316816
3.078727459316816
3.078727459316816
3.078727459316816
3.078727459316816
3.078727459316816
3.078727459316816
3.078727459316816
3.078727459316816
3.078727459316816
3.078727459316816
3.078727459316816
3.078727459316816
3.078727459316816
3.078727459316816
3.078727459316816
3.078727459316816
3.078727459316816
3.078727459316816
3.078727459316816
3.078727459316816
3.078727459316816
3.078727459316816
3.078727459316816
3.078727459316816
3.078727459316816
3.078727459316816
3.078727459316816
3.078727459316816
3.078727459316816
3.078727459316816
3.078727459316816
3.078727459316816
3.078727459316816
3.078727459316816
3.078727459316816
3.078727459316816
3.078727459316816
3.078727459316816
3.078727459316816
3.078727459316816
3.078727459316816
3.078727459316816
3.078727459316816
3.078727459316816
3.078727459316816
3.078727459316816
3.078727459316816
3.078727459316816
3.078727459316816
3.078727459316816
3.078727459316816
3.078727459316816
3.078727459316816
3.078727459316816
3.078727459316816
3.078727459316816
3.078727459316816
3.078727459316816
3.078727459316816
3.078727459316816
3.078727459316816
3.078727459316816
3.078727459316816
3.078727459316816
3.078727459316816
3.078727459316816
3.078727459316816
3.078727459316816
3.078727459316816
3.078727459316816
3.078727459316816
3.078727459316816
3.078727459316816
3.078727459316816
3.078727459316816
3.078727459316816
3.078727459316816
3.078727459316816
3.078727459316816
3.078727459316816
3.078727459316816
3.078727459316816
3.078727459316816
3.078727459316816
3.078727459316816
3.078727459316816
3.078727459316816
3.078727459316816
3.078727459316816
3.078727459316816
3.078727459316816
3.078727459316816
3.078727459316816
3.078727459316816
3.078727459316816
3.078727459316816
3.078727459316816
3.078727459316816
3.078727459316816
3.078727459316816
3.078727459316816
3.078727459316816
3.078727459316816
3.078727459316816
3.078727459316816
3.078727459316816
3.078727459316816
3.078727459316816
3.078727459316816
3.078727459316816
3.078727459316816
3.078727459316816
3.078727459316816
3.078727459316816
3.078727459316816
3.078727459316816
3.078727459316816
3.078727459316816
3.078727459316816
3.078727459316816
3.078727459316816
3.078727459316816
3.078727459316816
3.078727459316816
3.078727459316816
3.078727459316816
3.078727459316816
3.078727459316816
3.078727459316816
3.078727459316816
3.078727459316816
3.078727459316816
3.078727459316816
3.078727459316816
3.078727459316816
3.078727459316816
3.078727459316816
3.078727459316816
3.078727459316816
3.078727459316816
3.078727459316816
3.078727459316816
3.078727459316816
3.078727459316816
3.078727459316816
3.078727459316816
3.078727459316816
3.078727459316816
3.078727459316816
3.078727459316816
3.078727459316816
3.078727459316816
3.078727459316816
3.078727459316816
3.078727459316816
3.078727459316816
