13.192654639175258
13.192654639175258
13.192654639175258
13.192654639175258
13.192654639175258
13.192654639175258
13.192654639175258
13.192654639175258
13.192654639175258
13.192654639175258
13.192654639175258
13.192654639175258
13.192654639175258
13.192654639175258
13.192654639175258
13.192654639175258
13.192654639175258
13.192654639175258
13.192654639175258
13.192654639175258
13.192654639175258
13.192654639175258
13.192654639175258
13.192654639175258
13.192654639175258
13.192654639175258
13.192654639175258
13.192654639175258
13.192654639175258
13.192654639175258
13.192654639175258
13.192654639175258
13.192654639175258
13.192654639175258
13.192654639175258
13.192654639175258
13.192654639175258
13.192654639175258
13.192654639175258
13.192654639175258
13.192654639175258
13.192654639175258
13.192654639175258
13.192654639175258
13.192654639175258
13.192654639175258
13.192654639175258
13.192654639175258
13.192654639175258
13.192654639175258
13.192654639175258
13.192654639175258
13.192654639175258
13.192654639175258
13.192654639175258
13.192654639175258
13.192654639175258
13.192654639175258
13.192654639175258
13.192654639175258
13.192654639175258
13.192654639175258
13.192654639175258
13.192654639175258
13.192654639175258
13.192654639175258
13.192654639175258
13.192654639175258
13.192654639175258
13.192654639175258
13.192654639175258
13.192654639175258
13.192654639175258
13.192654639175258
13.192654639175258
13.192654639175258
13.192654639175258
13.192654639175258
13.192654639175258
13.192654639175258
13.192654639175258
13.192654639175258
13.192654639175258
13.192654639175258
13.192654639175258
13.192654639175258
13.192654639175258
13.192654639175258
13.192654639175258
13.192654639175258
13.192654639175258
13.192654639175258
13.192654639175258
13.192654639175258
13.192654639175258
13.192654639175258
13.192654639175258
13.192654639175258
13.192654639175258
13.192654639175258
13.192654639175258
13.192654639175258
13.192654639175258
13.192654639175258
13.192654639175258
13.192654639175258
13.192654639175258
13.192654639175258
13.192654639175258
13.192654639175258
13.192654639175258
13.192654639175258
13.192654639175258
13.192654639175258
13.192654639175258
13.192654639175258
13.192654639175258
13.192654639175258
13.192654639175258
13.192654639175258
13.192654639175258
13.192654639175258
13.192654639175258
13.192654639175258
12.290592783505154
6.088917525773196
6.088917525773196
6.088917525773196
6.088917525773196
6.088917525773196
6.088917525773196
6.088917525773196
6.088917525773196
6.088917525773196
6.088917525773196
6.088917525773196
6.088917525773196
6.088917525773196
6.088917525773196
6.088917525773196
6.088917525773196
6.088917525773196
6.088917525773196
6.088917525773196
6.088917525773196
6.088917525773196
6.088917525773196
6.088917525773196
6.088917525773196
6.088917525773196
6.088917525773196
6.088917525773196
6.088917525773196
6.088917525773196
6.088917525773196
6.088917525773196
6.088917525773196
6.088917525773196
6.088917525773196
6.088917525773196
6.088917525773196
6.088917525773196
6.088917525773196
6.088917525773196
6.088917525773196
6.088917525773196
6.088917525773196
6.088917525773196
6.088917525773196
6.088917525773196
6.088917525773196
6.088917525773196
6.088917525773196
6.088917525773196
6.088917525773196
6.088917525773196
6.088917525773196
6.088917525773196
6.088917525773196
6.088917525773196
6.088917525773196
6.088917525773196
6.088917525773196
6.088917525773196
6.088917525773196
15.657216494845361
17.251932989690722
17.251932989690722
17.251932989690722
17.251932989690722
17.251932989690722
17.251932989690722
17.251932989690722
17.251932989690722
17.251932989690722
17.251932989690722
17.251932989690722
17.251932989690722
17.251932989690722
17.251932989690722
17.251932989690722
17.251932989690722
17.251932989690722
17.251932989690722
17.251932989690722
17.251932989690722
17.251932989690722
17.251932989690722
17.251932989690722
17.251932989690722
17.251932989690722
17.251932989690722
17.251932989690722
17.251932989690722
17.251932989690722
17.251932989690722
17.251932989690722
17.251932989690722
17.251932989690722
17.251932989690722
17.251932989690722
17.251932989690722
17.251932989690722
17.251932989690722
17.251932989690722
17.251932989690722
17.251932989690722
17.251932989690722
17.251932989690722
17.251932989690722
17.251932989690722
17.251932989690722
17.251932989690722
17.251932989690722
17.251932989690722
17.251932989690722
17.251932989690722
17.251932989690722
17.251932989690722
17.251932989690722
17.251932989690722
17.251932989690722
17.251932989690722
17.251932989690722
17.251932989690722
17.251932989690722
17.251932989690722
17.251932989690722
17.251932989690722
17.251932989690722
17.251932989690722
17.251932989690722
17.251932989690722
17.251932989690722
17.251932989690722
17.251932989690722
17.251932989690722
17.251932989690722
17.251932989690722
17.251932989690722
17.251932989690722
17.251932989690722
17.251932989690722
17.251932989690722
17.251932989690722
17.251932989690722
17.251932989690722
17.251932989690722
17.251932989690722
17.251932989690722
17.251932989690722
17.251932989690722
17.251932989690722
17.251932989690722
17.251932989690722
17.251932989690722
17.251932989690722
17.251932989690722
17.251932989690722
17.251932989690722
17.251932989690722
17.251932989690722
17.251932989690722
17.251932989690722
17.251932989690722
17.251932989690722
17.251932989690722
17.251932989690722
17.251932989690722
17.251932989690722
17.251932989690722
17.251932989690722
17.251932989690722
17.251932989690722
17.251932989690722
17.251932989690722
17.251932989690722
17.251932989690722
17.251932989690722
17.251932989690722
17.251932989690722
17.251932989690722
17.251932989690722
17.251932989690722
17.251932989690722
17.251932989690722
17.251932989690722
17.251932989690722
17.251932989690722
17.251932989690722
17.251932989690722
17.251932989690722
17.251932989690722
17.251932989690722
17.251932989690722
13.67590206185567
11.163015463917526
11.163015463917526
11.163015463917526
11.163015463917526
11.163015463917526
11.163015463917526
11.163015463917526
11.163015463917526
11.163015463917526
11.163015463917526
11.163015463917526
11.163015463917526
11.163015463917526
11.163015463917526
11.163015463917526
11.163015463917526
11.163015463917526
11.163015463917526
11.163015463917526
11.163015463917526
11.163015463917526
11.163015463917526
11.163015463917526
11.163015463917526
11.163015463917526
11.163015463917526
11.163015463917526
11.163015463917526
11.163015463917526
11.163015463917526
11.163015463917526
11.163015463917526
11.163015463917526
11.163015463917526
11.163015463917526
11.163015463917526
11.163015463917526
11.163015463917526
11.163015463917526
11.163015463917526
11.163015463917526
11.163015463917526
11.163015463917526
11.163015463917526
11.163015463917526
11.163015463917526
11.163015463917526
11.163015463917526
11.163015463917526
11.163015463917526
11.163015463917526
11.163015463917526
11.163015463917526
11.163015463917526
11.163015463917526
11.163015463917526
11.163015463917526
11.163015463917526
11.163015463917526
11.163015463917526
11.163015463917526
11.163015463917526
11.163015463917526
11.163015463917526
11.163015463917526
11.163015463917526
11.163015463917526
11.163015463917526
11.163015463917526
11.163015463917526
11.163015463917526
11.163015463917526
11.163015463917526
11.163015463917526
11.163015463917526
11.163015463917526
11.163015463917526
11.163015463917526
11.163015463917526
11.163015463917526
11.163015463917526
11.163015463917526
11.163015463917526
11.163015463917526
11.163015463917526
11.163015463917526
11.163015463917526
11.163015463917526
11.163015463917526
11.163015463917526
11.163015463917526
11.163015463917526
11.163015463917526
11.163015463917526
11.163015463917526
11.163015463917526
11.163015463917526
11.163015463917526
11.163015463917526
11.163015463917526
11.163015463917526
11.163015463917526
11.163015463917526
11.163015463917526
11.163015463917526
11.163015463917526
11.163015463917526
11.163015463917526
11.163015463917526
11.163015463917526
11.163015463917526
11.163015463917526
11.163015463917526
11.163015463917526
11.163015463917526
11.163015463917526
11.163015463917526
11.163015463917526
11.163015463917526
11.163015463917526
11.163015463917526
11.163015463917526
11.163015463917526
11.163015463917526
11.163015463917526
11.163015463917526
11.163015463917526
11.163015463917526
11.163015463917526
11.163015463917526
11.163015463917526
11.163015463917526
11.163015463917526
11.163015463917526
11.163015463917526
11.163015463917526
11.163015463917526
11.163015463917526
11.163015463917526
11.163015463917526
11.163015463917526
11.163015463917526
11.163015463917526
10.1965206185567
6.088917525773196
6.088917525773196
6.088917525773196
6.088917525773196
6.088917525773196
6.088917525773196
6.088917525773196
6.088917525773196
6.088917525773196
6.088917525773196
6.088917525773196
6.088917525773196
6.088917525773196
6.088917525773196
6.088917525773196
6.088917525773196
6.088917525773196
6.088917525773196
6.088917525773196
6.088917525773196
6.088917525773196
6.088917525773196
6.088917525773196
6.088917525773196
6.088917525773196
6.088917525773196
6.088917525773196
6.088917525773196
6.088917525773196
6.088917525773196
6.088917525773196
6.088917525773196
6.088917525773196
6.088917525773196
6.088917525773196
6.088917525773196
6.088917525773196
6.088917525773196
6.088917525773196
6.088917525773196
6.088917525773196
6.088917525773196
6.088917525773196
6.088917525773196
6.088917525773196
6.088917525773196
6.088917525773196
6.088917525773196
6.088917525773196
6.088917525773196
6.088917525773196
6.088917525773196
6.088917525773196
6.088917525773196
6.088917525773196
6.088917525773196
6.088917525773196
6.088917525773196
6.088917525773196
6.088917525773196
6.088917525773196
6.088917525773196
6.088917525773196
6.088917525773196
6.088917525773196
6.088917525773196
6.088917525773196
6.088917525773196
6.088917525773196
6.088917525773196
6.088917525773196
6.088917525773196
6.088917525773196
6.088917525773196
6.088917525773196
6.088917525773196
6.088917525773196
6.088917525773196
6.088917525773196
6.088917525773196
6.088917525773196
6.088917525773196
6.088917525773196
6.088917525773196
6.088917525773196
6.088917525773196
6.088917525773196
6.088917525773196
6.088917525773196
6.088917525773196
6.088917525773196
6.088917525773196
6.088917525773196
6.088917525773196
6.088917525773196
6.088917525773196
6.088917525773196
6.088917525773196
6.088917525773196
6.088917525773196
6.088917525773196
6.813788659793815
9.133376288659795
9.133376288659795
9.133376288659795
9.133376288659795
9.133376288659795
9.133376288659795
9.133376288659795
9.133376288659795
9.133376288659795
9.133376288659795
9.133376288659795
9.133376288659795
9.133376288659795
9.133376288659795
9.133376288659795
9.133376288659795
9.133376288659795
9.133376288659795
9.133376288659795
9.133376288659795
9.133376288659795
9.133376288659795
9.133376288659795
9.133376288659795
9.133376288659795
9.133376288659795
9.133376288659795
9.133376288659795
9.133376288659795
9.133376288659795
9.133376288659795
9.133376288659795
9.133376288659795
9.133376288659795
9.133376288659795
9.133376288659795
9.133376288659795
9.133376288659795
9.133376288659795
9.133376288659795
9.133376288659795
9.133376288659795
9.133376288659795
9.133376288659795
9.133376288659795
9.133376288659795
9.133376288659795
9.133376288659795
9.133376288659795
9.133376288659795
9.133376288659795
9.133376288659795
9.133376288659795
9.133376288659795
9.133376288659795
9.133376288659795
9.133376288659795
9.133376288659795
9.133376288659795
9.133376288659795
9.133376288659795
9.133376288659795
9.133376288659795
9.133376288659795
9.133376288659795
10.58311855670103
14.207474226804123
14.207474226804123
14.207474226804123
14.207474226804123
14.207474226804123
14.207474226804123
14.207474226804123
14.207474226804123
14.207474226804123
14.207474226804123
14.207474226804123
14.207474226804123
14.207474226804123
14.207474226804123
14.207474226804123
14.207474226804123
14.207474226804123
14.207474226804123
14.207474226804123
14.207474226804123
14.207474226804123
14.207474226804123
14.207474226804123
14.207474226804123
14.207474226804123
14.207474226804123
14.207474226804123
14.207474226804123
14.207474226804123
14.207474226804123
14.207474226804123
14.207474226804123
14.207474226804123
14.207474226804123
14.207474226804123
14.207474226804123
14.207474226804123
14.207474226804123
14.207474226804123
14.207474226804123
14.207474226804123
14.207474226804123
14.207474226804123
14.207474226804123
14.207474226804123
14.207474226804123
14.207474226804123
14.207474226804123
14.207474226804123
14.207474226804123
16.38208762886598
19.281572164948454
19.281572164948454
19.281572164948454
19.281572164948454
19.281572164948454
19.281572164948454
19.281572164948454
19.281572164948454
19.281572164948454
19.281572164948454
19.281572164948454
19.281572164948454
19.281572164948454
19.281572164948454
19.281572164948454
19.281572164948454
19.281572164948454
19.281572164948454
19.281572164948454
19.281572164948454
19.281572164948454
19.281572164948454
19.281572164948454
19.281572164948454
19.281572164948454
19.281572164948454
19.281572164948454
19.281572164948454
19.281572164948454
19.281572164948454
19.281572164948454
19.281572164948454
19.281572164948454
19.281572164948454
19.281572164948454
19.281572164948454
19.281572164948454
19.281572164948454
19.281572164948454
19.281572164948454
19.281572164948454
19.281572164948454
19.281572164948454
19.281572164948454
19.281572164948454
19.281572164948454
19.281572164948454
19.281572164948454
19.281572164948454
19.281572164948454
19.281572164948454
19.281572164948454
19.281572164948454
19.281572164948454
19.281572164948454
19.281572164948454
19.281572164948454
19.281572164948454
19.281572164948454
19.281572164948454
19.281572164948454
19.281572164948454
19.281572164948454
19.281572164948454
19.281572164948454
19.281572164948454
19.281572164948454
19.281572164948454
19.281572164948454
19.281572164948454
19.281572164948454
19.281572164948454
19.281572164948454
19.281572164948454
19.281572164948454
19.281572164948454
19.281572164948454
19.281572164948454
19.281572164948454
19.281572164948454
19.281572164948454
19.281572164948454
19.281572164948454
19.281572164948454
19.281572164948454
19.281572164948454
19.281572164948454
19.281572164948454
19.281572164948454
19.281572164948454
19.281572164948454
19.281572164948454
19.281572164948454
19.281572164948454
19.281572164948454
19.281572164948454
19.281572164948454
19.281572164948454
19.281572164948454
19.281572164948454
19.281572164948454
19.281572164948454
19.281572164948454
19.281572164948454
19.281572164948454
19.281572164948454
19.281572164948454
19.281572164948454
19.281572164948454
19.281572164948454
19.281572164948454
19.281572164948454
19.281572164948454
19.281572164948454
19.281572164948454
19.281572164948454
19.281572164948454
19.281572164948454
19.281572164948454
19.281572164948454
19.281572164948454
19.281572164948454
19.281572164948454
19.281572164948454
19.281572164948454
19.281572164948454
19.281572164948454
19.281572164948454
19.281572164948454
19.281572164948454
19.281572164948454
19.281572164948454
19.281572164948454
19.281572164948454
19.281572164948454
19.281572164948454
19.281572164948454
19.281572164948454
19.281572164948454
19.281572164948454
19.281572164948454
19.281572164948454
19.281572164948454
19.281572164948454
19.281572164948454
19.281572164948454
19.281572164948454
19.281572164948454
19.281572164948454
17.1875
14.207474226804123
14.207474226804123
14.207474226804123
14.207474226804123
14.207474226804123
14.207474226804123
14.207474226804123
14.207474226804123
14.207474226804123
14.207474226804123
14.207474226804123
14.207474226804123
14.207474226804123
14.207474226804123
14.207474226804123
14.207474226804123
14.207474226804123
14.207474226804123
14.207474226804123
14.207474226804123
14.207474226804123
14.207474226804123
14.207474226804123
14.207474226804123
14.207474226804123
14.207474226804123
14.207474226804123
14.207474226804123
14.207474226804123
14.207474226804123
14.207474226804123
14.207474226804123
14.207474226804123
14.207474226804123
14.207474226804123
14.207474226804123
14.207474226804123
14.207474226804123
14.207474226804123
14.207474226804123
14.207474226804123
14.207474226804123
14.207474226804123
14.207474226804123
14.207474226804123
14.207474226804123
14.207474226804123
14.207474226804123
14.207474226804123
14.207474226804123
14.207474226804123
14.207474226804123
14.207474226804123
14.207474226804123
14.207474226804123
14.207474226804123
14.207474226804123
14.207474226804123
14.207474226804123
14.207474226804123
14.207474226804123
14.207474226804123
14.207474226804123
14.207474226804123
14.207474226804123
14.207474226804123
14.207474226804123
14.207474226804123
14.207474226804123
14.207474226804123
14.207474226804123
14.207474226804123
14.207474226804123
14.207474226804123
14.207474226804123
14.207474226804123
14.207474226804123
12.210051546391753
12.177835051546392
12.177835051546392
12.177835051546392
12.177835051546392
12.177835051546392
12.177835051546392
12.177835051546392
12.177835051546392
12.177835051546392
12.177835051546392
12.177835051546392
12.177835051546392
12.177835051546392
12.177835051546392
12.177835051546392
12.177835051546392
12.177835051546392
12.177835051546392
12.177835051546392
12.177835051546392
12.177835051546392
12.177835051546392
12.177835051546392
12.177835051546392
12.177835051546392
12.177835051546392
12.177835051546392
12.177835051546392
12.177835051546392
12.177835051546392
12.177835051546392
12.177835051546392
12.177835051546392
12.177835051546392
12.177835051546392
12.177835051546392
12.177835051546392
12.177835051546392
12.177835051546392
12.177835051546392
12.177835051546392
12.177835051546392
12.177835051546392
12.177835051546392
12.177835051546392
12.177835051546392
12.177835051546392
12.177835051546392
12.177835051546392
12.177835051546392
12.177835051546392
12.177835051546392
13.047680412371134
15.222293814432991
15.222293814432991
15.222293814432991
15.222293814432991
15.222293814432991
15.222293814432991
15.222293814432991
15.222293814432991
15.222293814432991
15.222293814432991
