94.0959409594096
94.0959409594096
94.0959409594096
94.0959409594096
94.0959409594096
94.0959409594096
94.0959409594096
94.0959409594096
94.0959409594096
94.0959409594096
94.0959409594096
94.0959409594096
94.0959409594096
94.0959409594096
94.0959409594096
94.0959409594096
94.0959409594096
94.0959409594096
94.0959409594096
94.0959409594096
94.0959409594096
94.0959409594096
94.0959409594096
94.0959409594096
94.0959409594096
94.0959409594096
94.0959409594096
94.0959409594096
94.0959409594096
94.0959409594096
94.0959409594096
94.0959409594096
94.0959409594096
94.0959409594096
94.0959409594096
94.0959409594096
94.0959409594096
94.0959409594096
94.0959409594096
94.0959409594096
94.0959409594096
94.0959409594096
95.2862754433996
99.1548625163671
99.1548625163671
99.1548625163671
99.1548625163671
99.1548625163671
99.1548625163671
99.1548625163671
99.1548625163671
99.1548625163671
99.1548625163671
99.1548625163671
99.1548625163671
99.1548625163671
99.1548625163671
99.1548625163671
99.1548625163671
99.1548625163671
99.1548625163671
99.1548625163671
99.1548625163671
99.1548625163671
99.1548625163671
99.1548625163671
99.1548625163671
99.1548625163671
99.1548625163671
99.1548625163671
99.1548625163671
99.1548625163671
99.1548625163671
99.1548625163671
99.1548625163671
99.1548625163671
99.1548625163671
99.1548625163671
99.1548625163671
99.1548625163671
99.1548625163671
99.1548625163671
99.1548625163671
99.1548625163671
99.1548625163671
98.4406618259731
97.1312938935841
97.1312938935841
97.1312938935841
97.1312938935841
97.1312938935841
97.1312938935841
97.1312938935841
97.1312938935841
97.1312938935841
97.1312938935841
97.1312938935841
97.1312938935841
97.1312938935841
97.1312938935841
97.1312938935841
97.1312938935841
97.1312938935841
97.1312938935841
97.1312938935841
97.1312938935841
97.1312938935841
97.1312938935841
97.1312938935841
97.1312938935841
97.1312938935841
97.1312938935841
97.1312938935841
97.1312938935841
97.1312938935841
97.1312938935841
97.1312938935841
97.1312938935841
97.1312938935841
97.1312938935841
97.1312938935841
97.1312938935841
97.1312938935841
97.1312938935841
97.1312938935841
97.1312938935841
97.1312938935841
97.1312938935841
97.1312938935841
97.1312938935841
97.1312938935841
97.1312938935841
97.1312938935841
97.1312938935841
97.1312938935841
97.1312938935841
97.1312938935841
97.1312938935841
97.1312938935841
97.1312938935841
97.1312938935841
97.1312938935841
97.1312938935841
97.1312938935841
97.1312938935841
97.1312938935841
97.1312938935841
97.1312938935841
97.1312938935841
97.1312938935841
97.1312938935841
97.1312938935841
97.1312938935841
97.1312938935841
97.1312938935841
97.1312938935841
97.1312938935841
97.1312938935841
97.1312938935841
97.1312938935841
97.1312938935841
97.1312938935841
97.1312938935841
97.1312938935841
97.1312938935841
97.1312938935841
97.1312938935841
97.1312938935841
97.1312938935841
97.1312938935841
97.1312938935841
96.41709320319009
95.1077252708011
95.1077252708011
95.1077252708011
95.1077252708011
95.1077252708011
95.1077252708011
95.1077252708011
95.1077252708011
95.1077252708011
95.1077252708011
95.1077252708011
95.1077252708011
95.1077252708011
95.1077252708011
95.1077252708011
95.1077252708011
95.1077252708011
95.1077252708011
95.1077252708011
95.1077252708011
95.1077252708011
95.1077252708011
95.1077252708011
95.1077252708011
95.1077252708011
95.1077252708011
95.1077252708011
95.1077252708011
95.1077252708011
95.1077252708011
95.1077252708011
95.1077252708011
95.1077252708011
95.1077252708011
95.1077252708011
95.1077252708011
95.1077252708011
95.1077252708011
95.1077252708011
95.1077252708011
95.1077252708011
95.1077252708011
95.1077252708011
95.1077252708011
96.1790263063921
98.1430782049756
98.1430782049756
98.1430782049756
98.1430782049756
98.1430782049756
98.1430782049756
98.1430782049756
98.1430782049756
98.1430782049756
98.1430782049756
98.1430782049756
98.1430782049756
98.1430782049756
98.1430782049756
98.1430782049756
98.1430782049756
98.1430782049756
98.1430782049756
98.1430782049756
98.1430782049756
98.1430782049756
98.1430782049756
98.1430782049756
98.1430782049756
98.1430782049756
98.1430782049756
98.1430782049756
98.1430782049756
98.1430782049756
98.1430782049756
98.1430782049756
98.1430782049756
98.1430782049756
98.1430782049756
98.1430782049756
98.1430782049756
98.1430782049756
98.1430782049756
98.1430782049756
98.1430782049756
98.1430782049756
98.1430782049756
98.1430782049756
98.1430782049756
96.3575764789906
93.0841566480181
93.0841566480181
93.0841566480181
93.0841566480181
93.0841566480181
93.0841566480181
93.0841566480181
93.0841566480181
93.0841566480181
93.0841566480181
93.0841566480181
93.0841566480181
93.0841566480181
93.0841566480181
93.0841566480181
93.0841566480181
93.0841566480181
93.0841566480181
93.0841566480181
93.0841566480181
93.0841566480181
93.0841566480181
93.0841566480181
93.0841566480181
93.0841566480181
93.0841566480181
93.0841566480181
93.0841566480181
93.0841566480181
93.0841566480181
93.0841566480181
93.0841566480181
93.0841566480181
93.0841566480181
93.0841566480181
93.0841566480181
93.0841566480181
93.0841566480181
93.0841566480181
93.0841566480181
93.0841566480181
93.0841566480181
93.0841566480181
93.0841566480181
93.0841566480181
93.0841566480181
96.3575764789906
98.1430782049756
98.1430782049756
98.1430782049756
98.1430782049756
98.1430782049756
98.1430782049756
98.1430782049756
98.1430782049756
98.1430782049756
98.1430782049756
98.1430782049756
98.1430782049756
98.1430782049756
98.1430782049756
98.1430782049756
98.1430782049756
98.1430782049756
98.1430782049756
98.1430782049756
98.1430782049756
98.1430782049756
98.1430782049756
98.1430782049756
98.1430782049756
98.1430782049756
98.1430782049756
98.1430782049756
98.1430782049756
98.1430782049756
98.1430782049756
98.1430782049756
98.1430782049756
98.1430782049756
98.1430782049756
98.1430782049756
98.1430782049756
98.1430782049756
98.1430782049756
98.1430782049756
98.1430782049756
98.1430782049756
98.1430782049756
98.1430782049756
98.1430782049756
98.1430782049756
98.1430782049756
99.7500297583621
101.1784311391501
101.1784311391501
101.1784311391501
101.1784311391501
101.1784311391501
101.1784311391501
101.1784311391501
101.1784311391501
101.1784311391501
101.1784311391501
101.1784311391501
101.1784311391501
101.1784311391501
101.1784311391501
101.1784311391501
101.1784311391501
101.1784311391501
101.1784311391501
101.1784311391501
101.1784311391501
101.1784311391501
101.1784311391501
101.1784311391501
101.1784311391501
101.1784311391501
101.1784311391501
101.1784311391501
101.1784311391501
101.1784311391501
101.1784311391501
101.1784311391501
101.1784311391501
101.1784311391501
101.1784311391501
101.1784311391501
101.1784311391501
101.1784311391501
101.1784311391501
101.1784311391501
101.1784311391501
101.1784311391501
101.1784311391501
101.1784311391501
101.1784311391501
101.1784311391501
100.7618140697536
100.1666468277586
100.1666468277586
100.1666468277586
100.1666468277586
100.1666468277586
100.1666468277586
100.1666468277586
100.1666468277586
100.1666468277586
100.1666468277586
100.1666468277586
100.1666468277586
100.1666468277586
100.1666468277586
100.1666468277586
100.1666468277586
100.1666468277586
100.1666468277586
100.1666468277586
100.1666468277586
100.1666468277586
100.1666468277586
100.1666468277586
100.1666468277586
100.1666468277586
100.1666468277586
100.1666468277586
100.1666468277586
100.1666468277586
100.1666468277586
100.1666468277586
100.1666468277586
100.1666468277586
100.1666468277586
100.1666468277586
100.1666468277586
100.1666468277586
100.1666468277586
100.1666468277586
100.1666468277586
100.1666468277586
100.1666468277586
100.1666468277586
100.1666468277586
100.1666468277586
100.1666468277586
100.1666468277586
100.1666468277586
100.1666468277586
100.1666468277586
99.3929294131651
99.1548625163671
99.1548625163671
99.1548625163671
99.1548625163671
99.1548625163671
99.1548625163671
99.1548625163671
99.1548625163671
99.1548625163671
99.1548625163671
99.1548625163671
99.1548625163671
99.1548625163671
99.1548625163671
99.1548625163671
99.1548625163671
99.1548625163671
99.1548625163671
99.1548625163671
99.1548625163671
99.1548625163671
99.1548625163671
99.1548625163671
99.1548625163671
99.1548625163671
99.1548625163671
99.1548625163671
99.1548625163671
99.1548625163671
99.1548625163671
99.1548625163671
99.1548625163671
99.1548625163671
99.1548625163671
99.1548625163671
99.1548625163671
99.1548625163671
99.1548625163671
99.1548625163671
99.1548625163671
99.1548625163671
99.1548625163671
99.1548625163671
99.1548625163671
99.1548625163671
99.1548625163671
98.7382454469706
92.0723723366266
92.0723723366266
92.0723723366266
92.0723723366266
92.0723723366266
92.0723723366266
92.0723723366266
92.0723723366266
92.0723723366266
92.0723723366266
92.0723723366266
92.0723723366266
92.0723723366266
92.0723723366266
92.0723723366266
92.0723723366266
92.0723723366266
92.0723723366266
92.0723723366266
92.0723723366266
92.0723723366266
92.0723723366266
92.0723723366266
92.0723723366266
92.0723723366266
92.0723723366266
92.0723723366266
92.0723723366266
92.0723723366266
92.0723723366266
92.0723723366266
92.0723723366266
92.0723723366266
92.0723723366266
92.0723723366266
92.0723723366266
92.0723723366266
92.0723723366266
92.0723723366266
92.0723723366266
92.0723723366266
92.0723723366266
92.0723723366266
92.0723723366266
92.0723723366266
92.0723723366266
92.0723723366266
92.0723723366266
92.0723723366266
92.4294726818236
98.1430782049756
98.1430782049756
98.1430782049756
98.1430782049756
98.1430782049756
98.1430782049756
98.1430782049756
98.1430782049756
98.1430782049756
98.1430782049756
98.1430782049756
98.1430782049756
98.1430782049756
98.1430782049756
98.1430782049756
98.1430782049756
98.1430782049756
98.1430782049756
98.1430782049756
98.1430782049756
98.1430782049756
98.1430782049756
98.1430782049756
98.1430782049756
98.1430782049756
98.1430782049756
98.1430782049756
98.1430782049756
98.1430782049756
98.1430782049756
98.1430782049756
98.1430782049756
98.1430782049756
98.1430782049756
98.1430782049756
98.1430782049756
98.1430782049756
98.1430782049756
98.1430782049756
98.1430782049756
98.1430782049756
98.1430782049756
98.1430782049756
98.1430782049756
98.1430782049756
98.1430782049756
100.1666468277586
100.1666468277586
100.1666468277586
100.1666468277586
100.1666468277586
100.1666468277586
100.1666468277586
100.1666468277586
100.1666468277586
100.1666468277586
100.1666468277586
100.1666468277586
100.1666468277586
100.1666468277586
100.1666468277586
100.1666468277586
100.1666468277586
100.1666468277586
100.1666468277586
100.1666468277586
100.1666468277586
100.1666468277586
100.1666468277586
100.1666468277586
100.1666468277586
100.1666468277586
100.1666468277586
100.1666468277586
100.1666468277586
100.1666468277586
100.1666468277586
100.1666468277586
100.1666468277586
100.1666468277586
100.1666468277586
100.1666468277586
100.1666468277586
100.1666468277586
100.1666468277586
100.1666468277586
100.1666468277586
100.1666468277586
100.1666468277586
100.1666468277586
100.1666468277586
100.1666468277586
100.1666468277586
100.52374717295561
102.1902154505416
102.1902154505416
102.1902154505416
102.1902154505416
102.1902154505416
102.1902154505416
102.1902154505416
102.1902154505416
102.1902154505416
102.1902154505416
102.1902154505416
102.1902154505416
102.1902154505416
102.1902154505416
102.1902154505416
102.1902154505416
102.1902154505416
102.1902154505416
102.1902154505416
102.1902154505416
102.1902154505416
102.1902154505416
102.1902154505416
102.1902154505416
102.1902154505416
102.1902154505416
102.1902154505416
102.1902154505416
102.1902154505416
102.1902154505416
102.1902154505416
102.1902154505416
102.1902154505416
102.1902154505416
102.1902154505416
102.1902154505416
102.1902154505416
102.1902154505416
102.1902154505416
102.1902154505416
102.1902154505416
101.2379478633496
100.1666468277586
100.1666468277586
100.1666468277586
100.1666468277586
100.1666468277586
100.1666468277586
100.1666468277586
100.1666468277586
100.1666468277586
100.1666468277586
100.1666468277586
100.1666468277586
100.1666468277586
100.1666468277586
100.1666468277586
100.1666468277586
100.1666468277586
100.1666468277586
100.1666468277586
100.1666468277586
100.1666468277586
100.1666468277586
100.1666468277586
100.1666468277586
100.1666468277586
100.1666468277586
100.1666468277586
100.1666468277586
100.1666468277586
100.1666468277586
100.1666468277586
100.1666468277586
100.1666468277586
100.1666468277586
100.1666468277586
100.1666468277586
100.1666468277586
100.1666468277586
100.1666468277586
100.1666468277586
100.1666468277586
99.63099630996311
97.1312938935841
97.1312938935841
97.1312938935841
97.1312938935841
97.1312938935841
97.1312938935841
97.1312938935841
97.1312938935841
97.1312938935841
97.1312938935841
97.1312938935841
97.1312938935841
97.1312938935841
97.1312938935841
97.1312938935841
97.1312938935841
97.1312938935841
97.1312938935841
97.1312938935841
97.1312938935841
97.1312938935841
97.1312938935841
97.1312938935841
97.1312938935841
97.1312938935841
97.1312938935841
97.1312938935841
97.1312938935841
97.1312938935841
97.1312938935841
97.1312938935841
97.1312938935841
97.1312938935841
97.1312938935841
97.1312938935841
97.1312938935841
97.1312938935841
97.1312938935841
97.1312938935841
97.1312938935841
97.1312938935841
97.1312938935841
97.1312938935841
97.1312938935841
97.1312938935841
97.1312938935841
97.1312938935841
97.1312938935841
97.1312938935841
97.1312938935841
97.1312938935841
97.1312938935841
97.1312938935841
97.1312938935841
97.1312938935841
97.1312938935841
97.1312938935841
97.1312938935841
97.1312938935841
97.1312938935841
97.1312938935841
97.1312938935841
97.1312938935841
97.1312938935841
97.1312938935841
97.1312938935841
97.1312938935841
97.1312938935841
97.1312938935841
97.1312938935841
97.1312938935841
97.1312938935841
97.1312938935841
97.1312938935841
97.1312938935841
97.1312938935841
97.1312938935841
97.1312938935841
97.1312938935841
97.1312938935841
97.8454945839781
101.1784311391501
101.1784311391501
101.1784311391501
101.1784311391501
101.1784311391501
101.1784311391501
101.1784311391501
101.1784311391501
101.1784311391501
101.1784311391501
101.1784311391501
101.1784311391501
101.1784311391501
101.1784311391501
101.1784311391501
101.1784311391501
101.1784311391501
101.1784311391501
101.1784311391501
101.1784311391501
101.1784311391501
101.1784311391501
101.1784311391501
101.1784311391501
101.1784311391501
101.1784311391501
101.1784311391501
101.1784311391501
101.1784311391501
101.1784311391501
101.1784311391501
101.1784311391501
101.1784311391501
101.1784311391501
101.1784311391501
101.1784311391501
101.1784311391501
101.1784311391501
99.6905130341626
96.11950958219259
96.11950958219259
96.11950958219259
96.11950958219259
96.11950958219259
96.11950958219259
96.11950958219259
96.11950958219259
96.11950958219259
96.11950958219259
96.11950958219259
96.11950958219259
96.11950958219259
96.11950958219259
96.11950958219259
96.11950958219259
96.11950958219259
96.11950958219259
96.11950958219259
96.11950958219259
96.11950958219259
96.11950958219259
96.11950958219259
96.11950958219259
96.11950958219259
96.11950958219259
96.11950958219259
96.11950958219259
96.11950958219259
96.11950958219259
96.11950958219259
96.11950958219259
96.11950958219259
96.11950958219259
96.11950958219259
96.11950958219259
96.11950958219259
96.11950958219259
96.11950958219259
96.11950958219259
96.11950958219259
96.11950958219259
96.11950958219259
98.5001785501726
101.1784311391501
101.1784311391501
101.1784311391501
101.1784311391501
101.1784311391501
101.1784311391501
101.1784311391501
101.1784311391501
101.1784311391501
101.1784311391501
101.1784311391501
101.1784311391501
101.1784311391501
101.1784311391501
101.1784311391501
101.1784311391501
101.1784311391501
101.1784311391501
101.1784311391501
101.1784311391501
101.1784311391501
101.1784311391501
101.1784311391501
101.1784311391501
101.1784311391501
101.1784311391501
101.1784311391501
101.1784311391501
101.1784311391501
101.1784311391501
101.1784311391501
101.1784311391501
101.1784311391501
101.1784311391501
101.1784311391501
101.1784311391501
101.1784311391501
101.1784311391501
101.1784311391501
101.1784311391501
101.1784311391501
