74.87203904297108
74.87203904297108
74.87203904297108
74.87203904297108
74.87203904297108
74.87203904297108
74.87203904297108
74.87203904297108
74.87203904297108
74.87203904297108
74.87203904297108
74.87203904297108
74.87203904297108
74.87203904297108
74.87203904297108
74.87203904297108
74.87203904297108
74.87203904297108
74.87203904297108
74.87203904297108
74.87203904297108
74.87203904297108
74.87203904297108
74.87203904297108
74.87203904297108
74.87203904297108
74.87203904297108
74.87203904297108
74.87203904297108
74.87203904297108
74.87203904297108
74.87203904297108
74.87203904297108
74.87203904297108
74.87203904297108
74.87203904297108
74.87203904297108
74.87203904297108
74.87203904297108
74.87203904297108
74.87203904297108
74.87203904297108
75.11010593976907
75.88382335436258
75.88382335436258
75.88382335436258
75.88382335436258
75.88382335436258
75.88382335436258
75.88382335436258
75.88382335436258
75.88382335436258
75.88382335436258
75.88382335436258
75.88382335436258
75.88382335436258
75.88382335436258
75.88382335436258
75.88382335436258
75.88382335436258
75.88382335436258
75.88382335436258
75.88382335436258
75.88382335436258
75.88382335436258
75.88382335436258
75.88382335436258
75.88382335436258
75.88382335436258
75.88382335436258
75.88382335436258
75.88382335436258
75.88382335436258
75.88382335436258
75.88382335436258
75.88382335436258
75.88382335436258
75.88382335436258
75.88382335436258
75.88382335436258
75.88382335436258
75.88382335436258
75.88382335436258
75.88382335436258
75.88382335436258
76.24092369955957
76.89560766575408
76.89560766575408
76.89560766575408
76.89560766575408
76.89560766575408
76.89560766575408
76.89560766575408
76.89560766575408
76.89560766575408
76.89560766575408
76.89560766575408
76.89560766575408
76.89560766575408
76.89560766575408
76.89560766575408
76.89560766575408
76.89560766575408
76.89560766575408
76.89560766575408
76.89560766575408
76.89560766575408
76.89560766575408
76.89560766575408
76.89560766575408
76.89560766575408
76.89560766575408
76.89560766575408
76.89560766575408
76.89560766575408
76.89560766575408
76.89560766575408
76.89560766575408
76.89560766575408
76.89560766575408
76.89560766575408
76.89560766575408
76.89560766575408
76.89560766575408
76.89560766575408
76.89560766575408
76.89560766575408
76.89560766575408
76.89560766575408
76.89560766575408
75.88382335436258
75.88382335436258
75.88382335436258
75.88382335436258
75.88382335436258
75.88382335436258
75.88382335436258
75.88382335436258
75.88382335436258
75.88382335436258
75.88382335436258
75.88382335436258
75.88382335436258
75.88382335436258
75.88382335436258
75.88382335436258
75.88382335436258
75.88382335436258
75.88382335436258
75.88382335436258
75.88382335436258
75.88382335436258
75.88382335436258
75.88382335436258
75.88382335436258
75.88382335436258
75.88382335436258
75.88382335436258
75.88382335436258
75.88382335436258
75.88382335436258
75.88382335436258
75.88382335436258
75.88382335436258
75.88382335436258
75.88382335436258
75.88382335436258
75.88382335436258
75.88382335436258
75.88382335436258
75.88382335436258
75.16962266396858
73.86025473157957
73.86025473157957
73.86025473157957
73.86025473157957
73.86025473157957
73.86025473157957
73.86025473157957
73.86025473157957
73.86025473157957
73.86025473157957
73.86025473157957
73.86025473157957
73.86025473157957
73.86025473157957
73.86025473157957
73.86025473157957
73.86025473157957
73.86025473157957
73.86025473157957
73.86025473157957
73.86025473157957
73.86025473157957
73.86025473157957
73.86025473157957
73.86025473157957
73.86025473157957
73.86025473157957
73.86025473157957
73.86025473157957
73.86025473157957
73.86025473157957
73.86025473157957
73.86025473157957
73.86025473157957
73.86025473157957
73.86025473157957
73.86025473157957
73.86025473157957
73.86025473157957
73.86025473157957
73.86025473157957
73.86025473157957
73.86025473157957
73.86025473157957
73.86025473157957
73.86025473157957
73.86025473157957
73.86025473157957
73.86025473157957
73.86025473157957
73.86025473157957
73.86025473157957
73.86025473157957
73.86025473157957
73.86025473157957
73.86025473157957
73.86025473157957
73.86025473157957
73.86025473157957
73.86025473157957
73.86025473157957
73.86025473157957
73.86025473157957
73.86025473157957
73.86025473157957
73.86025473157957
73.86025473157957
73.86025473157957
73.86025473157957
73.86025473157957
73.86025473157957
73.86025473157957
73.86025473157957
73.86025473157957
73.86025473157957
73.86025473157957
73.86025473157957
73.86025473157957
73.86025473157957
73.86025473157957
73.86025473157957
73.86025473157957
73.86025473157957
73.86025473157957
73.86025473157957
73.86025473157957
73.86025473157957
73.86025473157957
73.86025473157957
73.86025473157957
73.86025473157957
73.86025473157957
73.86025473157957
73.86025473157957
73.86025473157957
73.86025473157957
73.86025473157957
73.86025473157957
73.86025473157957
73.86025473157957
73.86025473157957
73.86025473157957
73.86025473157957
73.86025473157957
73.86025473157957
73.86025473157957
73.86025473157957
73.86025473157957
73.86025473157957
73.86025473157957
73.86025473157957
73.86025473157957
73.86025473157957
73.86025473157957
73.86025473157957
73.86025473157957
73.86025473157957
73.86025473157957
73.86025473157957
73.86025473157957
73.86025473157957
73.86025473157957
73.86025473157957
73.86025473157957
73.86025473157957
73.86025473157957
73.86025473157957
73.86025473157957
73.86025473157957
73.86025473157957
73.86025473157957
73.86025473157957
73.86025473157957
73.86025473157957
73.86025473157957
73.86025473157957
73.86025473157957
73.86025473157957
73.86025473157957
73.86025473157957
73.86025473157957
73.86025473157957
73.86025473157957
73.86025473157957
73.86025473157957
73.86025473157957
73.86025473157957
73.86025473157957
73.86025473157957
73.86025473157957
73.86025473157957
73.86025473157957
73.86025473157957
73.86025473157957
73.86025473157957
73.86025473157957
73.86025473157957
73.86025473157957
73.86025473157957
73.86025473157957
73.86025473157957
73.86025473157957
73.86025473157957
73.86025473157957
73.86025473157957
73.86025473157957
73.86025473157957
73.86025473157957
73.86025473157957
73.86025473157957
73.86025473157957
73.86025473157957
73.86025473157957
73.86025473157957
73.86025473157957
73.86025473157957
73.86025473157957
73.86025473157957
73.86025473157957
73.86025473157957
73.86025473157957
73.86025473157957
73.86025473157957
74.39590524937508
74.87203904297108
74.87203904297108
74.87203904297108
74.87203904297108
74.87203904297108
74.87203904297108
74.87203904297108
74.87203904297108
74.87203904297108
74.87203904297108
74.87203904297108
74.87203904297108
74.87203904297108
74.87203904297108
74.87203904297108
74.87203904297108
74.87203904297108
74.87203904297108
74.87203904297108
74.87203904297108
74.87203904297108
74.87203904297108
74.87203904297108
74.87203904297108
74.87203904297108
74.87203904297108
74.87203904297108
74.87203904297108
74.87203904297108
74.87203904297108
74.87203904297108
74.87203904297108
74.87203904297108
74.87203904297108
74.87203904297108
74.87203904297108
74.87203904297108
74.87203904297108
74.87203904297108
74.87203904297108
74.87203904297108
74.87203904297108
74.87203904297108
74.87203904297108
74.87203904297108
74.87203904297108
74.87203904297108
74.87203904297108
74.87203904297108
74.87203904297108
74.87203904297108
74.87203904297108
74.87203904297108
74.87203904297108
74.87203904297108
74.87203904297108
74.87203904297108
74.87203904297108
74.87203904297108
74.87203904297108
74.87203904297108
74.87203904297108
74.87203904297108
74.87203904297108
74.87203904297108
74.87203904297108
74.87203904297108
74.87203904297108
74.87203904297108
74.87203904297108
74.87203904297108
74.87203904297108
74.87203904297108
74.87203904297108
74.87203904297108
74.87203904297108
74.87203904297108
74.87203904297108
74.87203904297108
74.87203904297108
74.87203904297108
74.87203904297108
74.87203904297108
74.87203904297108
74.87203904297108
74.87203904297108
74.87203904297108
74.87203904297108
74.87203904297108
74.87203904297108
74.87203904297108
74.87203904297108
74.87203904297108
74.87203904297108
74.87203904297108
74.87203904297108
73.32460421378407
72.84847042018808
72.84847042018808
72.84847042018808
72.84847042018808
72.84847042018808
72.84847042018808
72.84847042018808
72.84847042018808
72.84847042018808
72.84847042018808
72.84847042018808
72.84847042018808
72.84847042018808
72.84847042018808
72.84847042018808
72.84847042018808
72.84847042018808
72.84847042018808
72.84847042018808
72.84847042018808
72.84847042018808
72.84847042018808
72.84847042018808
72.84847042018808
72.84847042018808
72.84847042018808
72.84847042018808
72.84847042018808
72.84847042018808
72.84847042018808
72.84847042018808
72.84847042018808
72.84847042018808
72.84847042018808
72.84847042018808
72.84847042018808
72.84847042018808
72.84847042018808
72.84847042018808
72.84847042018808
72.84847042018808
72.84847042018808
72.84847042018808
72.84847042018808
72.84847042018808
72.84847042018808
72.90798714438758
73.86025473157957
73.86025473157957
73.86025473157957
73.86025473157957
73.86025473157957
73.86025473157957
73.86025473157957
73.86025473157957
73.86025473157957
73.86025473157957
73.86025473157957
73.86025473157957
73.86025473157957
73.86025473157957
73.86025473157957
73.86025473157957
73.86025473157957
73.86025473157957
73.86025473157957
73.86025473157957
73.86025473157957
73.86025473157957
73.86025473157957
73.86025473157957
73.86025473157957
73.86025473157957
73.86025473157957
73.86025473157957
73.86025473157957
73.86025473157957
73.86025473157957
73.86025473157957
73.86025473157957
73.86025473157957
73.86025473157957
73.86025473157957
73.86025473157957
73.86025473157957
73.86025473157957
73.86025473157957
73.86025473157957
73.86025473157957
73.86025473157957
73.86025473157957
73.86025473157957
73.86025473157957
73.86025473157957
73.86025473157957
73.86025473157957
73.86025473157957
73.86025473157957
73.86025473157957
73.86025473157957
73.86025473157957
73.86025473157957
73.86025473157957
73.86025473157957
73.86025473157957
73.86025473157957
73.86025473157957
73.86025473157957
73.86025473157957
73.86025473157957
73.86025473157957
73.86025473157957
73.86025473157957
73.86025473157957
73.86025473157957
73.86025473157957
73.86025473157957
73.86025473157957
73.86025473157957
73.86025473157957
73.86025473157957
73.86025473157957
73.86025473157957
73.86025473157957
73.86025473157957
73.86025473157957
73.86025473157957
73.86025473157957
73.86025473157957
73.86025473157957
73.86025473157957
73.86025473157957
73.86025473157957
73.86025473157957
73.86025473157957
73.86025473157957
73.86025473157957
73.86025473157957
73.86025473157957
73.86025473157957
73.86025473157957
73.86025473157957
73.86025473157957
75.88382335436258
75.88382335436258
75.88382335436258
75.88382335436258
75.88382335436258
75.88382335436258
75.88382335436258
75.88382335436258
75.88382335436258
75.88382335436258
75.88382335436258
75.88382335436258
75.88382335436258
75.88382335436258
75.88382335436258
75.88382335436258
75.88382335436258
75.88382335436258
75.88382335436258
75.88382335436258
75.88382335436258
75.88382335436258
75.88382335436258
75.88382335436258
75.88382335436258
75.88382335436258
75.88382335436258
75.88382335436258
75.88382335436258
75.88382335436258
75.88382335436258
75.88382335436258
75.88382335436258
75.88382335436258
75.88382335436258
75.88382335436258
75.88382335436258
75.88382335436258
75.88382335436258
75.88382335436258
75.88382335436258
75.88382335436258
75.88382335436258
75.88382335436258
75.88382335436258
75.88382335436258
75.88382335436258
76.41947387215808
78.91917628853709
78.91917628853709
78.91917628853709
78.91917628853709
78.91917628853709
78.91917628853709
78.91917628853709
78.91917628853709
78.91917628853709
78.91917628853709
78.91917628853709
78.91917628853709
78.91917628853709
78.91917628853709
78.91917628853709
78.91917628853709
78.91917628853709
78.91917628853709
78.91917628853709
78.91917628853709
78.91917628853709
78.91917628853709
78.91917628853709
78.91917628853709
78.91917628853709
78.91917628853709
78.91917628853709
78.91917628853709
78.91917628853709
78.91917628853709
78.91917628853709
78.91917628853709
78.91917628853709
78.91917628853709
78.91917628853709
78.91917628853709
78.91917628853709
78.91917628853709
78.91917628853709
78.91917628853709
78.91917628853709
79.87144387572908
80.94274491132008
80.94274491132008
80.94274491132008
80.94274491132008
80.94274491132008
80.94274491132008
80.94274491132008
80.94274491132008
80.94274491132008
80.94274491132008
80.94274491132008
80.94274491132008
80.94274491132008
80.94274491132008
80.94274491132008
80.94274491132008
80.94274491132008
80.94274491132008
80.94274491132008
80.94274491132008
80.94274491132008
80.94274491132008
80.94274491132008
80.94274491132008
80.94274491132008
80.94274491132008
80.94274491132008
80.94274491132008
80.94274491132008
80.94274491132008
80.94274491132008
80.94274491132008
80.94274491132008
80.94274491132008
80.94274491132008
80.94274491132008
80.94274491132008
80.94274491132008
80.94274491132008
80.94274491132008
80.94274491132008
80.04999404832758
75.88382335436258
75.88382335436258
75.88382335436258
75.88382335436258
75.88382335436258
75.88382335436258
75.88382335436258
75.88382335436258
75.88382335436258
75.88382335436258
75.88382335436258
75.88382335436258
75.88382335436258
75.88382335436258
75.88382335436258
75.88382335436258
75.88382335436258
75.88382335436258
75.88382335436258
75.88382335436258
75.88382335436258
75.88382335436258
75.88382335436258
75.88382335436258
75.88382335436258
75.88382335436258
75.88382335436258
75.88382335436258
75.88382335436258
75.88382335436258
75.88382335436258
75.88382335436258
75.88382335436258
75.88382335436258
75.88382335436258
75.88382335436258
75.88382335436258
75.88382335436258
75.88382335436258
75.88382335436258
75.88382335436258
77.43125818354957
77.90739197714558
77.90739197714558
77.90739197714558
77.90739197714558
77.90739197714558
77.90739197714558
77.90739197714558
77.90739197714558
77.90739197714558
77.90739197714558
77.90739197714558
77.90739197714558
77.90739197714558
77.90739197714558
77.90739197714558
77.90739197714558
77.90739197714558
77.90739197714558
77.90739197714558
77.90739197714558
77.90739197714558
77.90739197714558
77.90739197714558
77.90739197714558
77.90739197714558
77.90739197714558
77.90739197714558
77.90739197714558
77.90739197714558
77.90739197714558
77.90739197714558
77.90739197714558
77.90739197714558
77.90739197714558
77.90739197714558
77.90739197714558
77.90739197714558
77.90739197714558
77.55029163194858
75.88382335436258
75.88382335436258
75.88382335436258
75.88382335436258
75.88382335436258
75.88382335436258
75.88382335436258
75.88382335436258
75.88382335436258
75.88382335436258
75.88382335436258
75.88382335436258
75.88382335436258
75.88382335436258
75.88382335436258
75.88382335436258
75.88382335436258
75.88382335436258
75.88382335436258
75.88382335436258
75.88382335436258
75.88382335436258
75.88382335436258
75.88382335436258
75.88382335436258
75.88382335436258
75.88382335436258
75.88382335436258
75.88382335436258
75.88382335436258
75.88382335436258
75.88382335436258
75.88382335436258
75.88382335436258
75.88382335436258
75.88382335436258
75.88382335436258
75.88382335436258
76.18140697536008
76.89560766575408
76.89560766575408
76.89560766575408
76.89560766575408
76.89560766575408
76.89560766575408
76.89560766575408
76.89560766575408
76.89560766575408
76.89560766575408
76.89560766575408
76.89560766575408
76.89560766575408
76.89560766575408
76.89560766575408
76.89560766575408
76.89560766575408
76.89560766575408
76.89560766575408
76.89560766575408
76.89560766575408
76.89560766575408
76.89560766575408
76.89560766575408
76.89560766575408
76.89560766575408
76.89560766575408
76.89560766575408
76.89560766575408
76.89560766575408
76.89560766575408
76.89560766575408
76.89560766575408
76.89560766575408
76.89560766575408
76.89560766575408
76.89560766575408
76.89560766575408
76.89560766575408
76.89560766575408
76.89560766575408
76.89560766575408
76.89560766575408
75.94334007856207
74.87203904297108
74.87203904297108
74.87203904297108
74.87203904297108
74.87203904297108
74.87203904297108
74.87203904297108
74.87203904297108
74.87203904297108
74.87203904297108
74.87203904297108
74.87203904297108
74.87203904297108
74.87203904297108
74.87203904297108
74.87203904297108
74.87203904297108
74.87203904297108
74.87203904297108
74.87203904297108
74.87203904297108
74.87203904297108
74.87203904297108
74.87203904297108
74.87203904297108
74.87203904297108
74.87203904297108
74.87203904297108
74.87203904297108
74.87203904297108
74.87203904297108
74.87203904297108
74.87203904297108
74.87203904297108
74.87203904297108
74.87203904297108
74.87203904297108
74.87203904297108
74.87203904297108
74.87203904297108
74.87203904297108
