77.85192246584049
77.85192246584049
77.85192246584049
77.85192246584049
77.85192246584049
77.85192246584049
77.85192246584049
77.85192246584049
77.85192246584049
77.85192246584049
77.85192246584049
77.85192246584049
77.85192246584049
77.85192246584049
77.85192246584049
77.85192246584049
77.85192246584049
75.77201952797759
74.8187306814571
74.8187306814571
74.8187306814571
74.8187306814571
74.8187306814571
74.8187306814571
74.8187306814571
74.8187306814571
74.8187306814571
74.8187306814571
74.8187306814571
74.8187306814571
74.8187306814571
74.8187306814571
74.8187306814571
74.8187306814571
74.8187306814571
74.8187306814571
74.8187306814571
74.8187306814571
75.65646936476298
75.8297946095849
75.8297946095849
75.8297946095849
75.8297946095849
75.8297946095849
75.8297946095849
75.8297946095849
75.8297946095849
75.8297946095849
75.8297946095849
75.8297946095849
75.8297946095849
75.8297946095849
75.8297946095849
75.8297946095849
75.8297946095849
75.8297946095849
75.8297946095849
75.8297946095849
75.8297946095849
75.8297946095849
74.73206805904614
73.8076667533293
73.8076667533293
73.8076667533293
73.8076667533293
73.8076667533293
73.8076667533293
73.8076667533293
73.8076667533293
73.8076667533293
73.8076667533293
73.8076667533293
73.8076667533293
73.8076667533293
73.8076667533293
73.8076667533293
73.8076667533293
73.8076667533293
73.8076667533293
73.8076667533293
73.8076667533293
73.8076667533293
75.25204379351186
75.8297946095849
75.8297946095849
75.8297946095849
75.8297946095849
75.8297946095849
75.8297946095849
75.8297946095849
75.8297946095849
75.8297946095849
75.8297946095849
75.8297946095849
75.8297946095849
75.8297946095849
75.8297946095849
75.8297946095849
75.8297946095849
75.8297946095849
75.8297946095849
75.8297946095849
75.8297946095849
77.56304705780397
77.85192246584049
77.85192246584049
77.85192246584049
77.85192246584049
77.85192246584049
77.85192246584049
77.85192246584049
77.85192246584049
77.85192246584049
77.85192246584049
77.85192246584049
77.85192246584049
77.85192246584049
77.85192246584049
77.85192246584049
77.85192246584049
77.85192246584049
77.85192246584049
77.85192246584049
77.85192246584049
77.85192246584049
77.85192246584049
78.37189820030622
78.86298639396828
78.86298639396828
78.86298639396828
78.86298639396828
78.86298639396828
78.86298639396828
78.86298639396828
78.86298639396828
78.86298639396828
78.86298639396828
78.86298639396828
78.86298639396828
78.86298639396828
78.86298639396828
78.86298639396828
78.86298639396828
78.86298639396828
78.86298639396828
78.86298639396828
78.86298639396828
79.0940867203975
80.88511425022388
80.88511425022388
80.88511425022388
80.88511425022388
80.88511425022388
80.88511425022388
80.88511425022388
80.88511425022388
80.88511425022388
80.88511425022388
80.88511425022388
80.88511425022388
80.88511425022388
80.88511425022388
80.88511425022388
80.88511425022388
80.88511425022388
80.88511425022388
80.88511425022388
80.88511425022388
80.88511425022388
80.88511425022388
80.88511425022388
80.88511425022388
80.88511425022388
80.88511425022388
80.88511425022388
80.88511425022388
80.88511425022388
80.88511425022388
80.88511425022388
80.88511425022388
80.88511425022388
80.88511425022388
80.88511425022388
80.88511425022388
80.88511425022388
80.88511425022388
80.88511425022388
80.88511425022388
80.88511425022388
80.88511425022388
80.88511425022388
80.88511425022388
80.88511425022388
80.88511425022388
80.88511425022388
80.88511425022388
80.88511425022388
80.88511425022388
80.88511425022388
80.88511425022388
80.88511425022388
80.88511425022388
80.88511425022388
80.88511425022388
80.88511425022388
80.88511425022388
80.88511425022388
80.88511425022388
80.88511425022388
80.88511425022388
80.88511425022388
80.88511425022388
80.88511425022388
80.01848802611434
79.87405032209608
79.87405032209608
79.87405032209608
79.87405032209608
79.87405032209608
79.87405032209608
79.87405032209608
79.87405032209608
79.87405032209608
79.87405032209608
79.87405032209608
79.87405032209608
79.87405032209608
79.87405032209608
79.87405032209608
79.87405032209608
79.87405032209608
79.87405032209608
79.87405032209608
79.87405032209608
79.87405032209608
81.78062801513708
82.90724210647949
82.90724210647949
82.90724210647949
82.90724210647949
82.90724210647949
82.90724210647949
82.90724210647949
82.90724210647949
82.90724210647949
82.90724210647949
82.90724210647949
82.90724210647949
82.90724210647949
82.90724210647949
82.90724210647949
82.90724210647949
82.90724210647949
82.90724210647949
82.90724210647949
82.32949129040645
80.88511425022388
80.88511425022388
80.88511425022388
80.88511425022388
80.88511425022388
80.88511425022388
80.88511425022388
80.88511425022388
80.88511425022388
80.88511425022388
80.88511425022388
80.88511425022388
80.88511425022388
80.88511425022388
80.88511425022388
80.88511425022388
80.88511425022388
80.88511425022388
80.88511425022388
80.88511425022388
79.90293786289973
78.86298639396828
78.86298639396828
78.86298639396828
78.86298639396828
78.86298639396828
78.86298639396828
78.86298639396828
78.86298639396828
78.86298639396828
78.86298639396828
78.86298639396828
78.86298639396828
78.86298639396828
78.86298639396828
78.86298639396828
78.86298639396828
78.86298639396828
78.86298639396828
78.86298639396828
78.86298639396828
78.86298639396828
78.86298639396828
78.86298639396828
78.86298639396828
78.86298639396828
78.86298639396828
78.86298639396828
78.86298639396828
78.86298639396828
78.86298639396828
78.86298639396828
78.86298639396828
78.86298639396828
78.86298639396828
78.86298639396828
78.86298639396828
78.86298639396828
78.86298639396828
78.86298639396828
78.86298639396828
78.86298639396828
78.86298639396828
78.86298639396828
78.86298639396828
78.86298639396828
79.2096368836121
80.88511425022388
80.88511425022388
80.88511425022388
80.88511425022388
80.88511425022388
80.88511425022388
80.88511425022388
80.88511425022388
80.88511425022388
80.88511425022388
80.88511425022388
80.88511425022388
80.88511425022388
80.88511425022388
80.88511425022388
80.88511425022388
80.88511425022388
80.88511425022388
80.88511425022388
80.88511425022388
80.88511425022388
80.88511425022388
80.88511425022388
80.88511425022388
80.88511425022388
80.88511425022388
80.88511425022388
80.88511425022388
80.88511425022388
80.88511425022388
80.88511425022388
80.88511425022388
80.88511425022388
80.88511425022388
80.88511425022388
80.88511425022388
80.88511425022388
80.88511425022388
80.88511425022388
80.88511425022388
80.88511425022388
80.88511425022388
80.88511425022388
80.85622670942023
79.87405032209608
79.87405032209608
79.87405032209608
79.87405032209608
79.87405032209608
79.87405032209608
79.87405032209608
79.87405032209608
79.87405032209608
79.87405032209608
79.87405032209608
79.87405032209608
79.87405032209608
79.87405032209608
79.87405032209608
79.87405032209608
79.87405032209608
79.87405032209608
79.87405032209608
79.87405032209608
79.87405032209608
79.87405032209608
79.87405032209608
79.87405032209608
79.87405032209608
79.87405032209608
79.87405032209608
79.87405032209608
79.87405032209608
79.87405032209608
79.87405032209608
79.87405032209608
79.87405032209608
79.87405032209608
79.87405032209608
79.87405032209608
79.87405032209608
79.87405032209608
79.87405032209608
79.87405032209608
79.87405032209608
79.87405032209608
79.87405032209608
79.87405032209608
79.87405032209608
79.87405032209608
79.87405032209608
79.87405032209608
79.87405032209608
79.87405032209608
79.87405032209608
79.87405032209608
79.87405032209608
79.87405032209608
79.87405032209608
79.87405032209608
79.87405032209608
79.87405032209608
79.87405032209608
79.87405032209608
79.87405032209608
79.87405032209608
79.87405032209608
80.88511425022388
80.88511425022388
80.88511425022388
80.88511425022388
80.88511425022388
80.88511425022388
80.88511425022388
80.88511425022388
80.88511425022388
80.88511425022388
80.88511425022388
80.88511425022388
80.88511425022388
80.88511425022388
80.88511425022388
80.88511425022388
80.88511425022388
80.88511425022388
80.88511425022388
80.88511425022388
80.88511425022388
80.88511425022388
80.88511425022388
80.88511425022388
80.88511425022388
79.87405032209608
79.87405032209608
79.87405032209608
79.87405032209608
79.87405032209608
79.87405032209608
79.87405032209608
79.87405032209608
79.87405032209608
79.87405032209608
79.87405032209608
79.87405032209608
79.87405032209608
79.87405032209608
79.87405032209608
79.87405032209608
79.87405032209608
79.87405032209608
82.64725423924662
82.90724210647949
82.90724210647949
82.90724210647949
82.90724210647949
82.90724210647949
82.90724210647949
82.90724210647949
82.90724210647949
82.90724210647949
82.90724210647949
82.90724210647949
82.90724210647949
82.90724210647949
82.90724210647949
82.90724210647949
82.90724210647949
82.90724210647949
82.90724210647949
82.90724210647949
82.90724210647949
82.90724210647949
82.90724210647949
82.79169194326488
78.86298639396828
78.86298639396828
78.86298639396828
78.86298639396828
78.86298639396828
78.86298639396828
78.86298639396828
78.86298639396828
78.86298639396828
78.86298639396828
78.86298639396828
78.86298639396828
78.86298639396828
78.86298639396828
78.86298639396828
78.86298639396828
78.86298639396828
78.86298639396828
78.86298639396828
78.86298639396828
78.86298639396828
78.86298639396828
78.86298639396828
79.29629950602306
79.87405032209608
79.87405032209608
79.87405032209608
79.87405032209608
79.87405032209608
79.87405032209608
79.87405032209608
79.87405032209608
79.87405032209608
79.87405032209608
79.87405032209608
79.87405032209608
79.87405032209608
79.87405032209608
79.87405032209608
79.87405032209608
79.87405032209608
79.87405032209608
80.71178900540198
80.88511425022388
80.88511425022388
80.88511425022388
80.88511425022388
80.88511425022388
80.88511425022388
80.88511425022388
80.88511425022388
80.88511425022388
80.88511425022388
80.88511425022388
80.88511425022388
80.88511425022388
80.88511425022388
80.88511425022388
80.88511425022388
80.88511425022388
80.88511425022388
80.88511425022388
80.88511425022388
80.88511425022388
80.88511425022388
80.88511425022388
80.88511425022388
79.58517491405958
75.8297946095849
75.8297946095849
75.8297946095849
75.8297946095849
75.8297946095849
75.8297946095849
75.8297946095849
75.8297946095849
75.8297946095849
75.8297946095849
75.8297946095849
75.8297946095849
75.8297946095849
75.8297946095849
75.8297946095849
75.8297946095849
75.8297946095849
75.8297946095849
75.8297946095849
75.8297946095849
76.92752116012365
77.85192246584049
77.85192246584049
77.85192246584049
77.85192246584049
77.85192246584049
77.85192246584049
77.85192246584049
77.85192246584049
77.85192246584049
77.85192246584049
77.85192246584049
77.85192246584049
77.85192246584049
77.85192246584049
77.85192246584049
77.85192246584049
77.85192246584049
77.85192246584049
77.85192246584049
77.85192246584049
77.85192246584049
78.86298639396828
78.86298639396828
78.86298639396828
78.86298639396828
78.86298639396828
78.86298639396828
78.86298639396828
78.86298639396828
78.86298639396828
78.86298639396828
78.86298639396828
78.86298639396828
78.86298639396828
78.86298639396828
78.86298639396828
78.86298639396828
78.86298639396828
78.86298639396828
78.86298639396828
78.86298639396828
78.86298639396828
78.86298639396828
78.86298639396828
78.66077360834272
77.85192246584049
77.85192246584049
77.85192246584049
77.85192246584049
77.85192246584049
77.85192246584049
77.85192246584049
77.85192246584049
77.85192246584049
77.85192246584049
77.85192246584049
77.85192246584049
77.85192246584049
77.85192246584049
77.85192246584049
77.85192246584049
77.85192246584049
77.85192246584049
77.85192246584049
77.85192246584049
77.79414738423318
76.84085853771269
76.84085853771269
76.84085853771269
76.84085853771269
76.84085853771269
76.84085853771269
76.84085853771269
76.84085853771269
76.84085853771269
76.84085853771269
76.84085853771269
76.84085853771269
76.84085853771269
76.84085853771269
76.84085853771269
76.84085853771269
76.84085853771269
76.84085853771269
76.84085853771269
76.84085853771269
76.84085853771269
75.71424444637029
73.8076667533293
73.8076667533293
73.8076667533293
73.8076667533293
73.8076667533293
73.8076667533293
73.8076667533293
73.8076667533293
73.8076667533293
73.8076667533293
73.8076667533293
73.8076667533293
73.8076667533293
73.8076667533293
73.8076667533293
73.8076667533293
73.8076667533293
73.8076667533293
73.8076667533293
73.8076667533293
73.8076667533293
73.0277031516307
72.79660282520149
72.79660282520149
72.79660282520149
72.79660282520149
72.79660282520149
72.79660282520149
72.79660282520149
72.79660282520149
72.79660282520149
72.79660282520149
72.79660282520149
72.79660282520149
72.79660282520149
72.79660282520149
72.79660282520149
72.79660282520149
72.79660282520149
72.79660282520149
72.79660282520149
72.79660282520149
72.79660282520149
72.79660282520149
72.79660282520149
72.79660282520149
72.79660282520149
72.56550249877229
71.78553889707369
71.78553889707369
71.78553889707369
71.78553889707369
71.78553889707369
71.78553889707369
71.78553889707369
71.78553889707369
71.78553889707369
71.78553889707369
71.78553889707369
71.78553889707369
71.78553889707369
71.78553889707369
71.78553889707369
71.78553889707369
71.78553889707369
71.78553889707369
71.78553889707369
71.78553889707369
71.78553889707369
73.8654418349366
77.85192246584049
77.85192246584049
77.85192246584049
77.85192246584049
77.85192246584049
77.85192246584049
77.85192246584049
77.85192246584049
77.85192246584049
77.85192246584049
77.85192246584049
77.85192246584049
77.85192246584049
77.85192246584049
77.85192246584049
77.85192246584049
77.85192246584049
77.85192246584049
77.85192246584049
77.85192246584049
85.01603258514604
85.94043389086288
85.94043389086288
85.94043389086288
85.94043389086288
85.94043389086288
85.94043389086288
85.94043389086288
85.94043389086288
85.94043389086288
85.94043389086288
85.94043389086288
85.94043389086288
85.94043389086288
85.94043389086288
85.94043389086288
85.94043389086288
85.94043389086288
85.94043389086288
85.94043389086288
85.94043389086288
85.94043389086288
85.94043389086288
85.94043389086288
85.94043389086288
85.94043389086288
85.94043389086288
85.94043389086288
85.94043389086288
85.94043389086288
85.94043389086288
85.94043389086288
85.94043389086288
85.94043389086288
85.94043389086288
85.94043389086288
85.94043389086288
85.94043389086288
85.94043389086288
85.94043389086288
85.94043389086288
84.2071814426438
75.8297946095849
75.8297946095849
75.8297946095849
75.8297946095849
75.8297946095849
75.8297946095849
75.8297946095849
75.8297946095849
75.8297946095849
75.8297946095849
75.8297946095849
75.8297946095849
75.8297946095849
75.8297946095849
75.8297946095849
75.8297946095849
75.8297946095849
75.8297946095849
75.8297946095849
75.8297946095849
75.8297946095849
75.8297946095849
77.15862148655286
77.85192246584049
77.85192246584049
77.85192246584049
77.85192246584049
77.85192246584049
77.85192246584049
77.85192246584049
77.85192246584049
77.85192246584049
77.85192246584049
77.85192246584049
77.85192246584049
77.85192246584049
77.85192246584049
77.85192246584049
77.85192246584049
77.85192246584049
77.85192246584049
80.45180113816912
80.88511425022388
80.88511425022388
80.88511425022388
80.88511425022388
80.88511425022388
80.88511425022388
80.88511425022388
80.88511425022388
80.88511425022388
80.88511425022388
80.88511425022388
80.88511425022388
80.88511425022388
80.88511425022388
80.88511425022388
80.88511425022388
80.88511425022388
80.88511425022388
80.88511425022388
80.88511425022388
80.88511425022388
80.88511425022388
80.88511425022388
80.88511425022388
80.88511425022388
80.88511425022388
80.88511425022388
80.88511425022388
80.88511425022388
80.88511425022388
80.88511425022388
80.88511425022388
80.88511425022388
80.88511425022388
80.88511425022388
80.88511425022388
80.88511425022388
80.88511425022388
80.88511425022388
80.88511425022388
80.88511425022388
80.88511425022388
80.88511425022388
80.88511425022388
80.88511425022388
80.88511425022388
80.88511425022388
80.88511425022388
80.88511425022388
80.88511425022388
80.88511425022388
80.88511425022388
80.88511425022388
80.88511425022388
80.88511425022388
80.88511425022388
80.88511425022388
80.88511425022388
80.88511425022388
80.88511425022388
83.13834243290869
83.91830603460728
83.91830603460728
83.91830603460728
83.91830603460728
83.91830603460728
83.91830603460728
83.91830603460728
83.91830603460728
83.91830603460728
83.91830603460728
83.91830603460728
83.91830603460728
83.91830603460728
83.91830603460728
83.91830603460728
83.91830603460728
83.91830603460728
83.91830603460728
83.91830603460728
83.91830603460728
83.91830603460728
84.1494063610365
84.92936996273508
84.92936996273508
84.92936996273508
84.92936996273508
84.92936996273508
84.92936996273508
84.92936996273508
84.92936996273508
84.92936996273508
84.92936996273508
84.92936996273508
84.92936996273508
84.92936996273508
84.92936996273508
84.92936996273508
84.92936996273508
84.92936996273508
84.92936996273508
84.92936996273508
84.92936996273508
84.92936996273508
84.92936996273508
84.92936996273508
84.92936996273508
84.92936996273508
84.92936996273508
84.92936996273508
84.92936996273508
84.92936996273508
84.92936996273508
