-3.0442477876106193
-3.0442477876106193
-3.870206489675516
-4.058997050147493
-4.058997050147493
-4.058997050147493
-4.058997050147493
-4.058997050147493
-4.058997050147493
-4.058997050147493
-4.058997050147493
-4.058997050147493
-4.058997050147493
-4.058997050147493
-4.058997050147493
-4.058997050147493
-4.058997050147493
-4.058997050147493
-4.058997050147493
-4.058997050147493
-4.058997050147493
-4.058997050147493
-4.058997050147493
-4.058997050147493
-4.058997050147493
-4.058997050147493
-4.058997050147493
-3.4690265486725664
-3.0442477876106193
-3.0442477876106193
-3.0442477876106193
-3.0442477876106193
-2.6666666666666665
-2.0294985250737465
-2.0294985250737465
-2.0294985250737465
-2.0294985250737465
-2.0294985250737465
-1.6047197640117994
-1.0147492625368733
-1.0147492625368733
-1.0147492625368733
-1.0147492625368733
-1.0147492625368733
-1.0147492625368733
-1.0147492625368733
-1.0147492625368733
-1.0147492625368733
-1.0147492625368733
-1.0147492625368733
-2.0294985250737465
-2.0294985250737465
-2.0294985250737465
-2.0294985250737465
-2.0294985250737465
-2.0294985250737465
-2.0294985250737465
-1.2507374631268438
-1.0147492625368733
-1.0147492625368733
-1.0147492625368733
-1.0147492625368733
-1.0147492625368733
-1.0147492625368733
-1.0147492625368733
-0.471976401179941
0.0
0.0
0.0
0.0
0.0
0.0
0.0
0.0
0.0
0.0
0.0
0.0
0.0
0.0
0.0
-0.7315634218289085
-1.0147492625368733
-1.0147492625368733
-1.0147492625368733
-1.0147492625368733
-1.0147492625368733
-1.0147492625368733
-1.0147492625368733
-1.0147492625368733
-1.415929203539823
-2.0294985250737465
-2.0294985250737465
-2.0294985250737465
-2.0294985250737465
-3.0442477876106193
-3.0442477876106193
-3.0442477876106193
-3.0442477876106193
-3.0442477876106193
-3.0442477876106193
-3.0442477876106193
-3.3746312684365782
-4.058997050147493
-4.058997050147493
-4.058997050147493
-4.058997050147493
-4.058997050147493
-4.058997050147493
-4.058997050147493
-4.058997050147493
-4.058997050147493
-4.058997050147493
-4.058997050147493
-4.058997050147493
-4.95575221238938
-5.073746312684365
-5.427728613569322
-6.088495575221239
-6.088495575221239
-6.088495575221239
-6.088495575221239
-7.056047197640118
-7.103244837758112
-7.103244837758112
-7.103244837758112
-7.103244837758112
-7.103244837758112
-7.103244837758112
-7.103244837758112
-7.244837758112094
-8.117994100294986
-8.117994100294986
-8.117994100294986
-8.117994100294986
-8.117994100294986
-8.117994100294986
-8.117994100294986
-8.117994100294986
-7.103244837758112
-7.103244837758112
-7.103244837758112
-6.2536873156342185
-6.088495575221239
-6.088495575221239
-6.088495575221239
-6.088495575221239
-6.088495575221239
-6.088495575221239
-6.088495575221239
-6.088495575221239
-6.088495575221239
-6.088495575221239
-6.725663716814159
-7.103244837758112
-7.103244837758112
-7.103244837758112
-7.103244837758112
-6.79646017699115
-6.088495575221239
-6.088495575221239
-5.876106194690266
-5.073746312684365
-4.884955752212389
-4.058997050147493
-4.035398230088496
-3.0442477876106193
-3.0442477876106193
-3.0442477876106193
-2.218289085545723
-2.0294985250737465
-2.0294985250737465
-2.0294985250737465
-2.0294985250737465
-2.0294985250737465
-2.0294985250737465
-2.0294985250737465
-2.0294985250737465
-2.0294985250737465
-2.0294985250737465
-2.0294985250737465
-2.0294985250737465
-2.0294985250737465
-2.0294985250737465
-2.0294985250737465
-2.0294985250737465
-2.0294985250737465
-2.0294985250737465
-2.0294985250737465
-2.0294985250737465
-2.0294985250737465
-2.0294985250737465
-2.0294985250737465
-2.0294985250737465
-2.0294985250737465
-2.0294985250737465
-2.0294985250737465
-2.0294985250737465
-2.0294985250737465
-2.0294985250737465
-2.0294985250737465
-2.0294985250737465
-2.0294985250737465
-2.0294985250737465
-2.0294985250737465
-2.0294985250737465
-2.0294985250737465
-2.0294985250737465
-2.0294985250737465
-2.0294985250737465
-2.0294985250737465
-2.0294985250737465
-2.0294985250737465
-2.0294985250737465
-2.0294985250737465
-2.0294985250737465
-2.0294985250737465
-2.0294985250737465
-2.0294985250737465
-2.0294985250737465
-2.0294985250737465
-2.0294985250737465
-2.0294985250737465
-2.0294985250737465
-2.0294985250737465
-2.0294985250737465
-2.0294985250737465
-2.0294985250737465
-2.0294985250737465
-2.0294985250737465
-2.0294985250737465
-2.0294985250737465
-2.0294985250737465
-2.0294985250737465
-2.0294985250737465
-2.0294985250737465
-2.0294985250737465
-2.0294985250737465
-2.0294985250737465
-2.0294985250737465
-2.0294985250737465
-2.0294985250737465
-2.0294985250737465
-2.0294985250737465
-2.0294985250737465
-2.0294985250737465
-2.0294985250737465
-2.0294985250737465
-2.0294985250737465
-2.0294985250737465
-2.0294985250737465
-2.0294985250737465
-2.0294985250737465
-2.0294985250737465
-2.0294985250737465
-2.0294985250737465
-2.0294985250737465
-2.0294985250737465
-2.0294985250737465
-2.0294985250737465
-2.0294985250737465
-2.0294985250737465
-2.0294985250737465
-2.0294985250737465
-2.0294985250737465
-2.0294985250737465
-2.0294985250737465
-2.0294985250737465
-2.0294985250737465
-2.0294985250737465
-2.0294985250737465
-2.0294985250737465
-2.0294985250737465
-2.0294985250737465
-2.0294985250737465
-2.0294985250737465
-2.0294985250737465
-2.0294985250737465
-2.0294985250737465
-2.0294985250737465
-2.0294985250737465
-2.0294985250737465
-2.0294985250737465
-2.0294985250737465
-2.0294985250737465
-2.0294985250737465
-2.0294985250737465
-2.0294985250737465
-2.0294985250737465
-2.0294985250737465
-2.0294985250737465
-2.0294985250737465
-2.0294985250737465
-2.0294985250737465
-2.0294985250737465
-2.0294985250737465
-2.0294985250737465
-2.0294985250737465
-3.0442477876106193
-3.0442477876106193
-3.0442477876106193
-3.0442477876106193
-3.0442477876106193
-3.0442477876106193
-3.0442477876106193
-3.0442477876106193
-3.0442477876106193
-3.0442477876106193
-3.0442477876106193
-3.0442477876106193
-3.0442477876106193
-3.0442477876106193
-3.0442477876106193
-3.0442477876106193
-3.0442477876106193
-3.0442477876106193
-3.0442477876106193
-3.0442477876106193
-3.0442477876106193
-3.0442477876106193
-2.949852507374631
-2.0294985250737465
-2.0294985250737465
-2.0294985250737465
-2.0294985250737465
-2.0294985250737465
-2.0294985250737465
-2.0294985250737465
-2.0294985250737465
-2.0294985250737465
-2.0294985250737465
-2.0294985250737465
-2.0294985250737465
-2.0294985250737465
-2.0294985250737465
-2.0294985250737465
-2.0294985250737465
-2.0294985250737465
-2.0294985250737465
-2.0294985250737465
-2.0294985250737465
-2.0294985250737465
-2.0294985250737465
-2.0294985250737465
-2.0294985250737465
-2.0294985250737465
-2.0294985250737465
-2.0294985250737465
-2.0294985250737465
-2.47787610619469
-3.0442477876106193
-3.0442477876106193
-3.0442477876106193
-3.0442477876106193
-2.24188790560472
-2.0294985250737465
-2.0294985250737465
-2.0294985250737465
-2.0294985250737465
-2.0294985250737465
-2.0294985250737465
-2.0294985250737465
-2.0294985250737465
-2.0294985250737465
-2.0294985250737465
-2.0294985250737465
-2.0294985250737465
-2.0294985250737465
-2.926253687315634
-3.0442477876106193
-3.0442477876106193
-3.0442477876106193
-4.058997050147493
-4.058997050147493
-4.412979351032448
-5.073746312684365
-5.073746312684365
-5.097345132743363
-6.088495575221239
-6.088495575221239
-6.088495575221239
-6.088495575221239
-5.640117994100295
-5.073746312684365
-5.073746312684365
-4.224188790560472
-4.058997050147493
-4.058997050147493
-3.1386430678466075
-3.0442477876106193
-3.0442477876106193
-3.0442477876106193
-3.0442477876106193
-3.0442477876106193
-2.1002949852507373
-2.0294985250737465
-2.4070796460176993
-3.0442477876106193
-3.0442477876106193
-3.0442477876106193
-3.0442477876106193
-3.0442477876106193
-2.1474926253687316
-2.0294985250737465
-2.0294985250737465
-2.0294985250737465
-2.0294985250737465
-2.0294985250737465
-1.4395280235988202
-1.0147492625368733
-1.0147492625368733
-1.0147492625368733
-1.0147492625368733
-1.0147492625368733
-1.0147492625368733
-0.7551622418879056
0.0
0.0
-0.5899705014749262
-1.0147492625368733
-1.0147492625368733
-1.0147492625368733
-1.0147492625368733
-1.0147492625368733
-1.0147492625368733
-1.0147492625368733
-1.0147492625368733
-1.0147492625368733
-1.0147492625368733
-1.0147492625368733
-1.0147492625368733
-1.0147492625368733
-1.0147492625368733
-1.0147492625368733
-1.0147492625368733
-1.0147492625368733
-1.0147492625368733
-1.0147492625368733
-1.0147492625368733
-1.0147492625368733
-1.0147492625368733
-1.0147492625368733
-1.6047197640117994
-2.0294985250737465
-2.0294985250737465
-2.0294985250737465
-2.0294985250737465
-2.0294985250737465
-2.0294985250737465
-2.0294985250737465
-2.0294985250737465
-2.0294985250737465
-2.0294985250737465
-2.0294985250737465
-2.0294985250737465
-2.0294985250737465
-2.0294985250737465
-2.0294985250737465
-2.0294985250737465
-2.0294985250737465
-2.0294985250737465
-2.0294985250737465
-2.0294985250737465
-2.005899705014749
-1.0147492625368733
-1.0147492625368733
-1.0147492625368733
-1.0147492625368733
-1.0147492625368733
-1.0147492625368733
-1.0147492625368733
-1.0147492625368733
-0.21238938053097345
0.0
0.0
0.0
0.0
0.0
0.0
0.0
0.0
0.0
0.0
0.0
0.0
0.0
0.0
0.0
0.0
0.0
0.0
0.0
0.0
0.0
0.0
0.0
0.0
0.0
0.0
0.0
0.0
0.0
0.0
0.0
0.0
0.0
0.0
0.0
0.0
0.0
0.0
0.0
-1.0147492625368733
-1.0147492625368733
-1.0147492625368733
-1.0147492625368733
-1.0147492625368733
-1.0147492625368733
-1.0147492625368733
-1.0619469026548674
-2.0294985250737465
-2.0294985250737465
-2.0294985250737465
-2.0294985250737465
-2.0294985250737465
-2.0294985250737465
-2.0294985250737465
-2.0294985250737465
-2.0294985250737465
-2.0294985250737465
-2.0294985250737465
-2.0294985250737465
-2.0294985250737465
-2.0294985250737465
-2.0294985250737465
-2.0294985250737465
-2.0294985250737465
-2.0294985250737465
-2.0294985250737465
-2.0294985250737465
-2.0294985250737465
-2.0294985250737465
-2.0294985250737465
-2.0294985250737465
-2.0294985250737465
-2.0294985250737465
-2.0294985250737465
-2.0294985250737465
-2.0294985250737465
-2.0294985250737465
-2.0294985250737465
-2.0294985250737465
-2.0294985250737465
-2.0294985250737465
-2.0294985250737465
-1.817109144542773
-1.0147492625368733
-1.0147492625368733
-1.0147492625368733
-1.0147492625368733
-1.0147492625368733
-1.0147492625368733
-1.0147492625368733
-1.0147492625368733
-1.0147492625368733
-1.0147492625368733
-1.0147492625368733
-1.0147492625368733
-1.0147492625368733
-1.0147492625368733
-1.0147492625368733
-1.0147492625368733
-1.0147492625368733
-1.0147492625368733
-1.0147492625368733
-1.0147492625368733
-0.0943952802359882
0.0
0.0
0.0
0.0
0.0
0.0
0.0
0.0
0.0
0.0
0.0
0.0
0.0
0.0
0.0
0.0
0.0
0.0
0.0
0.0
0.0
0.0
0.0
0.0
-0.49557522123893805
-1.0147492625368733
-1.0147492625368733
-1.0147492625368733
-1.0147492625368733
-1.0147492625368733
-1.0147492625368733
-1.0147492625368733
-1.0147492625368733
-1.0147492625368733
-1.0147492625368733
-1.0147492625368733
-1.0147492625368733
-1.0147492625368733
-1.0147492625368733
-1.0147492625368733
-1.0147492625368733
-1.0147492625368733
-1.0147492625368733
-1.0147492625368733
-1.0147492625368733
-1.0147492625368733
-1.9115044247787611
-2.0294985250737465
-2.0294985250737465
-2.0294985250737465
-2.0294985250737465
-2.0294985250737465
-2.0294985250737465
-2.0294985250737465
-2.0294985250737465
-2.0294985250737465
-2.0294985250737465
-2.0294985250737465
-2.0294985250737465
-2.0294985250737465
-2.0294985250737465
-2.0294985250737465
-2.0294985250737465
-2.0294985250737465
-2.0294985250737465
-2.0294985250737465
-2.0294985250737465
-2.0294985250737465
-2.0294985250737465
-1.935103244837758
-1.0147492625368733
-1.0147492625368733
-1.0147492625368733
-1.0147492625368733
-1.0147492625368733
-0.5427728613569321
0.0
0.0
0.0
0.0
0.0
0.0
0.0
0.0
0.0
0.0
0.0
0.0
0.0
0.0
0.0
0.0
0.0
0.0
0.0
0.0
0.0
0.0
0.0
0.0
-0.2831858407079646
-1.0147492625368733
-1.0147492625368733
-1.0147492625368733
-1.0147492625368733
-1.0147492625368733
-1.0147492625368733
-1.0147492625368733
-1.0147492625368733
-1.0147492625368733
-1.0147492625368733
-1.0147492625368733
-1.0147492625368733
-1.0147492625368733
-1.0147492625368733
-1.0147492625368733
-1.0147492625368733
-1.0147492625368733
-1.0147492625368733
-1.0147492625368733
-0.07079646017699115
0.0
0.0
0.0
0.0
0.0
0.0
0.0
0.0
0.0
0.0
0.0
0.0
0.0
0.0
0.0
0.0
0.0
0.0
0.0
0.0
0.0
0.0
0.0
0.0
0.0
0.0
0.0
0.0
0.0
0.0
0.0
0.0
-0.8023598820058997
-1.0147492625368733
-1.0147492625368733
-1.0147492625368733
-1.0147492625368733
-1.0147492625368733
-1.0147492625368733
-1.0147492625368733
-1.0147492625368733
-1.0147492625368733
-1.7463126843657817
-2.0294985250737465
-2.0294985250737465
-2.0294985250737465
-2.0294985250737465
-2.0294985250737465
-2.0294985250737465
-2.0294985250737465
-2.0294985250737465
-2.0294985250737465
-2.0294985250737465
-2.0294985250737465
-2.0294985250737465
-2.0294985250737465
-2.0294985250737465
-2.0294985250737465
-2.0294985250737465
-2.0294985250737465
-2.0294985250737465
-2.0294985250737465
-2.0294985250737465
-2.0294985250737465
-2.0294985250737465
-2.0294985250737465
-1.6991150442477876
-1.0147492625368733
-1.0147492625368733
-1.0147492625368733
-1.0147492625368733
-1.0147492625368733
-1.0147492625368733
-1.0147492625368733
-0.471976401179941
0.0
0.0
0.0
0.0
0.0
0.0
0.0
0.0
0.0
0.0
0.0
0.0
0.0
0.0
0.0
-1.0147492625368733
-1.0147492625368733
-1.0147492625368733
-1.0147492625368733
-1.0147492625368733
-1.0147492625368733
-1.0147492625368733
-1.0147492625368733
-1.0147492625368733
-1.0147492625368733
-1.0147492625368733
-1.0147492625368733
-1.0147492625368733
-1.0147492625368733
-1.0147492625368733
-1.0147492625368733
-1.0147492625368733
-1.0147492625368733
-1.0147492625368733
-1.0147492625368733
-1.0147492625368733
-1.0147492625368733
-1.0147492625368733
-1.0147492625368733
-1.0147492625368733
-1.0147492625368733
-1.0147492625368733
-1.0147492625368733
-1.0147492625368733
-1.0147492625368733
-1.6519174041297935
-2.0294985250737465
-2.0294985250737465
-2.0294985250737465
-2.0294985250737465
-2.0294985250737465
-2.0294985250737465
-2.0294985250737465
-2.0294985250737465
-2.0294985250737465
-2.0294985250737465
-1.817109144542773
-1.0147492625368733
-1.0147492625368733
-1.0147492625368733
-1.0147492625368733
-1.0147492625368733
-1.0147492625368733
-1.0147492625368733
-1.0147492625368733
-1.0147492625368733
-1.0147492625368733
-1.0147492625368733
-1.0147492625368733
-1.1563421828908556
-2.0294985250737465
-1.2271386430678466
-1.0147492625368733
-1.0147492625368733
-1.0147492625368733
-1.0147492625368733
-1.0147492625368733
-1.0147492625368733
-1.0147492625368733
-1.0147492625368733
-1.0147492625368733
-1.0147492625368733
-1.0147492625368733
-1.0147492625368733
-1.0147492625368733
-1.0147492625368733
-1.0147492625368733
-1.0147492625368733
-1.0147492625368733
-1.0147492625368733
-1.0147492625368733
-1.0147492625368733
-1.0147492625368733
-1.0147492625368733
-1.0147492625368733
-1.392330383480826
-2.0294985250737465
-2.0294985250737465
-2.0294985250737465
-2.0294985250737465
-2.0294985250737465
-2.0294985250737465
-2.0294985250737465
-2.0294985250737465
-2.0294985250737465
-2.0294985250737465
-2.0294985250737465
-2.0294985250737465
-2.0294985250737465
-2.0294985250737465
-2.0294985250737465
-2.0294985250737465
-2.690265486725664
-3.0442477876106193
-3.4690265486725664
-4.058997050147493
-4.389380530973451
-5.073746312684365
-5.073746312684365
-5.073746312684365
-5.073746312684365
-5.073746312684365
-5.073746312684365
-4.342182890855457
-4.058997050147493
-4.058997050147493
-4.058997050147493
-4.058997050147493
-4.058997050147493
-3.5398230088495577
-3.0442477876106193
-3.0442477876106193
-3.0442477876106193
-3.0442477876106193
-3.0442477876106193
-3.9646017699115044
-4.058997050147493
-4.058997050147493
-4.058997050147493
-4.058997050147493
-4.058997050147493
-4.058997050147493
-4.058997050147493
-4.058997050147493
-4.058997050147493
-4.058997050147493
-3.4926253687315634
-3.0442477876106193
-3.0442477876106193
-3.0442477876106193
-3.0442477876106193
-3.0442477876106193
-3.0442477876106193
-3.0442477876106193
-3.0442477876106193
-3.0442477876106193
-3.0442477876106193
-3.0442477876106193
-2.359882005899705
-2.0294985250737465
-2.0294985250737465
-2.0294985250737465
-2.0294985250737465
-2.0294985250737465
-2.0294985250737465
-2.0294985250737465
-2.0294985250737465
-2.0294985250737465
-2.0294985250737465
-2.0294985250737465
-2.0294985250737465
-2.0294985250737465
-2.0294985250737465
-2.0294985250737465
-2.0294985250737465
-2.0294985250737465
-2.0294985250737465
-2.0294985250737465
-2.0294985250737465
-2.0294985250737465
-2.0294985250737465
-2.0294985250737465
-2.0294985250737465
-2.0294985250737465
-2.0294985250737465
-2.0294985250737465
-2.0294985250737465
-2.0294985250737465
-2.0294985250737465
-2.0294985250737465
