79.98562936834543
79.98562936834543
79.98562936834543
79.98562936834543
79.98562936834543
79.98562936834543
79.98562936834543
79.98562936834543
79.98562936834543
79.98562936834543
79.98562936834543
79.98562936834543
79.98562936834543
79.98562936834543
79.98562936834543
79.98562936834543
79.98562936834543
79.98562936834543
79.98562936834543
79.98562936834543
79.98562936834543
79.98562936834543
79.98562936834543
79.98562936834543
79.98562936834543
79.98562936834543
79.98562936834543
79.98562936834543
79.98562936834543
79.98562936834543
79.98562936834543
79.98562936834543
79.39773989156706
78.97315304722713
78.97315304722713
78.97315304722713
78.97315304722713
78.97315304722713
78.97315304722713
78.97315304722713
78.97315304722713
78.97315304722713
78.97315304722713
78.97315304722713
78.97315304722713
78.97315304722713
78.97315304722713
78.97315304722713
78.97315304722713
78.97315304722713
78.97315304722713
78.97315304722713
78.97315304722713
78.97315304722713
78.97315304722713
78.97315304722713
78.97315304722713
78.97315304722713
78.97315304722713
78.97315304722713
78.97315304722713
78.97315304722713
78.97315304722713
78.97315304722713
78.97315304722713
78.97315304722713
78.97315304722713
78.97315304722713
78.97315304722713
78.97315304722713
78.97315304722713
78.97315304722713
78.97315304722713
78.97315304722713
78.97315304722713
78.97315304722713
78.97315304722713
78.97315304722713
79.51205173427395
79.98562936834543
79.98562936834543
79.98562936834543
79.98562936834543
79.98562936834543
79.98562936834543
79.98562936834543
79.98562936834543
79.98562936834543
79.98562936834543
79.98562936834543
82.48415964465347
83.02305833170031
83.02305833170031
83.02305833170031
83.02305833170031
83.02305833170031
83.02305833170031
83.02305833170031
83.02305833170031
83.02305833170031
83.02305833170031
84.10085570579398
85.0480109739369
85.0480109739369
85.0480109739369
85.0480109739369
85.0480109739369
85.0480109739369
85.0480109739369
85.0480109739369
85.0480109739369
85.0480109739369
85.0480109739369
85.0480109739369
85.0480109739369
85.0480109739369
85.0480109739369
85.0480109739369
85.0480109739369
85.0480109739369
85.0480109739369
85.0480109739369
85.0480109739369
84.08452544255013
84.03553465281861
84.03553465281861
84.03553465281861
84.03553465281861
84.03553465281861
84.03553465281861
84.03553465281861
84.03553465281861
84.03553465281861
85.01535044744922
85.0480109739369
85.0480109739369
85.0480109739369
85.0480109739369
85.0480109739369
85.0480109739369
85.0480109739369
85.0480109739369
85.0480109739369
85.0480109739369
85.0480109739369
85.0480109739369
85.0480109739369
85.0480109739369
85.0480109739369
85.0480109739369
85.0480109739369
85.0480109739369
85.0480109739369
85.0480109739369
85.0480109739369
85.0480109739369
85.0480109739369
85.0480109739369
85.0480109739369
85.0480109739369
85.0480109739369
85.0480109739369
85.0480109739369
85.0480109739369
84.83571755176693
84.03553465281861
84.03553465281861
84.03553465281861
84.03553465281861
84.03553465281861
84.03553465281861
84.03553465281861
84.03553465281861
84.03553465281861
84.03553465281861
84.03553465281861
84.03553465281861
84.03553465281861
84.03553465281861
84.03553465281861
84.03553465281861
84.03553465281861
84.03553465281861
84.03553465281861
84.03553465281861
84.03553465281861
84.85204781501078
85.0480109739369
85.0480109739369
85.0480109739369
85.0480109739369
85.0480109739369
85.0480109739369
85.0480109739369
85.0480109739369
85.0480109739369
85.0480109739369
85.0480109739369
85.0480109739369
85.0480109739369
85.0480109739369
85.0480109739369
85.0480109739369
85.0480109739369
85.0480109739369
85.0480109739369
85.0480109739369
82.99039780521262
82.01058201058201
82.01058201058201
82.01058201058201
82.01058201058201
82.01058201058201
82.01058201058201
82.01058201058201
82.01058201058201
82.01058201058201
82.01058201058201
82.01058201058201
82.01058201058201
82.69645306682344
83.02305833170031
83.02305833170031
83.02305833170031
83.02305833170031
83.02305833170031
83.02305833170031
83.02305833170031
83.02305833170031
83.02305833170031
83.02305833170031
83.02305833170031
83.02305833170031
83.02305833170031
83.02305833170031
83.02305833170031
83.02305833170031
83.02305833170031
83.02305833170031
83.02305833170031
83.02305833170031
83.02305833170031
83.02305833170031
83.02305833170031
83.90489254686786
84.03553465281861
84.03553465281861
84.03553465281861
84.03553465281861
84.03553465281861
84.03553465281861
84.03553465281861
84.03553465281861
84.03553465281861
84.03553465281861
84.03553465281861
84.36213991769547
86.0604872950552
86.0604872950552
86.0604872950552
86.0604872950552
86.0604872950552
86.0604872950552
86.0604872950552
86.0604872950552
86.0604872950552
86.24012019073749
87.0729636161735
87.0729636161735
87.0729636161735
87.0729636161735
87.0729636161735
87.0729636161735
87.0729636161735
87.0729636161735
87.0729636161735
87.0729636161735
87.0729636161735
87.0729636161735
87.0729636161735
88.47736625514403
89.0979162584101
89.0979162584101
89.0979162584101
89.0979162584101
89.0979162584101
89.0979162584101
89.0979162584101
89.0979162584101
89.0979162584101
89.9634202103338
90.11039257952838
90.11039257952838
90.11039257952838
90.11039257952838
90.11039257952838
90.11039257952838
90.11039257952838
90.11039257952838
90.11039257952838
90.11039257952838
91.02488732118363
91.12286890064668
91.12286890064668
91.12286890064668
91.12286890064668
91.12286890064668
91.12286890064668
91.12286890064668
91.12286890064668
91.12286890064668
91.12286890064668
91.92305179959502
92.13534522176498
92.13534522176498
92.13534522176498
92.13534522176498
92.13534522176498
92.13534522176498
92.13534522176498
92.13534522176498
92.13534522176498
92.13534522176498
92.13534522176498
92.13534522176498
91.2045202168659
91.12286890064668
91.12286890064668
91.12286890064668
91.12286890064668
91.12286890064668
91.12286890064668
91.12286890064668
91.12286890064668
91.12286890064668
91.12286890064668
90.64929126657522
90.11039257952838
90.11039257952838
90.11039257952838
90.11039257952838
90.11039257952838
90.11039257952838
90.11039257952838
90.11039257952838
90.11039257952838
90.11039257952838
90.11039257952838
90.11039257952838
90.11039257952838
90.11039257952838
90.11039257952838
90.11039257952838
90.11039257952838
90.11039257952838
90.11039257952838
90.11039257952838
90.11039257952838
90.11039257952838
90.11039257952838
90.11039257952838
90.11039257952838
90.11039257952838
90.11039257952838
90.11039257952838
90.11039257952838
90.11039257952838
90.11039257952838
90.11039257952838
90.11039257952838
90.11039257952838
88.93461362597165
88.0854399372918
88.0854399372918
88.0854399372918
88.0854399372918
88.0854399372918
88.0854399372918
88.0854399372918
88.0854399372918
88.0854399372918
88.0854399372918
88.0854399372918
87.61186230322033
87.0729636161735
87.0729636161735
87.0729636161735
87.0729636161735
87.0729636161735
87.0729636161735
87.0729636161735
87.0729636161735
87.0729636161735
87.0729636161735
86.5503951923705
86.0604872950552
86.0604872950552
86.0604872950552
86.0604872950552
86.0604872950552
86.0604872950552
86.0604872950552
86.0604872950552
86.0604872950552
86.0604872950552
86.0604872950552
86.0604872950552
86.0604872950552
86.0604872950552
86.0604872950552
86.0604872950552
86.0604872950552
86.0604872950552
86.0604872950552
86.0604872950552
86.0604872950552
86.0604872950552
86.0604872950552
86.0604872950552
86.0604872950552
86.0604872950552
86.0604872950552
86.0604872950552
86.0604872950552
86.0604872950552
86.0604872950552
86.0604872950552
86.0604872950552
86.0604872950552
87.0403030896858
87.0729636161735
87.0729636161735
87.0729636161735
87.0729636161735
87.0729636161735
87.0729636161735
87.0729636161735
87.0729636161735
87.0729636161735
87.0729636161735
87.0729636161735
87.0729636161735
87.0729636161735
87.0729636161735
87.0729636161735
87.0729636161735
87.0729636161735
87.0729636161735
87.0729636161735
87.0729636161735
87.0729636161735
87.0729636161735
86.90966098373507
86.0604872950552
86.0604872950552
86.0604872950552
86.0604872950552
86.0604872950552
86.0604872950552
86.0604872950552
86.0604872950552
86.0604872950552
86.0604872950552
86.0604872950552
86.3217715069567
87.0729636161735
87.0729636161735
87.0729636161735
87.0729636161735
87.0729636161735
87.0729636161735
87.0729636161735
87.0729636161735
87.0729636161735
87.0729636161735
87.0729636161735
87.0729636161735
87.0729636161735
87.0729636161735
87.0729636161735
87.0729636161735
87.0729636161735
87.0729636161735
87.0729636161735
87.0729636161735
87.0729636161735
88.80397152002091
89.0979162584101
89.0979162584101
89.0979162584101
89.0979162584101
89.0979162584101
89.0979162584101
89.0979162584101
89.0979162584101
89.0979162584101
89.62048468221307
90.11039257952838
90.11039257952838
90.11039257952838
90.11039257952838
90.11039257952838
90.11039257952838
90.11039257952838
90.11039257952838
90.11039257952838
90.11039257952838
90.11039257952838
90.11039257952838
90.11039257952838
90.11039257952838
90.11039257952838
90.11039257952838
90.11039257952838
90.11039257952838
90.11039257952838
90.11039257952838
90.11039257952838
90.92690574172056
92.13534522176498
92.13534522176498
92.13534522176498
92.13534522176498
92.13534522176498
92.13534522176498
92.13534522176498
92.13534522176498
92.13534522176498
92.13534522176498
92.13534522176498
92.13534522176498
91.66176758769352
91.12286890064668
91.12286890064668
91.12286890064668
91.12286890064668
91.12286890064668
91.12286890064668
91.12286890064668
91.12286890064668
91.12286890064668
91.12286890064668
91.12286890064668
91.12286890064668
90.53497942386832
89.0979162584101
89.0979162584101
89.0979162584101
89.0979162584101
89.0979162584101
89.0979162584101
89.0979162584101
89.0979162584101
89.0979162584101
89.0979162584101
89.0979162584101
89.0979162584101
89.0979162584101
89.0979162584101
89.0979162584101
89.0979162584101
89.0979162584101
89.0979162584101
89.0979162584101
89.0979162584101
89.0979162584101
89.0979162584101
89.0979162584101
89.0979162584101
89.0979162584101
89.0979162584101
88.21608204324254
86.0604872950552
86.0604872950552
86.0604872950552
86.0604872950552
86.0604872950552
86.0604872950552
86.0604872950552
86.0604872950552
86.0604872950552
86.0604872950552
86.0604872950552
86.0604872950552
86.0604872950552
86.48507413939514
88.0854399372918
88.0854399372918
88.0854399372918
88.0854399372918
88.0854399372918
88.0854399372918
88.0854399372918
88.0854399372918
88.0854399372918
88.0854399372918
88.0854399372918
88.0854399372918
88.0854399372918
88.65699915082631
89.0979162584101
89.0979162584101
89.0979162584101
89.0979162584101
89.0979162584101
89.0979162584101
89.0979162584101
89.0979162584101
89.0979162584101
89.0979162584101
89.0979162584101
90.40433731791757
91.12286890064668
91.12286890064668
91.12286890064668
91.12286890064668
91.12286890064668
91.12286890064668
91.12286890064668
91.12286890064668
91.12286890064668
91.12286890064668
91.12286890064668
91.12286890064668
91.67809785093736
93.14782154288328
93.14782154288328
93.14782154288328
93.14782154288328
93.14782154288328
93.14782154288328
93.14782154288328
93.14782154288328
93.14782154288328
93.14782154288328
93.14782154288328
93.14782154288328
93.14782154288328
93.14782154288328
92.29864785420341
92.13534522176498
92.13534522176498
92.13534522176498
92.13534522176498
92.13534522176498
92.13534522176498
92.13534522176498
92.13534522176498
92.13534522176498
92.13534522176498
92.13534522176498
92.13534522176498
92.13534522176498
92.13534522176498
92.13534522176498
92.13534522176498
92.13534522176498
92.13534522176498
92.13534522176498
92.13534522176498
92.13534522176498
92.13534522176498
92.13534522176498
92.13534522176498
92.13534522176498
92.13534522176498
90.99222679469594
90.11039257952838
90.11039257952838
90.11039257952838
90.11039257952838
90.11039257952838
90.11039257952838
90.11039257952838
90.11039257952838
90.11039257952838
90.11039257952838
90.11039257952838
90.11039257952838
90.11039257952838
90.11039257952838
90.11039257952838
90.11039257952838
90.11039257952838
90.11039257952838
90.11039257952838
90.11039257952838
90.11039257952838
90.11039257952838
90.11039257952838
90.11039257952838
90.11039257952838
90.11039257952838
88.8366320465086
87.0729636161735
87.0729636161735
87.0729636161735
87.0729636161735
87.0729636161735
87.0729636161735
87.0729636161735
87.0729636161735
87.0729636161735
87.0729636161735
87.0729636161735
87.26892677509962
88.0854399372918
88.0854399372918
88.0854399372918
88.0854399372918
88.0854399372918
88.0854399372918
88.0854399372918
88.0854399372918
88.0854399372918
88.0854399372918
88.0854399372918
89.03259520543472
89.0979162584101
89.0979162584101
89.0979162584101
89.0979162584101
89.0979162584101
89.0979162584101
89.0979162584101
89.0979162584101
89.0979162584101
89.0979162584101
89.0979162584101
90.56763995035601
91.12286890064668
91.12286890064668
91.12286890064668
91.12286890064668
91.12286890064668
91.12286890064668
91.12286890064668
91.12286890064668
91.12286890064668
91.12286890064668
91.12286890064668
91.12286890064668
91.12286890064668
91.12286890064668
91.12286890064668
91.12286890064668
91.12286890064668
91.12286890064668
91.12286890064668
91.12286890064668
91.12286890064668
91.12286890064668
91.12286890064668
91.12286890064668
91.12286890064668
91.12286890064668
91.12286890064668
91.12286890064668
91.12286890064668
91.12286890064668
91.12286890064668
91.12286890064668
91.12286890064668
91.12286890064668
91.12286890064668
91.12286890064668
91.12286890064668
91.12286890064668
91.12286890064668
91.12286890064668
91.12286890064668
91.12286890064668
91.12286890064668
91.12286890064668
91.12286890064668
91.12286890064668
91.12286890064668
91.12286890064668
91.12286890064668
91.12286890064668
91.12286890064668
90.61663074008753
90.11039257952838
90.11039257952838
90.11039257952838
90.11039257952838
90.11039257952838
90.11039257952838
90.11039257952838
90.11039257952838
90.11039257952838
90.11039257952838
90.11039257952838
90.11039257952838
90.11039257952838
90.11039257952838
90.11039257952838
90.11039257952838
90.11039257952838
90.11039257952838
90.11039257952838
90.11039257952838
90.11039257952838
90.11039257952838
90.11039257952838
90.11039257952838
90.11039257952838
90.11039257952838
90.11039257952838
90.11039257952838
90.11039257952838
90.11039257952838
90.11039257952838
90.11039257952838
90.11039257952838
90.11039257952838
90.11039257952838
89.40819126004311
89.0979162584101
89.0979162584101
89.0979162584101
89.0979162584101
89.0979162584101
89.0979162584101
89.0979162584101
89.0979162584101
89.0979162584101
89.0979162584101
89.0979162584101
89.0979162584101
89.0979162584101
89.0979162584101
89.0979162584101
89.0979162584101
89.0979162584101
89.0979162584101
89.0979162584101
89.0979162584101
89.0979162584101
89.0979162584101
89.0979162584101
89.0979162584101
89.66947547194461
90.11039257952838
90.11039257952838
90.11039257952838
90.11039257952838
90.11039257952838
90.11039257952838
90.11039257952838
90.11039257952838
90.11039257952838
90.11039257952838
90.11039257952838
90.11039257952838
90.11039257952838
90.11039257952838
90.11039257952838
90.11039257952838
90.11039257952838
90.11039257952838
90.11039257952838
90.11039257952838
89.52250310275002
88.0854399372918
88.0854399372918
88.0854399372918
88.0854399372918
88.0854399372918
88.0854399372918
88.0854399372918
88.0854399372918
88.0854399372918
88.0854399372918
88.4283754654125
89.0979162584101
89.0979162584101
89.0979162584101
89.0979162584101
89.0979162584101
89.0979162584101
89.0979162584101
89.0979162584101
89.0979162584101
89.0979162584101
89.0979162584101
89.0979162584101
89.0979162584101
89.0979162584101
89.0979162584101
89.0979162584101
89.0979162584101
89.0979162584101
89.0979162584101
89.0979162584101
89.0979162584101
89.0979162584101
89.0979162584101
89.0979162584101
89.78378731465152
90.11039257952838
90.11039257952838
90.11039257952838
90.11039257952838
90.11039257952838
90.11039257952838
90.11039257952838
90.11039257952838
90.11039257952838
90.69828205630675
91.12286890064668
91.12286890064668
91.12286890064668
91.12286890064668
91.12286890064668
91.12286890064668
91.12286890064668
91.12286890064668
91.12286890064668
91.12286890064668
91.12286890064668
91.12286890064668
91.12286890064668
91.12286890064668
91.12286890064668
91.12286890064668
91.12286890064668
91.12286890064668
91.12286890064668
91.12286890064668
91.12286890064668
91.12286890064668
91.12286890064668
91.12286890064668
91.64543732444967
92.13534522176498
92.13534522176498
92.13534522176498
92.13534522176498
92.13534522176498
92.13534522176498
92.13534522176498
92.13534522176498
92.13534522176498
92.13534522176498
92.13534522176498
92.13534522176498
91.4658044287674
91.12286890064668
91.12286890064668
91.12286890064668
91.12286890064668
91.12286890064668
91.12286890064668
91.12286890064668
91.12286890064668
91.12286890064668
91.12286890064668
91.12286890064668
91.12286890064668
91.12286890064668
91.12286890064668
91.12286890064668
91.12286890064668
91.12286890064668
91.12286890064668
91.12286890064668
91.12286890064668
91.12286890064668
91.12286890064668
91.12286890064668
91.12286890064668
