104.00398513651785
104.00398513651785
104.00398513651785
104.00398513651785
104.00398513651785
104.97334266788735
106.02347999353762
106.02347999353762
106.02347999353762
106.02347999353762
106.02347999353762
106.02347999353762
106.02347999353762
106.02347999353762
106.02347999353762
106.97937422586031
107.0332274220475
107.0332274220475
107.0332274220475
107.0332274220475
107.0332274220475
107.0332274220475
107.0332274220475
107.0332274220475
106.02347999353762
104.00398513651785
104.00398513651785
104.00398513651785
104.00398513651785
104.00398513651785
104.00398513651785
104.00398513651785
104.00398513651785
104.00398513651785
101.37864182239217
100.9747428509882
100.9747428509882
100.9747428509882
100.9747428509882
100.9747428509882
100.9747428509882
100.9747428509882
100.9747428509882
101.49981151381336
101.98449027949809
101.98449027949809
101.98449027949809
101.98449027949809
101.98449027949809
101.98449027949809
101.98449027949809
101.98449027949809
101.9710269804513
100.9747428509882
100.9747428509882
100.9747428509882
100.9747428509882
100.9747428509882
100.9747428509882
100.9747428509882
100.9747428509882
97.48774839786742
93.90651085141904
93.90651085141904
93.90651085141904
93.90651085141904
93.90651085141904
93.90651085141904
93.90651085141904
93.90651085141904
93.90651085141904
105.21568205072971
109.05272227906727
109.05272227906727
109.05272227906727
109.05272227906727
109.05272227906727
109.05272227906727
109.05272227906727
109.05272227906727
108.35263072863376
108.04297485055739
108.04297485055739
108.04297485055739
108.04297485055739
108.04297485055739
108.04297485055739
108.04297485055739
107.50444288868545
107.0332274220475
107.0332274220475
107.0332274220475
107.0332274220475
107.0332274220475
107.0332274220475
107.0332274220475
107.1274705153751
108.04297485055739
108.04297485055739
108.04297485055739
108.04297485055739
108.04297485055739
108.04297485055739
108.04297485055739
108.04297485055739
108.87769939145889
109.05272227906727
109.05272227906727
109.05272227906727
109.05272227906727
109.05272227906727
109.05272227906727
109.05272227906727
109.05272227906727
109.05272227906727
109.05272227906727
109.05272227906727
109.05272227906727
109.05272227906727
109.05272227906727
109.05272227906727
109.05272227906727
109.6451074371264
110.06246970757715
110.06246970757715
110.06246970757715
110.06246970757715
110.06246970757715
110.06246970757715
110.06246970757715
110.06246970757715
110.06246970757715
110.06246970757715
110.06246970757715
110.06246970757715
110.06246970757715
110.06246970757715
110.06246970757715
110.06246970757715
110.06246970757715
110.76256125801066
111.07221713608703
111.07221713608703
111.07221713608703
111.07221713608703
111.07221713608703
111.07221713608703
111.07221713608703
111.07221713608703
110.5740750713555
110.06246970757715
110.06246970757715
110.06246970757715
110.06246970757715
110.06246970757715
110.06246970757715
110.06246970757715
110.06246970757715
110.33173568851312
111.07221713608703
111.07221713608703
111.07221713608703
111.07221713608703
111.07221713608703
111.07221713608703
111.07221713608703
111.07221713608703
110.66831816468309
109.05272227906727
109.05272227906727
109.05272227906727
109.05272227906727
109.05272227906727
109.05272227906727
109.05272227906727
109.05272227906727
109.05272227906727
108.31224083149336
108.04297485055739
108.04297485055739
108.04297485055739
108.04297485055739
108.04297485055739
108.04297485055739
108.04297485055739
107.59868598201304
107.0332274220475
107.0332274220475
107.0332274220475
107.0332274220475
107.0332274220475
107.0332274220475
107.0332274220475
107.0332274220475
106.41391566589478
106.02347999353762
106.02347999353762
106.02347999353762
106.02347999353762
106.02347999353762
106.02347999353762
106.02347999353762
106.02347999353762
106.02347999353762
105.01373256502774
105.01373256502774
105.01373256502774
105.01373256502774
105.01373256502774
105.01373256502774
105.01373256502774
105.01373256502774
101.51327481286015
100.9747428509882
100.9747428509882
100.9747428509882
100.9747428509882
100.9747428509882
100.9747428509882
100.9747428509882
101.0824492433626
102.99423770800797
102.99423770800797
102.99423770800797
102.99423770800797
102.99423770800797
102.99423770800797
102.99423770800797
102.99423770800797
101.54020141095374
100.9747428509882
100.9747428509882
100.9747428509882
100.9747428509882
100.9747428509882
100.9747428509882
100.9747428509882
101.05552264526901
101.98449027949809
101.98449027949809
101.98449027949809
101.98449027949809
101.98449027949809
101.98449027949809
101.98449027949809
101.98449027949809
102.92692121277398
102.99423770800797
102.99423770800797
102.99423770800797
102.99423770800797
102.99423770800797
102.99423770800797
102.99423770800797
106.87166783348593
109.05272227906727
109.05272227906727
109.05272227906727
109.05272227906727
109.05272227906727
109.05272227906727
109.05272227906727
109.05272227906727
110.93758414561904
111.07221713608703
111.07221713608703
111.07221713608703
111.07221713608703
111.07221713608703
111.07221713608703
111.07221713608703
109.6585707361732
106.02347999353762
106.02347999353762
106.02347999353762
106.02347999353762
106.02347999353762
106.02347999353762
106.02347999353762
106.02347999353762
105.3772416392913
104.00398513651785
104.00398513651785
104.00398513651785
104.00398513651785
104.00398513651785
104.00398513651785
104.00398513651785
104.00398513651785
104.00398513651785
103.00770100705478
102.99423770800797
102.99423770800797
102.99423770800797
102.99423770800797
102.99423770800797
102.99423770800797
102.99423770800797
101.70176099951533
99.96499542247832
99.96499542247832
99.96499542247832
99.96499542247832
99.96499542247832
99.96499542247832
99.96499542247832
99.96499542247832
101.41903171953255
106.02347999353762
106.02347999353762
106.02347999353762
106.02347999353762
106.02347999353762
106.02347999353762
106.02347999353762
106.02347999353762
106.02347999353762
104.21939792126663
104.00398513651785
104.00398513651785
104.00398513651785
104.00398513651785
104.00398513651785
104.00398513651785
104.00398513651785
104.00398513651785
102.63072863374441
101.98449027949809
101.98449027949809
101.98449027949809
101.98449027949809
101.98449027949809
101.98449027949809
101.98449027949809
103.03462760514837
104.00398513651785
104.00398513651785
104.00398513651785
104.00398513651785
104.00398513651785
104.00398513651785
104.00398513651785
104.00398513651785
104.00398513651785
104.00398513651785
104.00398513651785
104.00398513651785
104.00398513651785
104.00398513651785
104.00398513651785
104.00398513651785
104.00398513651785
104.00398513651785
104.00398513651785
104.00398513651785
104.00398513651785
104.00398513651785
104.00398513651785
104.00398513651785
104.00398513651785
102.99423770800797
98.95524799396844
98.95524799396844
98.95524799396844
98.95524799396844
98.95524799396844
98.95524799396844
98.95524799396844
98.95524799396844
101.29786202811137
105.01373256502774
105.01373256502774
105.01373256502774
105.01373256502774
105.01373256502774
105.01373256502774
105.01373256502774
105.01373256502774
104.69061338790458
104.00398513651785
104.00398513651785
104.00398513651785
104.00398513651785
104.00398513651785
104.00398513651785
104.00398513651785
104.00398513651785
104.00398513651785
104.00398513651785
104.00398513651785
104.00398513651785
104.00398513651785
104.00398513651785
104.00398513651785
104.00398513651785
104.00398513651785
104.00398513651785
104.00398513651785
104.00398513651785
104.00398513651785
104.00398513651785
104.00398513651785
104.00398513651785
104.00398513651785
103.46545317464592
101.98449027949809
101.98449027949809
101.98449027949809
101.98449027949809
101.98449027949809
101.98449027949809
101.98449027949809
101.98449027949809
101.98449027949809
101.98449027949809
101.98449027949809
101.98449027949809
101.98449027949809
101.98449027949809
101.98449027949809
101.98449027949809
101.98449027949809
101.98449027949809
101.98449027949809
101.98449027949809
101.98449027949809
101.98449027949809
101.98449027949809
101.98449027949809
101.98449027949809
103.25004038989715
104.00398513651785
104.00398513651785
104.00398513651785
104.00398513651785
104.00398513651785
104.00398513651785
104.00398513651785
104.00398513651785
104.00398513651785
104.00398513651785
104.00398513651785
104.00398513651785
104.00398513651785
104.00398513651785
104.00398513651785
104.00398513651785
103.34428348322473
102.99423770800797
102.99423770800797
102.99423770800797
102.99423770800797
102.99423770800797
102.99423770800797
102.99423770800797
104.4482740050622
106.02347999353762
106.02347999353762
106.02347999353762
106.02347999353762
106.02347999353762
106.02347999353762
106.02347999353762
106.02347999353762
105.20221875168292
105.01373256502774
105.01373256502774
105.01373256502774
105.01373256502774
105.01373256502774
105.01373256502774
105.01373256502774
104.75792988313857
104.00398513651785
104.00398513651785
104.00398513651785
104.00398513651785
104.00398513651785
104.00398513651785
104.00398513651785
104.00398513651785
100.53045398244386
97.94550056545856
97.94550056545856
97.94550056545856
97.94550056545856
97.94550056545856
97.94550056545856
97.94550056545856
97.94550056545856
98.86100490064086
101.98449027949809
101.98449027949809
101.98449027949809
101.98449027949809
101.98449027949809
101.98449027949809
101.98449027949809
101.98449027949809
100.85357315956702
99.96499542247832
99.96499542247832
99.96499542247832
99.96499542247832
99.96499542247832
99.96499542247832
99.96499542247832
99.96499542247832
99.96499542247832
99.96499542247832
99.96499542247832
99.96499542247832
99.96499542247832
99.96499542247832
99.96499542247832
99.96499542247832
100.15348160913351
100.9747428509882
100.9747428509882
100.9747428509882
100.9747428509882
100.9747428509882
100.9747428509882
100.9747428509882
100.9747428509882
101.62098120523454
101.98449027949809
101.98449027949809
101.98449027949809
101.98449027949809
101.98449027949809
101.98449027949809
101.98449027949809
102.65765523183802
104.00398513651785
104.00398513651785
104.00398513651785
104.00398513651785
104.00398513651785
104.00398513651785
104.00398513651785
104.00398513651785
104.00398513651785
104.00398513651785
104.00398513651785
104.00398513651785
104.00398513651785
104.00398513651785
104.00398513651785
104.00398513651785
104.65022349076418
105.01373256502774
105.01373256502774
105.01373256502774
105.01373256502774
105.01373256502774
105.01373256502774
105.01373256502774
105.01373256502774
100.84010986052023
99.96499542247832
99.96499542247832
99.96499542247832
99.96499542247832
99.96499542247832
99.96499542247832
99.96499542247832
99.96499542247832
104.00398513651785
104.00398513651785
104.00398513651785
104.00398513651785
104.00398513651785
104.00398513651785
104.00398513651785
104.00398513651785
102.65765523183802
99.96499542247832
99.96499542247832
99.96499542247832
99.96499542247832
99.96499542247832
99.96499542247832
99.96499542247832
99.96499542247832
100.49006408530347
100.9747428509882
100.9747428509882
100.9747428509882
100.9747428509882
100.9747428509882
100.9747428509882
100.9747428509882
102.02488017663849
104.00398513651785
104.00398513651785
104.00398513651785
104.00398513651785
104.00398513651785
104.00398513651785
104.00398513651785
104.00398513651785
103.31735688513113
102.99423770800797
102.99423770800797
102.99423770800797
102.99423770800797
102.99423770800797
102.99423770800797
102.99423770800797
102.46916904518284
101.98449027949809
101.98449027949809
101.98449027949809
101.98449027949809
101.98449027949809
101.98449027949809
101.98449027949809
100.43621088911627
96.93575313694868
96.93575313694868
96.93575313694868
96.93575313694868
96.93575313694868
96.93575313694868
96.93575313694868
96.93575313694868
98.5917389197049
99.96499542247832
99.96499542247832
99.96499542247832
99.96499542247832
99.96499542247832
99.96499542247832
99.96499542247832
102.59033873660402
105.01373256502774
105.01373256502774
105.01373256502774
105.01373256502774
105.01373256502774
105.01373256502774
105.01373256502774
105.01373256502774
103.04809090419516
102.99423770800797
102.99423770800797
102.99423770800797
102.99423770800797
102.99423770800797
102.99423770800797
102.99423770800797
104.65022349076418
106.02347999353762
106.02347999353762
106.02347999353762
106.02347999353762
106.02347999353762
106.02347999353762
106.02347999353762
106.02347999353762
103.54623296892672
101.98449027949809
101.98449027949809
101.98449027949809
101.98449027949809
101.98449027949809
101.98449027949809
101.98449027949809
101.98449027949809
100.9747428509882
100.9747428509882
100.9747428509882
100.9747428509882
100.9747428509882
100.9747428509882
100.9747428509882
100.9747428509882
101.19015563573699
102.99423770800797
102.99423770800797
102.99423770800797
102.99423770800797
102.99423770800797
102.99423770800797
102.99423770800797
102.99423770800797
102.8326781194464
101.98449027949809
101.98449027949809
101.98449027949809
101.98449027949809
101.98449027949809
101.98449027949809
101.98449027949809
101.98449027949809
101.98449027949809
101.98449027949809
101.98449027949809
101.98449027949809
101.98449027949809
101.98449027949809
101.98449027949809
101.98449027949809
101.98449027949809
101.98449027949809
101.98449027949809
101.98449027949809
101.98449027949809
101.98449027949809
101.98449027949809
101.98449027949809
101.98449027949809
104.73100328504498
105.01373256502774
105.01373256502774
105.01373256502774
105.01373256502774
105.01373256502774
105.01373256502774
105.01373256502774
99.68226614249556
98.95524799396844
98.95524799396844
98.95524799396844
98.95524799396844
98.95524799396844
98.95524799396844
98.95524799396844
97.27233561311864
93.90651085141904
93.90651085141904
93.90651085141904
93.90651085141904
93.90651085141904
93.90651085141904
93.90651085141904
95.68366632559643
105.01373256502774
105.01373256502774
105.01373256502774
105.01373256502774
105.01373256502774
105.01373256502774
105.01373256502774
104.86563627551295
104.00398513651785
104.00398513651785
104.00398513651785
104.00398513651785
104.00398513651785
104.00398513651785
104.00398513651785
104.00398513651785
103.60008616511391
101.98449027949809
101.98449027949809
101.98449027949809
101.98449027949809
101.98449027949809
101.98449027949809
101.98449027949809
101.63444450428133
99.96499542247832
99.96499542247832
99.96499542247832
99.96499542247832
99.96499542247832
99.96499542247832
99.96499542247832
99.96499542247832
101.23054553287739
101.98449027949809
101.98449027949809
101.98449027949809
101.98449027949809
101.98449027949809
101.98449027949809
101.98449027949809
101.98449027949809
101.14976573859659
100.9747428509882
100.9747428509882
100.9747428509882
100.9747428509882
100.9747428509882
100.9747428509882
100.9747428509882
100.58430717863105
99.96499542247832
99.96499542247832
99.96499542247832
99.96499542247832
99.96499542247832
99.96499542247832
99.96499542247832
99.96499542247832
99.96499542247832
99.96499542247832
99.96499542247832
99.96499542247832
99.96499542247832
99.96499542247832
99.96499542247832
99.96499542247832
99.96499542247832
99.96499542247832
99.96499542247832
99.96499542247832
99.96499542247832
99.96499542247832
99.96499542247832
99.96499542247832
98.06667025687975
96.93575313694868
96.93575313694868
96.93575313694868
96.93575313694868
96.93575313694868
96.93575313694868
96.93575313694868
96.93575313694868
96.93575313694868
96.93575313694868
96.93575313694868
96.93575313694868
96.93575313694868
96.93575313694868
96.93575313694868
96.8684366417147
95.9260057084388
95.9260057084388
95.9260057084388
95.9260057084388
95.9260057084388
95.9260057084388
95.9260057084388
97.78394097689699
101.98449027949809
101.98449027949809
101.98449027949809
101.98449027949809
101.98449027949809
101.98449027949809
101.98449027949809
102.01141687759169
102.99423770800797
102.99423770800797
102.99423770800797
102.99423770800797
102.99423770800797
102.99423770800797
102.99423770800797
102.99423770800797
102.37492595185525
101.98449027949809
101.98449027949809
101.98449027949809
101.98449027949809
101.98449027949809
101.98449027949809
101.98449027949809
101.98449027949809
106.83127793634553
108.04297485055739
108.04297485055739
108.04297485055739
108.04297485055739
108.04297485055739
108.04297485055739
108.04297485055739
108.04297485055739
108.04297485055739
108.04297485055739
108.04297485055739
108.04297485055739
108.04297485055739
108.04297485055739
108.04297485055739
108.04297485055739
108.04297485055739
106.9659109268135
104.00398513651785
104.00398513651785
104.00398513651785
104.00398513651785
104.00398513651785
104.00398513651785
104.00398513651785
104.00398513651785
104.00398513651785
106.38698906780118
107.0332274220475
107.0332274220475
107.0332274220475
107.0332274220475
107.0332274220475
107.0332274220475
107.0332274220475
107.0332274220475
107.0332274220475
105.71382411546126
105.01373256502774
105.01373256502774
105.01373256502774
105.01373256502774
105.01373256502774
105.01373256502774
105.01373256502774
105.01373256502774
98.98217459206204
97.94550056545856
97.94550056545856
97.94550056545856
97.94550056545856
97.94550056545856
97.94550056545856
97.94550056545856
97.94550056545856
96.41068447412354
95.9260057084388
95.9260057084388
95.9260057084388
95.9260057084388
95.9260057084388
95.9260057084388
95.9260057084388
95.9260057084388
95.9663956055792
98.95524799396844
98.95524799396844
98.95524799396844
98.95524799396844
98.95524799396844
98.95524799396844
98.95524799396844
98.95524799396844
98.87446819968766
97.94550056545856
97.94550056545856
97.94550056545856
97.94550056545856
97.94550056545856
97.94550056545856
97.94550056545856
97.94550056545856
97.94550056545856
99.42646346060639
99.96499542247832
99.96499542247832
99.96499542247832
99.96499542247832
99.96499542247832
99.96499542247832
99.96499542247832
99.96499542247832
96.14141849318757
95.9260057084388
95.9260057084388
95.9260057084388
95.9260057084388
95.9260057084388
95.9260057084388
95.9260057084388
95.41440034466046
94.91625827992893
94.91625827992893
94.91625827992893
94.91625827992893
94.91625827992893
94.91625827992893
94.91625827992893
94.91625827992893
95.73751952178363
95.9260057084388
95.9260057084388
95.9260057084388
