78.57142857142857
78.57142857142857
78.57142857142857
78.57142857142857
78.57142857142857
78.57142857142857
78.57142857142857
78.57142857142857
78.57142857142857
79.59183673469387
79.59183673469387
79.59183673469387
79.59183673469387
79.59183673469387
79.59183673469387
79.59183673469387
79.59183673469387
79.59183673469387
79.59183673469387
79.59183673469387
79.59183673469387
79.59183673469387
77.59637188208616
77.55102040816327
77.55102040816327
77.55102040816327
77.55102040816327
77.55102040816327
77.55102040816327
77.55102040816327
77.55102040816327
77.55102040816327
77.55102040816327
77.55102040816327
77.55102040816327
77.55102040816327
77.55102040816327
77.55102040816327
77.55102040816327
77.55102040816327
77.55102040816327
77.55102040816327
77.55102040816327
77.55102040816327
77.55102040816327
77.55102040816327
77.55102040816327
77.02947845804988
76.53061224489795
76.53061224489795
76.53061224489795
76.53061224489795
76.53061224489795
76.53061224489795
76.53061224489795
76.53061224489795
76.53061224489795
76.53061224489795
76.53061224489795
76.53061224489795
75.4875283446712
74.48979591836735
74.48979591836735
74.48979591836735
74.48979591836735
74.48979591836735
74.48979591836735
74.48979591836735
74.48979591836735
74.48979591836735
74.48979591836735
74.48979591836735
74.48979591836735
75.4421768707483
76.53061224489795
76.53061224489795
76.53061224489795
76.53061224489795
76.53061224489795
76.53061224489795
76.53061224489795
76.53061224489795
76.53061224489795
76.53061224489795
76.53061224489795
76.57596371882086
78.57142857142857
78.57142857142857
78.57142857142857
78.57142857142857
78.57142857142857
78.57142857142857
78.57142857142857
78.57142857142857
78.57142857142857
78.57142857142857
78.57142857142857
78.57142857142857
79.25170068027211
79.59183673469387
79.59183673469387
79.59183673469387
79.59183673469387
79.59183673469387
79.59183673469387
79.59183673469387
79.59183673469387
79.59183673469387
79.59183673469387
79.59183673469387
79.59183673469387
79.59183673469387
79.59183673469387
79.59183673469387
79.59183673469387
79.59183673469387
79.59183673469387
79.59183673469387
79.59183673469387
79.59183673469387
79.59183673469387
79.59183673469387
79.59183673469387
79.59183673469387
80.77097505668934
81.63265306122449
81.63265306122449
81.63265306122449
81.63265306122449
81.63265306122449
81.63265306122449
81.63265306122449
81.63265306122449
81.63265306122449
81.63265306122449
81.63265306122449
81.63265306122449
84.14965986394557
84.6938775510204
84.6938775510204
84.6938775510204
84.6938775510204
84.6938775510204
84.6938775510204
84.6938775510204
84.6938775510204
84.6938775510204
84.6938775510204
84.6938775510204
84.6938775510204
84.6938775510204
84.6938775510204
84.6938775510204
84.6938775510204
84.6938775510204
84.6938775510204
84.6938775510204
84.6938775510204
84.6938775510204
84.6938775510204
84.6938775510204
84.6938775510204
85.71428571428571
85.71428571428571
85.71428571428571
85.71428571428571
85.71428571428571
85.71428571428571
85.71428571428571
85.71428571428571
85.71428571428571
85.71428571428571
85.71428571428571
85.71428571428571
83.19727891156462
82.65306122448979
82.65306122448979
82.65306122448979
82.65306122448979
82.65306122448979
82.65306122448979
82.65306122448979
82.65306122448979
82.65306122448979
82.65306122448979
82.65306122448979
82.65306122448979
80.27210884353741
79.59183673469387
79.59183673469387
79.59183673469387
79.59183673469387
79.59183673469387
79.59183673469387
79.59183673469387
79.59183673469387
79.59183673469387
79.59183673469387
79.59183673469387
79.59183673469387
79.59183673469387
79.59183673469387
79.59183673469387
79.59183673469387
79.59183673469387
79.59183673469387
79.59183673469387
79.59183673469387
79.59183673469387
79.59183673469387
79.59183673469387
79.59183673469387
78.73015873015873
78.57142857142857
78.57142857142857
78.57142857142857
78.57142857142857
78.57142857142857
78.57142857142857
78.57142857142857
78.57142857142857
78.57142857142857
78.57142857142857
78.57142857142857
77.70975056689342
77.55102040816327
77.55102040816327
77.55102040816327
77.55102040816327
77.55102040816327
77.55102040816327
77.55102040816327
77.55102040816327
77.55102040816327
77.55102040816327
77.55102040816327
77.55102040816327
77.55102040816327
77.55102040816327
77.55102040816327
77.55102040816327
77.55102040816327
77.55102040816327
77.55102040816327
77.55102040816327
77.55102040816327
77.55102040816327
77.55102040816327
77.55102040816327
77.55102040816327
77.55102040816327
77.55102040816327
77.55102040816327
77.55102040816327
77.55102040816327
77.55102040816327
77.55102040816327
77.55102040816327
77.55102040816327
77.55102040816327
77.55102040816327
77.55102040816327
78.36734693877551
78.57142857142857
78.57142857142857
78.57142857142857
78.57142857142857
78.57142857142857
78.57142857142857
78.57142857142857
78.57142857142857
78.57142857142857
78.57142857142857
78.57142857142857
79.43310657596372
79.59183673469387
79.59183673469387
79.59183673469387
79.59183673469387
79.59183673469387
79.59183673469387
79.59183673469387
79.59183673469387
79.59183673469387
79.59183673469387
79.59183673469387
79.59183673469387
80.49886621315193
80.61224489795919
80.61224489795919
80.61224489795919
80.61224489795919
80.61224489795919
80.61224489795919
80.61224489795919
80.61224489795919
80.61224489795919
80.61224489795919
80.61224489795919
80.61224489795919
80.61224489795919
80.61224489795919
80.61224489795919
80.61224489795919
80.61224489795919
80.61224489795919
80.61224489795919
80.61224489795919
80.61224489795919
80.61224489795919
80.61224489795919
80.61224489795919
82.10884353741497
82.65306122448979
82.65306122448979
82.65306122448979
82.65306122448979
82.65306122448979
82.65306122448979
82.65306122448979
82.65306122448979
82.65306122448979
82.65306122448979
82.65306122448979
82.65306122448979
84.6938775510204
84.6938775510204
84.6938775510204
84.6938775510204
84.6938775510204
84.6938775510204
84.6938775510204
84.6938775510204
84.6938775510204
84.6938775510204
84.6938775510204
84.6938775510204
84.6938775510204
84.6938775510204
84.6938775510204
84.6938775510204
84.6938775510204
84.6938775510204
84.6938775510204
84.6938775510204
84.6938775510204
84.6938775510204
84.6938775510204
84.6938775510204
84.6938775510204
85.4875283446712
85.71428571428571
85.71428571428571
85.71428571428571
85.71428571428571
85.71428571428571
85.71428571428571
85.71428571428571
85.71428571428571
85.71428571428571
85.71428571428571
85.71428571428571
85.71428571428571
85.71428571428571
85.71428571428571
85.71428571428571
85.71428571428571
85.71428571428571
85.71428571428571
85.71428571428571
85.71428571428571
85.71428571428571
85.71428571428571
85.71428571428571
85.71428571428571
85.71428571428571
85.71428571428571
85.71428571428571
85.71428571428571
85.71428571428571
85.71428571428571
85.71428571428571
85.71428571428571
85.71428571428571
85.71428571428571
85.71428571428571
83.80952380952381
82.65306122448979
82.65306122448979
82.65306122448979
82.65306122448979
82.65306122448979
82.65306122448979
82.65306122448979
82.65306122448979
82.65306122448979
82.65306122448979
82.65306122448979
82.65306122448979
82.65306122448979
82.31292517006803
81.63265306122449
81.63265306122449
81.63265306122449
81.63265306122449
81.63265306122449
81.63265306122449
81.63265306122449
81.63265306122449
81.63265306122449
81.63265306122449
81.63265306122449
81.06575963718821
80.61224489795919
80.61224489795919
80.61224489795919
80.61224489795919
80.61224489795919
80.61224489795919
80.61224489795919
80.61224489795919
80.61224489795919
80.61224489795919
80.61224489795919
79.75056689342404
78.57142857142857
78.57142857142857
78.57142857142857
78.57142857142857
78.57142857142857
78.57142857142857
78.57142857142857
78.57142857142857
78.57142857142857
78.57142857142857
78.57142857142857
78.57142857142857
78.57142857142857
78.57142857142857
78.57142857142857
78.57142857142857
78.57142857142857
78.57142857142857
78.57142857142857
78.57142857142857
78.57142857142857
78.57142857142857
78.57142857142857
78.57142857142857
77.66439909297051
77.55102040816327
77.55102040816327
77.55102040816327
77.55102040816327
77.55102040816327
77.55102040816327
77.55102040816327
77.55102040816327
77.55102040816327
77.55102040816327
77.55102040816327
77.55102040816327
77.55102040816327
77.55102040816327
77.55102040816327
77.55102040816327
77.55102040816327
77.55102040816327
77.55102040816327
77.55102040816327
77.55102040816327
77.55102040816327
77.55102040816327
78.29931972789116
78.57142857142857
78.57142857142857
78.57142857142857
78.57142857142857
78.57142857142857
78.57142857142857
78.57142857142857
78.57142857142857
78.57142857142857
78.57142857142857
78.57142857142857
78.07256235827664
77.55102040816327
77.55102040816327
77.55102040816327
77.55102040816327
77.55102040816327
77.55102040816327
77.55102040816327
77.55102040816327
77.55102040816327
77.55102040816327
77.55102040816327
77.55102040816327
77.55102040816327
77.55102040816327
77.55102040816327
77.55102040816327
77.55102040816327
77.55102040816327
77.55102040816327
77.55102040816327
77.55102040816327
77.55102040816327
77.55102040816327
77.55102040816327
77.55102040816327
77.55102040816327
77.55102040816327
77.55102040816327
77.55102040816327
77.55102040816327
77.55102040816327
77.55102040816327
77.55102040816327
77.55102040816327
77.55102040816327
77.55102040816327
77.55102040816327
77.55102040816327
78.00453514739229
78.57142857142857
78.57142857142857
78.57142857142857
78.57142857142857
78.57142857142857
78.57142857142857
78.57142857142857
78.57142857142857
78.57142857142857
78.57142857142857
78.57142857142857
79.09297052154194
79.59183673469387
79.59183673469387
79.59183673469387
79.59183673469387
79.59183673469387
79.59183673469387
79.59183673469387
79.59183673469387
79.59183673469387
79.59183673469387
79.59183673469387
79.25170068027211
78.57142857142857
78.57142857142857
78.57142857142857
78.57142857142857
78.57142857142857
78.57142857142857
78.57142857142857
78.57142857142857
78.57142857142857
78.57142857142857
78.57142857142857
78.20861678004535
77.55102040816327
77.55102040816327
77.55102040816327
77.55102040816327
77.55102040816327
77.55102040816327
77.55102040816327
77.55102040816327
77.55102040816327
77.55102040816327
77.55102040816327
77.55102040816327
77.36961451247166
76.53061224489795
76.53061224489795
76.53061224489795
76.53061224489795
76.53061224489795
76.53061224489795
76.53061224489795
76.53061224489795
76.53061224489795
76.53061224489795
76.53061224489795
76.53061224489795
76.53061224489795
76.53061224489795
76.53061224489795
76.53061224489795
76.53061224489795
76.53061224489795
76.53061224489795
76.53061224489795
76.53061224489795
76.53061224489795
76.53061224489795
76.53061224489795
76.53061224489795
76.53061224489795
76.53061224489795
76.53061224489795
76.53061224489795
76.53061224489795
76.53061224489795
76.53061224489795
76.53061224489795
76.53061224489795
76.53061224489795
76.53061224489795
76.53061224489795
76.53061224489795
76.53061224489795
76.53061224489795
76.53061224489795
76.53061224489795
76.53061224489795
76.53061224489795
76.53061224489795
76.53061224489795
76.53061224489795
76.53061224489795
76.53061224489795
76.53061224489795
76.53061224489795
76.53061224489795
76.53061224489795
76.53061224489795
76.53061224489795
76.53061224489795
76.53061224489795
76.53061224489795
76.53061224489795
76.53061224489795
76.53061224489795
76.53061224489795
76.53061224489795
76.53061224489795
76.53061224489795
76.53061224489795
76.53061224489795
76.53061224489795
76.53061224489795
76.53061224489795
76.53061224489795
76.53061224489795
28.91156462585034
0.0
0.0
0.0
0.0
0.0
0.0
0.0
0.0
0.0
72.8344671201814
74.48979591836735
74.48979591836735
74.48979591836735
74.48979591836735
74.48979591836735
74.48979591836735
74.48979591836735
74.48979591836735
74.87528344671202
75.51020408163265
75.51020408163265
75.51020408163265
75.51020408163265
75.51020408163265
75.51020408163265
75.51020408163265
75.51020408163265
75.51020408163265
75.51020408163265
75.51020408163265
75.51020408163265
75.62358276643991
76.53061224489795
76.53061224489795
76.53061224489795
76.53061224489795
76.53061224489795
76.53061224489795
76.53061224489795
76.53061224489795
76.53061224489795
76.53061224489795
76.53061224489795
77.3922902494331
77.55102040816327
77.55102040816327
77.55102040816327
77.55102040816327
77.55102040816327
77.55102040816327
77.55102040816327
77.55102040816327
77.55102040816327
77.55102040816327
77.55102040816327
77.55102040816327
76.3718820861678
75.51020408163265
75.51020408163265
75.51020408163265
75.51020408163265
75.51020408163265
75.51020408163265
75.51020408163265
75.51020408163265
75.51020408163265
75.51020408163265
75.51020408163265
75.51020408163265
75.4421768707483
74.48979591836735
74.48979591836735
74.48979591836735
74.48979591836735
74.48979591836735
74.48979591836735
74.48979591836735
74.48979591836735
74.48979591836735
74.48979591836735
74.48979591836735
74.48979591836735
74.48979591836735
74.48979591836735
74.48979591836735
74.48979591836735
74.48979591836735
74.48979591836735
74.48979591836735
74.48979591836735
74.48979591836735
74.48979591836735
74.48979591836735
74.48979591836735
74.48979591836735
74.48979591836735
74.48979591836735
74.48979591836735
74.48979591836735
74.48979591836735
74.48979591836735
74.48979591836735
74.48979591836735
74.48979591836735
74.48979591836735
74.48979591836735
74.48979591836735
74.48979591836735
74.48979591836735
74.48979591836735
74.48979591836735
74.48979591836735
74.76190476190476
75.51020408163265
75.51020408163265
75.51020408163265
75.51020408163265
75.51020408163265
75.51020408163265
75.51020408163265
75.51020408163265
75.51020408163265
75.51020408163265
75.51020408163265
76.30385487528345
76.53061224489795
76.53061224489795
76.53061224489795
76.53061224489795
76.53061224489795
76.53061224489795
76.53061224489795
76.53061224489795
76.53061224489795
76.53061224489795
76.53061224489795
76.53061224489795
76.53061224489795
76.53061224489795
76.53061224489795
76.53061224489795
76.53061224489795
76.53061224489795
76.53061224489795
76.53061224489795
76.53061224489795
76.53061224489795
76.53061224489795
76.53061224489795
76.53061224489795
76.53061224489795
76.53061224489795
76.53061224489795
76.53061224489795
76.53061224489795
76.53061224489795
76.53061224489795
76.53061224489795
76.53061224489795
76.53061224489795
76.53061224489795
76.53061224489795
76.53061224489795
76.53061224489795
76.53061224489795
76.53061224489795
76.53061224489795
76.53061224489795
76.53061224489795
76.53061224489795
76.53061224489795
76.53061224489795
76.53061224489795
76.53061224489795
76.53061224489795
76.53061224489795
76.53061224489795
75.578231292517
75.51020408163265
75.51020408163265
75.51020408163265
75.51020408163265
75.51020408163265
75.51020408163265
75.51020408163265
75.51020408163265
75.51020408163265
75.51020408163265
75.51020408163265
75.51020408163265
75.51020408163265
75.51020408163265
75.51020408163265
75.51020408163265
75.69160997732426
76.53061224489795
76.53061224489795
76.53061224489795
76.53061224489795
76.53061224489795
76.53061224489795
76.66666666666666
77.55102040816327
77.55102040816327
77.55102040816327
77.55102040816327
77.55102040816327
77.55102040816327
77.55102040816327
77.55102040816327
77.55102040816327
77.55102040816327
77.55102040816327
77.55102040816327
77.55102040816327
77.55102040816327
77.55102040816327
76.57596371882086
76.53061224489795
76.53061224489795
76.53061224489795
76.53061224489795
76.53061224489795
76.53061224489795
76.53061224489795
76.53061224489795
76.53061224489795
76.53061224489795
76.53061224489795
76.53061224489795
76.53061224489795
76.53061224489795
76.53061224489795
76.53061224489795
76.53061224489795
76.53061224489795
76.53061224489795
76.53061224489795
76.53061224489795
76.53061224489795
76.53061224489795
76.53061224489795
76.53061224489795
76.53061224489795
76.53061224489795
76.53061224489795
76.53061224489795
76.53061224489795
76.53061224489795
76.53061224489795
76.53061224489795
76.53061224489795
76.53061224489795
76.53061224489795
77.32426303854875
77.55102040816327
77.55102040816327
77.55102040816327
77.55102040816327
77.55102040816327
77.55102040816327
77.55102040816327
77.55102040816327
77.55102040816327
77.55102040816327
77.55102040816327
78.73015873015873
79.59183673469387
79.59183673469387
79.59183673469387
79.59183673469387
79.59183673469387
79.59183673469387
79.59183673469387
79.59183673469387
79.59183673469387
79.59183673469387
79.59183673469387
79.59183673469387
79.59183673469387
79.59183673469387
79.59183673469387
79.59183673469387
79.59183673469387
79.59183673469387
79.59183673469387
79.59183673469387
79.59183673469387
79.59183673469387
79.59183673469387
79.36507936507937
78.57142857142857
78.57142857142857
78.57142857142857
78.57142857142857
78.57142857142857
78.57142857142857
78.57142857142857
78.57142857142857
78.57142857142857
78.57142857142857
78.57142857142857
78.57142857142857
78.36734693877551
77.55102040816327
77.55102040816327
77.55102040816327
77.55102040816327
77.55102040816327
77.55102040816327
77.55102040816327
