67.39660747716572
67.39660747716572
67.39660747716572
67.39660747716572
67.39660747716572
67.39660747716572
67.39660747716572
67.39660747716572
67.39660747716572
67.39660747716572
67.39660747716572
67.39660747716572
67.39660747716572
67.39660747716572
67.39660747716572
67.39660747716572
67.39660747716572
67.39660747716572
67.39660747716572
68.1908435922165
69.4389289158677
69.4389289158677
69.4389289158677
69.4389289158677
69.4389289158677
69.4389289158677
69.4389289158677
69.4389289158677
69.4389289158677
69.4389289158677
69.4389289158677
69.4389289158677
69.4389289158677
69.4389289158677
69.4389289158677
69.4389289158677
69.4389289158677
69.4389289158677
69.4389289158677
69.4389289158677
69.4389289158677
69.4389289158677
69.4389289158677
69.4389289158677
69.4389289158677
69.4389289158677
69.4389289158677
69.4389289158677
69.4389289158677
69.4389289158677
69.4389289158677
69.4389289158677
69.4389289158677
69.4389289158677
69.4389289158677
69.4389289158677
69.4389289158677
69.4389289158677
69.4389289158677
69.4389289158677
69.4389289158677
69.4389289158677
69.4389289158677
69.4389289158677
69.4389289158677
69.4389289158677
69.4389289158677
69.4389289158677
69.4389289158677
69.4389289158677
69.4389289158677
69.4389289158677
69.4389289158677
69.4389289158677
69.4389289158677
69.4389289158677
69.4389289158677
69.4389289158677
69.4389289158677
69.4389289158677
69.4389289158677
69.4389289158677
69.4389289158677
69.4389289158677
69.77931582231804
70.46008963521871
70.46008963521871
70.46008963521871
70.46008963521871
70.46008963521871
70.46008963521871
70.46008963521871
70.46008963521871
70.46008963521871
70.46008963521871
70.46008963521871
70.46008963521871
70.46008963521871
70.46008963521871
70.46008963521871
70.46008963521871
70.46008963521871
70.46008963521871
70.46008963521871
70.46008963521871
70.46008963521871
70.46008963521871
70.46008963521871
70.46008963521871
70.46008963521871
70.46008963521871
70.46008963521871
70.46008963521871
70.46008963521871
70.46008963521871
70.46008963521871
70.46008963521871
70.46008963521871
70.63028308844387
71.4812503545697
71.4812503545697
71.4812503545697
71.4812503545697
71.4812503545697
71.4812503545697
71.4812503545697
71.4812503545697
71.4812503545697
71.4812503545697
71.4812503545697
71.4812503545697
71.4812503545697
71.4812503545697
71.4812503545697
71.4812503545697
71.4812503545697
71.4812503545697
71.4812503545697
71.4812503545697
71.4812503545697
71.4812503545697
71.4812503545697
71.4812503545697
71.4812503545697
71.4812503545697
71.4812503545697
71.4812503545697
71.4812503545697
71.4812503545697
71.4812503545697
71.4812503545697
71.4812503545697
71.4812503545697
71.4812503545697
71.4812503545697
71.4812503545697
71.4812503545697
71.4812503545697
71.4812503545697
71.4812503545697
71.4812503545697
71.4812503545697
71.4812503545697
71.4812503545697
71.4812503545697
71.4812503545697
71.4812503545697
71.4812503545697
71.4812503545697
71.4812503545697
71.4812503545697
71.4812503545697
71.4812503545697
71.4812503545697
71.4812503545697
71.4812503545697
71.4812503545697
71.4812503545697
71.4812503545697
71.4812503545697
71.4812503545697
71.4812503545697
71.4812503545697
71.4812503545697
70.63028308844387
70.46008963521871
70.46008963521871
70.46008963521871
70.46008963521871
70.46008963521871
70.46008963521871
70.46008963521871
70.46008963521871
70.46008963521871
70.46008963521871
70.46008963521871
70.46008963521871
70.46008963521871
70.46008963521871
70.46008963521871
70.46008963521871
70.46008963521871
70.46008963521871
70.46008963521871
70.46008963521871
70.46008963521871
70.46008963521871
70.46008963521871
70.46008963521871
70.46008963521871
70.46008963521871
70.46008963521871
70.46008963521871
70.46008963521871
70.46008963521871
70.46008963521871
70.46008963521871
70.46008963521871
70.46008963521871
69.9495092755432
69.4389289158677
69.4389289158677
69.4389289158677
69.4389289158677
69.4389289158677
69.4389289158677
69.4389289158677
69.4389289158677
69.4389289158677
69.4389289158677
69.4389289158677
69.4389289158677
69.4389289158677
69.4389289158677
69.4389289158677
69.4389289158677
69.4389289158677
69.4389289158677
69.4389289158677
69.4389289158677
69.4389289158677
69.4389289158677
69.4389289158677
69.4389289158677
69.4389289158677
69.4389289158677
69.4389289158677
69.4389289158677
69.4389289158677
69.4389289158677
69.4389289158677
69.4389289158677
69.4389289158677
69.4389289158677
69.4389289158677
69.4389289158677
69.4389289158677
69.4389289158677
69.4389289158677
69.4389289158677
69.4389289158677
69.4389289158677
69.4389289158677
69.4389289158677
69.4389289158677
69.4389289158677
69.4389289158677
69.4389289158677
69.4389289158677
69.4389289158677
69.4389289158677
69.4389289158677
69.4389289158677
69.4389289158677
69.4389289158677
69.4389289158677
69.4389289158677
69.4389289158677
69.4389289158677
69.4389289158677
69.4389289158677
69.4389289158677
69.4389289158677
69.4389289158677
69.4389289158677
68.53123049866682
68.41776819651672
68.41776819651672
68.41776819651672
68.41776819651672
68.41776819651672
68.41776819651672
68.41776819651672
68.41776819651672
68.41776819651672
68.41776819651672
68.41776819651672
68.41776819651672
68.41776819651672
68.41776819651672
68.41776819651672
68.41776819651672
68.41776819651672
68.41776819651672
68.41776819651672
68.41776819651672
68.41776819651672
68.41776819651672
68.41776819651672
68.41776819651672
68.41776819651672
68.41776819651672
68.41776819651672
68.41776819651672
68.41776819651672
68.41776819651672
68.41776819651672
68.41776819651672
68.41776819651672
68.41776819651672
67.85045668576616
67.39660747716572
67.39660747716572
67.39660747716572
67.39660747716572
67.39660747716572
67.39660747716572
67.39660747716572
67.39660747716572
67.39660747716572
67.39660747716572
67.39660747716572
67.39660747716572
67.39660747716572
67.39660747716572
67.39660747716572
67.39660747716572
67.39660747716572
67.39660747716572
67.39660747716572
67.39660747716572
67.39660747716572
67.39660747716572
67.39660747716572
67.39660747716572
67.39660747716572
67.39660747716572
67.39660747716572
67.39660747716572
67.39660747716572
67.39660747716572
67.39660747716572
67.39660747716572
67.39660747716572
67.39660747716572
67.39660747716572
67.39660747716572
67.39660747716572
67.39660747716572
67.39660747716572
67.39660747716572
67.39660747716572
67.39660747716572
67.39660747716572
67.39660747716572
67.39660747716572
67.39660747716572
67.39660747716572
67.39660747716572
67.39660747716572
67.39660747716572
67.39660747716572
67.39660747716572
67.39660747716572
67.39660747716572
67.39660747716572
67.39660747716572
67.39660747716572
67.39660747716572
67.39660747716572
67.39660747716572
67.39660747716572
67.39660747716572
67.39660747716572
67.39660747716572
67.39660747716572
67.39660747716572
67.39660747716572
67.39660747716572
67.39660747716572
67.39660747716572
67.39660747716572
67.39660747716572
67.39660747716572
67.39660747716572
67.39660747716572
67.39660747716572
67.39660747716572
67.39660747716572
67.39660747716572
67.39660747716572
67.39660747716572
67.39660747716572
67.39660747716572
67.39660747716572
67.39660747716572
67.39660747716572
67.39660747716572
67.39660747716572
67.39660747716572
67.39660747716572
67.39660747716572
67.39660747716572
67.39660747716572
67.39660747716572
67.39660747716572
67.39660747716572
67.39660747716572
67.39660747716572
70.11970272876837
71.4812503545697
71.4812503545697
71.4812503545697
71.4812503545697
71.4812503545697
71.4812503545697
71.4812503545697
71.4812503545697
71.4812503545697
71.4812503545697
71.4812503545697
71.4812503545697
71.4812503545697
71.4812503545697
71.4812503545697
71.4812503545697
71.4812503545697
71.4812503545697
71.4812503545697
71.4812503545697
71.4812503545697
71.4812503545697
71.4812503545697
71.4812503545697
71.4812503545697
71.4812503545697
71.4812503545697
71.4812503545697
71.4812503545697
71.70817495886992
75.56589323197367
75.56589323197367
75.56589323197367
75.56589323197367
75.56589323197367
75.56589323197367
75.56589323197367
75.56589323197367
75.56589323197367
75.56589323197367
75.56589323197367
75.56589323197367
75.56589323197367
75.56589323197367
75.56589323197367
75.56589323197367
75.56589323197367
75.56589323197367
75.56589323197367
75.56589323197367
75.56589323197367
75.56589323197367
75.56589323197367
75.56589323197367
75.56589323197367
75.56589323197367
75.56589323197367
75.56589323197367
75.56589323197367
79.65053610937767
81.69285754807966
81.69285754807966
81.69285754807966
81.69285754807966
81.69285754807966
81.69285754807966
81.69285754807966
81.69285754807966
81.69285754807966
81.69285754807966
81.69285754807966
81.69285754807966
81.69285754807966
81.69285754807966
81.69285754807966
81.69285754807966
81.69285754807966
81.69285754807966
81.69285754807966
81.69285754807966
81.69285754807966
81.69285754807966
81.69285754807966
81.69285754807966
81.69285754807966
81.69285754807966
81.69285754807966
81.69285754807966
81.69285754807966
81.69285754807966
81.69285754807966
81.69285754807966
81.69285754807966
81.69285754807966
81.69285754807966
81.69285754807966
81.69285754807966
81.69285754807966
81.69285754807966
81.69285754807966
81.69285754807966
81.69285754807966
81.69285754807966
81.69285754807966
81.69285754807966
81.69285754807966
81.69285754807966
81.69285754807966
81.69285754807966
81.69285754807966
81.69285754807966
81.69285754807966
81.69285754807966
81.69285754807966
81.69285754807966
81.69285754807966
81.69285754807966
80.21784762012821
79.65053610937767
79.65053610937767
79.65053610937767
79.65053610937767
79.65053610937767
79.65053610937767
79.65053610937767
79.65053610937767
79.65053610937767
79.65053610937767
79.65053610937767
79.65053610937767
79.65053610937767
79.65053610937767
79.65053610937767
79.65053610937767
79.65053610937767
79.65053610937767
79.65053610937767
79.65053610937767
79.65053610937767
79.65053610937767
79.65053610937767
79.65053610937767
79.65053610937767
79.65053610937767
79.65053610937767
79.65053610937767
79.65053610937767
79.65053610937767
79.65053610937767
78.40245078572644
77.60821467067568
77.60821467067568
77.60821467067568
77.60821467067568
77.60821467067568
77.60821467067568
77.60821467067568
77.60821467067568
77.60821467067568
77.60821467067568
77.60821467067568
77.60821467067568
77.60821467067568
77.60821467067568
77.60821467067568
77.60821467067568
77.60821467067568
77.60821467067568
77.60821467067568
77.60821467067568
77.60821467067568
77.60821467067568
77.60821467067568
77.60821467067568
77.60821467067568
77.60821467067568
75.7928178362739
75.56589323197367
75.56589323197367
75.56589323197367
75.56589323197367
75.56589323197367
75.56589323197367
75.56589323197367
75.56589323197367
75.56589323197367
75.56589323197367
75.56589323197367
75.56589323197367
75.56589323197367
75.56589323197367
75.56589323197367
75.56589323197367
75.56589323197367
75.56589323197367
75.56589323197367
75.56589323197367
75.56589323197367
75.56589323197367
75.56589323197367
75.56589323197367
75.56589323197367
75.56589323197367
75.56589323197367
75.56589323197367
75.1687751744483
74.54473251262269
74.54473251262269
74.54473251262269
74.54473251262269
74.54473251262269
74.54473251262269
74.54473251262269
74.54473251262269
74.54473251262269
74.54473251262269
74.54473251262269
74.54473251262269
74.54473251262269
74.54473251262269
74.54473251262269
74.54473251262269
74.54473251262269
74.54473251262269
74.54473251262269
74.54473251262269
74.54473251262269
74.54473251262269
74.54473251262269
74.54473251262269
74.54473251262269
74.54473251262269
74.54473251262269
74.54473251262269
74.54473251262269
74.54473251262269
73.80722754864696
73.52357179327169
73.52357179327169
73.52357179327169
73.52357179327169
73.52357179327169
73.52357179327169
73.52357179327169
73.52357179327169
73.52357179327169
73.52357179327169
73.52357179327169
73.52357179327169
73.52357179327169
73.52357179327169
73.52357179327169
73.52357179327169
73.52357179327169
73.52357179327169
73.52357179327169
73.52357179327169
73.52357179327169
73.52357179327169
73.52357179327169
73.52357179327169
73.52357179327169
73.52357179327169
73.52357179327169
73.52357179327169
73.52357179327169
73.52357179327169
73.41010949112157
71.4812503545697
71.4812503545697
71.4812503545697
71.4812503545697
71.4812503545697
71.4812503545697
71.4812503545697
71.4812503545697
71.4812503545697
71.4812503545697
71.4812503545697
71.4812503545697
71.4812503545697
71.4812503545697
71.4812503545697
71.4812503545697
71.4812503545697
71.4812503545697
71.4812503545697
71.4812503545697
71.4812503545697
71.4812503545697
71.4812503545697
71.4812503545697
71.4812503545697
71.4812503545697
71.4812503545697
71.4812503545697
71.4812503545697
71.4812503545697
71.14086344811936
69.4389289158677
69.4389289158677
69.4389289158677
69.4389289158677
69.4389289158677
69.4389289158677
69.4389289158677
69.4389289158677
69.4389289158677
69.4389289158677
69.4389289158677
69.4389289158677
69.4389289158677
69.4389289158677
69.4389289158677
69.4389289158677
69.4389289158677
69.4389289158677
69.4389289158677
69.4389289158677
69.4389289158677
69.4389289158677
69.4389289158677
69.4389289158677
69.4389289158677
69.4389289158677
69.4389289158677
69.4389289158677
69.4389289158677
69.4389289158677
69.4389289158677
69.4389289158677
68.8148862540421
68.41776819651672
68.41776819651672
68.41776819651672
68.41776819651672
68.41776819651672
68.41776819651672
68.41776819651672
68.41776819651672
68.41776819651672
68.41776819651672
68.41776819651672
68.41776819651672
68.41776819651672
68.41776819651672
68.41776819651672
68.41776819651672
68.41776819651672
68.41776819651672
68.41776819651672
68.41776819651672
68.41776819651672
68.41776819651672
68.41776819651672
68.41776819651672
68.41776819651672
68.41776819651672
68.41776819651672
68.41776819651672
68.41776819651672
68.41776819651672
68.41776819651672
67.90718783684122
67.39660747716572
67.39660747716572
67.39660747716572
67.39660747716572
67.39660747716572
67.39660747716572
67.39660747716572
67.39660747716572
67.39660747716572
67.39660747716572
67.39660747716572
67.39660747716572
67.39660747716572
67.39660747716572
67.39660747716572
67.39660747716572
67.39660747716572
67.39660747716572
67.39660747716572
67.39660747716572
67.39660747716572
67.39660747716572
67.39660747716572
67.39660747716572
67.39660747716572
67.39660747716572
67.39660747716572
67.39660747716572
67.39660747716572
67.39660747716572
67.39660747716572
66.37544675781471
66.37544675781471
66.37544675781471
66.37544675781471
66.37544675781471
66.37544675781471
66.37544675781471
66.37544675781471
66.37544675781471
66.37544675781471
66.37544675781471
66.37544675781471
66.37544675781471
66.37544675781471
66.37544675781471
66.37544675781471
66.37544675781471
66.37544675781471
66.37544675781471
66.37544675781471
66.37544675781471
66.37544675781471
66.37544675781471
66.37544675781471
66.37544675781471
66.37544675781471
66.37544675781471
66.37544675781471
66.37544675781471
66.37544675781471
66.37544675781471
66.37544675781471
66.37544675781471
65.58121064276395
65.35428603846373
65.35428603846373
65.35428603846373
65.35428603846373
65.35428603846373
65.35428603846373
65.35428603846373
65.35428603846373
65.35428603846373
65.35428603846373
65.35428603846373
65.35428603846373
65.35428603846373
65.35428603846373
65.35428603846373
65.35428603846373
65.35428603846373
65.35428603846373
65.35428603846373
65.35428603846373
65.35428603846373
65.35428603846373
65.35428603846373
65.35428603846373
65.35428603846373
65.35428603846373
65.35428603846373
65.35428603846373
65.35428603846373
65.35428603846373
65.35428603846373
65.35428603846373
65.35428603846373
65.35428603846373
65.35428603846373
65.35428603846373
65.35428603846373
65.35428603846373
65.35428603846373
65.35428603846373
65.35428603846373
65.35428603846373
65.35428603846373
65.35428603846373
65.35428603846373
65.35428603846373
65.35428603846373
65.35428603846373
65.35428603846373
65.35428603846373
65.35428603846373
65.35428603846373
65.35428603846373
65.35428603846373
65.35428603846373
65.35428603846373
65.35428603846373
65.35428603846373
65.35428603846373
65.35428603846373
65.35428603846373
65.35428603846373
65.35428603846373
65.35428603846373
64.78697452771317
64.33312531911272
64.33312531911272
64.33312531911272
64.33312531911272
64.33312531911272
64.33312531911272
64.33312531911272
64.33312531911272
64.33312531911272
64.33312531911272
64.33312531911272
64.33312531911272
64.33312531911272
