-2.064480611086261
-2.064480611086261
-2.064480611086261
-2.064480611086261
-2.064480611086261
-2.064480611086261
-2.064480611086261
-2.064480611086261
-2.064480611086261
-2.064480611086261
-2.064480611086261
-2.683824794412139
-3.0967209166293914
-3.0967209166293914
-3.0967209166293914
-3.0967209166293914
-3.0967209166293914
-3.0967209166293914
-3.0967209166293914
-3.0967209166293914
-3.0967209166293914
-3.0967209166293914
-3.0967209166293914
-3.5096170388466437
-4.128961222172522
-4.128961222172522
-4.128961222172522
-4.128961222172522
-4.128961222172522
-4.128961222172522
-4.128961222172522
-4.128961222172522
-4.40422530365069
-5.161201527715653
-5.161201527715653
-5.161201527715653
-5.161201527715653
-5.161201527715653
-5.161201527715653
-5.608505660117675
-6.193441833258783
-6.193441833258783
-6.193441833258783
-6.193441833258783
-6.193441833258783
-6.193441833258783
-6.193441833258783
-6.193441833258783
-6.193441833258783
-6.193441833258783
-6.193441833258783
-6.193441833258783
-6.193441833258783
-6.193441833258783
-6.193441833258783
-6.193441833258783
-6.193441833258783
-6.193441833258783
-6.193441833258783
-6.193441833258783
-6.193441833258783
-6.193441833258783
-6.193441833258783
-6.193441833258783
-6.193441833258783
-6.193441833258783
-6.193441833258783
-6.193441833258783
-6.193441833258783
-6.193441833258783
-6.193441833258783
-6.193441833258783
-6.193441833258783
-6.193441833258783
-6.193441833258783
-6.193441833258783
-6.193441833258783
-6.193441833258783
-6.193441833258783
-6.193441833258783
-6.193441833258783
-6.193441833258783
-6.193441833258783
-6.193441833258783
-6.193441833258783
-6.193441833258783
-6.193441833258783
-6.193441833258783
-6.193441833258783
-6.193441833258783
-6.193441833258783
-6.193441833258783
-6.193441833258783
-6.193441833258783
-6.193441833258783
-6.193441833258783
-6.193441833258783
-6.193441833258783
-6.193441833258783
-6.193441833258783
-6.193441833258783
-6.193441833258783
-6.193441833258783
-6.193441833258783
-6.193441833258783
-6.193441833258783
-6.193441833258783
-6.193441833258783
-6.193441833258783
-6.193441833258783
-6.193441833258783
-6.193441833258783
-6.193441833258783
-6.193441833258783
-6.193441833258783
-6.193441833258783
-6.193441833258783
-6.193441833258783
-6.193441833258783
-6.193441833258783
-6.193441833258783
-6.193441833258783
-6.193441833258783
-6.193441833258783
-5.40205759900905
-5.161201527715653
-5.161201527715653
-5.161201527715653
-5.161201527715653
-5.161201527715653
-4.266593262911606
-4.128961222172522
-4.128961222172522
-4.128961222172522
-4.128961222172522
-4.128961222172522
-4.128961222172522
-4.128961222172522
-4.128961222172522
-4.128961222172522
-3.0967209166293914
-3.0967209166293914
-3.0967209166293914
-3.0967209166293914
-3.0967209166293914
-3.0967209166293914
-3.0967209166293914
-3.0967209166293914
-3.0967209166293914
-3.0967209166293914
-3.0967209166293914
-3.0967209166293914
-3.0967209166293914
-3.0967209166293914
-3.0967209166293914
-4.128961222172522
-4.128961222172522
-4.128961222172522
-4.128961222172522
-4.128961222172522
-4.128961222172522
-4.128961222172522
-4.128961222172522
-4.128961222172522
-4.128961222172522
-4.128961222172522
-4.128961222172522
-4.128961222172522
-4.128961222172522
-4.128961222172522
-4.128961222172522
-4.438633313835461
-5.161201527715653
-5.161201527715653
-5.161201527715653
-5.161201527715653
-5.161201527715653
-5.161201527715653
-5.161201527715653
-5.161201527715653
-5.883769741595843
-6.193441833258783
-6.193441833258783
-6.193441833258783
-6.193441833258783
-6.193441833258783
-6.193441833258783
-6.193441833258783
-6.193441833258783
-6.193441833258783
-6.193441833258783
-6.193441833258783
-6.193441833258783
-6.193441833258783
-6.193441833258783
-6.193441833258783
-6.193441833258783
-6.193441833258783
-6.193441833258783
-6.193441833258783
-6.193441833258783
-6.193441833258783
-6.193441833258783
-6.193441833258783
-6.193441833258783
-6.193441833258783
-6.193441833258783
-6.193441833258783
-6.193441833258783
-6.193441833258783
-6.193441833258783
-6.193441833258783
-6.193441833258783
-6.193441833258783
-6.193441833258783
-6.193441833258783
-6.193441833258783
-6.193441833258783
-6.193441833258783
-6.193441833258783
-6.193441833258783
-6.193441833258783
-6.193441833258783
-6.193441833258783
-6.193441833258783
-6.193441833258783
-6.193441833258783
-6.193441833258783
-6.193441833258783
-6.193441833258783
-6.193441833258783
-6.193441833258783
-6.193441833258783
-6.193441833258783
-6.193441833258783
-5.574097649932905
-5.161201527715653
-5.161201527715653
-5.161201527715653
-5.161201527715653
-5.161201527715653
-4.40422530365069
-4.128961222172522
-4.128961222172522
-4.128961222172522
-4.128961222172522
-4.128961222172522
-4.128961222172522
-4.128961222172522
-4.128961222172522
-3.0967209166293914
-3.0967209166293914
-3.0967209166293914
-3.0967209166293914
-3.0967209166293914
-3.0967209166293914
-3.0967209166293914
-3.0967209166293914
-3.0967209166293914
-3.0967209166293914
-3.0967209166293914
-3.0967209166293914
-3.0967209166293914
-3.0967209166293914
-3.0967209166293914
-3.0967209166293914
-3.0967209166293914
-3.0967209166293914
-3.0967209166293914
-3.0967209166293914
-3.0967209166293914
-3.0967209166293914
-3.0967209166293914
-3.0967209166293914
-3.0967209166293914
-3.0967209166293914
-3.0967209166293914
-3.1999449471837047
-4.128961222172522
-4.128961222172522
-4.128961222172522
-4.128961222172522
-4.128961222172522
-4.128961222172522
-4.128961222172522
-4.128961222172522
-4.782713415683172
-5.161201527715653
-5.161201527715653
-5.161201527715653
-5.161201527715653
-5.161201527715653
-5.161201527715653
-5.161201527715653
-5.161201527715653
-5.161201527715653
-5.161201527715653
-5.161201527715653
-5.161201527715653
-5.161201527715653
-5.161201527715653
-5.161201527715653
-5.161201527715653
-5.161201527715653
-5.505281629563362
-6.193441833258783
-6.193441833258783
-6.193441833258783
-6.193441833258783
-6.193441833258783
-6.193441833258783
-6.193441833258783
-6.193441833258783
-6.193441833258783
-6.193441833258783
-6.193441833258783
-6.193441833258783
-6.193441833258783
-6.193441833258783
-6.193441833258783
-6.193441833258783
-6.193441833258783
-6.193441833258783
-6.193441833258783
-6.193441833258783
-6.193441833258783
-6.193441833258783
-6.193441833258783
-6.193441833258783
-6.193441833258783
-6.193441833258783
-6.193441833258783
-6.193441833258783
-6.193441833258783
-6.193441833258783
-6.193441833258783
-6.193441833258783
-6.193441833258783
-6.193441833258783
-6.193441833258783
-6.193441833258783
-6.193441833258783
-5.6429136703024465
-5.161201527715653
-5.161201527715653
-5.161201527715653
-5.161201527715653
-4.266593262911606
-4.128961222172522
-4.128961222172522
-4.128961222172522
-4.128961222172522
-3.2687609675532467
-3.0967209166293914
-3.0967209166293914
-3.0967209166293914
-3.0967209166293914
-3.0967209166293914
-3.0967209166293914
-2.305336682379658
-2.064480611086261
-2.064480611086261
-2.064480611086261
-2.064480611086261
-2.064480611086261
-2.064480611086261
-2.064480611086261
-2.064480611086261
-2.064480611086261
-2.064480611086261
-2.064480611086261
-1.5827684684994667
-1.0322403055431304
-1.0322403055431304
-1.0322403055431304
-1.0322403055431304
-1.995664590716719
-2.064480611086261
-2.064480611086261
-2.064480611086261
-2.064480611086261
-2.064480611086261
-2.064480611086261
-2.064480611086261
-2.064480611086261
-2.064480611086261
-3.0623129064446206
-3.0967209166293914
-3.0967209166293914
-3.0967209166293914
-3.0967209166293914
-3.0967209166293914
-3.0967209166293914
-3.6128410694009565
-4.128961222172522
-4.128961222172522
-4.128961222172522
-4.128961222172522
-4.128961222172522
-4.128961222172522
-4.266593262911606
-5.161201527715653
-5.161201527715653
-5.161201527715653
-5.161201527715653
-5.161201527715653
-5.161201527715653
-5.161201527715653
-5.161201527715653
-6.193441833258783
-6.193441833258783
-6.193441833258783
-6.193441833258783
-6.193441833258783
-6.193441833258783
-6.193441833258783
-6.193441833258783
-6.193441833258783
-6.193441833258783
-6.193441833258783
-6.193441833258783
-6.193441833258783
-6.193441833258783
-6.193441833258783
-6.193441833258783
-6.193441833258783
-6.193441833258783
-6.193441833258783
-6.193441833258783
-6.193441833258783
-6.193441833258783
-6.193441833258783
-6.193441833258783
-6.193441833258783
-6.193441833258783
-6.193441833258783
-6.193441833258783
-6.193441833258783
-6.193441833258783
-6.193441833258783
-6.193441833258783
-6.193441833258783
-6.193441833258783
-6.193441833258783
-6.193441833258783
-6.193441833258783
-6.193441833258783
-6.193441833258783
-6.193441833258783
-5.711729690671989
-5.161201527715653
-5.161201527715653
-5.161201527715653
-5.161201527715653
-4.679489385128858
-4.128961222172522
-4.128961222172522
-4.128961222172522
-4.128961222172522
-4.128961222172522
-4.128961222172522
-4.128961222172522
-4.128961222172522
-4.128961222172522
-4.128961222172522
-4.128961222172522
-4.128961222172522
-4.128961222172522
-4.128961222172522
-4.128961222172522
-4.128961222172522
-4.128961222172522
-4.128961222172522
-4.128961222172522
-4.610673364759316
-5.161201527715653
-5.161201527715653
-5.161201527715653
-5.161201527715653
-5.161201527715653
-5.161201527715653
-5.161201527715653
-5.470873619378591
-6.193441833258783
-6.193441833258783
-6.193441833258783
-6.193441833258783
-6.193441833258783
-6.193441833258783
-6.193441833258783
-6.193441833258783
-6.193441833258783
-6.193441833258783
-6.193441833258783
-6.193441833258783
-6.193441833258783
-6.193441833258783
-6.193441833258783
-6.193441833258783
-6.193441833258783
-6.193441833258783
-6.193441833258783
-6.193441833258783
-6.193441833258783
-6.193441833258783
-6.193441833258783
-6.193441833258783
-6.193441833258783
-6.193441833258783
-6.193441833258783
-6.193441833258783
-6.193441833258783
-6.193441833258783
-6.193441833258783
-6.193441833258783
-6.193441833258783
-6.193441833258783
-6.193441833258783
-6.193441833258783
-6.193441833258783
-6.193441833258783
-6.193441833258783
-6.193441833258783
-6.193441833258783
-5.677321680487218
-5.161201527715653
-5.161201527715653
-5.161201527715653
-5.161201527715653
-4.817121425867942
-4.128961222172522
-4.128961222172522
-4.128961222172522
-4.128961222172522
-4.128961222172522
-4.128961222172522
-4.025737191618209
-3.0967209166293914
-3.0967209166293914
-3.0967209166293914
-3.0967209166293914
-3.0967209166293914
-3.0967209166293914
-3.0967209166293914
-3.0967209166293914
-3.0967209166293914
-3.0967209166293914
-3.0967209166293914
-3.0967209166293914
-3.0967209166293914
-3.0967209166293914
-3.0967209166293914
-3.0967209166293914
-3.0967209166293914
-3.0967209166293914
-3.0967209166293914
-3.0967209166293914
-3.0967209166293914
-3.0967209166293914
-3.0967209166293914
-3.0967209166293914
-3.922513161063896
-4.128961222172522
-4.128961222172522
-4.128961222172522
-4.128961222172522
-4.128961222172522
-4.128961222172522
-5.09238550734611
-5.161201527715653
-5.161201527715653
-5.161201527715653
-5.161201527715653
-5.161201527715653
-6.124625812889241
-6.193441833258783
-6.193441833258783
-6.193441833258783
-6.193441833258783
-6.193441833258783
-6.193441833258783
-6.193441833258783
-6.193441833258783
-6.193441833258783
-6.193441833258783
-6.193441833258783
-6.193441833258783
-6.193441833258783
-7.1224581082476
-7.225682138801913
-7.225682138801913
-7.225682138801913
-7.225682138801913
-7.225682138801913
-6.950418057323745
-6.193441833258783
-6.193441833258783
-6.193441833258783
-6.193441833258783
-6.193441833258783
-6.193441833258783
-6.193441833258783
-6.193441833258783
-6.193441833258783
-6.193441833258783
-6.193441833258783
-6.193441833258783
-6.193441833258783
-6.193441833258783
-6.193441833258783
-6.193441833258783
-6.193441833258783
-6.193441833258783
-6.193441833258783
-6.193441833258783
-6.193441833258783
-6.193441833258783
-6.193441833258783
-6.193441833258783
-6.193441833258783
-6.193441833258783
-6.193441833258783
-6.193441833258783
-6.193441833258783
-6.193441833258783
-6.193441833258783
-6.193441833258783
-6.193441833258783
-6.193441833258783
-6.193441833258783
-6.193441833258783
-5.470873619378591
-5.161201527715653
-5.161201527715653
-5.161201527715653
-4.851529436052713
-4.128961222172522
-4.128961222172522
-4.128961222172522
-4.128961222172522
-4.128961222172522
-3.7504731101400406
-3.0967209166293914
-3.0967209166293914
-3.0967209166293914
-3.0967209166293914
-3.0967209166293914
-3.0967209166293914
-3.0967209166293914
-3.0967209166293914
-3.0967209166293914
-2.133296631455803
-2.064480611086261
-2.064480611086261
-2.064480611086261
-2.064480611086261
-2.064480611086261
-2.064480611086261
-2.064480611086261
-1.961256580531948
-1.0322403055431304
-1.0322403055431304
-1.0322403055431304
-1.0322403055431304
-1.0322403055431304
-1.0322403055431304
-1.0322403055431304
-1.0322403055431304
-1.926848570347177
-2.064480611086261
-2.064480611086261
-2.064480611086261
-2.064480611086261
-2.064480611086261
-2.064480611086261
-2.752640814781681
-3.0967209166293914
-3.0967209166293914
-3.0967209166293914
-3.0967209166293914
-3.0967209166293914
-3.0967209166293914
-3.0967209166293914
-3.0967209166293914
-3.0967209166293914
-3.9569211712486667
-4.128961222172522
-4.128961222172522
-4.128961222172522
-4.128961222172522
-4.128961222172522
-4.128961222172522
-4.128961222172522
-4.5074493342050035
-5.161201527715653
-5.161201527715653
-5.161201527715653
-5.161201527715653
-5.161201527715653
-5.161201527715653
-5.608505660117675
-6.193441833258783
-6.193441833258783
-6.193441833258783
-6.193441833258783
-6.193441833258783
-6.193441833258783
-6.193441833258783
-6.193441833258783
-6.193441833258783
-6.193441833258783
-6.193441833258783
-6.193441833258783
-6.193441833258783
-6.193441833258783
-6.193441833258783
-6.193441833258783
-6.193441833258783
-6.193441833258783
-6.193441833258783
-6.193441833258783
-6.193441833258783
-6.193441833258783
-6.193441833258783
-6.193441833258783
-6.193441833258783
-6.193441833258783
-6.193441833258783
-6.193441833258783
-6.193441833258783
-6.193441833258783
-6.193441833258783
-6.193441833258783
-6.193441833258783
-6.193441833258783
-6.193441833258783
-6.193441833258783
-6.193441833258783
-6.193441833258783
-6.193441833258783
-6.193441833258783
-6.193441833258783
-6.193441833258783
-6.193441833258783
-6.193441833258783
-6.193441833258783
-6.193441833258783
-6.193441833258783
-6.193441833258783
-6.193441833258783
-6.193441833258783
-6.193441833258783
-6.193441833258783
-6.193441833258783
-6.193441833258783
-6.193441833258783
-6.193441833258783
-6.193441833258783
-6.193441833258783
-6.193441833258783
-6.193441833258783
-6.193441833258783
-5.608505660117675
-5.161201527715653
-5.161201527715653
-5.161201527715653
-5.161201527715653
-4.645081374944088
-4.128961222172522
-4.128961222172522
-4.128961222172522
-4.128961222172522
-4.128961222172522
-3.6128410694009565
-3.0967209166293914
-3.0967209166293914
-3.0967209166293914
-3.0967209166293914
-3.0967209166293914
-3.0967209166293914
-3.0967209166293914
-3.0967209166293914
-3.0967209166293914
-3.0967209166293914
-3.0967209166293914
-3.0967209166293914
-3.0967209166293914
-3.0967209166293914
-3.0967209166293914
-3.0967209166293914
-3.0967209166293914
-3.0967209166293914
-3.0967209166293914
-3.0967209166293914
-2.7870488249664525
-2.064480611086261
-2.064480611086261
-2.064480611086261
-2.064480611086261
-2.064480611086261
-2.064480611086261
-2.064480611086261
-2.064480611086261
-2.064480611086261
-2.064480611086261
-2.4429687231187422
-3.0967209166293914
-3.0967209166293914
-3.0967209166293914
-3.0967209166293914
-3.0967209166293914
-3.0967209166293914
-3.0967209166293914
-3.0967209166293914
-3.0967209166293914
-3.0967209166293914
-3.0967209166293914
-3.0967209166293914
-3.0967209166293914
-3.0967209166293914
-3.922513161063896
-4.128961222172522
-4.128961222172522
-4.128961222172522
-4.128961222172522
-4.128961222172522
-4.128961222172522
-4.128961222172522
-4.128961222172522
-5.057977497161339
-5.161201527715653
-5.161201527715653
-5.161201527715653
-5.161201527715653
-5.161201527715653
-5.161201527715653
-5.161201527715653
-5.161201527715653
-5.161201527715653
-5.161201527715653
-5.2644255582699655
-6.193441833258783
-6.193441833258783
-6.193441833258783
-6.193441833258783
-6.193441833258783
-6.193441833258783
-6.193441833258783
-6.193441833258783
-6.193441833258783
-6.193441833258783
-6.193441833258783
-6.193441833258783
-6.193441833258783
-6.193441833258783
-6.193441833258783
-6.193441833258783
-6.193441833258783
-6.193441833258783
-6.193441833258783
-6.193441833258783
-6.193441833258783
-6.193441833258783
-6.193441833258783
-6.193441833258783
-6.193441833258783
-6.193441833258783
-6.193441833258783
-6.193441833258783
-6.193441833258783
-6.193441833258783
-6.193441833258783
-6.193441833258783
-6.193441833258783
-6.193441833258783
-6.193441833258783
-6.193441833258783
-6.193441833258783
-6.193441833258783
-6.193441833258783
-6.193441833258783
-6.193441833258783
-6.193441833258783
-6.193441833258783
-6.193441833258783
-6.193441833258783
-6.193441833258783
-6.193441833258783
-6.193441833258783
-6.193441833258783
-6.193441833258783
-6.193441833258783
-6.193441833258783
-6.193441833258783
-6.193441833258783
-6.193441833258783
-6.193441833258783
-5.746137700856759
-5.161201527715653
-5.161201527715653
-5.161201527715653
-5.161201527715653
-4.266593262911606
-4.128961222172522
-4.128961222172522
-4.128961222172522
-4.128961222172522
-3.6816570897704985
-3.0967209166293914
-3.0967209166293914
-3.0967209166293914
-3.0967209166293914
-3.0967209166293914
-3.0967209166293914
-3.0967209166293914
-3.0967209166293914
-2.6494167842273684
-2.064480611086261
-2.064480611086261
-2.064480611086261
-2.064480611086261
-2.064480611086261
-2.064480611086261
-2.064480611086261
-2.064480611086261
-2.064480611086261
-2.064480611086261
-2.064480611086261
-2.064480611086261
-2.064480611086261
-2.064480611086261
-2.064480611086261
-2.064480611086261
-2.064480611086261
-2.064480611086261
-2.064480611086261
-2.064480611086261
