123.9401354350424
119.33079155522677
113.24190519547032
108.68946679565242
106.69777499573209
105.55966539577761
104.59227223581631
103.28344619586866
101.63318727593467
101.34865987594605
101.40556535594378
101.40556535594378
101.40556535594378
101.80390371592785
102.48676947590053
102.54367495589825
102.60058043589598
101.00722699595971
97.64980367609401
95.08905707619644
93.49570363626017
92.18687759631253
91.61782279633529
91.1625789563535
90.76424059636943
89.85375291640585
89.28469811642861
88.26039947646959
88.20349399647186
88.82945427644682
89.34160359642634
96.11335571615547
111.9899846355204
115.8026517953679
120.63961759517441
126.04563819495817
124.39537927502418
116.94076139532237
110.7949695555682
107.09611335571616
105.55966539577761
104.53536675581859
103.22654071587094
101.80390371592785
101.40556535594378
101.34865987594605
101.40556535594378
101.40556535594378
101.80390371592785
102.6574859158937
103.39725715586411
102.94201331588232
100.7226995959711
99.24315711603028
95.31667899618733
93.38189267626473
92.30068855630797
92.1299721163148
91.1625789563535
90.36590223638537
90.13828031639447
89.39850907642406
89.05707619643772
88.37421043646503
88.14658851647414
89.00017071644
90.25209127638992
91.44710635634212
103.51106811585956
118.19268195527229
120.92414499516303
125.13515051499459
123.14345871507426
118.02196551527912
111.93307915552268
106.69777499573209
105.16132703579355
103.624879075855
102.08843111591646
99.18625163603255
98.61719683605531
99.35696807602572
99.35696807602572
99.35696807602572
99.86911739600524
101.91771467592329
103.16963523587322
103.34035167586639
103.39725715586411
101.86080919592557
95.7150173561714
93.49570363626017
92.41449951630342
91.95925567632163
91.27638991634895
90.70733511637171
90.13828031639447
89.51232003641951
89.28469811642861
89.11398167643544
89.11398167643544
89.11398167643544
89.28469811642861
91.33329539634667
101.29175439594833
117.85124907528595
122.40368747510385
124.9075285950037
123.59870255505605
118.98935867524042
113.07118875547715
107.94969555568201
104.8198941558072
103.56797359585728
102.8851078358846
101.12103795595516
99.35696807602572
98.3326694360667
98.21885847607125
97.59289819609629
97.42218175610311
97.8774255960849
98.56029135605759
99.300062596028
98.44648039606214
97.30837079610767
95.14596255619416
92.07306663631708
89.34160359642634
89.00017071644
88.03277755647869
87.74825015649007
87.06538439651739
86.72395151653105
85.58584191657657
83.82177203664713
82.68366243669266
81.65936379673363
80.91959255676322
80.91959255676322
82.00079667671997
90.1951857963922
108.29112843566836
123.42798611506288
126.50088203493996
124.56609571501735
122.00534911511978
116.42861207534285
109.94138735560234
104.87679963580493
101.57628179593695
99.75530643600979
98.78791327604849
96.79622147612815
94.80452967620782
93.83713651624652
93.38189267626473
93.5526091162579
94.23547487623058
94.46309679622148
96.51169407613953
98.3326694360667
98.3326694360667
95.7150173561714
91.95925567632163
88.60183235645593
87.06538439651739
86.43942411654243
86.55323507653787
87.06538439651739
87.06538439651739
87.06538439651739
87.06538439651739
87.06538439651739
86.32561315654698
86.43942411654243
86.3825186365447
86.43942411654243
86.89466795652422
89.34160359642634
90.13828031639447
90.13828031639447
93.95094747624196
110.28282023558869
123.42798611506288
122.17606555511296
119.10316963523587
112.78666135548853
106.75468047572981
103.45416263586183
101.6900927559324
100.4950776759802
99.58458999601662
99.12934615603483
98.67410231605304
99.35696807602572
99.35696807602572
99.35696807602572
100.4950776759802
102.37295851590508
103.34035167586639
102.82820235588687
95.31667899618733
90.08137483639675
87.5775337164969
86.83776247652649
86.32561315654698
86.09799123655608
86.04108575655836
85.98418027656064
85.92727479656291
85.81346383656746
84.27701587662892
81.54555283673818
80.8626870767655
79.89529391680419
79.49695555682013
79.4400500768224
81.48864735674046
88.65873783645365
109.54304899561828
129.4599669948216
136.23171911455074
135.37813691458487
131.33784783474647
124.16775735503329
113.07118875547715
107.15301883571388
104.13702839583452
102.4298639959028
101.23484891595061
99.47077903602117
96.11335571615547
94.63381323621465
94.23547487623058
94.17856939623286
94.23547487623058
95.7150173561714
97.30837079610767
98.1050475160758
99.64149547601434
95.08905707619644
92.24378307631025
90.47971319638081
89.39850907642406
88.20349399647186
86.78085699652877
84.78916519660844
83.36652819666534
82.0577021567177
81.8300802367268
81.09030899675639
80.91959255676322
80.91959255676322
81.03340351675867
81.26102543674956
81.88698571672452
86.6101405565356
91.78853923632846
109.99829283560007
124.79371763500825
128.49257383486028
127.24065327491037
123.82632447504695
117.5098161952996
112.72975587549081
109.14471063563421
105.0475160757981
101.29175439594833
98.90172423604393
97.1376543561145
95.25977351618961
94.86143515620554
95.25977351618961
96.22716667615092
96.79622147612815
98.04814203607808
100.09673931599613
100.55198315597792
101.17794343595288
100.77960507596882
98.38957491606442
94.69071871621237
92.3575940363057
90.87805155636488
90.13828031639447
90.13828031639447
90.02446935639902
89.00017071644
88.08968303647642
87.12228987651511
86.15489671655381
86.04108575655836
85.98418027656064
85.01678711659933
85.24440903659023
87.74825015649007
95.88573379616457
113.35571615546577
124.85062311500597
125.19205599499232
122.97274227508109
117.85124907528595
111.47783531554089
106.4701530757412
103.16963523587322
102.25914755590964
101.4624708359415
101.17794343595288
100.55198315597792
100.21055027599158
100.15364479599386
100.15364479599386
100.21055027599158
100.32436123598703
100.21055027599158
100.60888863597565
101.40556535594378
101.12103795595516
99.5276845160189
96.62550503613498
93.83713651624652
92.47140499630115
91.95925567632163
91.1625789563535
90.65042963637399
89.56922551641723
88.14658851647414
86.95157343652194
86.04108575655836
85.35821999658567
84.90297615660388
84.90297615660388
88.31730495646731
90.13828031639447
101.29175439594833
116.25789563534968
122.46059295510157
121.77772719512889
119.899846355204
118.42030387526319
115.46121891538155
109.65685995561373
104.47846127582086
101.63318727593467
100.32436123598703
98.95862971604166
96.56859955613726
95.43048995618278
95.31667899618733
95.60120639617595
96.22716667615092
96.22716667615092
97.53599271609856
98.67410231605304
98.61719683605531
98.1050475160758
95.20286803619189
93.72332555625107
91.1625789563535
90.02446935639902
89.45541455642179
89.11398167643544
89.11398167643544
88.82945427644682
88.08968303647642
87.69134467649235
87.06538439651739
86.55323507653787
86.21180219655153
86.72395151653105
86.49632959654015
87.5775337164969
96.11335571615547
115.06288055539748
120.86723951516531
119.899846355204
118.07887099527684
114.26620383542935
109.8275763956069
104.8198941558072
101.97462015592102
100.03983383599841
98.04814203607808
96.6824105161327
95.03215159619872
94.57690775621693
94.23547487623058
94.23547487623058
94.46309679622148
96.05645023615774
96.34097763614636
94.2923803562283
89.91065839640358
86.55323507653787
85.1875035565925
84.78916519660844
84.10629943663575
83.65105559665396
82.62675695669493
80.97649803676094
79.6676719968133
78.41575143686337
77.67598019689297
77.73288567689069
77.73288567689069
80.06601035679736
88.43111591646276
100.09673931599613
115.97336823536106
122.40368747510385
121.0948614351562
117.9650600352814
111.93307915552268
105.61657087577534
99.47077903602117
96.17026119615319
94.97524611620099
94.12166391623514
92.98355431628066
91.33329539634667
90.13828031639447
89.9675638764013
90.13828031639447
90.13828031639447
90.25209127638992
91.33329539634667
92.69902691629204
93.43879815626245
92.24378307631025
89.45541455642179
86.43942411654243
84.39082683662437
83.9924884766403
83.08200079667672
82.91128435668355
81.94389119672225
81.65936379673363
81.31793091674729
80.91959255676322
80.80578159676777
80.91959255676322
82.7974733966881
89.11398167643544
89.11398167643544
89.11398167643544
102.03152563591874
117.79434359528823
120.1274682751949
116.37170659534513
112.67285039549309
106.58396403573664
102.08843111591646
99.92602287600296
98.78791327604849
97.64980367609401
95.77192283616913
94.34928583622603
94.23547487623058
94.2923803562283
94.80452967620782
95.03215159619872
95.99954475616002
98.3326694360667
98.67410231605304
97.42218175610311
94.23547487623058
90.99186251636033
89.62613099641496
88.37421043646503
88.14658851647414
87.8051556364878
87.06538439651739
86.49632959654015
86.04108575655836
85.1875035565925
84.4477323166221
83.9924884766403
83.9924884766403
84.10629943663575
86.04108575655836
91.10567347635578
108.80327775564787
122.80202583508792
121.83463267512661
120.63961759517441
120.52580663517897
115.91646275536334
110.05519831559779
105.73038183577079
103.68178455585273
102.60058043589598
102.20224207591191
100.2674557559893
98.04814203607808
97.36527627610539
98.21885847607125
98.3326694360667
98.50338587605987
99.75530643600979
101.12103795595516
101.40556535594378
100.03983383599841
97.08074887611677
93.66642007625335
91.67472827633301
90.65042963637399
90.13828031639447
89.17088715643317
89.05707619643772
88.48802139646048
87.97587207648097
87.97587207648097
87.06538439651739
87.06538439651739
88.60183235645593
99.35696807602572
119.50150799521994
125.02133955499914
125.93182723496273
129.06162863483752
127.98042451488078
124.16775735503329
118.42030387526319
112.78666135548853
109.94138735560234
108.6325613156547
107.6651681556934
107.15301883571388
104.53536675581859
102.6574859158937
102.31605303590736
102.4298639959028
102.4298639959028
102.4298639959028
102.99891879588004
103.45416263586183
103.90940647584362
103.79559551584818
101.34865987594605
98.67410231605304
96.56859955613726
95.54430091617823
94.86143515620554
94.23547487623058
93.26808171626928
92.98355431628066
92.81283787628749
92.1299721163148
91.56091731633757
91.67472827633301
92.86974335628521
102.14533659591419
118.47720935526091
128.66329027485347
128.83400671484662
127.58208615489671
125.53348887497866
121.550105275138
117.68053263529278
115.29050247538838
114.03858191543846
113.01428327547943
111.9899846355204
108.51875035565925
105.78728731576851
105.44585443578217
105.50275991577989
105.50275991577989
105.67347635577306
106.64086951573437
107.15301883571388
107.49445171570022
106.58396403573664
104.70608319581176
101.34865987594605
99.86911739600524
98.38957491606442
97.53599271609856
97.30837079610767
96.73931599613043
96.22716667615092
96.05645023615774
95.31667899618733
95.25977351618961
94.97524611620099
94.97524611620099
97.82052011608718
110.51044215557958
125.53348887497866
130.88260399476468
131.3947533147442
131.22403687475102
130.4273601547829
127.41136971490354
123.20036419507198
120.86723951516531
119.50150799521994
118.24958743527002
116.82695043532692
114.89216411540431
111.70545723553178
110.62425311557503
110.62425311557503
110.5673476355773
110.22591475559096
110.68115859557275
110.68115859557275
111.53474079553861
111.19330791555227
109.599954475616
107.26682979570933
105.33204347578672
103.68178455585273
102.37295851590508
101.40556535594378
100.95032151596199
100.4950776759802
100.38126671598475
100.38126671598475
99.98292835600068
99.35696807602572
99.35696807602572
99.01553519603938
98.38957491606442
99.300062596028
101.40556535594378
111.64855175553406
127.18374779491265
134.2969327946281
134.18312183463266
133.32953963466682
132.0776190747169
129.34615603482615
125.81801627496728
122.40368747510385
121.550105275138
120.69652307517214
119.50150799521994
116.88385591532465
113.86786547544529
112.67285039549309
112.61594491549536
112.67285039549309
112.67285039549309
113.69714903545211
114.66454219541342
114.26620383542935
112.78666135548853
109.71376543561145
106.81158595572754
104.87679963580493
104.13702839583452
103.39725715586411
102.54367495589825
102.54367495589825
102.4298639959028
101.91771467592329
101.4624708359415
101.4624708359415
101.17794343595288
100.4950776759802
100.38126671598475
99.69840095601207
99.35696807602572
99.35696807602572
101.29175439594833
103.39725715586411
117.16838331531326
129.0047231548398
131.79309167472826
133.44335059466226
132.3621464747055
129.63068343481476
126.21635463495134
123.42798611506288
122.2898765151084
120.98105047516076
119.33079155522677
116.65623399533375
113.81095999544756
113.46952711546122
113.69714903545211
113.69714903545211
113.69714903545211
113.75405451544984
114.94906959540204
115.23359699539066
115.11978603539521
111.30711887554772
109.3723325556251
106.81158595572754
105.55966539577761
104.36465031582541
103.45416263586183
103.11272975587549
102.6574859158937
102.4298639959028
101.51937631593923
101.40556535594378
101.34865987594605
100.55198315597792
100.21055027599158
99.300062596028
98.61719683605531
97.82052011608718
98.1050475160758
98.3326694360667
98.3326694360667
102.71439139589143
117.16838331531326
130.37045467478518
134.18312183463266
133.04501223467818
131.05332043475786
127.58208615489671
124.79371763500825
122.91583679508337
122.00534911511978
120.69652307517214
118.30649291526774
114.3800147954248
112.67285039549309
112.67285039549309
112.67285039549309
112.84356683548626
113.07118875547715
113.69714903545211
113.81095999544756
113.24190519547032
110.45353667558186
107.38064075570477
104.8198941558072
104.19393387583224
103.39725715586411
102.4298639959028
101.80390371592785
101.40556535594378
100.55198315597792
100.38126671598475
100.38126671598475
100.38126671598475
100.32436123598703
100.2674557559893
99.35696807602572
98.50338587605987
97.8774255960849
96.85312695612588
95.99954475616002
96.34097763614636
102.71439139589143
118.9324531952427
132.02071359471915
135.60575883457577
134.63836567461445
134.12621635463495
133.15882319467363
130.71188755477152
125.81801627496728
122.7451203550902
121.83463267512661
121.20867239515165
120.1274682751949
117.85124907528595
113.69714903545211
111.64855175553406
111.64855175553406
111.64855175553406
111.64855175553406
111.87617367552495
112.38832299550447
112.78666135548853
111.42092983554316
108.12041199567518
106.64086951573437
104.99061059580038
103.05582427587777
102.4298639959028
101.4624708359415
100.77960507596882
100.09673931599613
99.41387355602345
98.84481875604621
98.56029135605759
98.3326694360667
98.27576395606897
97.82052011608718
97.36527627610539
96.9100324361236
96.39788311614409
95.54430091617823
94.2923803562283
93.04045979627838
92.24378307631025
95.14596255619416
106.98230239572071
126.72850395493086
134.12621635463495
135.15051499459398
133.32953963466682
132.98810675468047
131.05332043475786
127.86661355488533
123.65560803505377
121.3224833551471
121.03795595515848
120.86723951516531
119.67222443521311
117.56672167529733
114.43692027542252
112.78666135548853
112.67285039549309
112.67285039549309
112.67285039549309
112.72975587549081
113.24190519547032
114.26620383542935
116.65623399533375
115.91646275536334
115.00597507539976
113.58333807545667
111.93307915552268
109.03089967563876
106.98230239572071
106.52705855573892
106.52705855573892
106.29943663574802
104.99061059580038
103.05582427587777
101.17794343595288
99.12934615603483
98.3326694360667
97.99123655608035
97.36527627610539
96.45478859614181
95.82882831616685
95.31667899618733
95.37358447618506
95.37358447618506
95.65811187617368
96.96693791612132
99.81221191600751
111.59164627553633
124.9075285950037
127.24065327491037
131.73618619473055
131.05332043475786
129.57377795481705
126.61469299493541
121.60701075513572
118.76173675524953
116.7700449553292
115.8026517953679
116.37170659534513
116.7700449553292
116.71313947533147
116.25789563534968
116.65623399533375
116.65623399533375
116.71313947533147
117.56672167529733
117.79434359528823
117.39600523530416
113.98167643544073
110.28282023558869
107.55135719569795
107.03920787571843
105.0475160757981
103.90940647584362
102.99891879588004
101.86080919592557
100.55198315597792
99.18625163603255
96.79622147612815
93.43879815626245
91.44710635634212
91.27638991634895
92.18687759631253
92.18687759631253
91.27638991634895
89.62613099641496
87.17919535651284
85.24440903659023
83.42343367666307
82.28532407670859
82.00079667671997
86.55323507653787
99.12934615603483
110.73806407557048
119.84294087520628
121.89153815512434
121.15176691515393
120.86723951516531
120.18437375519262
119.21698059523132
117.62362715529505
116.25789563534968
113.92477095544301
111.47783531554089
108.00660103567974
104.0801229158368
100.32436123598703
98.16195299607352
97.42218175610311
98.3326694360667
98.3326694360667
98.3326694360667
98.3326694360667
98.16195299607352
94.23547487623058
93.09736527627611
92.52831047629887
91.27638991634895
89.7399419564104
87.46372275650145
85.98418027656064
84.84607067660616
83.93558299664258
83.9924884766403
83.9924884766403
83.93558299664258
84.84607067660616
87.74825015649007
88.14658851647414
