87.06538439651739
87.06538439651739
87.06538439651739
87.06538439651739
87.06538439651739
87.06538439651739
87.06538439651739
87.06538439651739
87.06538439651739
87.06538439651739
87.06538439651739
87.06538439651739
87.06538439651739
87.06538439651739
87.06538439651739
87.06538439651739
87.06538439651739
87.06538439651739
87.06538439651739
87.06538439651739
87.06538439651739
87.06538439651739
87.06538439651739
87.06538439651739
87.06538439651739
87.06538439651739
87.06538439651739
87.06538439651739
87.06538439651739
87.06538439651739
87.06538439651739
87.17919535651284
88.08968303647642
88.08968303647642
88.08968303647642
88.08968303647642
88.08968303647642
88.08968303647642
88.08968303647642
88.08968303647642
88.08968303647642
88.08968303647642
88.08968303647642
88.08968303647642
88.08968303647642
88.08968303647642
88.08968303647642
88.08968303647642
88.08968303647642
88.08968303647642
88.08968303647642
88.08968303647642
88.08968303647642
88.08968303647642
88.08968303647642
88.08968303647642
88.08968303647642
88.08968303647642
88.08968303647642
88.08968303647642
88.08968303647642
88.08968303647642
88.08968303647642
88.08968303647642
88.08968303647642
88.08968303647642
88.08968303647642
88.08968303647642
88.08968303647642
88.08968303647642
88.08968303647642
88.08968303647642
88.08968303647642
88.08968303647642
88.08968303647642
88.08968303647642
88.08968303647642
88.08968303647642
88.08968303647642
88.08968303647642
88.08968303647642
88.08968303647642
88.08968303647642
88.08968303647642
88.08968303647642
88.08968303647642
88.08968303647642
88.08968303647642
88.08968303647642
88.08968303647642
88.08968303647642
88.08968303647642
88.08968303647642
88.08968303647642
88.08968303647642
88.08968303647642
88.08968303647642
88.08968303647642
88.08968303647642
88.08968303647642
88.08968303647642
88.08968303647642
88.08968303647642
88.08968303647642
88.60183235645593
89.11398167643544
89.11398167643544
89.11398167643544
89.11398167643544
89.11398167643544
89.11398167643544
89.11398167643544
89.11398167643544
89.11398167643544
89.11398167643544
89.11398167643544
89.11398167643544
89.11398167643544
89.11398167643544
89.11398167643544
89.11398167643544
89.11398167643544
89.11398167643544
89.11398167643544
89.11398167643544
89.11398167643544
89.11398167643544
89.11398167643544
89.11398167643544
89.11398167643544
89.11398167643544
89.11398167643544
89.11398167643544
89.11398167643544
89.11398167643544
89.11398167643544
89.11398167643544
89.11398167643544
89.11398167643544
89.11398167643544
89.11398167643544
88.65873783645365
80.91959255676322
80.91959255676322
80.91959255676322
80.91959255676322
80.91959255676322
80.91959255676322
80.91959255676322
80.91959255676322
80.91959255676322
80.91959255676322
80.91959255676322
80.91959255676322
80.91959255676322
80.91959255676322
80.91959255676322
80.91959255676322
80.91959255676322
80.91959255676322
80.91959255676322
80.91959255676322
80.91959255676322
80.91959255676322
80.91959255676322
80.91959255676322
80.91959255676322
80.91959255676322
80.91959255676322
80.91959255676322
80.91959255676322
80.91959255676322
80.91959255676322
80.91959255676322
80.91959255676322
80.91959255676322
80.91959255676322
80.91959255676322
80.91959255676322
80.91959255676322
80.91959255676322
80.91959255676322
83.76486655664941
86.04108575655836
86.04108575655836
86.04108575655836
86.04108575655836
86.04108575655836
86.04108575655836
86.04108575655836
86.04108575655836
86.04108575655836
86.04108575655836
86.04108575655836
86.04108575655836
86.04108575655836
86.04108575655836
86.04108575655836
86.04108575655836
86.04108575655836
86.04108575655836
86.04108575655836
86.04108575655836
86.04108575655836
86.04108575655836
86.04108575655836
86.04108575655836
86.04108575655836
86.04108575655836
86.04108575655836
86.04108575655836
86.04108575655836
86.04108575655836
86.04108575655836
86.04108575655836
86.04108575655836
86.04108575655836
86.04108575655836
86.04108575655836
85.24440903659023
78.87099527684516
78.87099527684516
78.87099527684516
78.87099527684516
78.87099527684516
78.87099527684516
78.87099527684516
78.87099527684516
78.87099527684516
78.87099527684516
78.87099527684516
78.87099527684516
78.87099527684516
78.87099527684516
78.87099527684516
78.87099527684516
78.87099527684516
78.87099527684516
78.87099527684516
78.87099527684516
78.87099527684516
78.87099527684516
78.87099527684516
78.87099527684516
78.87099527684516
78.87099527684516
78.87099527684516
78.87099527684516
78.87099527684516
78.87099527684516
78.87099527684516
78.87099527684516
78.87099527684516
78.87099527684516
78.87099527684516
78.87099527684516
78.87099527684516
78.87099527684516
78.98480623684061
80.91959255676322
80.91959255676322
80.91959255676322
80.91959255676322
80.91959255676322
80.91959255676322
80.91959255676322
80.91959255676322
80.91959255676322
80.91959255676322
80.91959255676322
80.91959255676322
80.91959255676322
80.91959255676322
80.91959255676322
80.91959255676322
80.91959255676322
80.91959255676322
80.91959255676322
80.91959255676322
80.91959255676322
80.91959255676322
80.91959255676322
80.91959255676322
80.91959255676322
80.91959255676322
80.91959255676322
80.91959255676322
80.91959255676322
80.91959255676322
80.91959255676322
80.91959255676322
80.91959255676322
80.91959255676322
80.91959255676322
80.91959255676322
80.91959255676322
80.91959255676322
82.28532407670859
85.01678711659933
85.01678711659933
85.01678711659933
85.01678711659933
85.01678711659933
85.01678711659933
85.01678711659933
85.01678711659933
85.01678711659933
85.01678711659933
85.01678711659933
85.01678711659933
85.01678711659933
85.01678711659933
85.01678711659933
85.01678711659933
85.01678711659933
85.01678711659933
85.01678711659933
85.01678711659933
85.01678711659933
85.01678711659933
85.01678711659933
85.01678711659933
85.01678711659933
85.01678711659933
85.01678711659933
85.01678711659933
85.01678711659933
85.01678711659933
85.01678711659933
85.01678711659933
85.01678711659933
85.01678711659933
85.01678711659933
85.01678711659933
85.01678711659933
84.16320491663348
83.9924884766403
83.9924884766403
83.9924884766403
83.9924884766403
83.9924884766403
83.9924884766403
83.9924884766403
83.9924884766403
83.9924884766403
83.9924884766403
83.9924884766403
83.9924884766403
83.9924884766403
83.9924884766403
83.9924884766403
83.9924884766403
83.9924884766403
83.9924884766403
83.9924884766403
83.9924884766403
83.9924884766403
83.9924884766403
83.9924884766403
83.9924884766403
83.9924884766403
83.9924884766403
83.9924884766403
83.9924884766403
83.9924884766403
83.9924884766403
83.9924884766403
83.9924884766403
83.9924884766403
83.9924884766403
83.9924884766403
83.9924884766403
83.9924884766403
85.13059807659478
86.04108575655836
86.04108575655836
86.04108575655836
86.04108575655836
86.04108575655836
86.04108575655836
86.04108575655836
86.04108575655836
86.04108575655836
86.04108575655836
86.04108575655836
86.04108575655836
86.04108575655836
86.04108575655836
86.04108575655836
86.04108575655836
86.04108575655836
86.04108575655836
86.04108575655836
86.04108575655836
86.04108575655836
86.04108575655836
86.04108575655836
86.04108575655836
86.04108575655836
86.04108575655836
86.04108575655836
86.04108575655836
86.04108575655836
86.04108575655836
86.04108575655836
86.04108575655836
86.04108575655836
86.04108575655836
78.35884595686565
76.82239799692711
76.82239799692711
76.82239799692711
76.82239799692711
76.82239799692711
76.82239799692711
76.82239799692711
76.82239799692711
76.82239799692711
76.82239799692711
76.82239799692711
76.82239799692711
76.82239799692711
76.82239799692711
76.82239799692711
76.82239799692711
76.82239799692711
76.82239799692711
76.82239799692711
76.82239799692711
76.82239799692711
76.82239799692711
76.82239799692711
76.82239799692711
76.82239799692711
76.82239799692711
76.82239799692711
76.82239799692711
76.82239799692711
76.82239799692711
76.82239799692711
76.82239799692711
76.82239799692711
76.82239799692711
76.82239799692711
76.82239799692711
76.82239799692711
79.89529391680419
79.89529391680419
79.89529391680419
79.89529391680419
79.89529391680419
79.89529391680419
79.89529391680419
79.89529391680419
79.89529391680419
79.89529391680419
79.89529391680419
79.89529391680419
79.89529391680419
79.89529391680419
79.89529391680419
79.89529391680419
79.89529391680419
79.89529391680419
79.89529391680419
79.89529391680419
79.89529391680419
79.89529391680419
79.89529391680419
79.89529391680419
79.89529391680419
79.89529391680419
79.89529391680419
79.89529391680419
79.89529391680419
79.89529391680419
79.89529391680419
79.89529391680419
79.89529391680419
79.89529391680419
79.89529391680419
80.4074432367837
82.96818983668128
82.96818983668128
82.96818983668128
82.96818983668128
82.96818983668128
82.96818983668128
82.96818983668128
82.96818983668128
82.96818983668128
82.96818983668128
82.96818983668128
82.96818983668128
82.96818983668128
82.96818983668128
82.96818983668128
82.96818983668128
82.96818983668128
82.96818983668128
82.96818983668128
82.96818983668128
82.96818983668128
82.96818983668128
82.96818983668128
82.96818983668128
82.96818983668128
82.96818983668128
82.96818983668128
82.96818983668128
82.96818983668128
82.96818983668128
82.96818983668128
82.96818983668128
82.96818983668128
82.96818983668128
86.83776247652649
87.06538439651739
87.06538439651739
87.06538439651739
87.06538439651739
87.06538439651739
87.06538439651739
87.06538439651739
87.06538439651739
87.06538439651739
87.06538439651739
87.06538439651739
87.06538439651739
87.06538439651739
87.06538439651739
87.06538439651739
87.06538439651739
87.06538439651739
87.06538439651739
87.06538439651739
87.06538439651739
87.06538439651739
87.06538439651739
87.06538439651739
87.06538439651739
87.06538439651739
87.06538439651739
87.06538439651739
87.06538439651739
87.06538439651739
87.06538439651739
87.06538439651739
87.06538439651739
87.06538439651739
87.06538439651739
87.06538439651739
89.79684743640813
91.1625789563535
91.1625789563535
91.1625789563535
91.1625789563535
91.1625789563535
91.1625789563535
91.1625789563535
91.1625789563535
91.1625789563535
91.1625789563535
91.1625789563535
91.1625789563535
91.1625789563535
91.1625789563535
91.1625789563535
91.1625789563535
91.1625789563535
91.1625789563535
91.1625789563535
91.1625789563535
91.1625789563535
91.1625789563535
91.1625789563535
91.1625789563535
91.1625789563535
91.1625789563535
91.1625789563535
91.1625789563535
91.1625789563535
91.1625789563535
91.1625789563535
91.1625789563535
91.1625789563535
91.1625789563535
91.1625789563535
93.89404199624424
94.23547487623058
94.23547487623058
94.23547487623058
94.23547487623058
94.23547487623058
94.23547487623058
94.23547487623058
94.23547487623058
94.23547487623058
94.23547487623058
94.23547487623058
94.23547487623058
94.23547487623058
94.23547487623058
94.23547487623058
94.23547487623058
94.23547487623058
94.23547487623058
94.23547487623058
94.23547487623058
94.23547487623058
94.23547487623058
94.23547487623058
94.23547487623058
94.23547487623058
94.23547487623058
94.23547487623058
94.23547487623058
94.23547487623058
94.23547487623058
94.23547487623058
94.23547487623058
94.23547487623058
94.23547487623058
94.23547487623058
94.23547487623058
94.23547487623058
94.23547487623058
98.1050475160758
98.3326694360667
98.3326694360667
98.3326694360667
98.3326694360667
98.3326694360667
98.3326694360667
98.3326694360667
98.3326694360667
98.3326694360667
98.3326694360667
98.3326694360667
98.3326694360667
98.3326694360667
98.3326694360667
98.3326694360667
98.3326694360667
98.3326694360667
98.3326694360667
98.3326694360667
98.3326694360667
98.3326694360667
98.3326694360667
98.3326694360667
98.3326694360667
98.3326694360667
98.3326694360667
98.3326694360667
98.3326694360667
98.3326694360667
98.3326694360667
98.3326694360667
98.3326694360667
98.3326694360667
98.3326694360667
98.3326694360667
98.3326694360667
98.3326694360667
98.3326694360667
98.3326694360667
98.3326694360667
99.300062596028
99.35696807602572
99.35696807602572
99.35696807602572
99.35696807602572
99.35696807602572
99.35696807602572
99.35696807602572
99.35696807602572
99.35696807602572
99.35696807602572
99.35696807602572
99.35696807602572
99.35696807602572
99.35696807602572
99.35696807602572
99.35696807602572
99.35696807602572
99.35696807602572
99.35696807602572
99.35696807602572
99.35696807602572
99.35696807602572
99.35696807602572
99.35696807602572
99.35696807602572
99.35696807602572
99.35696807602572
99.35696807602572
99.35696807602572
99.35696807602572
99.35696807602572
99.35696807602572
99.35696807602572
99.35696807602572
99.35696807602572
99.35696807602572
99.35696807602572
99.35696807602572
99.35696807602572
99.35696807602572
99.35696807602572
97.64980367609401
97.30837079610767
97.30837079610767
97.30837079610767
97.30837079610767
97.30837079610767
97.30837079610767
97.30837079610767
97.30837079610767
97.30837079610767
97.30837079610767
97.30837079610767
97.30837079610767
97.30837079610767
97.30837079610767
97.30837079610767
97.30837079610767
97.30837079610767
97.30837079610767
97.30837079610767
97.30837079610767
97.30837079610767
97.30837079610767
97.30837079610767
97.30837079610767
97.30837079610767
97.30837079610767
97.30837079610767
97.30837079610767
97.30837079610767
97.30837079610767
97.30837079610767
97.30837079610767
97.30837079610767
97.30837079610767
97.30837079610767
97.30837079610767
97.30837079610767
97.30837079610767
97.30837079610767
96.85312695612588
95.25977351618961
95.25977351618961
95.25977351618961
95.25977351618961
95.25977351618961
95.25977351618961
95.25977351618961
95.25977351618961
95.25977351618961
95.25977351618961
95.25977351618961
95.25977351618961
95.25977351618961
95.25977351618961
95.25977351618961
95.25977351618961
95.25977351618961
95.25977351618961
95.25977351618961
95.25977351618961
95.25977351618961
95.25977351618961
95.25977351618961
95.25977351618961
95.25977351618961
95.25977351618961
95.25977351618961
95.25977351618961
95.25977351618961
95.25977351618961
95.25977351618961
95.25977351618961
95.25977351618961
95.25977351618961
95.25977351618961
95.25977351618961
95.25977351618961
95.25977351618961
95.25977351618961
95.25977351618961
95.25977351618961
95.25977351618961
95.25977351618961
95.25977351618961
94.23547487623058
92.18687759631253
92.18687759631253
92.18687759631253
92.18687759631253
92.18687759631253
92.18687759631253
92.18687759631253
92.18687759631253
92.18687759631253
92.18687759631253
92.18687759631253
92.18687759631253
92.18687759631253
92.18687759631253
92.18687759631253
92.18687759631253
92.18687759631253
92.18687759631253
92.18687759631253
92.18687759631253
92.18687759631253
92.18687759631253
92.18687759631253
92.18687759631253
92.18687759631253
92.18687759631253
92.18687759631253
92.18687759631253
92.18687759631253
92.18687759631253
92.18687759631253
92.18687759631253
92.18687759631253
92.18687759631253
92.18687759631253
92.18687759631253
92.18687759631253
92.18687759631253
92.18687759631253
92.18687759631253
92.18687759631253
92.18687759631253
92.18687759631253
92.18687759631253
92.18687759631253
92.18687759631253
94.57690775621693
95.25977351618961
95.25977351618961
95.25977351618961
95.25977351618961
95.25977351618961
95.25977351618961
95.25977351618961
95.25977351618961
95.25977351618961
95.25977351618961
95.25977351618961
95.25977351618961
95.25977351618961
95.25977351618961
95.25977351618961
95.25977351618961
95.25977351618961
95.25977351618961
95.25977351618961
95.25977351618961
95.25977351618961
95.25977351618961
95.25977351618961
95.25977351618961
95.25977351618961
95.25977351618961
95.25977351618961
95.25977351618961
95.25977351618961
95.25977351618961
95.25977351618961
95.25977351618961
95.25977351618961
95.25977351618961
95.25977351618961
95.25977351618961
95.25977351618961
95.25977351618961
95.25977351618961
95.25977351618961
95.25977351618961
95.25977351618961
95.25977351618961
95.25977351618961
95.25977351618961
84.90297615660388
81.94389119672225
81.94389119672225
81.94389119672225
81.94389119672225
81.94389119672225
81.94389119672225
81.94389119672225
81.94389119672225
81.94389119672225
81.94389119672225
81.94389119672225
81.94389119672225
81.94389119672225
81.94389119672225
81.94389119672225
81.94389119672225
81.94389119672225
81.94389119672225
81.94389119672225
81.94389119672225
81.94389119672225
81.94389119672225
81.94389119672225
81.94389119672225
81.94389119672225
81.94389119672225
81.94389119672225
81.94389119672225
81.94389119672225
81.94389119672225
81.94389119672225
81.94389119672225
81.94389119672225
81.94389119672225
81.94389119672225
