130.11777902411666
130.11777902411666
127.90942232192934
123.00196298373528
123.00196298373528
123.00196298373528
123.00196298373528
123.00196298373528
123.00196298373528
123.00196298373528
123.00196298373528
123.00196298373528
123.00196298373528
123.00196298373528
123.00196298373528
123.00196298373528
123.00196298373528
123.00196298373528
123.00196298373528
123.00196298373528
123.00196298373528
123.00196298373528
123.00196298373528
123.00196298373528
123.00196298373528
123.00196298373528
123.00196298373528
123.00196298373528
123.00196298373528
123.00196298373528
123.00196298373528
123.00196298373528
132.81688166012339
133.16741446999438
133.16741446999438
133.16741446999438
133.16741446999438
133.16741446999438
133.16741446999438
133.16741446999438
133.16741446999438
133.16741446999438
133.16741446999438
133.16741446999438
133.16741446999438
133.16741446999438
133.16741446999438
133.16741446999438
133.16741446999438
133.16741446999438
133.16741446999438
133.16741446999438
133.16741446999438
133.16741446999438
133.16741446999438
133.16741446999438
133.16741446999438
133.16741446999438
133.16741446999438
133.16741446999438
133.16741446999438
128.11974200785195
124.01850813236119
124.01850813236119
124.01850813236119
124.01850813236119
124.01850813236119
124.01850813236119
124.01850813236119
124.01850813236119
124.01850813236119
124.01850813236119
124.01850813236119
124.01850813236119
124.01850813236119
124.01850813236119
124.01850813236119
124.01850813236119
124.01850813236119
124.01850813236119
124.01850813236119
124.01850813236119
124.01850813236119
124.01850813236119
124.01850813236119
124.01850813236119
124.01850813236119
124.01850813236119
124.01850813236119
124.01850813236119
124.6845204711161
125.0350532809871
125.0350532809871
125.0350532809871
125.0350532809871
125.0350532809871
125.0350532809871
125.0350532809871
125.0350532809871
125.0350532809871
125.0350532809871
125.0350532809871
125.0350532809871
125.0350532809871
125.0350532809871
125.0350532809871
125.0350532809871
125.0350532809871
125.0350532809871
125.0350532809871
125.0350532809871
125.0350532809871
125.0350532809871
125.0350532809871
125.0350532809871
125.0350532809871
125.0350532809871
125.0350532809871
123.00196298373528
123.00196298373528
123.00196298373528
123.00196298373528
123.00196298373528
123.00196298373528
123.00196298373528
123.00196298373528
123.00196298373528
123.00196298373528
123.00196298373528
123.00196298373528
123.00196298373528
123.00196298373528
123.00196298373528
123.00196298373528
123.00196298373528
123.00196298373528
123.00196298373528
123.00196298373528
123.00196298373528
123.00196298373528
123.00196298373528
123.00196298373528
123.00196298373528
123.00196298373528
123.00196298373528
123.00196298373528
123.00196298373528
121.59983174425126
120.96887268648346
120.96887268648346
120.96887268648346
120.96887268648346
120.96887268648346
120.96887268648346
120.96887268648346
120.96887268648346
120.96887268648346
120.96887268648346
120.96887268648346
120.96887268648346
120.96887268648346
120.96887268648346
120.96887268648346
120.96887268648346
120.96887268648346
120.96887268648346
120.96887268648346
120.96887268648346
120.96887268648346
120.96887268648346
120.96887268648346
120.96887268648346
120.96887268648346
120.96887268648346
120.96887268648346
116.90269209197982
116.90269209197982
116.90269209197982
116.90269209197982
116.90269209197982
116.90269209197982
116.90269209197982
116.90269209197982
116.90269209197982
116.90269209197982
116.90269209197982
116.90269209197982
116.90269209197982
116.90269209197982
116.90269209197982
116.90269209197982
116.90269209197982
116.90269209197982
116.90269209197982
116.90269209197982
116.90269209197982
116.90269209197982
116.90269209197982
116.90269209197982
116.90269209197982
116.90269209197982
116.90269209197982
124.01850813236119
124.01850813236119
124.01850813236119
124.01850813236119
124.01850813236119
124.01850813236119
124.01850813236119
124.01850813236119
124.01850813236119
124.01850813236119
124.01850813236119
124.01850813236119
124.01850813236119
124.01850813236119
124.01850813236119
124.01850813236119
124.01850813236119
124.01850813236119
124.01850813236119
124.01850813236119
124.01850813236119
124.01850813236119
124.01850813236119
124.01850813236119
122.54627033090298
121.98541783510937
121.98541783510937
121.98541783510937
121.98541783510937
121.98541783510937
121.98541783510937
121.98541783510937
121.98541783510937
121.98541783510937
121.98541783510937
121.98541783510937
121.98541783510937
121.98541783510937
121.98541783510937
121.98541783510937
121.98541783510937
121.98541783510937
121.98541783510937
121.98541783510937
121.98541783510937
121.98541783510937
121.98541783510937
119.18115535614135
117.91923724060572
117.91923724060572
117.91923724060572
117.91923724060572
117.91923724060572
117.91923724060572
117.91923724060572
117.91923724060572
117.91923724060572
117.91923724060572
117.91923724060572
117.91923724060572
117.91923724060572
117.91923724060572
117.91923724060572
117.91923724060572
117.91923724060572
117.91923724060572
117.91923724060572
117.91923724060572
117.91923724060572
115.8861469433539
115.8861469433539
115.8861469433539
115.8861469433539
115.8861469433539
115.8861469433539
115.8861469433539
115.8861469433539
115.8861469433539
115.8861469433539
115.8861469433539
115.8861469433539
115.8861469433539
115.8861469433539
115.8861469433539
115.8861469433539
115.8861469433539
115.8861469433539
115.8861469433539
115.8861469433539
115.8861469433539
115.8861469433539
115.8861469433539
116.1315199102636
123.00196298373528
123.00196298373528
123.00196298373528
123.00196298373528
123.00196298373528
123.00196298373528
123.00196298373528
123.00196298373528
123.00196298373528
123.00196298373528
123.00196298373528
123.00196298373528
123.00196298373528
123.00196298373528
123.00196298373528
123.00196298373528
123.00196298373528
123.00196298373528
123.00196298373528
123.00196298373528
123.00196298373528
123.00196298373528
123.73808188446439
124.01850813236119
124.01850813236119
124.01850813236119
124.01850813236119
124.01850813236119
124.01850813236119
124.01850813236119
124.01850813236119
124.01850813236119
124.01850813236119
124.01850813236119
124.01850813236119
124.01850813236119
124.01850813236119
124.01850813236119
124.01850813236119
124.01850813236119
124.01850813236119
124.01850813236119
124.01850813236119
124.01850813236119
124.01850813236119
124.01850813236119
124.01850813236119
126.05159842961302
126.05159842961302
126.05159842961302
126.05159842961302
126.05159842961302
126.05159842961302
126.05159842961302
126.05159842961302
126.05159842961302
126.05159842961302
126.05159842961302
126.05159842961302
126.05159842961302
126.05159842961302
126.05159842961302
126.05159842961302
126.05159842961302
126.05159842961302
126.05159842961302
126.05159842961302
126.05159842961302
126.05159842961302
126.05159842961302
126.05159842961302
124.5092540661806
121.98541783510937
121.98541783510937
121.98541783510937
121.98541783510937
121.98541783510937
121.98541783510937
121.98541783510937
121.98541783510937
121.98541783510937
121.98541783510937
121.98541783510937
121.98541783510937
121.98541783510937
121.98541783510937
121.98541783510937
121.98541783510937
121.98541783510937
121.98541783510937
121.98541783510937
121.98541783510937
121.98541783510937
121.98541783510937
121.98541783510937
121.98541783510937
121.98541783510937
121.98541783510937
127.06814357823893
127.06814357823893
127.06814357823893
127.06814357823893
127.06814357823893
127.06814357823893
127.06814357823893
127.06814357823893
127.06814357823893
127.06814357823893
127.06814357823893
127.06814357823893
127.06814357823893
127.06814357823893
127.06814357823893
127.06814357823893
127.06814357823893
127.06814357823893
127.06814357823893
127.06814357823893
127.06814357823893
127.06814357823893
127.06814357823893
127.06814357823893
127.06814357823893
127.06814357823893
122.65143017386428
120.96887268648346
120.96887268648346
120.96887268648346
120.96887268648346
120.96887268648346
120.96887268648346
120.96887268648346
120.96887268648346
120.96887268648346
120.96887268648346
120.96887268648346
120.96887268648346
120.96887268648346
120.96887268648346
120.96887268648346
120.96887268648346
120.96887268648346
120.96887268648346
120.96887268648346
120.96887268648346
120.96887268648346
120.96887268648346
120.96887268648346
120.96887268648346
119.42652832305104
118.93578238923163
118.93578238923163
118.93578238923163
118.93578238923163
118.93578238923163
118.93578238923163
118.93578238923163
118.93578238923163
118.93578238923163
118.93578238923163
118.93578238923163
118.93578238923163
118.93578238923163
118.93578238923163
118.93578238923163
118.93578238923163
118.93578238923163
118.93578238923163
118.93578238923163
118.93578238923163
118.93578238923163
118.93578238923163
118.93578238923163
118.93578238923163
118.93578238923163
118.93578238923163
119.18115535614135
126.05159842961302
126.05159842961302
126.05159842961302
126.05159842961302
126.05159842961302
126.05159842961302
126.05159842961302
126.05159842961302
126.05159842961302
126.05159842961302
126.05159842961302
126.05159842961302
126.05159842961302
126.05159842961302
126.05159842961302
126.05159842961302
126.05159842961302
126.05159842961302
126.05159842961302
126.05159842961302
126.05159842961302
126.05159842961302
126.05159842961302
126.05159842961302
126.05159842961302
126.05159842961302
123.5277621985418
119.95232753785754
119.95232753785754
119.95232753785754
119.95232753785754
119.95232753785754
119.95232753785754
119.95232753785754
119.95232753785754
119.95232753785754
119.95232753785754
119.95232753785754
119.95232753785754
119.95232753785754
119.95232753785754
119.95232753785754
119.95232753785754
119.95232753785754
119.95232753785754
119.95232753785754
119.95232753785754
119.95232753785754
119.95232753785754
119.95232753785754
119.95232753785754
119.95232753785754
119.81211441390914
115.8861469433539
115.8861469433539
115.8861469433539
115.8861469433539
115.8861469433539
115.8861469433539
115.8861469433539
115.8861469433539
115.8861469433539
115.8861469433539
115.8861469433539
115.8861469433539
115.8861469433539
115.8861469433539
115.8861469433539
115.8861469433539
115.8861469433539
115.8861469433539
115.8861469433539
115.8861469433539
115.8861469433539
115.8861469433539
115.8861469433539
115.8861469433539
115.8861469433539
115.8861469433539
116.0263600673023
117.91923724060572
117.91923724060572
117.91923724060572
117.91923724060572
117.91923724060572
117.91923724060572
117.91923724060572
117.91923724060572
117.91923724060572
117.91923724060572
117.91923724060572
117.91923724060572
117.91923724060572
117.91923724060572
117.91923724060572
117.91923724060572
117.91923724060572
117.91923724060572
117.91923724060572
117.91923724060572
117.91923724060572
117.91923724060572
117.91923724060572
117.91923724060572
117.91923724060572
119.95232753785754
119.95232753785754
119.95232753785754
119.95232753785754
119.95232753785754
119.95232753785754
119.95232753785754
119.95232753785754
119.95232753785754
119.95232753785754
119.95232753785754
119.95232753785754
119.95232753785754
119.95232753785754
119.95232753785754
119.95232753785754
119.95232753785754
119.95232753785754
119.95232753785754
119.95232753785754
119.95232753785754
119.95232753785754
119.95232753785754
119.95232753785754
119.95232753785754
119.95232753785754
119.95232753785754
121.35445877734156
124.01850813236119
124.01850813236119
124.01850813236119
124.01850813236119
124.01850813236119
124.01850813236119
124.01850813236119
124.01850813236119
124.01850813236119
124.01850813236119
124.01850813236119
124.01850813236119
124.01850813236119
124.01850813236119
124.01850813236119
124.01850813236119
124.01850813236119
124.01850813236119
124.01850813236119
124.01850813236119
124.01850813236119
124.01850813236119
124.01850813236119
124.01850813236119
124.01850813236119
124.12366797532249
125.0350532809871
125.0350532809871
125.0350532809871
125.0350532809871
125.0350532809871
125.0350532809871
125.0350532809871
125.0350532809871
125.0350532809871
125.0350532809871
125.0350532809871
125.0350532809871
125.0350532809871
125.0350532809871
125.0350532809871
125.0350532809871
125.0350532809871
125.0350532809871
125.0350532809871
125.0350532809871
125.0350532809871
125.0350532809871
125.0350532809871
125.0350532809871
125.0350532809871
125.0350532809871
125.0350532809871
121.00392596747056
119.95232753785754
119.95232753785754
119.95232753785754
119.95232753785754
119.95232753785754
119.95232753785754
119.95232753785754
119.95232753785754
119.95232753785754
119.95232753785754
119.95232753785754
119.95232753785754
119.95232753785754
119.95232753785754
119.95232753785754
119.95232753785754
119.95232753785754
119.95232753785754
119.95232753785754
119.95232753785754
119.95232753785754
119.95232753785754
119.95232753785754
119.95232753785754
119.95232753785754
119.95232753785754
119.95232753785754
119.53168816601234
115.8861469433539
115.8861469433539
115.8861469433539
115.8861469433539
115.8861469433539
115.8861469433539
115.8861469433539
115.8861469433539
115.8861469433539
115.8861469433539
115.8861469433539
115.8861469433539
115.8861469433539
115.8861469433539
115.8861469433539
115.8861469433539
115.8861469433539
115.8861469433539
115.8861469433539
115.8861469433539
115.8861469433539
115.8861469433539
115.8861469433539
115.8861469433539
115.8861469433539
115.8861469433539
116.86763881099272
130.11777902411666
130.11777902411666
130.11777902411666
130.11777902411666
130.11777902411666
130.11777902411666
130.11777902411666
130.11777902411666
130.11777902411666
130.11777902411666
130.11777902411666
130.11777902411666
130.11777902411666
130.11777902411666
130.11777902411666
130.11777902411666
130.11777902411666
130.11777902411666
130.11777902411666
130.11777902411666
130.11777902411666
130.11777902411666
130.11777902411666
130.11777902411666
130.11777902411666
130.11777902411666
130.11777902411666
130.11777902411666
130.11777902411666
130.11777902411666
130.11777902411666
130.11777902411666
130.11777902411666
130.11777902411666
130.11777902411666
130.11777902411666
130.11777902411666
130.11777902411666
130.11777902411666
130.11777902411666
130.11777902411666
130.11777902411666
130.11777902411666
130.11777902411666
130.11777902411666
130.11777902411666
130.11777902411666
130.11777902411666
130.11777902411666
130.11777902411666
130.11777902411666
130.11777902411666
130.11777902411666
130.11777902411666
130.11777902411666
130.11777902411666
130.11777902411666
130.11777902411666
130.11777902411666
130.11777902411666
130.11777902411666
130.11777902411666
130.11777902411666
130.11777902411666
130.11777902411666
130.11777902411666
130.11777902411666
130.11777902411666
130.11777902411666
130.11777902411666
130.11777902411666
130.11777902411666
130.11777902411666
130.11777902411666
17.9472798653954
0.0
0.0
0.0
0.0
0.0
0.0
0.0
0.0
0.0
0.0
0.0
54.22742568704431
120.96887268648346
120.96887268648346
120.96887268648346
120.96887268648346
120.96887268648346
120.96887268648346
120.96887268648346
120.96887268648346
120.96887268648346
120.96887268648346
120.96887268648346
120.96887268648346
120.96887268648346
120.96887268648346
120.96887268648346
120.96887268648346
120.96887268648346
120.96887268648346
120.96887268648346
120.96887268648346
120.96887268648346
120.96887268648346
123.24733595064498
126.05159842961302
126.05159842961302
126.05159842961302
126.05159842961302
126.05159842961302
126.05159842961302
126.05159842961302
126.05159842961302
126.05159842961302
126.05159842961302
126.05159842961302
126.05159842961302
126.05159842961302
126.05159842961302
126.05159842961302
126.05159842961302
126.05159842961302
126.05159842961302
126.05159842961302
126.05159842961302
126.05159842961302
126.05159842961302
126.05159842961302
126.05159842961302
126.05159842961302
126.05159842961302
126.05159842961302
125.42063937184521
119.95232753785754
119.95232753785754
119.95232753785754
119.95232753785754
119.95232753785754
119.95232753785754
119.95232753785754
119.95232753785754
119.95232753785754
119.95232753785754
119.95232753785754
119.95232753785754
119.95232753785754
119.95232753785754
119.95232753785754
119.95232753785754
119.95232753785754
119.95232753785754
119.95232753785754
119.95232753785754
119.95232753785754
119.95232753785754
119.95232753785754
119.95232753785754
119.95232753785754
119.95232753785754
119.95232753785754
121.70499158721258
121.98541783510937
121.98541783510937
121.98541783510937
121.98541783510937
121.98541783510937
121.98541783510937
121.98541783510937
121.98541783510937
121.98541783510937
121.98541783510937
121.98541783510937
121.98541783510937
121.98541783510937
121.98541783510937
121.98541783510937
121.98541783510937
121.98541783510937
121.98541783510937
121.98541783510937
121.98541783510937
121.98541783510937
121.98541783510937
121.98541783510937
121.98541783510937
121.98541783510937
121.98541783510937
132.08076275939428
134.18395961862032
134.18395961862032
134.18395961862032
134.18395961862032
134.18395961862032
134.18395961862032
134.18395961862032
134.18395961862032
134.18395961862032
134.18395961862032
134.18395961862032
134.18395961862032
134.18395961862032
134.18395961862032
134.18395961862032
134.18395961862032
134.18395961862032
134.18395961862032
134.18395961862032
134.18395961862032
134.18395961862032
134.18395961862032
134.18395961862032
134.18395961862032
134.18395961862032
134.18395961862032
134.18395961862032
134.18395961862032
134.18395961862032
134.18395961862032
134.18395961862032
134.18395961862032
134.18395961862032
134.18395961862032
134.18395961862032
134.18395961862032
134.18395961862032
134.18395961862032
134.18395961862032
134.18395961862032
134.18395961862032
134.18395961862032
134.18395961862032
