70.71172892373235
70.71172892373235
70.71172892373235
70.71172892373235
70.71172892373235
70.71172892373235
70.71172892373235
70.71172892373235
70.71172892373235
70.71172892373235
70.71172892373235
70.71172892373235
70.71172892373235
72.09521927224016
73.7422315918923
73.7422315918923
73.7422315918923
73.7422315918923
73.7422315918923
73.7422315918923
73.7422315918923
73.7422315918923
73.7422315918923
73.7422315918923
73.7422315918923
73.7422315918923
73.7422315918923
73.7422315918923
73.7422315918923
74.51083734106331
74.75239914794562
74.75239914794562
74.75239914794562
74.75239914794562
74.75239914794562
74.75239914794562
74.75239914794562
74.75239914794562
74.75239914794562
74.75239914794562
74.75239914794562
74.75239914794562
74.75239914794562
74.75239914794562
74.75239914794562
75.05984144761403
76.77273426005226
76.77273426005226
76.77273426005226
76.77273426005226
76.77273426005226
76.77273426005226
76.77273426005226
76.77273426005226
76.77273426005226
76.77273426005226
76.77273426005226
76.77273426005226
76.77273426005226
76.77273426005226
76.77273426005226
76.77273426005226
76.44333179612184
73.7422315918923
73.7422315918923
73.7422315918923
73.7422315918923
73.7422315918923
73.7422315918923
73.7422315918923
73.7422315918923
73.7422315918923
73.7422315918923
73.7422315918923
73.7422315918923
73.7422315918923
73.7422315918923
73.7422315918923
73.7422315918923
72.75402420010101
70.71172892373235
70.71172892373235
70.71172892373235
70.71172892373235
70.71172892373235
70.71172892373235
70.71172892373235
70.71172892373235
70.71172892373235
70.71172892373235
70.71172892373235
70.71172892373235
70.71172892373235
70.71172892373235
73.9618332345126
74.75239914794562
74.75239914794562
74.75239914794562
74.75239914794562
74.75239914794562
74.75239914794562
74.75239914794562
74.75239914794562
74.75239914794562
74.75239914794562
74.75239914794562
74.75239914794562
74.75239914794562
74.90612029777984
75.76256670399894
75.76256670399894
75.76256670399894
75.76256670399894
75.76256670399894
75.76256670399894
75.76256670399894
75.76256670399894
75.76256670399894
75.76256670399894
75.76256670399894
75.76256670399894
75.76256670399894
75.76256670399894
78.28798559413225
80.81340448426555
80.81340448426555
80.81340448426555
80.81340448426555
80.81340448426555
80.81340448426555
80.81340448426555
80.81340448426555
80.81340448426555
80.81340448426555
80.81340448426555
80.81340448426555
80.81340448426555
80.81340448426555
80.81340448426555
80.63772317016931
78.79306937215891
78.79306937215891
78.79306937215891
78.79306937215891
78.79306937215891
78.79306937215891
78.79306937215891
78.79306937215891
78.79306937215891
78.79306937215891
78.79306937215891
78.79306937215891
78.79306937215891
78.79306937215891
78.79306937215891
78.79306937215891
76.81665458857633
75.76256670399894
75.76256670399894
75.76256670399894
75.76256670399894
75.76256670399894
75.76256670399894
75.76256670399894
75.76256670399894
75.76256670399894
75.76256670399894
75.76256670399894
75.76256670399894
75.76256670399894
75.76256670399894
75.76256670399894
75.76256670399894
75.76256670399894
75.08180161187606
74.75239914794562
74.75239914794562
74.75239914794562
74.75239914794562
72.00737861519204
69.70156136767903
69.70156136767903
69.70156136767903
69.70156136767903
69.70156136767903
69.70156136767903
69.70156136767903
69.70156136767903
71.23877286602104
79.80323692821223
79.80323692821223
79.80323692821223
79.80323692821223
79.80323692821223
79.80323692821223
79.80323692821223
79.80323692821223
79.80323692821223
79.80323692821223
79.80323692821223
79.80323692821223
79.80323692821223
79.80323692821223
79.80323692821223
79.80323692821223
79.80323692821223
79.80323692821223
79.80323692821223
79.80323692821223
79.80323692821223
79.80323692821223
79.80323692821223
79.80323692821223
79.80323692821223
79.80323692821223
79.80323692821223
79.80323692821223
79.80323692821223
79.80323692821223
79.80323692821223
79.80323692821223
79.80323692821223
79.80323692821223
79.80323692821223
79.80323692821223
79.80323692821223
80.90124514131365
81.82357204031887
81.82357204031887
81.82357204031887
81.82357204031887
81.82357204031887
81.82357204031887
81.82357204031887
81.82357204031887
81.82357204031887
81.82357204031887
81.82357204031887
81.82357204031887
81.82357204031887
81.82357204031887
81.82357204031887
81.82357204031887
81.82357204031887
80.46204185607309
79.80323692821223
79.80323692821223
79.80323692821223
79.80323692821223
79.80323692821223
79.80323692821223
79.80323692821223
79.80323692821223
79.80323692821223
79.80323692821223
79.80323692821223
79.80323692821223
79.80323692821223
79.80323692821223
79.80323692821223
79.80323692821223
77.60722050200935
74.75239914794562
74.75239914794562
74.75239914794562
74.75239914794562
74.75239914794562
81.86749236884292
83.8439071524255
83.8439071524255
83.8439071524255
83.8439071524255
83.8439071524255
83.8439071524255
83.8439071524255
83.8439071524255
83.8439071524255
83.8439071524255
80.76948415574148
76.77273426005226
76.77273426005226
76.77273426005226
76.77273426005226
76.77273426005226
76.77273426005226
76.77273426005226
76.77273426005226
76.77273426005226
76.77273426005226
76.77273426005226
76.77273426005226
76.77273426005226
76.77273426005226
76.77273426005226
76.77273426005226
76.77273426005226
76.77273426005226
76.77273426005226
76.77273426005226
76.77273426005226
76.77273426005226
76.77273426005226
76.77273426005226
76.77273426005226
76.77273426005226
76.77273426005226
76.77273426005226
76.77273426005226
76.77273426005226
77.78290181610559
77.78290181610559
77.78290181610559
77.78290181610559
77.78290181610559
77.78290181610559
77.78290181610559
77.78290181610559
77.78290181610559
77.78290181610559
77.78290181610559
77.78290181610559
77.78290181610559
77.78290181610559
77.78290181610559
77.78290181610559
77.78290181610559
77.78290181610559
77.78290181610559
77.78290181610559
77.78290181610559
77.78290181610559
77.78290181610559
77.78290181610559
77.78290181610559
77.78290181610559
77.78290181610559
77.78290181610559
77.78290181610559
77.78290181610559
77.78290181610559
77.78290181610559
77.78290181610559
77.78290181610559
77.78290181610559
77.78290181610559
77.78290181610559
77.78290181610559
77.78290181610559
77.78290181610559
77.78290181610559
77.78290181610559
77.78290181610559
77.78290181610559
77.78290181610559
77.78290181610559
25.363989722643126
0.0
42.42703735423941
84.85407470847882
84.85407470847882
84.85407470847882
84.85407470847882
84.85407470847882
84.85407470847882
84.85407470847882
84.85407470847882
84.85407470847882
84.85407470847882
84.85407470847882
84.85407470847882
84.85407470847882
84.85407470847882
84.85407470847882
84.85407470847882
85.13955684388519
85.86424226453214
85.86424226453214
85.86424226453214
85.86424226453214
85.86424226453214
85.86424226453214
85.86424226453214
85.86424226453214
85.86424226453214
85.86424226453214
85.86424226453214
85.86424226453214
85.86424226453214
85.86424226453214
85.86424226453214
85.86424226453214
85.86424226453214
85.86424226453214
85.86424226453214
85.86424226453214
85.86424226453214
85.86424226453214
85.86424226453214
85.86424226453214
85.86424226453214
85.86424226453214
85.86424226453214
85.86424226453214
85.86424226453214
85.86424226453214
85.86424226453214
85.86424226453214
85.86424226453214
85.86424226453214
85.86424226453214
88.82886443990601
88.89474493269209
88.89474493269209
88.89474493269209
88.89474493269209
88.89474493269209
88.89474493269209
88.89474493269209
88.89474493269209
88.89474493269209
88.89474493269209
88.89474493269209
88.89474493269209
88.89474493269209
88.89474493269209
88.89474493269209
88.89474493269209
88.69710345433384
85.86424226453214
85.86424226453214
85.86424226453214
85.86424226453214
85.86424226453214
85.86424226453214
85.86424226453214
85.86424226453214
85.86424226453214
85.86424226453214
85.86424226453214
85.86424226453214
85.86424226453214
85.86424226453214
85.86424226453214
85.86424226453214
85.86424226453214
85.86424226453214
85.86424226453214
85.86424226453214
85.86424226453214
85.86424226453214
85.86424226453214
85.86424226453214
85.86424226453214
85.86424226453214
85.86424226453214
85.86424226453214
85.86424226453214
85.86424226453214
85.86424226453214
85.86424226453214
85.86424226453214
84.94191536552694
84.85407470847882
84.85407470847882
84.85407470847882
84.85407470847882
84.85407470847882
84.85407470847882
84.85407470847882
84.85407470847882
84.85407470847882
84.85407470847882
84.85407470847882
84.85407470847882
84.85407470847882
84.85407470847882
84.85407470847882
84.74427388716867
83.8439071524255
83.8439071524255
83.8439071524255
83.8439071524255
83.8439071524255
83.8439071524255
83.8439071524255
83.8439071524255
83.8439071524255
83.8439071524255
83.8439071524255
83.8439071524255
83.8439071524255
83.8439071524255
84.28311043766608
85.86424226453214
85.86424226453214
85.86424226453214
85.86424226453214
85.86424226453214
85.86424226453214
85.86424226453214
85.86424226453214
89.15826690383645
90.91508004479874
90.91508004479874
90.91508004479874
90.91508004479874
90.91508004479874
90.91508004479874
89.07042624678833
83.8439071524255
83.8439071524255
83.8439071524255
83.8439071524255
83.8439071524255
83.8439071524255
83.8439071524255
83.8439071524255
83.8439071524255
83.8439071524255
83.8439071524255
83.8439071524255
83.8439071524255
83.8439071524255
83.8439071524255
83.8439071524255
79.34207347870962
78.79306937215891
78.79306937215891
78.79306937215891
78.79306937215891
78.79306937215891
78.79306937215891
78.79306937215891
78.79306937215891
78.79306937215891
78.79306937215891
78.79306937215891
78.79306937215891
78.79306937215891
78.79306937215891
78.79306937215891
82.65805828227596
82.83373959637218
82.83373959637218
82.83373959637218
82.83373959637218
82.83373959637218
82.83373959637218
82.83373959637218
82.83373959637218
82.83373959637218
82.83373959637218
82.83373959637218
82.83373959637218
82.83373959637218
82.83373959637218
82.83373959637218
83.09726156751653
84.85407470847882
84.85407470847882
84.85407470847882
84.85407470847882
84.85407470847882
84.85407470847882
84.85407470847882
84.85407470847882
84.85407470847882
84.85407470847882
84.85407470847882
84.85407470847882
84.85407470847882
84.85407470847882
84.85407470847882
84.85407470847882
83.79998682390145
82.83373959637218
82.83373959637218
82.83373959637218
82.83373959637218
82.83373959637218
82.83373959637218
82.83373959637218
82.83373959637218
82.83373959637218
82.83373959637218
82.83373959637218
82.83373959637218
82.83373959637218
82.83373959637218
82.83373959637218
82.83373959637218
82.10905417572523
81.82357204031887
81.82357204031887
81.82357204031887
81.82357204031887
81.82357204031887
81.82357204031887
81.82357204031887
81.82357204031887
81.82357204031887
81.82357204031887
81.82357204031887
81.82357204031887
81.82357204031887
81.82357204031887
81.82357204031887
81.71377121900872
80.81340448426555
80.81340448426555
80.81340448426555
80.81340448426555
80.81340448426555
81.73573138327075
86.87440982058546
86.87440982058546
86.87440982058546
86.87440982058546
86.87440982058546
86.87440982058546
86.87440982058546
86.87440982058546
85.11759667962316
78.79306937215891
78.79306937215891
78.79306937215891
78.79306937215891
78.79306937215891
78.79306937215891
78.79306937215891
78.79306937215891
78.79306937215891
78.79306937215891
78.79306937215891
78.79306937215891
78.79306937215891
78.79306937215891
78.79306937215891
79.75931659968816
80.81340448426555
80.81340448426555
80.81340448426555
80.81340448426555
80.81340448426555
80.81340448426555
80.81340448426555
80.81340448426555
80.81340448426555
80.81340448426555
80.81340448426555
80.81340448426555
80.81340448426555
80.81340448426555
80.81340448426555
79.89107758526033
77.78290181610559
77.78290181610559
77.78290181610559
77.78290181610559
77.78290181610559
77.78290181610559
77.78290181610559
77.78290181610559
77.78290181610559
77.78290181610559
77.78290181610559
77.78290181610559
77.78290181610559
77.78290181610559
77.78290181610559
79.56167512132991
80.81340448426555
80.81340448426555
80.81340448426555
80.81340448426555
80.81340448426555
80.81340448426555
80.81340448426555
80.81340448426555
80.81340448426555
80.81340448426555
80.81340448426555
80.81340448426555
80.81340448426555
80.81340448426555
80.81340448426555
80.81340448426555
80.81340448426555
80.81340448426555
80.81340448426555
80.81340448426555
80.81340448426555
80.81340448426555
80.81340448426555
80.81340448426555
80.81340448426555
80.81340448426555
80.81340448426555
80.81340448426555
80.81340448426555
80.81340448426555
80.81340448426555
83.62430550980521
84.85407470847882
84.85407470847882
84.85407470847882
84.85407470847882
84.85407470847882
84.85407470847882
84.85407470847882
84.85407470847882
84.85407470847882
84.85407470847882
84.85407470847882
84.85407470847882
84.85407470847882
84.85407470847882
84.85407470847882
83.93174780947362
81.82357204031887
81.82357204031887
81.82357204031887
81.82357204031887
81.82357204031887
81.82357204031887
81.82357204031887
81.82357204031887
81.82357204031887
81.82357204031887
81.82357204031887
81.82357204031887
81.82357204031887
81.82357204031887
81.82357204031887
83.71214616685333
83.8439071524255
83.8439071524255
83.8439071524255
83.8439071524255
83.8439071524255
83.8439071524255
83.8439071524255
83.8439071524255
83.8439071524255
83.8439071524255
83.8439071524255
83.8439071524255
83.8439071524255
83.8439071524255
83.8439071524255
83.8439071524255
83.8439071524255
83.8439071524255
83.8439071524255
83.8439071524255
83.8439071524255
83.8439071524255
83.8439071524255
83.8439071524255
83.8439071524255
83.8439071524255
83.8439071524255
83.8439071524255
83.8439071524255
83.8439071524255
83.8439071524255
81.20868744098206
79.80323692821223
79.80323692821223
79.80323692821223
79.80323692821223
79.80323692821223
79.80323692821223
79.80323692821223
79.80323692821223
79.80323692821223
79.80323692821223
79.80323692821223
79.80323692821223
79.80323692821223
79.80323692821223
79.80323692821223
79.84715725673628
81.82357204031887
81.82357204031887
81.82357204031887
81.82357204031887
81.82357204031887
81.82357204031887
81.82357204031887
81.82357204031887
81.82357204031887
81.82357204031887
81.82357204031887
81.82357204031887
81.82357204031887
81.82357204031887
81.82357204031887
81.82357204031887
81.82357204031887
82.65805828227596
82.83373959637218
82.83373959637218
82.83373959637218
82.83373959637218
82.83373959637218
82.83373959637218
82.83373959637218
82.83373959637218
82.83373959637218
82.83373959637218
82.83373959637218
82.83373959637218
82.83373959637218
82.83373959637218
82.83373959637218
83.27294288161275
83.8439071524255
83.8439071524255
83.8439071524255
83.8439071524255
83.8439071524255
83.8439071524255
83.8439071524255
83.8439071524255
83.8439071524255
83.8439071524255
83.8439071524255
83.8439071524255
83.8439071524255
83.8439071524255
83.8439071524255
83.8439071524255
83.8439071524255
82.70197861080001
81.82357204031887
81.82357204031887
81.82357204031887
81.82357204031887
81.82357204031887
81.82357204031887
81.82357204031887
81.82357204031887
81.82357204031887
81.82357204031887
81.82357204031887
81.82357204031887
81.82357204031887
81.82357204031887
81.82357204031887
84.39291125897621
84.85407470847882
84.85407470847882
84.85407470847882
84.85407470847882
84.85407470847882
84.85407470847882
84.85407470847882
84.85407470847882
84.85407470847882
84.85407470847882
84.85407470847882
84.85407470847882
84.85407470847882
84.85407470847882
85.02975602257506
86.87440982058546
86.87440982058546
86.87440982058546
86.87440982058546
86.87440982058546
86.87440982058546
86.87440982058546
86.87440982058546
86.87440982058546
86.87440982058546
86.87440982058546
86.87440982058546
86.87440982058546
86.87440982058546
86.87440982058546
87.1379317917298
88.89474493269209
88.89474493269209
88.89474493269209
88.89474493269209
88.89474493269209
88.89474493269209
88.89474493269209
88.89474493269209
88.89474493269209
88.89474493269209
88.89474493269209
88.89474493269209
88.89474493269209
88.89474493269209
88.89474493269209
88.89474493269209
88.56534246876167
87.88457737663877
87.88457737663877
87.88457737663877
87.88457737663877
87.88457737663877
87.88457737663877
87.88457737663877
87.88457737663877
87.88457737663877
87.88457737663877
87.88457737663877
87.88457737663877
87.88457737663877
87.88457737663877
87.88457737663877
87.88457737663877
87.88457737663877
86.96225047763357
86.87440982058546
86.87440982058546
86.87440982058546
86.87440982058546
86.87440982058546
86.87440982058546
86.87440982058546
86.87440982058546
86.87440982058546
86.87440982058546
86.87440982058546
86.87440982058546
86.87440982058546
86.87440982058546
86.87440982058546
85.95208292158026
85.86424226453214
85.86424226453214
85.86424226453214
85.86424226453214
85.86424226453214
85.86424226453214
85.86424226453214
85.86424226453214
85.86424226453214
85.86424226453214
85.86424226453214
85.86424226453214
85.86424226453214
85.86424226453214
85.86424226453214
84.7662340514307
75.76256670399894
75.76256670399894
75.76256670399894
75.76256670399894
75.76256670399894
75.76256670399894
75.76256670399894
75.76256670399894
75.76256670399894
75.76256670399894
75.76256670399894
75.76256670399894
75.76256670399894
75.76256670399894
75.76256670399894
68.66943364736369
56.569383138985884
56.569383138985884
56.569383138985884
