82.34015703869882
82.34015703869882
82.34015703869882
82.34015703869882
82.34015703869882
82.34015703869882
82.34015703869882
82.34015703869882
82.34015703869882
82.34015703869882
82.34015703869882
82.34015703869882
82.34015703869882
82.34015703869882
82.34015703869882
82.34015703869882
82.34015703869882
82.34015703869882
82.34015703869882
82.34015703869882
82.34015703869882
82.34015703869882
82.34015703869882
82.34015703869882
82.34015703869882
82.34015703869882
82.34015703869882
82.34015703869882
80.3771733034212
80.307066741447
80.307066741447
80.307066741447
80.307066741447
80.307066741447
80.307066741447
80.307066741447
80.307066741447
80.307066741447
80.307066741447
80.307066741447
80.307066741447
80.307066741447
80.307066741447
80.307066741447
80.307066741447
80.307066741447
80.307066741447
80.307066741447
80.307066741447
80.307066741447
80.307066741447
80.307066741447
80.307066741447
80.307066741447
80.307066741447
80.307066741447
80.307066741447
80.307066741447
80.307066741447
80.307066741447
80.307066741447
80.307066741447
80.307066741447
80.307066741447
80.307066741447
80.307066741447
80.307066741447
80.307066741447
80.307066741447
80.307066741447
80.307066741447
80.307066741447
80.307066741447
80.307066741447
80.307066741447
80.307066741447
80.307066741447
80.307066741447
80.307066741447
80.307066741447
80.307066741447
80.307066741447
80.307066741447
80.307066741447
80.307066741447
80.307066741447
81.35866517106001
82.34015703869882
82.34015703869882
82.34015703869882
82.34015703869882
82.34015703869882
82.34015703869882
82.34015703869882
82.34015703869882
82.34015703869882
82.34015703869882
82.34015703869882
82.34015703869882
82.34015703869882
82.34015703869882
82.34015703869882
82.34015703869882
82.34015703869882
82.34015703869882
82.34015703869882
82.34015703869882
82.34015703869882
82.34015703869882
82.34015703869882
82.34015703869882
82.34015703869882
82.34015703869882
82.34015703869882
82.34015703869882
76.24088614694335
76.24088614694335
76.24088614694335
76.24088614694335
76.24088614694335
76.24088614694335
76.24088614694335
76.24088614694335
76.24088614694335
76.24088614694335
76.24088614694335
76.24088614694335
76.24088614694335
76.24088614694335
76.24088614694335
76.24088614694335
76.24088614694335
76.24088614694335
76.24088614694335
76.24088614694335
76.24088614694335
76.24088614694335
76.24088614694335
76.24088614694335
76.24088614694335
76.24088614694335
76.24088614694335
76.31099270891755
78.27397644419518
78.27397644419518
78.27397644419518
78.27397644419518
78.27397644419518
78.27397644419518
78.27397644419518
78.27397644419518
78.27397644419518
78.27397644419518
78.27397644419518
78.27397644419518
78.27397644419518
78.27397644419518
78.27397644419518
78.27397644419518
78.27397644419518
78.27397644419518
78.27397644419518
78.27397644419518
78.27397644419518
78.27397644419518
78.27397644419518
78.27397644419518
78.27397644419518
78.27397644419518
78.27397644419518
80.307066741447
80.307066741447
80.307066741447
80.307066741447
80.307066741447
80.307066741447
80.307066741447
80.307066741447
80.307066741447
80.307066741447
80.307066741447
80.307066741447
80.307066741447
80.307066741447
80.307066741447
80.307066741447
80.307066741447
80.307066741447
80.307066741447
80.307066741447
80.307066741447
80.307066741447
80.307066741447
80.307066741447
80.307066741447
80.307066741447
80.307066741447
82.51542344363433
83.35670218732474
83.35670218732474
83.35670218732474
83.35670218732474
83.35670218732474
83.35670218732474
83.35670218732474
83.35670218732474
83.35670218732474
83.35670218732474
83.35670218732474
83.35670218732474
83.35670218732474
83.35670218732474
83.35670218732474
83.35670218732474
83.35670218732474
83.35670218732474
83.35670218732474
83.35670218732474
83.35670218732474
83.35670218732474
83.35670218732474
83.35670218732474
84.75883342680875
85.38979248457656
85.38979248457656
85.38979248457656
85.38979248457656
85.38979248457656
85.38979248457656
85.38979248457656
85.38979248457656
85.38979248457656
85.38979248457656
85.38979248457656
85.38979248457656
85.38979248457656
85.38979248457656
85.38979248457656
85.38979248457656
85.38979248457656
85.38979248457656
85.38979248457656
85.38979248457656
85.38979248457656
85.38979248457656
85.38979248457656
81.70919798093102
80.307066741447
80.307066741447
80.307066741447
80.307066741447
80.307066741447
80.307066741447
80.307066741447
80.307066741447
80.307066741447
80.307066741447
80.307066741447
80.307066741447
80.307066741447
80.307066741447
80.307066741447
80.307066741447
80.307066741447
80.307066741447
80.307066741447
80.307066741447
82.23499719573752
85.38979248457656
85.38979248457656
85.38979248457656
85.38979248457656
85.38979248457656
85.38979248457656
85.38979248457656
85.38979248457656
85.38979248457656
85.38979248457656
85.38979248457656
85.38979248457656
85.38979248457656
85.38979248457656
85.38979248457656
85.38979248457656
85.38979248457656
85.38979248457656
85.38979248457656
85.38979248457656
85.38979248457656
85.38979248457656
84.65367358384745
84.37324733595065
84.37324733595065
84.37324733595065
84.37324733595065
84.37324733595065
84.37324733595065
84.37324733595065
84.37324733595065
84.37324733595065
84.37324733595065
84.37324733595065
84.37324733595065
84.37324733595065
84.37324733595065
84.37324733595065
84.37324733595065
84.37324733595065
84.37324733595065
84.37324733595065
84.37324733595065
84.37324733595065
84.19798093101515
79.2905215928211
79.2905215928211
79.2905215928211
79.2905215928211
79.2905215928211
79.2905215928211
79.2905215928211
79.2905215928211
79.2905215928211
79.2905215928211
79.2905215928211
79.2905215928211
79.2905215928211
79.2905215928211
79.2905215928211
79.2905215928211
79.2905215928211
79.2905215928211
79.2905215928211
79.2905215928211
79.2905215928211
79.2905215928211
79.2905215928211
79.2905215928211
79.64105440269209
80.307066741447
80.307066741447
80.307066741447
80.307066741447
80.307066741447
80.307066741447
80.307066741447
80.307066741447
80.307066741447
80.307066741447
80.307066741447
80.307066741447
80.307066741447
80.307066741447
80.307066741447
80.307066741447
80.307066741447
80.307066741447
80.307066741447
80.307066741447
80.307066741447
80.307066741447
80.307066741447
80.307066741447
80.2720134604599
79.2905215928211
79.2905215928211
79.2905215928211
79.2905215928211
79.2905215928211
79.2905215928211
79.2905215928211
79.2905215928211
79.2905215928211
79.2905215928211
79.2905215928211
79.2905215928211
79.2905215928211
79.2905215928211
79.2905215928211
79.2905215928211
79.2905215928211
79.2905215928211
79.2905215928211
79.2905215928211
79.2905215928211
79.2905215928211
79.2905215928211
79.2905215928211
79.2905215928211
79.2905215928211
79.2905215928211
77.74817722938867
75.22434099831744
75.22434099831744
75.22434099831744
75.22434099831744
75.22434099831744
75.22434099831744
75.22434099831744
75.22434099831744
75.22434099831744
75.22434099831744
75.22434099831744
75.22434099831744
75.22434099831744
75.22434099831744
75.22434099831744
75.22434099831744
75.22434099831744
75.22434099831744
75.22434099831744
75.22434099831744
75.22434099831744
75.22434099831744
75.22434099831744
75.22434099831744
75.22434099831744
75.99551318003365
77.25743129556926
77.25743129556926
77.25743129556926
77.25743129556926
77.25743129556926
77.25743129556926
77.25743129556926
77.25743129556926
77.25743129556926
77.25743129556926
77.25743129556926
77.25743129556926
77.25743129556926
77.25743129556926
77.25743129556926
77.25743129556926
77.25743129556926
77.25743129556926
77.25743129556926
77.25743129556926
77.25743129556926
77.25743129556926
77.25743129556926
77.25743129556926
77.18732473359506
75.22434099831744
75.22434099831744
75.22434099831744
75.22434099831744
75.22434099831744
75.22434099831744
75.22434099831744
75.22434099831744
75.22434099831744
75.22434099831744
75.22434099831744
75.22434099831744
75.22434099831744
75.22434099831744
75.22434099831744
75.22434099831744
75.22434099831744
75.22434099831744
75.22434099831744
75.22434099831744
75.22434099831744
75.22434099831744
75.22434099831744
75.22434099831744
75.22434099831744
75.22434099831744
74.80370162647225
74.20779584969154
74.20779584969154
74.20779584969154
74.20779584969154
74.20779584969154
74.20779584969154
74.20779584969154
74.20779584969154
74.20779584969154
74.20779584969154
74.20779584969154
74.20779584969154
74.20779584969154
74.20779584969154
74.20779584969154
74.20779584969154
74.20779584969154
74.20779584969154
74.20779584969154
74.20779584969154
74.20779584969154
74.20779584969154
74.20779584969154
74.20779584969154
74.20779584969154
74.31295569265284
77.25743129556926
77.25743129556926
77.25743129556926
77.25743129556926
77.25743129556926
77.25743129556926
77.25743129556926
77.25743129556926
77.25743129556926
77.25743129556926
77.25743129556926
77.25743129556926
77.25743129556926
77.25743129556926
77.25743129556926
77.25743129556926
77.25743129556926
77.25743129556926
77.25743129556926
77.25743129556926
77.25743129556926
77.25743129556926
77.25743129556926
77.25743129556926
77.25743129556926
77.25743129556926
76.62647223780147
76.24088614694335
76.24088614694335
76.24088614694335
76.24088614694335
76.24088614694335
76.24088614694335
76.24088614694335
76.24088614694335
76.24088614694335
76.24088614694335
76.24088614694335
76.24088614694335
76.24088614694335
76.24088614694335
76.24088614694335
76.24088614694335
76.24088614694335
76.24088614694335
76.24088614694335
76.24088614694335
76.24088614694335
76.24088614694335
76.24088614694335
76.24088614694335
76.24088614694335
76.24088614694335
76.24088614694335
76.24088614694335
76.24088614694335
76.24088614694335
76.24088614694335
76.24088614694335
76.24088614694335
76.24088614694335
76.24088614694335
76.24088614694335
76.24088614694335
76.24088614694335
76.24088614694335
76.24088614694335
76.24088614694335
76.24088614694335
76.24088614694335
76.24088614694335
76.24088614694335
76.24088614694335
76.24088614694335
76.24088614694335
76.24088614694335
76.24088614694335
76.24088614694335
76.24088614694335
77.50280426247897
80.307066741447
80.307066741447
80.307066741447
80.307066741447
80.307066741447
80.307066741447
80.307066741447
80.307066741447
80.307066741447
80.307066741447
80.307066741447
80.307066741447
80.307066741447
80.307066741447
80.307066741447
80.307066741447
80.307066741447
80.307066741447
80.307066741447
80.307066741447
80.307066741447
80.307066741447
80.307066741447
80.307066741447
80.2369601794728
79.2905215928211
79.2905215928211
79.2905215928211
79.2905215928211
79.2905215928211
79.2905215928211
79.2905215928211
79.2905215928211
79.2905215928211
79.2905215928211
79.2905215928211
79.2905215928211
79.2905215928211
79.2905215928211
79.2905215928211
79.2905215928211
79.2905215928211
79.2905215928211
79.2905215928211
79.2905215928211
79.2905215928211
79.2905215928211
79.2905215928211
79.2905215928211
79.2905215928211
79.2905215928211
79.2905215928211
79.2905215928211
80.0967470555244
80.307066741447
80.307066741447
80.307066741447
80.307066741447
80.307066741447
80.307066741447
80.307066741447
80.307066741447
80.307066741447
80.307066741447
80.307066741447
80.307066741447
80.307066741447
80.307066741447
80.307066741447
80.307066741447
80.307066741447
80.307066741447
80.307066741447
80.307066741447
80.307066741447
80.307066741447
80.307066741447
80.307066741447
80.307066741447
80.3771733034212
81.32361189007291
81.32361189007291
81.32361189007291
81.32361189007291
81.32361189007291
81.32361189007291
81.32361189007291
81.32361189007291
81.32361189007291
81.32361189007291
81.32361189007291
81.32361189007291
81.32361189007291
81.32361189007291
81.32361189007291
81.32361189007291
81.32361189007291
81.32361189007291
81.32361189007291
81.32361189007291
81.32361189007291
81.32361189007291
81.32361189007291
81.32361189007291
81.32361189007291
81.32361189007291
81.32361189007291
80.76275939427931
77.25743129556926
77.25743129556926
77.25743129556926
77.25743129556926
77.25743129556926
77.25743129556926
77.25743129556926
77.25743129556926
77.25743129556926
77.25743129556926
77.25743129556926
77.25743129556926
77.25743129556926
77.25743129556926
77.25743129556926
77.25743129556926
77.25743129556926
77.25743129556926
77.25743129556926
77.25743129556926
77.25743129556926
77.25743129556926
77.25743129556926
77.25743129556926
77.25743129556926
77.25743129556926
77.25743129556926
77.81828379136287
81.32361189007291
81.32361189007291
81.32361189007291
81.32361189007291
81.32361189007291
81.32361189007291
81.32361189007291
81.32361189007291
81.32361189007291
81.32361189007291
81.32361189007291
81.32361189007291
81.32361189007291
81.32361189007291
81.32361189007291
81.32361189007291
81.32361189007291
81.32361189007291
81.32361189007291
81.32361189007291
81.32361189007291
81.32361189007291
81.32361189007291
81.32361189007291
81.32361189007291
81.32361189007291
81.32361189007291
79.64105440269209
77.25743129556926
77.25743129556926
77.25743129556926
77.25743129556926
77.25743129556926
77.25743129556926
77.25743129556926
77.25743129556926
77.25743129556926
77.25743129556926
77.25743129556926
77.25743129556926
77.25743129556926
77.25743129556926
77.25743129556926
77.25743129556926
77.25743129556926
77.25743129556926
77.25743129556926
77.25743129556926
77.25743129556926
77.25743129556926
77.25743129556926
77.25743129556926
77.25743129556926
77.25743129556926
77.25743129556926
78.23892316320809
79.2905215928211
79.2905215928211
79.2905215928211
79.2905215928211
79.2905215928211
79.2905215928211
79.2905215928211
79.2905215928211
79.2905215928211
79.2905215928211
79.2905215928211
79.2905215928211
79.2905215928211
79.2905215928211
79.2905215928211
79.2905215928211
79.2905215928211
79.2905215928211
79.2905215928211
79.2905215928211
79.2905215928211
79.2905215928211
79.2905215928211
79.2905215928211
79.2905215928211
79.2905215928211
79.2905215928211
79.2905215928211
79.2905215928211
79.2905215928211
79.2905215928211
79.2905215928211
79.2905215928211
79.2905215928211
79.2905215928211
79.2905215928211
79.2905215928211
79.2905215928211
79.2905215928211
79.2905215928211
79.2905215928211
79.2905215928211
79.2905215928211
79.2905215928211
79.2905215928211
79.2905215928211
79.2905215928211
79.2905215928211
79.2905215928211
79.2905215928211
79.2905215928211
79.2905215928211
79.2905215928211
79.2905215928211
78.76472237801458
78.27397644419518
78.27397644419518
78.27397644419518
78.27397644419518
78.27397644419518
78.27397644419518
78.27397644419518
78.27397644419518
78.27397644419518
78.27397644419518
78.27397644419518
78.27397644419518
78.27397644419518
78.27397644419518
78.27397644419518
78.27397644419518
78.27397644419518
78.27397644419518
78.27397644419518
78.27397644419518
78.27397644419518
78.27397644419518
78.27397644419518
78.27397644419518
78.27397644419518
78.27397644419518
80.90297251822771
83.35670218732474
83.35670218732474
83.35670218732474
83.35670218732474
83.35670218732474
83.35670218732474
83.35670218732474
83.35670218732474
83.35670218732474
83.35670218732474
83.35670218732474
83.35670218732474
83.35670218732474
83.35670218732474
83.35670218732474
83.35670218732474
83.35670218732474
83.35670218732474
83.35670218732474
83.35670218732474
83.35670218732474
83.35670218732474
83.35670218732474
83.35670218732474
83.35670218732474
83.35670218732474
83.35670218732474
82.83090297251823
82.34015703869882
82.34015703869882
82.34015703869882
82.34015703869882
82.34015703869882
82.34015703869882
82.34015703869882
82.34015703869882
82.34015703869882
82.34015703869882
82.34015703869882
82.34015703869882
82.34015703869882
82.34015703869882
82.34015703869882
82.34015703869882
82.34015703869882
82.34015703869882
82.34015703869882
82.34015703869882
82.34015703869882
82.34015703869882
82.34015703869882
82.34015703869882
82.34015703869882
82.34015703869882
79.81632080762759
79.2905215928211
79.2905215928211
79.2905215928211
79.2905215928211
79.2905215928211
79.2905215928211
79.2905215928211
79.2905215928211
79.2905215928211
79.2905215928211
79.2905215928211
79.2905215928211
79.2905215928211
79.2905215928211
79.2905215928211
79.2905215928211
79.2905215928211
79.2905215928211
79.2905215928211
79.2905215928211
79.2905215928211
79.2905215928211
79.2905215928211
79.2905215928211
79.2905215928211
79.2905215928211
80.3421200224341
81.32361189007291
81.32361189007291
81.32361189007291
81.32361189007291
81.32361189007291
81.32361189007291
81.32361189007291
81.32361189007291
81.32361189007291
81.32361189007291
81.32361189007291
81.32361189007291
81.32361189007291
81.32361189007291
81.32361189007291
81.32361189007291
81.32361189007291
81.32361189007291
81.32361189007291
