88.94613583138172
87.9391100702576
87.6112412177986
87.58782201405151
86.95550351288055
88.59484777517564
95.94847775175643
120.18735362997657
112.92740046838406
101.0304449648712
95.62060889929742
94.51990632318501
93.86416861826697
95.33957845433255
99.50819672131146
96.46370023419203
91.52224824355972
89.83606557377048
88.8758782201405
88.89929742388759
88.6182669789227
88.82903981264636
92.10772833723652
110.18735362997657
118.17330210772833
105.12880562060889
95.24590163934425
92.15456674473067
92.38875878220139
95.4566744730679
99.15690866510538
98.17330210772833
92.20140515222482
89.20374707259953
88.14988290398126
87.6112412177986
87.21311475409836
86.69789227166275
89.15690866510538
114.02810304449648
123.81733021077282
117.14285714285714
103.11475409836065
97.58782201405151
95.52693208430912
95.4566744730679
96.18266978922716
98.26697892271662
96.44028103044496
91.56908665105385
89.39110070257611
88.33723653395784
87.65807962529273
87.72833723653395
87.65807962529273
87.63466042154566
88.64168618266979
90.07025761124122
114.44964871194378
119.29742388758781
103.7470725995316
98.711943793911
97.02576112412177
96.72131147540983
96.9086651053864
97.84543325526931
97.89227166276346
93.51288056206089
90.51522248243559
89.3208430913349
88.73536299765807
88.6182669789227
88.4543325526932
87.9391100702576
86.86182669789227
88.85245901639344
113.20843091334893
123.86416861826697
115.62060889929742
101.92037470725995
98.94613583138172
95.31615925058547
95.59718969555034
96.11241217798595
97.75175644028103
95.59718969555034
91.56908665105385
89.20374707259953
88.47775175644027
87.91569086651053
87.63466042154566
87.68149882903981
87.14285714285714
86.65105386416862
95.10538641686182
115.85480093676814
111.33489461358313
99.83606557377048
93.27868852459015
91.21779859484776
91.96721311475409
93.91100702576112
96.88524590163934
97.02576112412177
91.82669789227165
88.24355971896955
86.95550351288055
86.29976580796253
85.92505854800936
85.85480093676814
85.66744730679156
85.71428571428571
93.02107728337236
118.94613583138172
116.46370023419203
102.41217798594847
95.0351288056206
92.903981264637
92.6463700234192
92.903981264637
95.66744730679156
95.57377049180327
91.00702576112411
87.96252927400468
86.79156908665105
86.46370023419203
85.94847775175643
85.66744730679156
85.59718969555034
84.75409836065573
84.56674473067915
86.5807962529274
110.72599531615924
116.95550351288055
105.83138173302108
97.0023419203747
94.82435597189695
93.79391100702576
93.86416861826697
94.75409836065573
95.40983606557377
94.68384074941451
91.07728337236533
87.9391100702576
86.79156908665105
86.60421545667447
86.46370023419203
85.94847775175643
85.71428571428571
83.81733021077282
82.48243559718969
94.42622950819671
118.82903981264636
116.93208430913349
105.43325526932084
94.89461358313817
90.84309133489461
89.95316159250585
90.58548009367681
93.37236533957845
95.31615925058547
90.77283372365339
86.60421545667447
84.84777517564402
84.40281030444964
83.81733021077282
83.8407494145199
83.79391100702576
83.4192037470726
82.45901639344262
81.38173302107728
81.24121779859485
85.87822014051521
119.08665105386416
101.68618266978922
94.05152224824356
92.41217798594847
91.00702576112411
91.56908665105385
92.17798594847774
93.60655737704917
91.99063231850117
87.89227166276346
85.08196721311475
84.30913348946136
83.65339578454332
83.5831381733021
83.51288056206089
83.0679156908665
82.48243559718969
81.00702576112411
80.56206088992974
93.95784543325526
108.05620608899297
115.33957845433254
95.50351288056206
92.0374707259953
90.77283372365339
90.60889929742387
90.70257611241217
92.41217798594847
92.78688524590163
89.57845433255268
85.64402810304449
84.02810304449648
83.5831381733021
83.5831381733021
83.51288056206089
83.3255269320843
82.57611241217798
81.92037470725995
85.10538641686182
109.97658079625292
114.63700234192036
102.69320843091334
90.30444964871194
88.26697892271662
87.07259953161592
87.63466042154566
91.3583138173302
92.7400468384075
87.86885245901638
84.28571428571428
82.92740046838406
82.20140515222482
82.0374707259953
81.8735362997658
81.73302107728337
81.52224824355972
81.99063231850117
94.63700234192036
117.84543325526931
111.00702576112411
97.47072599531616
91.96721311475409
90.4215456674473
90.25761124121779
90.70257611241217
93.13817330210772
94.12177985948477
89.20374707259953
85.64402810304449
84.51990632318501
83.77049180327869
83.7470725995316
83.5831381733021
83.44262295081967
82.78688524590163
83.20843091334893
99.43793911007025
116.13583138173301
108.43091334894613
97.02576112412177
94.14519906323184
92.95081967213115
92.66978922716628
92.88056206088993
93.41920374707259
94.14519906323184
90.96018735362998
87.23653395784542
85.76112412177986
85.48009367681499
85.15222482435597
85.26932084309134
84.91803278688523
84.54332552693208
92.27166276346604
118.12646370023418
118.52459016393442
107.14285714285714
96.04215456674473
93.04449648711943
91.68618266978922
91.89695550351287
93.55971896955504
95.807962529274
93.37236533957845
88.9695550351288
86.9086651053864
86.41686182669788
85.73770491803278
85.64402810304449
85.64402810304449
85.48009367681499
91.38173302107728
113.1615925058548
111.4519906323185
101.28805620608898
95.66744730679156
93.55971896955504
93.41920374707259
93.72365339578454
96.53395784543325
97.2599531615925
94.19203747072599
89.92974238875878
88.59484777517564
87.84543325526931
87.42388758782201
86.9086651053864
86.41686182669788
85.48009367681499
85.87822014051521
108.80562060889929
123.4894613583138
119.95316159250585
113.34894613583137
98.75878220140514
96.04215456674473
95.50351288056206
95.66744730679156
95.85480093676814
96.27634660421545
94.80093676814988
90.81967213114754
88.36065573770492
87.58782201405151
87.09601873536299
86.69789227166275
86.4871194379391
85.59718969555034
84.80093676814988
88.47775175644027
111.80327868852459
118.10304449648712
111.1943793911007
98.0327868852459
94.51990632318501
93.37236533957845
93.48946135831382
93.65339578454332
94.7775175644028
94.63700234192036
90.58548009367681
87.89227166276346
86.62763466042153
86.44028103044496
86.29976580796253
86.27634660421545
85.94847775175643
84.80093676814988
84.7775175644028
101.73302107728337
118.73536299765807
110.49180327868852
95.87822014051521
89.88290398126463
88.52459016393442
89.2271662763466
91.40515222482435
95.24590163934425
94.66042154566745
90.18735362997657
85.92505854800936
84.28571428571428
83.79391100702576
83.5831381733021
83.46604215456674
83.25526932084308
88.07962529274005
111.85011709601872
109.11007025761123
101.70960187353629
92.62295081967213
89.18032786885246
88.33723653395784
88.78220140515222
92.48243559718969
93.44262295081967
90.63231850117096
87.0023419203747
85.4566744730679
84.6135831381733
84.07494145199063
83.86416861826697
83.13817330210772
82.59953161592506
87.44730679156908
110.23419203747072
119.29742388758781
109.34426229508196
98.80562060889929
96.72131147540983
94.91803278688523
94.6135831381733
94.70725995316158
95.08196721311475
93.55971896955504
89.41451990632318
87.07259953161592
86.51053864168618
86.60421545667447
86.5807962529274
86.60421545667447
86.86182669789227
93.20843091334893
116.18266978922716
114.19203747072599
102.08430913348946
97.0023419203747
95.52693208430912
94.54332552693208
94.63700234192036
95.40983606557377
96.15925058548008
93.79391100702576
89.13348946135831
87.47072599531616
86.79156908665105
86.7447306791569
87.37704918032786
87.58782201405151
89.57845433255268
110.70257611241217
123.51288056206089
115.31615925058547
102.69320843091334
98.0327868852459
96.11241217798595
96.18266978922716
96.39344262295081
96.60421545667447
96.62763466042153
94.63700234192036
91.12412177985948
88.66510538641685
87.54098360655738
86.72131147540983
85.71428571428571
88.85245901639344
113.39578454332552
119.60187353629976
110.28103044496487
99.15690866510538
91.96721311475409
90.02341920374707
90.65573770491802
92.59953161592506
96.39344262295081
93.27868852459015
88.57142857142857
86.22950819672131
85.48009367681499
84.96487119437938
84.59016393442623
84.56674473067915
88.2903981264637
109.18032786885246
117.18969555035127
105.4566744730679
92.66978922716628
88.75878220140514
88.66510538641685
88.92271662763466
94.21545667447306
95.48009367681499
90.18735362997657
86.88524590163934
85.62060889929742
84.96487119437938
84.59016393442623
85.36299765807962
105.85480093676814
119.08665105386416
110.70257611241217
104.14519906323184
91.99063231850117
88.52459016393442
91.17096018735363
95.69086651053864
98.96955503512879
95.05854800936767
88.73536299765807
87.21311475409836
86.5807962529274
85.90163934426229
87.23653395784542
97.30679156908664
121.49882903981263
112.0374707259953
100.09367681498829
96.44028103044496
95.31615925058547
96.39344262295081
101.40515222482435
103.67681498829039
100.51522248243559
93.1615925058548
90.39812646370022
89.62529274004683
89.78922716627635
96.22950819672131
121.73302107728337
126.67447306791568
119.39110070257611
107.28337236533957
105.90163934426229
118.33723653395784
124.84777517564402
123.95784543325526
111.89695550351287
96.39344262295081
93.65339578454332
93.39578454332552
102.34192037470726
109.57845433255268
109.62529274004683
118.00936768149882
121.99063231850116
119.43793911007025
110.86651053864168
105.26932084309132
101.89695550351287
98.38407494145198
98.6182669789227
98.68852459016392
98.57142857142857
96.9086651053864
94.05152224824356
91.68618266978922
92.59953161592506
113.95784543325526
122.71662763466041
113.34894613583137
99.76580796252927
93.39578454332552
92.24824355971896
94.94145199063232
99.01639344262294
101.14754098360655
95.36299765807962
92.24824355971896
90.46838407494144
89.36768149882903
88.6182669789227
97.79859484777516
123.7470725995316
120.09367681498829
109.41451990632318
99.39110070257611
96.76814988290397
97.40046838407494
99.36768149882903
102.24824355971896
101.0304449648712
96.60421545667447
93.39578454332552
91.38173302107728
93.65339578454332
113.37236533957845
129.95316159250584
127.96252927400468
116.13583138173301
106.01873536299765
103.09133489461358
102.29508196721311
102.66978922716626
102.95081967213115
105.10538641686182
101.14754098360655
97.98594847775175
96.3231850117096
95.73770491803278
96.93208430913349
116.44028103044495
131.68618266978922
122.06088992974239
110.327868852459
105.40983606557376
103.67681498829039
103.86416861826697
106.2295081967213
107.40046838407494
103.5831381733021
99.46135831381733
97.63466042154566
96.44028103044496
96.29976580796253
96.67447306791568
107.63466042154566
130.86651053864168
119.18032786885244
110.09367681498829
107.23653395784542
105.71428571428571
105.73770491803278
106.44028103044496
106.01873536299765
103.7470725995316
99.76580796252927
97.98594847775175
97.11943793911006
96.79156908665105
96.55737704918032
96.86182669789227
111.96721311475409
134.82435597189695
130.21077283372364
116.3231850117096
110.86651053864168
108.0327868852459
105.78454332552693
105.78454332552693
106.0655737704918
106.2295081967213
102.59953161592505
99.3208430913349
97.84543325526931
97.2599531615925
96.67447306791568
96.44028103044496
95.57377049180327
94.73067915690866
93.25526932084308
93.04449648711943
103.88758782201404
131.33489461358312
129.67213114754097
115.807962529274
108.36065573770492
105.31615925058547
103.77049180327869
103.77049180327869
104.16861826697891
104.37939110070256
101.615925058548
97.44730679156908
95.50351288056206
94.6135831381733
94.23887587822013
93.77049180327869
93.23185011709602
92.17798594847774
90.91334894613583
89.62529274004683
89.88290398126463
113.27868852459015
129.41451990632316
118.64168618266979
105.62060889929742
102.0374707259953
99.6487119437939
98.92271662763466
99.29742388758781
100.35128805620609
98.14988290398126
94.4496487119438
92.55269320843091
90.74941451990632
90.1639344262295
89.67213114754098
89.46135831381733
88.75878220140514
87.98594847775175
86.65105386416862
87.58782201405151
113.39578454332552
124.82435597189695
118.57142857142857
102.15456674473067
96.13583138173301
94.16861826697891
94.63700234192036
96.39344262295081
99.62529274004683
95.94847775175643
92.29508196721311
90.07025761124122
88.8758782201405
88.52459016393442
88.22014051522248
87.82201405152225
87.23653395784542
86.04215456674473
90.98360655737704
117.63466042154566
122.34192037470726
106.0655737704918
92.01405152224824
88.54800936768149
88.33723653395784
89.62529274004683
93.18501170960187
97.42388758782201
91.80327868852459
88.00936768149883
86.44028103044496
85.64402810304449
85.2927400468384
85.24590163934425
84.91803278688523
85.71428571428571
88.6182669789227
102.06088992974239
115.99531615925058
100.327868852459
90.07025761124122
87.86885245901638
88.66510538641685
94.68384074941451
97.1662763466042
95.78454332552693
88.57142857142857
85.5503512880562
84.4496487119438
83.65339578454332
83.5831381733021
83.34894613583138
91.77985948477752
120.25761124121779
124.44964871194378
115.33957845433254
99.06323185011709
93.95784543325526
92.08430913348946
91.77985948477752
92.45901639344261
95.69086651053864
94.30913348946135
89.67213114754098
87.11943793911007
85.85480093676814
85.59718969555034
85.4566744730679
85.33957845433255
96.01873536299765
123.70023419203746
123.93442622950819
116.81498829039812
105.33957845433254
97.33021077283372
95.50351288056206
95.5503512880562
95.99531615925058
97.86885245901638
96.27634660421545
91.12412177985948
89.50819672131146
88.57142857142857
87.63466042154566
87.65807962529273
87.63466042154566
87.63466042154566
97.58782201405151
124.05152224824356
125.05854800936767
113.02107728337236
102.71662763466041
98.711943793911
96.88524590163934
96.67447306791568
97.07259953161592
98.14988290398126
96.69789227166275
92.24824355971896
89.88290398126463
89.11007025761124
88.73536299765807
88.6182669789227
88.6182669789227
88.4543325526932
87.63466042154566
94.05152224824356
113.5831381733021
125.38641686182669
108.07962529274003
98.6182669789227
96.27634660421545
95.4566744730679
95.807962529274
98.22014051522248
100.60889929742387
94.80093676814988
90.79625292740046
89.50819672131146
88.64168618266979
88.64168618266979
88.6182669789227
88.36065573770492
87.65807962529273
94.0983606557377
114.19203747072599
125.38641686182669
119.46135831381733
106.93208430913349
96.44028103044496
94.7775175644028
95.87822014051521
97.84543325526931
100.14051522248243
97.0023419203747
92.29508196721311
90.02341920374707
89.29742388758781
88.85245901639344
88.6182669789227
88.1967213114754
87.47072599531616
86.22950819672131
85.66744730679156
96.01873536299765
124.30913348946135
116.04215456674473
102.76346604215456
98.96955503512879
97.5175644028103
96.7447306791569
96.69789227166275
97.23653395784542
97.82201405152225
93.79391100702576
90.74941451990632
89.43793911007025
88.8758782201405
88.54800936768149
88.26697892271662
87.63466042154566
86.72131147540983
85.78454332552693
84.54332552693208
91.80327868852459
122.43559718969554
126.3231850117096
113.79391100702576
101.52224824355972
98.96955503512879
97.2599531615925
96.7447306791569
97.0023419203747
97.68149882903981
97.44730679156908
93.60655737704917
90.56206088992974
89.25058548009368
88.64168618266979
88.43091334894613
87.9391100702576
87.33021077283372
86.62763466042153
85.36299765807962
84.02810304449648
83.37236533957845
91.99063231850117
122.95081967213115
118.22014051522247
103.70023419203747
97.33021077283372
95.807962529274
94.70725995316158
95.36299765807962
96.22950819672131
96.60421545667447
95.10538641686182
90.30444964871194
88.2903981264637
87.6112412177986
87.6112412177986
87.58782201405151
87.14285714285714
86.60421545667447
85.83138173302108
84.3559718969555
84.07494145199063
106.65105386416862
121.94379391100702
109.50819672131146
97.09601873536299
93.41920374707259
91.75644028103044
92.08430913348946
93.88758782201404
98.4543325526932
94.19203747072599
89.13348946135831
87.86885245901638
86.25292740046838
85.71428571428571
85.5503512880562
85.59718969555034
85.38641686182669
84.59016393442623
90.02341920374707
116.51053864168618
123.39578454332552
109.3208430913349
97.37704918032786
94.02810304449648
92.22482435597189
92.06088992974239
93.02107728337236
95.62060889929742
93.09133489461358
88.82903981264636
86.93208430913349
85.59718969555034
84.6135831381733
84.49648711943793
84.54332552693208
84.02810304449648
83.09133489461358
81.89695550351287
84.75409836065573
113.0679156908665
122.59953161592505
111.38173302107728
96.25292740046838
93.70023419203747
92.71662763466041
92.62295081967213
92.62295081967213
93.79391100702576
93.23185011709602
89.34426229508196
86.79156908665105
85.78454332552693
85.33957845433255
84.80093676814988
84.6135831381733
84.49648711943793
83.93442622950819
83.39578454332552
85.10538641686182
113.51288056206089
123.55971896955502
111.68618266978922
98.43091334894613
94.6135831381733
93.37236533957845
92.69320843091334
92.903981264637
94.4496487119438
94.37939110070256
91.10070257611241
87.5175644028103
85.97189695550351
85.4566744730679
85.0351288056206
84.59016393442623
84.54332552693208
83.5831381733021
84.47306791569086
103.09133489461358
120.74941451990631
120.56206088992974
97.79859484777516
91.80327868852459
89.81264637002342
89.62529274004683
90.23419203747072
94.28571428571428
93.46604215456674
88.50117096018735
85.33957845433255
84.00468384074941
83.5831381733021
83.5831381733021
83.37236533957845
83.37236533957845
82.62295081967213
87.65807962529273
115.66744730679156
117.9391100702576
104.12177985948477
94.7775175644028
92.31850117096018
90.91334894613583
91.26463700234191
92.55269320843091
93.93442622950819
