105.0189678229306
105.0189678229306
105.0189678229306
105.0189678229306
105.3737616331432
106.02876559045878
106.02876559045878
106.02876559045878
106.02876559045878
106.02876559045878
106.02876559045878
106.02876559045878
106.02876559045878
106.02876559045878
106.02876559045878
107.1204388526514
110.0679566605715
110.0679566605715
110.0679566605715
110.0679566605715
110.0679566605715
110.0679566605715
110.0679566605715
110.0679566605715
110.0679566605715
110.0679566605715
108.04836112551514
108.04836112551514
108.04836112551514
108.04836112551514
108.04836112551514
108.04836112551514
108.04836112551514
108.04836112551514
108.04836112551514
108.04836112551514
108.41680085150514
109.05815889304331
109.05815889304331
109.05815889304331
109.05815889304331
109.05815889304331
109.05815889304331
109.05815889304331
109.05815889304331
109.05815889304331
103.70895990829945
101.98957452034607
101.98957452034607
101.98957452034607
101.98957452034607
101.98957452034607
101.98957452034607
101.98957452034607
101.98957452034607
101.98957452034607
101.98957452034607
112.14213585873749
114.10714773068422
114.10714773068422
114.10714773068422
114.10714773068422
114.10714773068422
114.10714773068422
114.10714773068422
114.10714773068422
113.77964575202643
113.09734996315603
113.09734996315603
113.09734996315603
113.09734996315603
113.09734996315603
113.09734996315603
113.09734996315603
113.09734996315603
113.09734996315603
113.09734996315603
114.18902322534866
121.17573210338146
121.17573210338146
121.17573210338146
121.17573210338146
121.17573210338146
121.17573210338146
121.17573210338146
121.17573210338146
121.17573210338146
121.17573210338146
120.13864250429847
119.15613656832511
119.15613656832511
119.15613656832511
119.15613656832511
119.15613656832511
119.15613656832511
119.15613656832511
119.15613656832511
119.15613656832511
119.15613656832511
119.15613656832511
119.15613656832511
119.15613656832511
119.15613656832511
119.15613656832511
119.15613656832511
119.15613656832511
119.15613656832511
119.15613656832511
119.15613656832511
119.15613656832511
116.3723697497339
116.12674326574057
116.12674326574057
116.12674326574057
116.12674326574057
116.12674326574057
116.12674326574057
116.12674326574057
116.12674326574057
116.12674326574057
116.12674326574057
120.13864250429847
123.19532763843782
123.19532763843782
123.19532763843782
123.19532763843782
123.19532763843782
123.19532763843782
123.19532763843782
123.19532763843782
123.19532763843782
123.19532763843782
123.19532763843782
123.19532763843782
123.19532763843782
123.19532763843782
123.19532763843782
123.19532763843782
123.19532763843782
123.19532763843782
123.19532763843782
123.19532763843782
122.54032368112225
122.18552987090965
122.18552987090965
122.18552987090965
122.18552987090965
122.18552987090965
122.18552987090965
122.18552987090965
122.18552987090965
122.18552987090965
121.44865041892962
119.15613656832511
119.15613656832511
119.15613656832511
119.15613656832511
119.15613656832511
119.15613656832511
119.15613656832511
119.15613656832511
119.15613656832511
121.17573210338146
121.17573210338146
121.17573210338146
121.17573210338146
121.17573210338146
121.17573210338146
121.17573210338146
121.17573210338146
121.17573210338146
122.9769929859993
125.21492317349418
125.21492317349418
125.21492317349418
125.21492317349418
125.21492317349418
125.21492317349418
125.21492317349418
125.21492317349418
124.88742119483639
122.18552987090965
122.18552987090965
122.18552987090965
122.18552987090965
122.18552987090965
122.18552987090965
122.18552987090965
122.18552987090965
122.18552987090965
124.5599192161786
125.21492317349418
125.21492317349418
125.21492317349418
125.21492317349418
125.21492317349418
125.21492317349418
125.21492317349418
125.21492317349418
123.8503315957534
121.17573210338146
121.17573210338146
121.17573210338146
121.17573210338146
121.17573210338146
121.17573210338146
121.17573210338146
121.17573210338146
121.17573210338146
122.18552987090965
122.18552987090965
122.18552987090965
122.18552987090965
122.18552987090965
122.18552987090965
122.18552987090965
122.18552987090965
122.18552987090965
126.8251412352283
127.23451870855054
127.23451870855054
127.23451870855054
127.23451870855054
127.23451870855054
127.23451870855054
127.23451870855054
127.23451870855054
127.50743702409869
132.28350754619143
132.28350754619143
132.28350754619143
132.28350754619143
132.28350754619143
132.28350754619143
132.28350754619143
132.28350754619143
132.28350754619143
132.28350754619143
131.73767091509512
131.27370977866326
131.27370977866326
131.27370977866326
131.27370977866326
131.27370977866326
131.27370977866326
131.27370977866326
131.27370977866326
131.27370977866326
131.27370977866326
131.46475259954696
132.28350754619143
132.28350754619143
132.28350754619143
132.28350754619143
132.28350754619143
132.28350754619143
132.28350754619143
132.28350754619143
132.28350754619143
132.28350754619143
132.28350754619143
132.89757375617478
133.2933053137196
133.2933053137196
133.2933053137196
133.2933053137196
133.2933053137196
133.2933053137196
133.2933053137196
133.2933053137196
133.2933053137196
133.2933053137196
133.2933053137196
134.79435604923447
135.31290084877597
135.31290084877597
135.31290084877597
135.31290084877597
135.31290084877597
135.31290084877597
135.31290084877597
135.31290084877597
135.31290084877597
135.31290084877597
135.31290084877597
135.31290084877597
135.31290084877597
135.31290084877597
135.31290084877597
135.31290084877597
135.31290084877597
135.31290084877597
135.31290084877597
134.8216478807893
129.2541142436069
129.2541142436069
129.2541142436069
129.2541142436069
129.2541142436069
129.2541142436069
129.2541142436069
129.2541142436069
129.2541142436069
129.45880298026802
130.26391201113506
130.26391201113506
130.26391201113506
130.26391201113506
130.26391201113506
130.26391201113506
130.26391201113506
130.26391201113506
130.26391201113506
130.26391201113506
130.26391201113506
130.26391201113506
130.26391201113506
130.26391201113506
130.26391201113506
130.26391201113506
130.26391201113506
130.26391201113506
130.26391201113506
130.26391201113506
130.26391201113506
130.26391201113506
130.26391201113506
130.26391201113506
130.26391201113506
130.26391201113506
130.26391201113506
130.26391201113506
130.38672525313174
131.27370977866326
131.27370977866326
131.27370977866326
131.27370977866326
131.27370977866326
131.27370977866326
131.27370977866326
131.27370977866326
131.27370977866326
131.27370977866326
131.27370977866326
131.27370977866326
131.27370977866326
131.27370977866326
131.27370977866326
131.27370977866326
131.27370977866326
131.27370977866326
132.18798613574958
132.28350754619143
132.28350754619143
132.28350754619143
132.28350754619143
132.28350754619143
132.28350754619143
132.28350754619143
131.62850358887584
129.2541142436069
129.2541142436069
129.2541142436069
129.2541142436069
129.2541142436069
129.2541142436069
129.2541142436069
129.2541142436069
127.82129308697907
124.205125405966
124.205125405966
124.205125405966
124.205125405966
124.205125405966
124.205125405966
124.205125405966
124.205125405966
127.88952266586611
134.3031030812478
134.3031030812478
134.3031030812478
134.3031030812478
134.3031030812478
134.3031030812478
134.3031030812478
134.3031030812478
134.3031030812478
137.9602085095931
138.3422941513605
138.3422941513605
138.3422941513605
138.3422941513605
138.3422941513605
138.3422941513605
138.3422941513605
138.3422941513605
138.3422941513605
133.67539095548702
132.28350754619143
132.28350754619143
132.28350754619143
132.28350754619143
132.28350754619143
132.28350754619143
132.28350754619143
132.28350754619143
132.28350754619143
132.28350754619143
131.41016893643734
130.26391201113506
130.26391201113506
130.26391201113506
130.26391201113506
130.26391201113506
130.26391201113506
130.26391201113506
130.26391201113506
130.26391201113506
130.26391201113506
132.2289238830818
139.35209191888868
139.35209191888868
139.35209191888868
139.35209191888868
139.35209191888868
139.35209191888868
139.35209191888868
139.35209191888868
139.35209191888868
139.35209191888868
139.29750825577906
137.33249638383234
137.33249638383234
137.33249638383234
137.33249638383234
137.33249638383234
137.33249638383234
137.33249638383234
137.33249638383234
137.33249638383234
137.33249638383234
137.33249638383234
135.64040282743375
135.31290084877597
135.31290084877597
135.31290084877597
135.31290084877597
135.31290084877597
135.31290084877597
135.31290084877597
135.31290084877597
135.31290084877597
135.31290084877597
135.31290084877597
135.31290084877597
135.31290084877597
135.31290084877597
135.31290084877597
135.31290084877597
135.31290084877597
135.31290084877597
135.31290084877597
135.31290084877597
135.31290084877597
135.31290084877597
135.31290084877597
135.31290084877597
135.31290084877597
135.31290084877597
135.31290084877597
135.31290084877597
135.31290084877597
135.31290084877597
131.96965148331105
128.24431647607872
128.24431647607872
128.24431647607872
128.24431647607872
128.24431647607872
128.24431647607872
128.24431647607872
128.24431647607872
128.24431647607872
128.24431647607872
128.24431647607872
128.24431647607872
128.24431647607872
128.24431647607872
128.24431647607872
128.24431647607872
128.24431647607872
128.24431647607872
128.24431647607872
129.82724270625803
130.26391201113506
130.26391201113506
130.26391201113506
130.26391201113506
130.26391201113506
130.26391201113506
130.26391201113506
130.26391201113506
128.9129663491717
127.23451870855054
127.23451870855054
127.23451870855054
127.23451870855054
127.23451870855054
127.23451870855054
127.23451870855054
127.23451870855054
128.2170246445239
135.31290084877597
135.31290084877597
135.31290084877597
135.31290084877597
135.31290084877597
135.31290084877597
135.31290084877597
135.31290084877597
135.31290084877597
136.54103326874267
140.36188968641687
140.36188968641687
140.36188968641687
140.36188968641687
140.36188968641687
140.36188968641687
140.36188968641687
140.36188968641687
140.36188968641687
140.36188968641687
139.77511530798833
139.35209191888868
139.35209191888868
139.35209191888868
139.35209191888868
139.35209191888868
139.35209191888868
139.35209191888868
139.35209191888868
139.35209191888868
139.35209191888868
137.71458202559975
135.31290084877597
135.31290084877597
135.31290084877597
135.31290084877597
135.31290084877597
135.31290084877597
135.31290084877597
135.31290084877597
135.31290084877597
135.31290084877597
134.8489397123441
134.3031030812478
134.3031030812478
134.3031030812478
134.3031030812478
134.3031030812478
134.3031030812478
134.3031030812478
134.3031030812478
134.3031030812478
134.3031030812478
131.3555852733277
130.26391201113506
130.26391201113506
130.26391201113506
130.26391201113506
130.26391201113506
130.26391201113506
130.26391201113506
130.26391201113506
130.26391201113506
130.26391201113506
130.26391201113506
130.26391201113506
130.26391201113506
130.26391201113506
130.26391201113506
130.26391201113506
130.26391201113506
130.26391201113506
130.70058131601212
138.3422941513605
138.3422941513605
138.3422941513605
138.3422941513605
138.3422941513605
138.3422941513605
138.3422941513605
138.3422941513605
138.3422941513605
138.3422941513605
137.7964575202642
137.33249638383234
137.33249638383234
137.33249638383234
137.33249638383234
137.33249638383234
137.33249638383234
137.33249638383234
137.33249638383234
137.33249638383234
137.33249638383234
137.93291667803828
138.3422941513605
138.3422941513605
138.3422941513605
138.3422941513605
138.3422941513605
138.3422941513605
138.3422941513605
138.3422941513605
138.3422941513605
138.3422941513605
137.7964575202642
136.32269861630414
136.32269861630414
136.32269861630414
136.32269861630414
136.32269861630414
136.32269861630414
136.32269861630414
136.32269861630414
136.32269861630414
135.77686198520783
134.3031030812478
134.3031030812478
134.3031030812478
134.3031030812478
134.3031030812478
134.3031030812478
134.3031030812478
134.3031030812478
134.3031030812478
134.3031030812478
133.40247263993888
133.2933053137196
133.2933053137196
133.2933053137196
133.2933053137196
133.2933053137196
133.2933053137196
133.2933053137196
133.2933053137196
133.2933053137196
133.92101743948038
134.3031030812478
134.3031030812478
134.3031030812478
134.3031030812478
134.3031030812478
134.3031030812478
134.3031030812478
134.3031030812478
134.3031030812478
134.3031030812478
134.3031030812478
134.3031030812478
134.3031030812478
134.3031030812478
134.3031030812478
134.3031030812478
134.3031030812478
134.3031030812478
129.52703255915506
127.23451870855054
127.23451870855054
127.23451870855054
127.23451870855054
127.23451870855054
127.23451870855054
127.23451870855054
127.23451870855054
127.1662891296635
126.22472094102235
126.22472094102235
126.22472094102235
126.22472094102235
126.22472094102235
126.22472094102235
126.22472094102235
126.22472094102235
126.22472094102235
128.68098578095578
138.3422941513605
138.3422941513605
138.3422941513605
138.3422941513605
138.3422941513605
138.3422941513605
138.3422941513605
138.3422941513605
138.3422941513605
137.33249638383234
136.32269861630414
136.32269861630414
136.32269861630414
136.32269861630414
136.32269861630414
136.32269861630414
136.32269861630414
136.32269861630414
136.32269861630414
128.24431647607872
128.24431647607872
128.24431647607872
128.24431647607872
128.24431647607872
128.24431647607872
128.24431647607872
128.24431647607872
128.24431647607872
128.24431647607872
133.15684615594554
138.3422941513605
138.3422941513605
138.3422941513605
138.3422941513605
138.3422941513605
138.3422941513605
138.3422941513605
138.3422941513605
138.3422941513605
132.89757375617478
131.27370977866326
131.27370977866326
131.27370977866326
131.27370977866326
131.27370977866326
131.27370977866326
131.27370977866326
131.27370977866326
130.56412215823804
130.26391201113506
130.26391201113506
130.26391201113506
130.26391201113506
130.26391201113506
130.26391201113506
130.26391201113506
130.26391201113506
130.26391201113506
130.26391201113506
130.26391201113506
130.26391201113506
130.26391201113506
130.26391201113506
130.26391201113506
130.26391201113506
130.26391201113506
131.41016893643734
132.28350754619143
132.28350754619143
132.28350754619143
132.28350754619143
132.28350754619143
132.28350754619143
132.28350754619143
132.28350754619143
129.99099369558692
129.2541142436069
129.2541142436069
129.2541142436069
129.2541142436069
129.2541142436069
129.2541142436069
129.2541142436069
128.87202860183947
128.24431647607872
128.24431647607872
128.24431647607872
128.24431647607872
128.24431647607872
128.24431647607872
128.24431647607872
128.24431647607872
129.1176550858328
130.26391201113506
130.26391201113506
130.26391201113506
130.26391201113506
130.26391201113506
130.26391201113506
130.26391201113506
127.684833929205
127.23451870855054
127.23451870855054
127.23451870855054
127.23451870855054
127.23451870855054
127.23451870855054
127.43920744521165
130.26391201113506
130.26391201113506
130.26391201113506
130.26391201113506
130.26391201113506
130.26391201113506
130.26391201113506
132.5837176932944
140.36188968641687
140.36188968641687
140.36188968641687
140.36188968641687
140.36188968641687
140.36188968641687
140.36188968641687
140.36188968641687
137.823749351819
137.33249638383234
137.33249638383234
137.33249638383234
137.33249638383234
137.33249638383234
137.33249638383234
137.33249638383234
137.41437187849678
140.36188968641687
140.36188968641687
140.36188968641687
140.36188968641687
140.36188968641687
140.36188968641687
140.36188968641687
140.36188968641687
139.62501023443684
138.3422941513605
138.3422941513605
138.3422941513605
138.3422941513605
138.3422941513605
138.3422941513605
138.3422941513605
138.3422941513605
138.3422941513605
138.3422941513605
138.3422941513605
138.3422941513605
138.3422941513605
138.3422941513605
138.3422941513605
138.3422941513605
138.3422941513605
138.3422941513605
136.54103326874267
135.31290084877597
135.31290084877597
135.31290084877597
135.31290084877597
135.31290084877597
135.31290084877597
135.31290084877597
135.31290084877597
135.31290084877597
137.48260145738382
138.3422941513605
138.3422941513605
138.3422941513605
138.3422941513605
138.3422941513605
138.3422941513605
138.3422941513605
138.3422941513605
138.3422941513605
139.69323981332388
141.37168745394504
141.37168745394504
141.37168745394504
141.37168745394504
141.37168745394504
141.37168745394504
141.37168745394504
141.37168745394504
141.37168745394504
137.87833301492864
137.33249638383234
137.33249638383234
137.33249638383234
137.33249638383234
137.33249638383234
137.33249638383234
137.33249638383234
137.33249638383234
128.98119592805872
128.24431647607872
128.24431647607872
128.24431647607872
128.24431647607872
128.24431647607872
128.24431647607872
128.24431647607872
128.24431647607872
130.94620780000545
134.3031030812478
134.3031030812478
134.3031030812478
134.3031030812478
134.3031030812478
134.3031030812478
134.3031030812478
134.3031030812478
134.3031030812478
134.3031030812478
134.3031030812478
134.3031030812478
134.3031030812478
134.3031030812478
134.3031030812478
134.3031030812478
134.3031030812478
132.80205234573293
132.28350754619143
132.28350754619143
132.28350754619143
132.28350754619143
132.28350754619143
132.28350754619143
131.79225457820476
130.26391201113506
130.26391201113506
130.26391201113506
130.26391201113506
130.26391201113506
130.26391201113506
130.26391201113506
130.26391201113506
132.17434021997218
140.36188968641687
140.36188968641687
140.36188968641687
140.36188968641687
140.36188968641687
140.36188968641687
140.36188968641687
140.19813869708796
136.32269861630414
136.32269861630414
136.32269861630414
136.32269861630414
136.32269861630414
136.32269861630414
136.32269861630414
136.32269861630414
137.9602085095931
139.35209191888868
139.35209191888868
139.35209191888868
139.35209191888868
139.35209191888868
139.35209191888868
139.35209191888868
139.35209191888868
143.77336863076883
145.41087852405775
145.41087852405775
145.41087852405775
145.41087852405775
145.41087852405775
145.41087852405775
145.41087852405775
145.41087852405775
141.59002210638357
141.37168745394504
141.37168745394504
141.37168745394504
141.37168745394504
141.37168745394504
141.37168745394504
141.37168745394504
141.37168745394504
141.57637619060617
144.40108075652958
144.40108075652958
144.40108075652958
