58.459103190415114
57.64034824377064
57.394721759777305
87.25198548074562
94.12952703255915
75.80306214350045
69.2393766545673
68.98010425479654
69.32125214923174
65.54133347888977
60.901722114571115
58.80025108485031
57.92691247509621
57.08086569689692
96.91329385115036
97.84121612401408
74.39753281842745
66.2782129308698
67.05603013018204
68.81635326546765
64.91362135312902
60.28765590458776
58.486395021969926
57.599410496438416
59.318795884391804
101.30727873147568
82.96716792663956
67.41082394039465
64.545181627139
68.17499522392949
70.01719385387953
63.86288583826861
61.3929750825578
59.769111105046264
63.535383859610825
101.43009197347234
95.68516143118364
73.6060697033378
68.58437269725171
71.66834966294589
73.06023307224149
67.54728309816872
64.04028274337492
62.94860948118229
64.2040337327038
97.5273600611337
92.60118446548948
82.20299664310473
79.0098523511913
79.5556889822876
78.42307797276275
73.52419420867335
70.09906934854398
68.80270734969024
68.65260227613875
101.51196746813679
102.87655904587757
88.0843863431675
82.65331186375919
82.77612510575585
80.97486422313801
75.93952130127454
72.35064545181628
70.79501105319179
69.430419475451
82.72154144264621
104.80063317049208
89.21699735269235
81.9710160748888
82.58508228487214
82.36674763243361
77.44057203678939
74.17919816598892
72.0504353047133
70.45386315875659
75.31180917551377
117.64143991703284
107.85731830463143
93.856608717011
86.63791927076227
85.9965612292241
84.30446767282552
78.30026473076609
74.90243170219154
73.04658715646407
71.65470374716847
76.34889877459676
115.08965366665757
106.38355940067139
92.56024671815726
85.08228487213778
84.83665838814443
82.69424961109141
76.63546300592233
73.7834666084441
72.71908517780629
70.9860538740755
72.51439644114517
112.22401135340193
108.66242733549849
90.63617259354275
85.15051445102482
85.24603586146667
83.7313392101744
78.25932698343387
75.21628776507191
74.17919816598892
72.65085559891925
74.58857563931116
109.35836904014629
95.71245326273846
85.05499304058296
82.88529243197512
83.62217188395513
80.89298872847357
75.69389481728119
73.83805027155373
73.12846265112852
71.68199557872329
78.6687044567561
117.35487568570727
102.87655904587757
93.35170983324691
87.4020905542971
86.97906716519746
85.3006195245763
77.95911683633089
74.1519063344341
73.36044321934445
71.62741191561366
94.42973717966213
118.86957233699954
100.32477279550231
90.63617259354275
87.15646407030376
86.40593870254634
81.15226112824432
76.47171201659344
75.05253677574302
74.28836549220819
88.34365874293825
120.08405884118883
105.96053601157175
94.56619633743621
88.69845255315084
88.86220354247973
84.31811358860294
78.55953713053684
76.66275483747715
74.94336944952376
75.0115990284108
110.32722906034225
109.89055975546519
92.02805600283835
86.0102071450015
86.58333560765263
83.62217188395513
79.09172784585574
77.01754864768975
76.18514778526787
99.90174940640267
115.75830353975056
94.25234027455583
85.16416036680222
85.53260009279224
86.61062743920745
81.68445184356322
76.84015174258344
75.85764580661008
80.40173576048689
118.54207035834176
111.07775442809968
97.3226713244726
91.34576021396796
90.9090909090909
88.58928522693158
83.10362708441365
80.57913266559319
78.8461013618624
83.9087361152807
119.04696924210585
103.05395595098388
91.83701318195465
90.48606751999127
89.62637482601458
84.18165443082886
80.82475914958653
79.46016757184574
85.25968177724407
121.61240140825852
106.08334925356841
93.93848421167544
90.48606751999127
90.56794301465571
84.23623809393848
79.69214814006169
77.87724134166645
77.04484047924457
98.70090881799078
112.76984798449824
96.50391637782812
88.54834747959936
88.50740973226713
87.42938238585192
81.9710160748888
79.52839715073279
77.67255260500532
82.02559973799842
116.79539313883355
97.77298654512705
87.26563139652302
87.47032013318415
88.22084550094158
82.61237411642696
79.52839715073279
77.91817908899867
95.53505635763217
122.29469719712891
102.68551622499386
93.22889659125025
89.89929314156274
89.32616467891161
84.00425752572255
79.66485630850687
78.35484839387571
77.6316148576731
115.14423732976721
122.84053382822522
105.3601157173658
93.67921181190471
91.79607543462242
90.376900193772
84.55009415681887
79.8968368767228
78.27297289921127
76.51264976392567
76.66275483747715
123.20897355421523
114.70756802489015
99.15122403864524
90.7180480882072
89.87200131000792
88.22084550094158
82.27122622199177
79.06443601430092
77.53609344723125
76.14421003793565
74.09732267132448
107.9664856308507
123.00428481755411
101.8940531099042
92.86045686526023
90.14491962555607
89.59908299445976
82.88529243197512
79.0371441827461
77.22223738435086
75.8712917223875
73.90627985044077
75.98045904860676
126.12919953058051
112.11484402718267
97.04975300892444
89.74918806801125
89.1351218580279
86.70614884964931
80.31986026582244
78.25932698343387
76.85379765836086
75.62566523839415
73.07387898801889
95.31672170519364
134.6715428072378
107.09314702109658
92.75128953904097
87.32021505963266
87.4020905542971
82.91258426352994
76.77192216369642
75.73483256461341
75.27087142818155
74.315657323763
92.24639065527688
107.14773068420622
90.14491962555607
84.83665838814443
84.83665838814443
84.19530034660626
78.19109740454682
75.48920608062008
74.6704511339756
73.38773505089927
94.45702901121695
124.46439780573675
101.8804071941268
92.83316503370541
88.35730465871565
88.04344859583527
82.55779045331732
78.5049534674272
76.84015174258344
75.8712917223875
82.63966594798177
120.45249856717885
102.82197538276795
95.2484921263066
90.0357522993368
89.85835539423051
84.85030430392185
79.73308588739391
78.65505854097869
77.48150978412161
85.15051445102482
123.64564285909228
104.02281597117982
95.41224311563549
90.8954449933135
90.63617259354275
84.38634316748997
79.41922982451352
78.85974727763981
78.98256051963648
118.56936218989657
115.34892606642832
98.78278431265522
90.78627766709424
89.05324636336346
88.48011790071232
80.79746731803172
78.60047487786906
77.74078218389236
103.21770694031277
126.45670150923829
102.50811931988757
91.35940612974537
88.86220354247973
88.50740973226713
84.34540542015775
80.82475914958653
79.65121039272945
85.58718375590186
127.60295843454055
104.664174012718
92.30097431838651
89.81741764689829
90.13127370977867
88.31636691138343
83.26737807374253
81.00215605469283
88.12532409049972
127.76670942386944
105.68761769602358
92.54660080237986
89.65366665756939
89.57179116290494
86.05114489233372
82.29851805354657
80.2243388553806
81.75268142245027
119.10155290521547
103.17676919298054
88.94407903714419
87.55219562784859
89.03960044758604
85.36884910346333
81.0976774651347
78.91433094074944
93.72014955923693
119.93395376763735
94.7026554952103
85.9829153134467
88.88949537403455
89.1487677738053
81.94372424333397
79.3782920771813
79.15995742474279
115.43080156109276
114.68027619333535
101.19811140525641
94.78453098987474
92.87410278103764
90.3496083622172
83.44477497884884
80.97486422313801
79.67850222428427
96.21735214650256
132.13340247263994
111.02317076499004
99.75164433285119
92.99691602303432
92.61483038126688
85.58718375590186
80.94757239158321
79.0371441827461
77.94547092055348
76.70369258480937
108.41680085150514
116.26320242351464
101.85311536257198
92.24639065527688
90.7180480882072
89.35345651046642
83.07633525285883
79.14631150896537
77.90453317322125
76.60817117436751
74.90243170219154
94.51161267432659
117.13654103326874
94.53890450588139
87.7295925329549
87.83875985917415
87.4020905542971
82.1620588957725
78.53224529898202
77.56338527878606
76.37619060615158
74.87513987063672
121.42135858737481
130.03193144291913
99.84716574329303
92.66941404437652
90.86815316175868
89.68095848912421
83.63581779973255
79.74673180317131
78.42307797276275
76.55358751125789
74.24742774487596
93.05149968614394
131.76496274664993
105.40105346469802
97.13162850358889
90.30867061488497
89.99481455200458
85.23238994568926
79.44652165606834
77.33140471057013
76.56723342703529
74.61586747086598
83.32196173685216
131.21912611555362
109.45389045058815
97.07704484047925
91.0591959826424
90.78627766709424
87.2110477334134
80.5927785813706
78.31391064654349
77.01754864768975
75.50285199639748
91.85065909773205
132.69288501951365
108.08929887284737
96.20370623072515
91.64597036107094
91.89159684506427
88.53470156382195
83.54029638929069
81.93007832755657
79.5420430665102
78.75057995142055
118.26915204279359
120.95739745094293
101.62113479435605
93.07879151769876
92.06899375017058
90.30867061488497
83.19914849485549
79.67850222428427
78.42307797276275
77.03119456346715
93.856608717011
117.10924920171394
97.17256625092111
88.6302229742638
88.16626183783194
87.26563139652302
81.88914058022435
79.26912475096204
78.06828416255016
77.65890668922792
116.11309734996316
112.72891023716602
93.87025463278842
88.15261592205454
88.64386889004122
87.44302830162933
82.36674763243361
79.8831909609454
78.40943205698535
87.89334352228379
127.53472885565351
105.97418192734915
91.27753063508092
88.72574438470566
88.98501678447641
86.29677137632707
81.72538959089545
80.01965011871947
78.81880953030759
113.67047842580716
115.73101170819574
94.0340056221173
87.97521901694823
90.24044103599793
89.01230861603122
83.66310963128736
81.50705493845692
80.98851013891543
110.01337299746187
121.5851095767037
107.25689801042549
96.36745722005404
94.33421576922028
93.59733631724025
86.5423978603204
83.55394230506809
82.21664255888213
81.1249692966895
119.8657241887503
128.29890013918833
109.35836904014629
99.05570262820338
95.5759941049644
95.80797467318033
90.09033596244645
84.31811358860294
82.20299664310473
80.55184083403837
78.6823503725335
105.7285554433558
120.62989547228516
104.63688218116319
95.7670369258481
94.82546873720696
92.30097431838651
86.96542124942005
84.16800851505145
81.9846619906662
79.25547883518463
76.90838132147049
92.58753854971208
121.21666985071369
106.56095630577768
98.86465980731967
95.5896400207418
94.88005240031659
87.66136295406785
82.99445975819438
80.85205098114135
79.14631150896537
77.39963428945717
97.47277639802408
120.12499658852106
105.87866051690729
96.23099806227997
91.0591959826424
89.65366665756939
84.20894626238368
79.24183291940723
77.37234245790235
76.14421003793565
80.92028056002839
126.71597390900904
112.07390627985045
94.23869435877842
86.8698998389782
87.49761196473895
86.25583362899485
81.37059578068285
79.17360334052019
77.39963428945717
97.29537949291777
125.44690374171012
101.8667612783494
91.48221937174205
89.65366665756939
89.91293905734014
85.06863895636036
80.4290275920417
78.98256051963648
77.23588330012828
94.04765153789471
129.86818045359024
105.51022079091729
96.31287355694441
92.24639065527688
92.19180699216724
86.67885701809449
81.08403154935728
79.17360334052019
78.58682896209164
81.72538959089545
132.7474686826233
117.73696132747469
102.07145001501051
93.36535574902432
92.26003657105429
89.17605960536012
82.40768537976584
79.58298081384243
78.17745148876942
76.44442018503862
78.61412079364646
130.68693540023472
119.08790698943807
99.6151851750771
91.7687836030676
90.92273682486832
89.39439425779865
83.00810567397178
79.28277066673945
77.94547092055348
76.44442018503862
74.50670014464671
106.82022870554843
122.90876340711226
98.98747304931635
92.51930897082504
89.12147594225048
88.50740973226713
83.79956878906144
79.5420430665102
77.57703119456347
75.66660298572637
106.45178897955843
123.75481018531154
100.37935645861194
91.42763570863241
87.83875985917415
87.53854971207119
83.02175158974919
78.08193007832756
76.52629567970307
75.1889959335171
83.36289948418438
127.95775224475315
105.08719740181765
93.43358532791136
88.6302229742638
88.4391801533801
82.78977102153326
77.69984443656014
76.04868862749379
75.03889085996562
80.31986026582244
127.02982997188941
111.65088289075081
95.33036762097105
88.73939030048307
88.41188832182529
85.68270516634372
78.79151769875277
76.29431511148714
75.12076635463006
76.52629567970307
113.7387080046942
101.3482164788079
94.86640648453918
85.73728882945335
86.16031221855299
84.61832373570591
78.5049534674272
75.93952130127454
75.8985835539423
107.33877350508993
112.25130318495675
92.92868644414727
86.8835457547556
87.00635899675228
84.72749106192516
80.48361125515133
76.34889877459676
75.13441227040747
85.3006195245763
120.64354138806256
103.38145792964167
95.67151551540624
91.01825823531017
91.38669796130019
85.96926939766928
80.26527660271282
78.55953713053684
79.41922982451352
118.4465489478999
125.26950683660381
104.86886274937912
94.7026554952103
91.85065909773205
90.3496083622172
83.43112906307142
79.44652165606834
77.94547092055348
82.5032067902077
130.40037116890915
118.92415600010918
102.43988974100053
92.2873284026091
91.46857345596463
90.28137878333015
82.32580988510139
79.14631150896537
77.795365847002
79.0234982669687
119.59280587320215
109.49482819792037
100.42029420594416
92.2873284026091
92.17816107638984
87.32021505963266
80.83840506536394
79.26912475096204
78.36849430965313
88.2617832482738
134.01653884992223
114.40735787778718
101.5256133839142
92.76493545481837
92.6284762970443
90.24044103599793
82.44862312709806
78.163805572992
76.47171201659344
89.39439425779865
128.29890013918833
109.41295270325593
92.2873284026091
89.12147594225048
88.71209846892826
82.25758030621435
78.43672388854016
76.60817117436751
80.94757239158321
120.00218334652439
108.3212794410633
94.0340056221173
88.00251084850305
87.89334352228379
83.82686062061626
78.09557599410496
76.78556807947382
76.69004666903196
109.12638847193035
111.97838486940859
94.97557381075845
89.10783002647308
89.8447094784531
85.80551840834039
79.59662672961983
77.65890668922792
85.12322261947
121.84438197647445
114.10714773068422
95.38495128408069
88.86220354247973
88.98501678447641
86.50146011298818
81.32965803335063
77.795365847002
82.58508228487214
122.34928086023854
108.15752845173441
92.00076417128354
89.02595453180864
89.29887284735679
85.24603586146667
80.4153816762643
78.39578614120794
101.3482164788079
117.09560328593652
100.22925138506045
90.14491962555607
89.8447094784531
88.73939030048307
82.18935072732731
77.46786386834421
85.10957670369258
123.30449496465708
113.61589476269754
88.05709451161268
86.77437842853634
87.15646407030376
84.34540542015775
78.99620643541388
78.4913075516498
116.42695341284355
102.53541115144237
84.35905133593516
87.34750689118748
91.38669796130019
84.31811358860294
80.16975519227096
93.54275265413062
123.24991130154746
99.88810349062526
88.6165770584864
89.09418411069568
90.45877568843646
85.43707868235037
80.74288365492208
109.12638847193035
124.04137441663711
104.92344641248874
95.91714199939959
93.91119238012064
91.9325345923965
84.7957206408122
80.44267350781911
95.12567888430993
132.43361261974292
116.7135176441691
101.14352774214679
93.8293168854562
94.3751535165525
89.40804017357605
83.717693294397
81.27507437024099
100.147375890396
132.78840642995553
108.90805381949183
95.63057776807402
93.67921181190471
93.62462814879507
88.02980268005787
82.88529243197512
81.58893043312138
114.434649709342
127.1662891296635
108.4986763461696
95.87620425206737
93.89754646434322
92.34191206571873
85.39614093501815
82.06653748533064
81.05673971780247
109.75410059769112
130.6596435686799
111.26879724898339
96.62672961982479
93.5018149067984
92.39649572882837
85.06863895636036
81.87549466444693
80.33350618159984
82.08018340110806
124.39616822684971
118.84228050544472
102.48082748833275
93.18795884391803
92.84681094948283
88.56199339537677
83.26737807374253
80.82475914958653
80.7565295706995
81.00215605469283
124.5599192161786
117.5868562539232
105.15542698070468
94.62078000054584
93.65191998034989
91.11377964575203
83.58123413662291
79.9104827925002
78.69599628831091
76.69004666903196
93.61098223301767
126.21107502524495
102.61728664610682
92.50566305504763
90.84086133020388
89.54449933135012
84.16800851505145
77.86359542588903
76.18514778526787
77.35869654212495
123.56376736442783
111.02317076499004
96.94058568270518
91.48221937174205
92.42378756038318
88.48011790071232
81.68445184356322
77.9727627521083
79.06443601430092
111.43254823831228
108.4986763461696
94.9073442318714
88.69845255315084
88.67116072159602
86.76073251275893
80.36079801315466
78.53224529898202
78.58682896209164
119.44270079965067
115.97663819218909
98.57809557599411
89.38074834202123
89.4762697524631
87.07458857563931
81.58893043312138
77.91817908899867
81.17955295979914
123.71387243797932
112.01932261674081
96.69495919871183
90.77263175131684
90.75898583553943
84.11342485194182
78.80516361453017
76.64910892169974
90.29502469910756
128.0123359078628
105.04625965448541
90.15856554133349
89.25793510002457
89.57179116290494
85.38249501924075
80.37444392893208
94.42973717966213
123.56376736442783
100.95248492126306
90.3496083622172
89.99481455200458
89.61272891023717
85.88739390300483
80.87934281269617
80.97486422313801
123.71387243797932
117.245708359488
102.63093256188424
92.54660080237986
92.34191206571873
89.5035615840179
83.18550257907809
79.78766955050354
87.59313337518081
131.3419393575503
110.29993722878743
98.48257416555225
91.98711825550613
92.05534783439317
88.57563931115418
83.58123413662291
82.12112114844028
105.10084331759505
120.04312109385661
98.93288938620671
91.2502388035261
91.89159684506427
90.39054610954942
82.48956087443028
80.56548674981579
99.42414235419339
141.78106492726727
116.98643595971726
102.60364073032942
93.03785377036654
92.91504052836986
88.45282606915751
81.88914058022435
78.98256051963648
92.1099314975028
136.50009552141046
114.05256406757458
100.33841871127972
91.46857345596463
91.56409486640649
86.67885701809449
80.36079801315466
78.39578614120794
77.2768210474605
107.92554788351846
134.53508364946373
107.61169182063809
95.31672170519364
91.10013372997463
