81.3503488356522
81.3503488356522
81.3503488356522
84.81861885185532
88.38062589552338
88.38062589552338
88.38062589552338
88.38062589552338
88.38062589552338
88.300279871982
82.35467412991952
82.35467412991952
82.35467412991952
82.35467412991952
82.35467412991952
82.35467412991952
82.35467412991952
82.35467412991952
82.35467412991952
82.35467412991952
81.8725979886712
80.3460235413849
80.3460235413849
80.3460235413849
80.3460235413849
80.3460235413849
80.3460235413849
80.3460235413849
80.3460235413849
80.3460235413849
80.3460235413849
80.29245952569063
79.34169824711758
79.34169824711758
79.34169824711758
79.34169824711758
79.34169824711758
79.34169824711758
79.34169824711758
79.34169824711758
79.34169824711758
79.34169824711758
79.34169824711758
79.34169824711758
78.49806499993304
78.33737295285027
78.33737295285027
78.33737295285027
78.33737295285027
78.33737295285027
78.33737295285027
78.33737295285027
78.33737295285027
78.33737295285027
78.33737295285027
79.59612732166529
80.3460235413849
80.3460235413849
80.3460235413849
80.3460235413849
84.2294146792185
85.36765001272144
85.36765001272144
85.36765001272144
85.36765001272144
81.68512393374131
80.3460235413849
80.3460235413849
80.3460235413849
80.3460235413849
80.3460235413849
80.3460235413849
80.3460235413849
80.3460235413849
80.3460235413849
80.58706161200905
81.3503488356522
81.3503488356522
81.3503488356522
81.3503488356522
81.3503488356522
81.3503488356522
81.3503488356522
81.3503488356522
81.3503488356522
81.3503488356522
83.92142158897651
84.36332471845414
84.36332471845414
84.36332471845414
84.36332471845414
84.36332471845414
84.36332471845414
84.36332471845414
84.36332471845414
84.36332471845414
84.36332471845414
87.2156085541733
87.37630060125606
87.37630060125606
87.37630060125606
87.37630060125606
87.37630060125606
87.37630060125606
87.37630060125606
87.37630060125606
87.37630060125606
89.3046051662493
89.38495118979068
89.38495118979068
89.38495118979068
89.38495118979068
89.38495118979068
89.38495118979068
89.38495118979068
89.38495118979068
89.38495118979068
89.19747713486079
87.37630060125606
87.37630060125606
87.37630060125606
87.37630060125606
87.37630060125606
87.37630060125606
87.37630060125606
87.37630060125606
87.37630060125606
87.37630060125606
87.37630060125606
87.37630060125606
86.43893032660658
86.37197530698876
86.37197530698876
86.37197530698876
86.37197530698876
86.37197530698876
86.37197530698876
86.37197530698876
86.37197530698876
86.37197530698876
86.37197530698876
86.37197530698876
85.80955314219906
85.36765001272144
85.36765001272144
85.36765001272144
85.36765001272144
85.36765001272144
85.36765001272144
85.36765001272144
85.36765001272144
85.36765001272144
85.36765001272144
87.2156085541733
87.37630060125606
87.37630060125606
87.37630060125606
87.37630060125606
87.37630060125606
87.37630060125606
87.37630060125606
87.37630060125606
87.37630060125606
87.13526253063192
85.36765001272144
85.36765001272144
85.36765001272144
85.36765001272144
85.36765001272144
85.36765001272144
85.36765001272144
85.36765001272144
85.36765001272144
85.36765001272144
85.36765001272144
83.49290946342246
83.35899942418682
83.35899942418682
83.35899942418682
83.35899942418682
83.35899942418682
83.35899942418682
83.35899942418682
83.35899942418682
83.35899942418682
83.35899942418682
83.35899942418682
82.51536617700228
82.35467412991952
82.35467412991952
82.35467412991952
82.35467412991952
82.35467412991952
82.35467412991952
82.35467412991952
82.35467412991952
82.35467412991952
82.35467412991952
82.4350201534609
83.35899942418682
83.35899942418682
83.35899942418682
83.35899942418682
86.92100646785488
90.389276484058
90.389276484058
90.389276484058
90.389276484058
90.389276484058
86.77370542469568
84.36332471845414
84.36332471845414
84.36332471845414
84.36332471845414
84.36332471845414
84.36332471845414
84.36332471845414
84.36332471845414
84.36332471845414
84.36332471845414
84.36332471845414
84.36332471845414
84.36332471845414
84.36332471845414
84.36332471845414
84.36332471845414
84.36332471845414
84.36332471845414
84.36332471845414
84.36332471845414
84.36332471845414
84.13567765175354
83.35899942418682
83.35899942418682
83.35899942418682
83.35899942418682
83.35899942418682
83.35899942418682
83.35899942418682
83.35899942418682
83.35899942418682
83.35899942418682
83.35899942418682
82.55553918877297
82.35467412991952
82.35467412991952
82.35467412991952
82.35467412991952
82.35467412991952
82.35467412991952
82.35467412991952
82.35467412991952
82.35467412991952
82.35467412991952
82.35467412991952
82.35467412991952
82.35467412991952
82.35467412991952
82.35467412991952
85.16678495386799
88.38062589552338
88.38062589552338
88.38062589552338
88.38062589552338
88.38062589552338
84.83200985577888
83.35899942418682
83.35899942418682
83.35899942418682
83.35899942418682
83.35899942418682
83.35899942418682
83.35899942418682
83.35899942418682
83.35899942418682
83.35899942418682
83.35899942418682
83.35899942418682
83.35899942418682
83.35899942418682
83.35899942418682
83.35899942418682
83.35899942418682
83.35899942418682
83.35899942418682
84.1892416674478
84.36332471845414
84.36332471845414
84.36332471845414
84.36332471845414
84.36332471845414
84.36332471845414
84.36332471845414
84.36332471845414
84.36332471845414
85.30069499310362
85.36765001272144
85.36765001272144
85.36765001272144
85.36765001272144
85.36765001272144
85.36765001272144
85.36765001272144
85.36765001272144
85.36765001272144
86.73353241292499
87.37630060125606
87.37630060125606
87.37630060125606
87.37630060125606
87.37630060125606
87.37630060125606
87.37630060125606
87.37630060125606
87.37630060125606
87.37630060125606
87.37630060125606
87.37630060125606
87.37630060125606
87.37630060125606
87.37630060125606
87.37630060125606
87.37630060125606
87.37630060125606
87.37630060125606
87.37630060125606
86.6531863893836
85.36765001272144
85.36765001272144
85.36765001272144
85.36765001272144
85.36765001272144
85.36765001272144
85.36765001272144
85.36765001272144
85.36765001272144
85.36765001272144
85.36765001272144
84.81861885185532
84.36332471845414
84.36332471845414
84.36332471845414
84.36332471845414
84.36332471845414
84.36332471845414
84.36332471845414
84.36332471845414
84.36332471845414
84.36332471845414
84.36332471845414
84.36332471845414
84.36332471845414
84.36332471845414
84.36332471845414
87.81820373073369
90.389276484058
90.389276484058
90.389276484058
90.389276484058
90.389276484058
90.10806540166315
83.35899942418682
83.35899942418682
83.35899942418682
83.35899942418682
83.35899942418682
83.35899942418682
83.35899942418682
83.35899942418682
83.35899942418682
83.35899942418682
83.35899942418682
82.71623123585574
81.3503488356522
81.3503488356522
81.3503488356522
81.3503488356522
81.3503488356522
81.3503488356522
81.3503488356522
81.3503488356522
81.3503488356522
81.3503488356522
81.3503488356522
81.3503488356522
81.3503488356522
81.3503488356522
81.3503488356522
81.3503488356522
81.3503488356522
81.3503488356522
81.3503488356522
81.3503488356522
81.3503488356522
81.3503488356522
81.3503488356522
81.3503488356522
81.3503488356522
81.3503488356522
81.3503488356522
81.3503488356522
81.3503488356522
81.3503488356522
81.3503488356522
81.3503488356522
81.29678481995795
80.3460235413849
80.3460235413849
80.3460235413849
80.3460235413849
80.3460235413849
80.3460235413849
80.3460235413849
80.3460235413849
80.3460235413849
80.3460235413849
80.21211350214925
79.34169824711758
79.34169824711758
79.34169824711758
79.34169824711758
79.34169824711758
79.34169824711758
79.34169824711758
79.34169824711758
79.34169824711758
79.34169824711758
79.50239029420035
81.3503488356522
81.3503488356522
81.3503488356522
81.3503488356522
81.3503488356522
86.57284036584223
87.37630060125606
87.37630060125606
87.37630060125606
87.37630060125606
83.19830737710406
81.3503488356522
81.3503488356522
81.3503488356522
81.3503488356522
81.3503488356522
81.3503488356522
81.3503488356522
81.3503488356522
81.3503488356522
81.3503488356522
81.3503488356522
81.3503488356522
81.3503488356522
81.3503488356522
81.3503488356522
81.3503488356522
81.3503488356522
81.3503488356522
81.3503488356522
81.3503488356522
82.08685405144823
82.35467412991952
82.35467412991952
82.35467412991952
82.35467412991952
82.35467412991952
82.35467412991952
82.35467412991952
82.35467412991952
82.40823814561377
84.36332471845414
84.36332471845414
84.36332471845414
84.36332471845414
85.0864389303266
90.389276484058
90.389276484058
90.389276484058
90.389276484058
87.81820373073369
84.36332471845414
84.36332471845414
84.36332471845414
84.36332471845414
84.36332471845414
84.36332471845414
84.36332471845414
84.36332471845414
84.36332471845414
85.34086800487432
85.36765001272144
85.36765001272144
85.36765001272144
85.36765001272144
85.36765001272144
85.36765001272144
85.36765001272144
85.36765001272144
85.36765001272144
84.85879186362601
84.36332471845414
84.36332471845414
84.36332471845414
84.36332471845414
84.36332471845414
84.36332471845414
84.36332471845414
84.36332471845414
84.36332471845414
84.36332471845414
83.9615946007472
83.35899942418682
83.35899942418682
83.35899942418682
83.35899942418682
83.35899942418682
83.35899942418682
83.35899942418682
83.35899942418682
83.35899942418682
83.35899942418682
83.35899942418682
81.31017582388151
80.3460235413849
80.3460235413849
80.3460235413849
80.3460235413849
80.3460235413849
80.3460235413849
80.3460235413849
80.3460235413849
80.3460235413849
80.3460235413849
80.3460235413849
82.30111011422525
82.35467412991952
82.35467412991952
82.35467412991952
82.35467412991952
82.35467412991952
82.35467412991952
82.35467412991952
82.35467412991952
82.35467412991952
81.47086787096428
80.3460235413849
80.3460235413849
80.3460235413849
80.3460235413849
80.3460235413849
80.3460235413849
80.3460235413849
80.3460235413849
80.3460235413849
80.3460235413849
80.3460235413849
80.3460235413849
80.3460235413849
80.3460235413849
80.3460235413849
80.3460235413849
80.3460235413849
80.3460235413849
80.3460235413849
80.3460235413849
80.3460235413849
79.86394740013658
79.34169824711758
79.34169824711758
79.34169824711758
79.34169824711758
79.34169824711758
79.34169824711758
79.34169824711758
79.34169824711758
79.34169824711758
79.34169824711758
79.64969133735956
80.3460235413849
80.3460235413849
80.3460235413849
80.3460235413849
84.5240167655369
86.37197530698876
86.37197530698876
86.37197530698876
86.37197530698876
85.76938013042837
81.3503488356522
81.3503488356522
81.3503488356522
81.3503488356522
81.3503488356522
81.3503488356522
81.3503488356522
81.3503488356522
81.3503488356522
80.90844570617459
80.3460235413849
80.3460235413849
80.3460235413849
80.3460235413849
80.3460235413849
80.3460235413849
80.3460235413849
80.3460235413849
80.3460235413849
80.3460235413849
82.16720007498961
82.35467412991952
82.35467412991952
82.35467412991952
82.35467412991952
82.35467412991952
82.35467412991952
82.35467412991952
82.35467412991952
82.35467412991952
82.35467412991952
82.35467412991952
82.35467412991952
82.35467412991952
82.35467412991952
82.35467412991952
82.35467412991952
82.35467412991952
82.35467412991952
82.35467412991952
82.35467412991952
82.35467412991952
82.35467412991952
82.35467412991952
82.35467412991952
82.35467412991952
84.28297869491276
88.38062589552338
88.38062589552338
88.38062589552338
88.38062589552338
88.38062589552338
84.96591989501452
83.35899942418682
83.35899942418682
83.35899942418682
83.35899942418682
83.35899942418682
83.35899942418682
83.35899942418682
83.35899942418682
83.35899942418682
81.725296945512
81.3503488356522
81.3503488356522
81.3503488356522
81.3503488356522
81.3503488356522
81.3503488356522
81.3503488356522
81.3503488356522
81.3503488356522
81.36373983957577
82.35467412991952
82.35467412991952
82.35467412991952
82.35467412991952
82.35467412991952
82.35467412991952
82.35467412991952
82.35467412991952
82.35467412991952
82.35467412991952
82.35467412991952
82.35467412991952
82.35467412991952
82.35467412991952
82.35467412991952
82.35467412991952
82.35467412991952
82.35467412991952
82.35467412991952
82.35467412991952
82.35467412991952
82.35467412991952
82.35467412991952
81.48425887488784
81.3503488356522
81.3503488356522
81.3503488356522
81.3503488356522
87.2156085541733
87.37630060125606
87.37630060125606
87.37630060125606
87.37630060125606
85.87650816181689
80.3460235413849
80.3460235413849
80.3460235413849
80.3460235413849
80.3460235413849
80.3460235413849
80.3460235413849
80.3460235413849
80.3460235413849
80.3460235413849
80.3460235413849
80.3460235413849
80.3460235413849
80.3460235413849
80.3460235413849
80.3460235413849
80.3460235413849
80.3460235413849
80.3460235413849
80.3460235413849
80.3460235413849
80.3460235413849
80.3460235413849
80.3460235413849
80.3460235413849
80.3460235413849
80.3460235413849
80.3460235413849
80.3460235413849
80.3460235413849
80.3460235413849
80.3460235413849
80.3460235413849
80.3460235413849
80.3460235413849
80.3460235413849
80.3460235413849
85.48816904803353
86.37197530698876
86.37197530698876
86.37197530698876
86.37197530698876
84.76505483616106
81.3503488356522
81.3503488356522
81.3503488356522
81.3503488356522
81.3503488356522
81.3503488356522
81.3503488356522
81.3503488356522
81.3503488356522
81.3503488356522
81.3503488356522
81.3503488356522
81.3503488356522
81.3503488356522
81.3503488356522
81.3503488356522
81.3503488356522
81.3503488356522
81.3503488356522
82.07346304752467
82.35467412991952
82.35467412991952
82.35467412991952
82.35467412991952
82.35467412991952
82.35467412991952
82.35467412991952
82.35467412991952
82.35467412991952
82.3948471416902
83.35899942418682
83.35899942418682
83.35899942418682
83.35899942418682
83.35899942418682
83.35899942418682
83.35899942418682
83.35899942418682
83.35899942418682
83.35899942418682
83.35899942418682
81.83242497690051
81.3503488356522
81.3503488356522
81.3503488356522
81.3503488356522
81.3503488356522
81.3503488356522
81.3503488356522
81.3503488356522
81.3503488356522
81.3503488356522
82.12702706321892
83.35899942418682
83.35899942418682
83.35899942418682
83.35899942418682
86.6531863893836
89.38495118979068
89.38495118979068
89.38495118979068
89.38495118979068
89.38495118979068
85.52834205980422
83.35899942418682
83.35899942418682
83.35899942418682
83.35899942418682
83.35899942418682
83.35899942418682
83.35899942418682
83.35899942418682
83.35899942418682
83.35899942418682
81.61816891412349
81.3503488356522
81.3503488356522
81.3503488356522
81.3503488356522
81.3503488356522
81.3503488356522
81.3503488356522
81.3503488356522
81.3503488356522
81.3503488356522
81.3503488356522
81.3503488356522
81.3503488356522
81.3503488356522
81.3503488356522
81.3503488356522
81.3503488356522
81.3503488356522
81.3503488356522
81.3503488356522
81.3503488356522
81.3503488356522
80.70758064732112
79.34169824711758
79.34169824711758
79.34169824711758
79.34169824711758
79.34169824711758
79.34169824711758
79.34169824711758
79.34169824711758
79.34169824711758
79.34169824711758
79.34169824711758
79.34169824711758
79.34169824711758
79.34169824711758
79.34169824711758
81.75207895335913
85.36765001272144
85.36765001272144
85.36765001272144
85.36765001272144
85.36765001272144
83.35899942418682
79.34169824711758
79.34169824711758
79.34169824711758
79.34169824711758
79.34169824711758
79.34169824711758
79.34169824711758
79.34169824711758
79.34169824711758
79.34169824711758
79.34169824711758
78.43110998031521
78.33737295285027
78.33737295285027
78.33737295285027
78.33737295285027
78.33737295285027
78.33737295285027
78.33737295285027
78.33737295285027
78.33737295285027
78.33737295285027
79.06048716472273
79.34169824711758
79.34169824711758
79.34169824711758
79.90412041190727
86.37197530698876
86.37197530698876
86.37197530698876
86.37197530698876
86.37197530698876
86.18450125205887
79.34169824711758
79.34169824711758
79.34169824711758
79.34169824711758
79.34169824711758
79.34169824711758
79.34169824711758
79.34169824711758
79.34169824711758
79.34169824711758
79.34169824711758
79.34169824711758
78.77927608232788
78.33737295285027
78.33737295285027
78.33737295285027
78.33737295285027
78.33737295285027
78.33737295285027
78.33737295285027
78.33737295285027
78.33737295285027
78.33737295285027
78.33737295285027
77.74816878021345
77.33304765858296
77.33304765858296
77.33304765858296
77.33304765858296
77.33304765858296
77.33304765858296
77.33304765858296
77.33304765858296
77.33304765858296
77.33304765858296
77.49373970566573
78.33737295285027
78.33737295285027
78.33737295285027
78.33737295285027
78.33737295285027
78.33737295285027
78.33737295285027
78.33737295285027
78.33737295285027
78.33737295285027
78.33737295285027
78.33737295285027
78.33737295285027
78.33737295285027
78.33737295285027
78.89979511763997
85.36765001272144
85.36765001272144
85.36765001272144
85.36765001272144
85.36765001272144
85.36765001272144
80.77453566693895
78.33737295285027
78.33737295285027
78.33737295285027
78.33737295285027
78.33737295285027
78.33737295285027
78.33737295285027
78.33737295285027
78.33737295285027
78.33737295285027
78.33737295285027
78.33737295285027
78.33737295285027
78.33737295285027
78.33737295285027
78.33737295285027
78.33737295285027
78.33737295285027
78.33737295285027
78.33737295285027
78.33737295285027
78.33737295285027
79.89072940798371
80.3460235413849
80.3460235413849
80.3460235413849
80.42636956492628
86.37197530698876
86.37197530698876
86.37197530698876
86.37197530698876
86.30502028737094
81.3503488356522
