71.72413793103448
71.72413793103448
71.72413793103448
71.72413793103448
71.72413793103448
71.72413793103448
71.72413793103448
71.72413793103448
71.72413793103448
71.72413793103448
71.72413793103448
71.72413793103448
71.72413793103448
71.72413793103448
71.72413793103448
71.72413793103448
71.72413793103448
71.72413793103448
71.72413793103448
71.72413793103448
71.72413793103448
71.72413793103448
71.72413793103448
71.72413793103448
71.72413793103448
71.72413793103448
71.72413793103448
71.72413793103448
71.72413793103448
71.72413793103448
71.72413793103448
71.72413793103448
71.72413793103448
71.72413793103448
66.75862068965517
64.55172413793103
64.55172413793103
64.55172413793103
64.55172413793103
64.55172413793103
64.55172413793103
64.55172413793103
64.55172413793103
64.55172413793103
64.55172413793103
64.55172413793103
64.55172413793103
64.55172413793103
64.55172413793103
64.55172413793103
64.55172413793103
64.55172413793103
64.55172413793103
64.55172413793103
64.55172413793103
64.55172413793103
64.55172413793103
64.55172413793103
64.55172413793103
64.55172413793103
64.55172413793103
64.55172413793103
64.55172413793103
64.55172413793103
64.55172413793103
64.55172413793103
64.55172413793103
64.55172413793103
67.6256157635468
67.6256157635468
67.6256157635468
67.6256157635468
67.6256157635468
67.6256157635468
67.6256157635468
67.6256157635468
67.6256157635468
67.6256157635468
67.6256157635468
67.6256157635468
67.6256157635468
67.6256157635468
67.6256157635468
67.6256157635468
67.6256157635468
67.6256157635468
67.6256157635468
67.6256157635468
67.6256157635468
67.6256157635468
67.6256157635468
67.6256157635468
67.6256157635468
67.6256157635468
67.6256157635468
67.6256157635468
67.6256157635468
67.6256157635468
67.6256157635468
67.6256157635468
67.6256157635468
67.6256157635468
66.67980295566502
66.60098522167488
66.60098522167488
66.60098522167488
66.60098522167488
66.60098522167488
66.60098522167488
66.60098522167488
66.60098522167488
66.60098522167488
66.60098522167488
66.60098522167488
66.60098522167488
66.60098522167488
66.60098522167488
66.60098522167488
66.60098522167488
66.60098522167488
66.60098522167488
66.60098522167488
66.60098522167488
66.60098522167488
66.60098522167488
66.60098522167488
66.60098522167488
66.60098522167488
66.60098522167488
66.60098522167488
66.60098522167488
66.60098522167488
66.60098522167488
66.60098522167488
66.60098522167488
66.60098522167488
66.60098522167488
66.60098522167488
66.60098522167488
66.60098522167488
64.70935960591133
58.40394088669951
58.40394088669951
58.40394088669951
58.40394088669951
58.40394088669951
58.40394088669951
58.40394088669951
58.40394088669951
58.40394088669951
58.40394088669951
58.40394088669951
58.40394088669951
58.40394088669951
58.40394088669951
58.40394088669951
58.40394088669951
58.40394088669951
58.40394088669951
58.40394088669951
58.40394088669951
58.40394088669951
58.40394088669951
58.40394088669951
58.40394088669951
58.40394088669951
58.40394088669951
58.40394088669951
58.40394088669951
58.40394088669951
58.40394088669951
58.40394088669951
58.40394088669951
58.40394088669951
58.40394088669951
58.40394088669951
58.40394088669951
59.19211822660098
60.45320197044335
60.45320197044335
60.45320197044335
60.45320197044335
60.45320197044335
60.45320197044335
60.45320197044335
60.45320197044335
60.45320197044335
60.45320197044335
60.45320197044335
60.45320197044335
60.45320197044335
60.45320197044335
60.45320197044335
60.45320197044335
60.45320197044335
60.45320197044335
60.45320197044335
60.45320197044335
60.45320197044335
60.45320197044335
60.45320197044335
60.45320197044335
60.45320197044335
60.45320197044335
60.45320197044335
60.45320197044335
60.45320197044335
60.45320197044335
60.45320197044335
60.45320197044335
60.45320197044335
60.45320197044335
61.241379310344826
64.55172413793103
64.55172413793103
64.55172413793103
64.55172413793103
64.55172413793103
64.55172413793103
64.55172413793103
64.55172413793103
64.55172413793103
64.55172413793103
64.55172413793103
64.55172413793103
64.55172413793103
64.55172413793103
64.55172413793103
64.55172413793103
64.55172413793103
64.55172413793103
64.55172413793103
64.55172413793103
64.55172413793103
64.55172413793103
64.55172413793103
64.55172413793103
64.55172413793103
64.55172413793103
64.55172413793103
64.55172413793103
64.55172413793103
64.55172413793103
64.55172413793103
64.55172413793103
64.55172413793103
64.70935960591133
66.60098522167488
66.60098522167488
66.60098522167488
66.60098522167488
66.60098522167488
66.60098522167488
66.60098522167488
66.60098522167488
66.60098522167488
66.60098522167488
66.60098522167488
66.60098522167488
66.60098522167488
66.60098522167488
66.60098522167488
66.60098522167488
66.60098522167488
66.60098522167488
66.60098522167488
66.60098522167488
66.60098522167488
66.60098522167488
66.60098522167488
66.60098522167488
66.60098522167488
66.60098522167488
66.60098522167488
66.60098522167488
66.60098522167488
66.60098522167488
66.60098522167488
66.60098522167488
66.60098522167488
66.60098522167488
66.60098522167488
63.76354679802956
63.52709359605911
63.52709359605911
63.52709359605911
63.52709359605911
63.52709359605911
63.52709359605911
63.52709359605911
63.52709359605911
63.52709359605911
63.52709359605911
63.52709359605911
63.52709359605911
63.52709359605911
63.52709359605911
63.52709359605911
63.52709359605911
63.52709359605911
63.52709359605911
63.52709359605911
63.52709359605911
63.52709359605911
63.52709359605911
63.52709359605911
63.52709359605911
63.52709359605911
63.52709359605911
63.52709359605911
63.52709359605911
63.52709359605911
63.52709359605911
63.52709359605911
63.52709359605911
63.52709359605911
63.52709359605911
63.52709359605911
63.21182266009852
62.50246305418719
62.50246305418719
62.50246305418719
62.50246305418719
62.50246305418719
62.50246305418719
62.50246305418719
62.50246305418719
62.50246305418719
62.50246305418719
62.50246305418719
62.50246305418719
62.50246305418719
62.50246305418719
62.50246305418719
62.50246305418719
62.50246305418719
62.50246305418719
62.50246305418719
62.50246305418719
62.50246305418719
62.50246305418719
62.50246305418719
62.50246305418719
62.50246305418719
62.50246305418719
62.50246305418719
62.50246305418719
62.50246305418719
62.50246305418719
62.50246305418719
62.50246305418719
64.07881773399015
67.6256157635468
67.6256157635468
67.6256157635468
67.6256157635468
67.6256157635468
67.6256157635468
67.6256157635468
67.6256157635468
67.6256157635468
67.6256157635468
67.6256157635468
67.6256157635468
67.6256157635468
67.6256157635468
67.6256157635468
67.6256157635468
67.6256157635468
67.6256157635468
67.6256157635468
67.6256157635468
67.6256157635468
67.6256157635468
67.6256157635468
67.6256157635468
67.6256157635468
67.6256157635468
67.6256157635468
67.6256157635468
67.6256157635468
67.6256157635468
67.6256157635468
67.6256157635468
67.6256157635468
67.6256157635468
65.9704433497537
64.55172413793103
64.55172413793103
64.55172413793103
64.55172413793103
64.55172413793103
64.55172413793103
64.55172413793103
64.55172413793103
64.55172413793103
64.55172413793103
64.55172413793103
64.55172413793103
64.55172413793103
64.55172413793103
64.55172413793103
64.55172413793103
64.55172413793103
64.55172413793103
64.55172413793103
64.55172413793103
64.55172413793103
64.55172413793103
64.55172413793103
64.55172413793103
64.55172413793103
64.55172413793103
64.55172413793103
64.55172413793103
64.55172413793103
64.55172413793103
64.55172413793103
64.55172413793103
64.55172413793103
64.55172413793103
64.55172413793103
63.566502463054185
63.52709359605911
63.52709359605911
63.52709359605911
63.52709359605911
63.52709359605911
63.52709359605911
63.52709359605911
63.52709359605911
63.52709359605911
63.52709359605911
63.52709359605911
63.52709359605911
63.52709359605911
63.52709359605911
63.52709359605911
63.52709359605911
63.52709359605911
63.52709359605911
63.52709359605911
63.52709359605911
63.52709359605911
63.52709359605911
63.52709359605911
63.52709359605911
63.52709359605911
63.52709359605911
63.52709359605911
63.52709359605911
63.52709359605911
63.52709359605911
63.52709359605911
63.52709359605911
63.52709359605911
63.68472906403941
64.55172413793103
64.55172413793103
64.55172413793103
64.55172413793103
64.55172413793103
64.55172413793103
64.55172413793103
64.55172413793103
64.55172413793103
64.55172413793103
64.55172413793103
64.55172413793103
64.55172413793103
64.55172413793103
64.55172413793103
64.55172413793103
64.55172413793103
64.55172413793103
64.55172413793103
64.55172413793103
64.55172413793103
64.55172413793103
64.55172413793103
64.55172413793103
64.55172413793103
64.55172413793103
64.55172413793103
64.55172413793103
64.55172413793103
64.55172413793103
64.55172413793103
64.55172413793103
64.55172413793103
64.55172413793103
64.55172413793103
64.55172413793103
62.66009852216749
62.50246305418719
62.50246305418719
62.50246305418719
62.50246305418719
62.50246305418719
62.50246305418719
62.50246305418719
62.50246305418719
62.50246305418719
62.50246305418719
62.50246305418719
62.50246305418719
62.50246305418719
62.50246305418719
62.50246305418719
62.50246305418719
62.50246305418719
62.50246305418719
62.50246305418719
62.50246305418719
62.50246305418719
62.50246305418719
62.50246305418719
62.50246305418719
62.50246305418719
62.50246305418719
62.50246305418719
62.50246305418719
62.50246305418719
62.50246305418719
62.50246305418719
62.50246305418719
62.50246305418719
62.50246305418719
62.857142857142854
63.52709359605911
63.52709359605911
63.52709359605911
63.52709359605911
63.52709359605911
63.52709359605911
63.52709359605911
63.52709359605911
63.52709359605911
63.52709359605911
63.52709359605911
63.52709359605911
63.52709359605911
63.52709359605911
63.52709359605911
63.52709359605911
63.52709359605911
63.52709359605911
63.52709359605911
63.52709359605911
63.52709359605911
63.52709359605911
63.52709359605911
63.52709359605911
63.52709359605911
63.52709359605911
63.52709359605911
63.52709359605911
63.52709359605911
63.52709359605911
63.52709359605911
67.11330049261083
70.69950738916256
70.69950738916256
70.69950738916256
70.69950738916256
70.69950738916256
70.69950738916256
70.69950738916256
70.69950738916256
70.69950738916256
70.69950738916256
70.69950738916256
70.69950738916256
70.69950738916256
70.69950738916256
70.69950738916256
70.69950738916256
70.69950738916256
70.69950738916256
70.69950738916256
70.69950738916256
70.69950738916256
70.69950738916256
70.69950738916256
70.69950738916256
70.69950738916256
70.69950738916256
70.69950738916256
70.69950738916256
70.69950738916256
70.69950738916256
70.69950738916256
70.69950738916256
70.69950738916256
68.96551724137932
66.60098522167488
66.60098522167488
66.60098522167488
66.60098522167488
66.60098522167488
66.60098522167488
66.60098522167488
66.60098522167488
66.60098522167488
66.60098522167488
66.60098522167488
66.60098522167488
66.60098522167488
66.60098522167488
66.60098522167488
66.60098522167488
66.60098522167488
66.60098522167488
66.60098522167488
66.60098522167488
66.60098522167488
66.60098522167488
66.60098522167488
66.60098522167488
66.60098522167488
66.60098522167488
66.60098522167488
66.60098522167488
66.60098522167488
66.60098522167488
66.60098522167488
66.60098522167488
66.60098522167488
66.60098522167488
66.60098522167488
66.60098522167488
66.60098522167488
66.60098522167488
66.60098522167488
66.60098522167488
66.60098522167488
66.60098522167488
66.60098522167488
66.60098522167488
66.60098522167488
66.60098522167488
66.60098522167488
66.60098522167488
66.60098522167488
66.60098522167488
66.60098522167488
66.60098522167488
66.60098522167488
66.60098522167488
66.60098522167488
66.60098522167488
66.60098522167488
66.60098522167488
66.60098522167488
66.60098522167488
66.60098522167488
66.60098522167488
66.60098522167488
66.60098522167488
66.60098522167488
68.01970443349754
69.67487684729063
69.67487684729063
69.67487684729063
69.67487684729063
69.67487684729063
69.67487684729063
69.67487684729063
69.67487684729063
69.67487684729063
69.67487684729063
69.67487684729063
69.67487684729063
69.67487684729063
69.67487684729063
69.67487684729063
69.67487684729063
69.67487684729063
69.67487684729063
69.67487684729063
69.67487684729063
69.67487684729063
69.67487684729063
69.67487684729063
69.67487684729063
69.67487684729063
69.67487684729063
69.67487684729063
69.67487684729063
69.67487684729063
69.67487684729063
69.67487684729063
69.67487684729063
69.67487684729063
68.3743842364532
66.60098522167488
66.60098522167488
66.60098522167488
66.60098522167488
66.60098522167488
66.60098522167488
66.60098522167488
66.60098522167488
66.60098522167488
66.60098522167488
66.60098522167488
66.60098522167488
66.60098522167488
66.60098522167488
66.60098522167488
66.60098522167488
66.60098522167488
66.60098522167488
66.60098522167488
66.60098522167488
66.60098522167488
66.60098522167488
66.60098522167488
66.60098522167488
66.60098522167488
66.60098522167488
66.60098522167488
66.60098522167488
66.60098522167488
66.60098522167488
66.60098522167488
66.60098522167488
66.7192118226601
67.6256157635468
67.6256157635468
67.6256157635468
67.6256157635468
67.6256157635468
67.6256157635468
67.6256157635468
67.6256157635468
67.6256157635468
67.6256157635468
67.6256157635468
67.6256157635468
67.6256157635468
67.6256157635468
67.6256157635468
67.6256157635468
67.6256157635468
67.6256157635468
67.6256157635468
67.6256157635468
67.6256157635468
67.6256157635468
67.6256157635468
67.6256157635468
67.6256157635468
67.6256157635468
67.6256157635468
67.6256157635468
67.6256157635468
67.6256157635468
67.6256157635468
67.6256157635468
67.6256157635468
67.6256157635468
67.6256157635468
67.6256157635468
63.48768472906404
62.50246305418719
62.50246305418719
62.50246305418719
62.50246305418719
62.50246305418719
62.50246305418719
62.50246305418719
62.50246305418719
62.50246305418719
62.50246305418719
62.50246305418719
62.50246305418719
62.50246305418719
62.50246305418719
62.50246305418719
62.50246305418719
62.50246305418719
62.50246305418719
62.50246305418719
62.50246305418719
62.50246305418719
62.50246305418719
62.50246305418719
62.50246305418719
62.50246305418719
62.50246305418719
62.50246305418719
62.50246305418719
62.50246305418719
62.50246305418719
62.50246305418719
62.50246305418719
62.50246305418719
62.50246305418719
62.50246305418719
62.3448275862069
61.477832512315274
61.477832512315274
61.477832512315274
61.477832512315274
61.477832512315274
61.477832512315274
61.477832512315274
61.477832512315274
61.477832512315274
61.477832512315274
61.477832512315274
61.477832512315274
61.477832512315274
61.477832512315274
61.477832512315274
61.477832512315274
61.477832512315274
61.477832512315274
61.477832512315274
61.477832512315274
61.477832512315274
61.477832512315274
61.477832512315274
61.477832512315274
61.477832512315274
61.477832512315274
61.477832512315274
61.477832512315274
61.477832512315274
61.477832512315274
61.477832512315274
61.477832512315274
61.477832512315274
64.55172413793103
67.6256157635468
67.6256157635468
67.6256157635468
67.6256157635468
67.6256157635468
67.6256157635468
67.6256157635468
67.6256157635468
67.6256157635468
67.6256157635468
67.6256157635468
67.6256157635468
67.6256157635468
67.6256157635468
67.6256157635468
67.6256157635468
67.6256157635468
67.6256157635468
67.6256157635468
67.6256157635468
67.6256157635468
67.6256157635468
67.6256157635468
67.6256157635468
67.6256157635468
67.6256157635468
67.6256157635468
67.6256157635468
67.6256157635468
67.6256157635468
67.6256157635468
67.6256157635468
67.6256157635468
67.6256157635468
67.6256157635468
67.6256157635468
61.95073891625616
61.477832512315274
61.477832512315274
61.477832512315274
61.477832512315274
61.477832512315274
61.477832512315274
61.477832512315274
61.477832512315274
61.477832512315274
61.477832512315274
61.477832512315274
61.477832512315274
61.477832512315274
61.477832512315274
61.477832512315274
61.477832512315274
61.477832512315274
61.477832512315274
61.477832512315274
61.477832512315274
61.477832512315274
61.477832512315274
61.477832512315274
61.477832512315274
61.477832512315274
61.477832512315274
61.477832512315274
61.477832512315274
61.477832512315274
61.477832512315274
61.477832512315274
61.477832512315274
61.477832512315274
61.477832512315274
61.95073891625616
63.52709359605911
63.52709359605911
63.52709359605911
63.52709359605911
63.52709359605911
63.52709359605911
63.52709359605911
63.52709359605911
63.52709359605911
63.52709359605911
63.52709359605911
63.52709359605911
63.52709359605911
63.52709359605911
63.52709359605911
63.52709359605911
63.52709359605911
63.52709359605911
63.52709359605911
63.52709359605911
63.52709359605911
63.52709359605911
63.52709359605911
63.52709359605911
63.52709359605911
63.52709359605911
63.52709359605911
63.52709359605911
63.52709359605911
63.52709359605911
63.52709359605911
63.52709359605911
