157.40969123483643
157.40969123483643
157.40969123483643
157.40969123483643
157.40969123483643
157.40969123483643
157.40969123483643
157.40969123483643
157.40969123483643
157.40969123483643
157.40969123483643
157.40969123483643
157.40969123483643
157.40969123483643
166.28921227885283
166.49101957530775
166.49101957530775
166.49101957530775
166.49101957530775
166.49101957530775
166.49101957530775
166.49101957530775
166.49101957530775
166.49101957530775
166.49101957530775
166.49101957530775
166.49101957530775
166.49101957530775
166.49101957530775
166.49101957530775
164.4281005448797
162.4548736462094
162.4548736462094
162.4548736462094
162.4548736462094
162.4548736462094
162.4548736462094
162.4548736462094
162.4548736462094
162.4548736462094
162.4548736462094
162.4548736462094
162.4548736462094
162.4548736462094
162.4548736462094
162.4548736462094
162.4548736462094
165.48198309303316
165.48198309303316
165.48198309303316
165.48198309303316
165.48198309303316
165.48198309303316
165.48198309303316
165.48198309303316
165.48198309303316
165.48198309303316
165.48198309303316
165.48198309303316
165.48198309303316
165.48198309303316
165.48198309303316
165.48198309303316
163.68814045787832
161.44583716393478
161.44583716393478
161.44583716393478
161.44583716393478
161.44583716393478
161.44583716393478
161.44583716393478
161.44583716393478
161.44583716393478
161.44583716393478
161.44583716393478
161.44583716393478
161.44583716393478
161.44583716393478
161.44583716393478
161.44583716393478
161.44583716393478
163.8675247213938
167.50005605758236
167.50005605758236
167.50005605758236
167.50005605758236
167.50005605758236
167.50005605758236
167.50005605758236
167.50005605758236
167.50005605758236
167.50005605758236
167.50005605758236
167.50005605758236
167.50005605758236
167.50005605758236
167.50005605758236
167.50005605758236
167.50005605758236
167.50005605758236
163.7329865237572
160.4368006816602
160.4368006816602
160.4368006816602
160.4368006816602
160.4368006816602
160.4368006816602
160.4368006816602
160.4368006816602
160.4368006816602
160.4368006816602
160.4368006816602
160.4368006816602
160.4368006816602
160.4368006816602
160.4368006816602
160.4368006816602
160.4368006816602
160.4368006816602
160.4368006816602
160.4368006816602
160.4368006816602
160.4368006816602
160.4368006816602
160.4368006816602
160.4368006816602
160.4368006816602
160.4368006816602
160.4368006816602
160.4368006816602
160.4368006816602
160.4368006816602
160.4368006816602
160.4368006816602
160.4368006816602
160.4368006816602
163.8002556225755
165.48198309303316
165.48198309303316
165.48198309303316
165.48198309303316
165.48198309303316
165.48198309303316
165.48198309303316
165.48198309303316
165.48198309303316
165.48198309303316
165.48198309303316
165.48198309303316
165.48198309303316
165.48198309303316
165.48198309303316
165.48198309303316
165.48198309303316
164.9438303024867
162.4548736462094
162.4548736462094
162.4548736462094
162.4548736462094
162.4548736462094
162.4548736462094
162.4548736462094
162.4548736462094
162.4548736462094
162.4548736462094
162.4548736462094
162.4548736462094
162.4548736462094
162.4548736462094
162.4548736462094
162.4548736462094
147.20721124739333
145.3012534475413
145.3012534475413
145.3012534475413
145.3012534475413
145.3012534475413
145.3012534475413
145.3012534475413
145.3012534475413
145.3012534475413
145.3012534475413
145.3012534475413
145.3012534475413
145.3012534475413
145.3012534475413
145.3012534475413
145.3012534475413
145.3012534475413
152.54389308697895
162.4548736462094
162.4548736462094
162.4548736462094
162.4548736462094
162.4548736462094
162.4548736462094
162.4548736462094
162.4548736462094
162.4548736462094
162.4548736462094
162.4548736462094
162.4548736462094
162.4548736462094
162.4548736462094
162.4548736462094
162.4548736462094
161.98398995448125
161.44583716393478
161.44583716393478
161.44583716393478
161.44583716393478
161.44583716393478
161.44583716393478
161.44583716393478
161.44583716393478
161.44583716393478
161.44583716393478
161.44583716393478
161.44583716393478
161.44583716393478
161.44583716393478
161.44583716393478
161.44583716393478
161.44583716393478
161.44583716393478
161.44583716393478
161.44583716393478
161.44583716393478
161.44583716393478
161.44583716393478
161.44583716393478
161.44583716393478
161.44583716393478
161.44583716393478
161.44583716393478
161.44583716393478
161.44583716393478
161.44583716393478
161.44583716393478
161.44583716393478
161.44583716393478
161.44583716393478
161.44583716393478
162.0288360203601
163.46391012848397
163.46391012848397
163.46391012848397
163.46391012848397
163.46391012848397
163.46391012848397
163.46391012848397
163.46391012848397
163.46391012848397
163.46391012848397
163.46391012848397
163.46391012848397
163.46391012848397
163.46391012848397
163.46391012848397
163.46391012848397
163.46391012848397
163.46391012848397
163.46391012848397
163.46391012848397
163.46391012848397
163.46391012848397
163.46391012848397
163.46391012848397
163.46391012848397
163.46391012848397
163.46391012848397
163.46391012848397
163.46391012848397
163.46391012848397
163.46391012848397
163.46391012848397
163.46391012848397
163.46391012848397
163.46391012848397
163.46391012848397
163.46391012848397
163.46391012848397
161.6476444603897
160.4368006816602
160.4368006816602
160.4368006816602
160.4368006816602
160.4368006816602
160.4368006816602
160.4368006816602
160.4368006816602
160.4368006816602
160.4368006816602
160.4368006816602
160.4368006816602
160.4368006816602
160.4368006816602
160.4368006816602
160.4368006816602
160.4368006816602
160.4368006816602
159.94349395699263
159.4277641993856
159.4277641993856
159.4277641993856
159.4277641993856
159.4277641993856
159.4277641993856
159.4277641993856
159.4277641993856
159.4277641993856
159.4277641993856
159.4277641993856
159.4277641993856
159.4277641993856
159.4277641993856
159.4277641993856
159.4277641993856
159.4277641993856
159.4277641993856
159.4277641993856
159.4277641993856
161.1319147027827
161.44583716393478
161.44583716393478
161.44583716393478
161.44583716393478
161.44583716393478
161.44583716393478
161.44583716393478
161.44583716393478
161.44583716393478
161.44583716393478
161.44583716393478
161.44583716393478
161.44583716393478
161.44583716393478
161.44583716393478
161.44583716393478
161.44583716393478
161.44583716393478
162.85848823911923
164.47294661075856
164.47294661075856
164.47294661075856
164.47294661075856
164.47294661075856
164.47294661075856
164.47294661075856
164.47294661075856
164.47294661075856
164.47294661075856
164.47294661075856
164.47294661075856
164.47294661075856
164.47294661075856
164.47294661075856
164.47294661075856
164.47294661075856
164.47294661075856
158.64295804650536
154.38258178801263
154.38258178801263
154.38258178801263
154.38258178801263
154.38258178801263
154.38258178801263
154.38258178801263
154.38258178801263
154.38258178801263
154.38258178801263
154.38258178801263
154.38258178801263
154.38258178801263
154.38258178801263
154.38258178801263
154.38258178801263
154.38258178801263
154.71892728210418
157.40969123483643
157.40969123483643
157.40969123483643
157.40969123483643
157.40969123483643
157.40969123483643
157.40969123483643
157.40969123483643
157.40969123483643
157.40969123483643
157.40969123483643
157.40969123483643
157.40969123483643
157.40969123483643
157.40969123483643
157.40969123483643
157.40969123483643
157.40969123483643
160.03318608875037
160.4368006816602
160.4368006816602
160.4368006816602
160.4368006816602
160.4368006816602
160.4368006816602
160.4368006816602
160.4368006816602
160.4368006816602
160.4368006816602
160.4368006816602
160.4368006816602
160.4368006816602
160.4368006816602
160.4368006816602
160.4368006816602
160.4368006816602
163.46391012848397
163.46391012848397
163.46391012848397
163.46391012848397
163.46391012848397
163.46391012848397
163.46391012848397
163.46391012848397
163.46391012848397
163.46391012848397
163.46391012848397
163.46391012848397
163.46391012848397
163.46391012848397
163.46391012848397
163.46391012848397
163.46391012848397
162.56698881090657
158.418727717111
158.418727717111
158.418727717111
158.418727717111
158.418727717111
158.418727717111
158.418727717111
158.418727717111
158.418727717111
158.418727717111
158.418727717111
158.418727717111
158.418727717111
158.418727717111
158.418727717111
158.418727717111
158.418727717111
158.418727717111
160.63860797811512
161.44583716393478
161.44583716393478
161.44583716393478
161.44583716393478
161.44583716393478
161.44583716393478
161.44583716393478
161.44583716393478
161.44583716393478
161.44583716393478
161.44583716393478
161.44583716393478
161.44583716393478
161.44583716393478
161.44583716393478
161.44583716393478
161.44583716393478
159.5398793640828
156.40065475256182
156.40065475256182
156.40065475256182
156.40065475256182
156.40065475256182
156.40065475256182
156.40065475256182
156.40065475256182
156.40065475256182
156.40065475256182
156.40065475256182
156.40065475256182
156.40065475256182
156.40065475256182
156.40065475256182
156.40065475256182
156.40065475256182
156.40065475256182
156.40065475256182
160.16772428638697
164.47294661075856
164.47294661075856
164.47294661075856
164.47294661075856
164.47294661075856
164.47294661075856
164.47294661075856
164.47294661075856
164.47294661075856
164.47294661075856
164.47294661075856
164.47294661075856
164.47294661075856
164.47294661075856
164.47294661075856
164.47294661075856
164.47294661075856
164.47294661075856
161.3337219992376
154.38258178801263
154.38258178801263
154.38258178801263
154.38258178801263
154.38258178801263
154.38258178801263
154.38258178801263
154.38258178801263
154.38258178801263
154.38258178801263
154.38258178801263
154.38258178801263
154.38258178801263
154.38258178801263
154.38258178801263
154.38258178801263
154.38258178801263
154.38258178801263
154.38258178801263
162.4548736462094
162.4548736462094
162.4548736462094
162.4548736462094
162.4548736462094
162.4548736462094
162.4548736462094
162.4548736462094
162.4548736462094
162.4548736462094
162.4548736462094
162.4548736462094
162.4548736462094
162.4548736462094
162.4548736462094
162.4548736462094
162.4548736462094
162.4548736462094
162.7239500414826
166.49101957530775
166.49101957530775
166.49101957530775
166.49101957530775
166.49101957530775
166.49101957530775
166.49101957530775
166.49101957530775
166.49101957530775
166.49101957530775
166.49101957530775
166.49101957530775
166.49101957530775
166.49101957530775
166.49101957530775
166.49101957530775
166.49101957530775
166.49101957530775
166.33405834473172
165.48198309303316
165.48198309303316
165.48198309303316
165.48198309303316
165.48198309303316
165.48198309303316
165.48198309303316
165.48198309303316
165.48198309303316
165.48198309303316
165.48198309303316
165.48198309303316
165.48198309303316
165.48198309303316
165.48198309303316
165.48198309303316
165.48198309303316
165.48198309303316
165.48198309303316
162.88091127205865
161.44583716393478
161.44583716393478
161.44583716393478
161.44583716393478
161.44583716393478
161.44583716393478
161.44583716393478
161.44583716393478
161.44583716393478
161.44583716393478
161.44583716393478
161.44583716393478
161.44583716393478
161.44583716393478
161.44583716393478
161.44583716393478
161.44583716393478
160.66103101105455
156.40065475256182
156.40065475256182
156.40065475256182
156.40065475256182
156.40065475256182
156.40065475256182
156.40065475256182
156.40065475256182
156.40065475256182
156.40065475256182
156.40065475256182
156.40065475256182
156.40065475256182
156.40065475256182
156.40065475256182
156.40065475256182
156.40065475256182
156.40065475256182
162.67910397560374
163.46391012848397
163.46391012848397
163.46391012848397
163.46391012848397
163.46391012848397
163.46391012848397
163.46391012848397
163.46391012848397
163.46391012848397
163.46391012848397
163.46391012848397
163.46391012848397
163.46391012848397
163.46391012848397
163.46391012848397
163.46391012848397
163.46391012848397
163.46391012848397
163.46391012848397
163.46391012848397
163.46391012848397
163.46391012848397
163.46391012848397
163.46391012848397
163.46391012848397
163.46391012848397
163.46391012848397
163.46391012848397
163.46391012848397
163.46391012848397
163.46391012848397
163.46391012848397
163.46391012848397
164.02448595196987
164.47294661075856
164.47294661075856
164.47294661075856
164.47294661075856
164.47294661075856
164.47294661075856
164.47294661075856
164.47294661075856
164.47294661075856
164.47294661075856
164.47294661075856
164.47294661075856
164.47294661075856
164.47294661075856
164.47294661075856
164.47294661075856
164.47294661075856
161.5131062627531
160.4368006816602
160.4368006816602
160.4368006816602
160.4368006816602
160.4368006816602
160.4368006816602
160.4368006816602
160.4368006816602
160.4368006816602
160.4368006816602
160.4368006816602
160.4368006816602
160.4368006816602
160.4368006816602
160.4368006816602
160.4368006816602
160.4368006816602
160.4368006816602
161.6476444603897
169.51812902213152
169.51812902213152
169.51812902213152
169.51812902213152
169.51812902213152
169.51812902213152
169.51812902213152
169.51812902213152
169.51812902213152
169.51812902213152
169.51812902213152
169.51812902213152
169.51812902213152
169.51812902213152
169.51812902213152
169.51812902213152
169.51812902213152
168.97997623158508
168.50909253985694
168.50909253985694
168.50909253985694
168.50909253985694
168.50909253985694
168.50909253985694
168.50909253985694
168.50909253985694
168.50909253985694
168.50909253985694
168.50909253985694
168.50909253985694
168.50909253985694
168.50909253985694
168.50909253985694
168.50909253985694
168.50909253985694
168.50909253985694
169.80962845034418
170.52716550440613
170.52716550440613
170.52716550440613
170.52716550440613
170.52716550440613
170.52716550440613
170.52716550440613
170.52716550440613
170.52716550440613
170.52716550440613
170.52716550440613
170.52716550440613
170.52716550440613
170.52716550440613
170.52716550440613
170.52716550440613
170.52716550440613
170.52716550440613
167.56732515640064
166.49101957530775
166.49101957530775
166.49101957530775
166.49101957530775
166.49101957530775
166.49101957530775
166.49101957530775
166.49101957530775
166.49101957530775
166.49101957530775
166.49101957530775
166.49101957530775
166.49101957530775
166.49101957530775
166.49101957530775
166.49101957530775
166.49101957530775
164.02448595196987
161.44583716393478
161.44583716393478
161.44583716393478
161.44583716393478
161.44583716393478
161.44583716393478
161.44583716393478
161.44583716393478
161.44583716393478
161.44583716393478
161.44583716393478
161.44583716393478
161.44583716393478
161.44583716393478
161.44583716393478
161.44583716393478
161.44583716393478
161.44583716393478
161.53552929569253
162.4548736462094
162.4548736462094
162.4548736462094
162.4548736462094
162.4548736462094
162.4548736462094
162.4548736462094
162.4548736462094
162.4548736462094
162.4548736462094
162.4548736462094
162.4548736462094
162.4548736462094
162.4548736462094
162.4548736462094
162.4548736462094
162.4548736462094
162.4548736462094
162.4548736462094
162.7912191403009
163.46391012848397
163.46391012848397
163.46391012848397
163.46391012848397
163.46391012848397
163.46391012848397
163.46391012848397
163.46391012848397
163.46391012848397
163.46391012848397
163.46391012848397
163.46391012848397
163.46391012848397
163.46391012848397
163.46391012848397
163.46391012848397
163.46391012848397
163.46391012848397
163.46391012848397
163.46391012848397
163.46391012848397
163.46391012848397
163.46391012848397
163.46391012848397
163.46391012848397
163.46391012848397
163.46391012848397
163.46391012848397
163.46391012848397
163.46391012848397
163.46391012848397
163.46391012848397
163.46391012848397
163.46391012848397
163.46391012848397
163.46391012848397
163.46391012848397
163.46391012848397
163.46391012848397
163.46391012848397
158.5981119806265
156.40065475256182
156.40065475256182
156.40065475256182
156.40065475256182
156.40065475256182
156.40065475256182
156.40065475256182
156.40065475256182
156.40065475256182
156.40065475256182
156.40065475256182
156.40065475256182
156.40065475256182
156.40065475256182
156.40065475256182
156.40065475256182
156.40065475256182
156.40065475256182
156.40065475256182
162.073682086239
167.50005605758236
167.50005605758236
167.50005605758236
167.50005605758236
167.50005605758236
167.50005605758236
167.50005605758236
167.50005605758236
167.50005605758236
167.50005605758236
167.50005605758236
167.50005605758236
167.50005605758236
167.50005605758236
167.50005605758236
167.50005605758236
167.50005605758236
167.50005605758236
167.50005605758236
162.3427584815122
157.40969123483643
157.40969123483643
157.40969123483643
157.40969123483643
157.40969123483643
157.40969123483643
157.40969123483643
157.40969123483643
157.40969123483643
157.40969123483643
157.40969123483643
157.40969123483643
157.40969123483643
157.40969123483643
157.40969123483643
157.40969123483643
157.40969123483643
157.40969123483643
157.40969123483643
157.49938336659417
159.4277641993856
159.4277641993856
159.4277641993856
159.4277641993856
159.4277641993856
159.4277641993856
159.4277641993856
159.4277641993856
159.4277641993856
159.4277641993856
159.4277641993856
159.4277641993856
159.4277641993856
159.4277641993856
159.4277641993856
159.4277641993856
159.4277641993856
159.4277641993856
159.4277641993856
159.4277641993856
161.44583716393478
164.47294661075856
164.47294661075856
164.47294661075856
164.47294661075856
164.47294661075856
164.47294661075856
164.47294661075856
164.47294661075856
164.47294661075856
164.47294661075856
164.47294661075856
164.47294661075856
164.47294661075856
164.47294661075856
164.47294661075856
164.47294661075856
164.47294661075856
164.47294661075856
164.47294661075856
158.19449738771667
154.38258178801263
154.38258178801263
154.38258178801263
154.38258178801263
154.38258178801263
154.38258178801263
154.38258178801263
154.38258178801263
154.38258178801263
154.38258178801263
154.38258178801263
154.38258178801263
154.38258178801263
154.38258178801263
154.38258178801263
154.38258178801263
154.38258178801263
154.38258178801263
154.38258178801263
158.64295804650536
