83.07199572963235
83.07199572963235
83.07199572963235
83.07199572963235
83.07199572963235
83.07199572963235
83.07199572963235
83.07199572963235
83.07199572963235
83.07199572963235
83.07199572963235
83.07199572963235
83.07199572963235
83.07199572963235
83.07199572963235
83.07199572963235
83.07199572963235
83.07199572963235
83.07199572963235
83.07199572963235
83.07199572963235
83.07199572963235
83.07199572963235
80.16948021618737
80.06939347434444
80.06939347434444
80.06939347434444
80.06939347434444
80.06939347434444
80.06939347434444
80.06939347434444
80.06939347434444
80.06939347434444
80.06939347434444
80.06939347434444
80.06939347434444
80.06939347434444
80.06939347434444
80.06939347434444
80.06939347434444
80.06939347434444
80.06939347434444
80.06939347434444
80.06939347434444
80.06939347434444
80.06939347434444
80.06939347434444
80.06939347434444
80.06939347434444
80.06939347434444
80.06939347434444
80.06939347434444
80.06939347434444
80.06939347434444
81.97104156936011
83.07199572963235
83.07199572963235
83.07199572963235
83.07199572963235
83.07199572963235
83.07199572963235
83.07199572963235
83.07199572963235
83.07199572963235
83.07199572963235
83.07199572963235
83.07199572963235
83.07199572963235
83.07199572963235
83.07199572963235
83.07199572963235
83.07199572963235
83.07199572963235
83.07199572963235
83.07199572963235
83.07199572963235
83.07199572963235
83.07199572963235
83.07199572963235
83.07199572963235
83.07199572963235
83.07199572963235
83.07199572963235
83.07199572963235
83.1387202241943
85.07373056649095
85.07373056649095
85.07373056649095
85.07373056649095
85.07373056649095
85.07373056649095
85.07373056649095
85.07373056649095
85.07373056649095
85.07373056649095
85.07373056649095
85.07373056649095
85.07373056649095
85.07373056649095
85.07373056649095
85.07373056649095
85.07373056649095
85.07373056649095
85.07373056649095
85.07373056649095
85.07373056649095
85.07373056649095
85.07373056649095
85.07373056649095
85.07373056649095
85.07373056649095
85.07373056649095
85.07373056649095
85.07373056649095
85.80770000667245
86.07459798492026
86.07459798492026
86.07459798492026
86.07459798492026
86.07459798492026
86.07459798492026
86.07459798492026
86.07459798492026
86.07459798492026
86.07459798492026
86.07459798492026
86.07459798492026
86.07459798492026
86.07459798492026
86.07459798492026
86.07459798492026
86.07459798492026
86.07459798492026
86.07459798492026
86.07459798492026
86.07459798492026
86.07459798492026
86.07459798492026
86.07459798492026
86.07459798492026
86.07459798492026
86.07459798492026
86.07459798492026
86.07459798492026
87.14218989791152
90.07806765863748
90.07806765863748
90.07806765863748
90.07806765863748
90.07806765863748
90.07806765863748
90.07806765863748
90.07806765863748
90.07806765863748
90.07806765863748
90.07806765863748
90.07806765863748
90.07806765863748
90.07806765863748
90.07806765863748
90.07806765863748
90.07806765863748
90.07806765863748
90.07806765863748
90.07806765863748
90.07806765863748
90.07806765863748
90.07806765863748
90.07806765863748
90.07806765863748
90.07806765863748
90.07806765863748
90.07806765863748
90.07806765863748
90.07806765863748
95.6829252018416
96.08327216921332
96.08327216921332
96.08327216921332
96.08327216921332
96.08327216921332
96.08327216921332
96.08327216921332
96.08327216921332
96.08327216921332
96.08327216921332
96.08327216921332
96.08327216921332
96.08327216921332
96.08327216921332
96.08327216921332
96.08327216921332
96.08327216921332
96.08327216921332
96.08327216921332
96.08327216921332
96.08327216921332
96.08327216921332
96.08327216921332
96.08327216921332
96.08327216921332
96.08327216921332
96.08327216921332
96.08327216921332
96.08327216921332
96.08327216921332
93.9480883432308
92.0798024954961
92.0798024954961
92.0798024954961
92.0798024954961
92.0798024954961
92.0798024954961
92.0798024954961
92.0798024954961
92.0798024954961
92.0798024954961
92.0798024954961
92.0798024954961
92.0798024954961
92.0798024954961
92.0798024954961
92.0798024954961
92.0798024954961
92.0798024954961
92.0798024954961
92.0798024954961
92.0798024954961
92.0798024954961
92.0798024954961
92.0798024954961
92.0798024954961
92.0798024954961
92.0798024954961
92.0798024954961
92.91385867752052
93.0806699139254
93.0806699139254
93.0806699139254
93.0806699139254
93.0806699139254
93.0806699139254
93.0806699139254
93.0806699139254
93.0806699139254
93.0806699139254
93.0806699139254
93.0806699139254
93.0806699139254
93.0806699139254
93.0806699139254
93.0806699139254
93.0806699139254
93.0806699139254
93.0806699139254
93.0806699139254
93.0806699139254
93.0806699139254
93.0806699139254
93.0806699139254
93.0806699139254
93.0806699139254
93.0806699139254
93.0806699139254
93.0806699139254
92.27997597918196
92.0798024954961
92.0798024954961
92.0798024954961
92.0798024954961
92.0798024954961
92.0798024954961
92.0798024954961
92.0798024954961
92.0798024954961
92.0798024954961
92.0798024954961
92.0798024954961
92.0798024954961
92.0798024954961
92.0798024954961
92.0798024954961
92.0798024954961
92.0798024954961
92.0798024954961
92.0798024954961
92.0798024954961
92.0798024954961
92.0798024954961
92.0798024954961
92.0798024954961
92.0798024954961
92.0798024954961
91.3458330553146
91.07893507706679
91.07893507706679
91.07893507706679
91.07893507706679
91.07893507706679
91.07893507706679
91.07893507706679
91.07893507706679
91.07893507706679
91.07893507706679
91.07893507706679
91.07893507706679
91.07893507706679
91.07893507706679
91.07893507706679
91.07893507706679
91.07893507706679
91.07893507706679
91.07893507706679
91.07893507706679
91.07893507706679
91.07893507706679
91.07893507706679
91.07893507706679
91.07893507706679
91.07893507706679
91.07893507706679
91.07893507706679
91.17902181890972
92.0798024954961
92.0798024954961
92.0798024954961
92.0798024954961
92.0798024954961
92.0798024954961
92.0798024954961
92.0798024954961
92.0798024954961
92.0798024954961
92.0798024954961
92.0798024954961
92.0798024954961
92.0798024954961
92.0798024954961
92.0798024954961
92.0798024954961
92.0798024954961
92.0798024954961
92.0798024954961
92.0798024954961
92.0798024954961
92.0798024954961
92.0798024954961
92.0798024954961
92.0798024954961
92.0798024954961
94.74878227797424
96.08327216921332
96.08327216921332
96.08327216921332
96.08327216921332
96.08327216921332
96.08327216921332
96.08327216921332
96.08327216921332
96.08327216921332
96.08327216921332
96.08327216921332
96.08327216921332
96.08327216921332
96.08327216921332
96.08327216921332
96.08327216921332
96.08327216921332
96.08327216921332
96.08327216921332
96.08327216921332
96.08327216921332
96.08327216921332
96.08327216921332
96.08327216921332
96.08327216921332
97.78474678054313
99.08587442450123
99.08587442450123
99.08587442450123
99.08587442450123
99.08587442450123
99.08587442450123
99.08587442450123
99.08587442450123
99.08587442450123
99.08587442450123
99.08587442450123
99.08587442450123
99.08587442450123
99.08587442450123
99.08587442450123
99.08587442450123
99.08587442450123
99.08587442450123
99.08587442450123
99.08587442450123
99.08587442450123
99.08587442450123
99.08587442450123
99.08587442450123
99.08587442450123
99.08587442450123
99.08587442450123
98.25181824247682
98.08500700607193
98.08500700607193
98.08500700607193
98.08500700607193
98.08500700607193
98.08500700607193
98.08500700607193
98.08500700607193
98.08500700607193
98.08500700607193
98.08500700607193
98.08500700607193
98.08500700607193
98.08500700607193
98.08500700607193
98.08500700607193
98.08500700607193
98.08500700607193
98.08500700607193
98.08500700607193
98.08500700607193
98.08500700607193
98.08500700607193
98.08500700607193
98.08500700607193
98.08500700607193
98.81897644625342
99.08587442450123
99.08587442450123
99.08587442450123
99.08587442450123
99.08587442450123
99.08587442450123
99.08587442450123
99.08587442450123
99.08587442450123
99.08587442450123
99.08587442450123
99.08587442450123
99.08587442450123
99.08587442450123
99.08587442450123
99.08587442450123
99.08587442450123
99.08587442450123
99.08587442450123
99.08587442450123
99.08587442450123
99.08587442450123
99.08587442450123
99.08587442450123
99.08587442450123
99.08587442450123
99.08587442450123
99.08587442450123
98.95242543537732
95.08240475078401
95.08240475078401
95.08240475078401
95.08240475078401
95.08240475078401
95.08240475078401
95.08240475078401
95.08240475078401
95.08240475078401
95.08240475078401
95.08240475078401
95.08240475078401
95.08240475078401
95.08240475078401
95.08240475078401
95.08240475078401
95.08240475078401
95.08240475078401
95.08240475078401
95.08240475078401
95.08240475078401
95.08240475078401
95.08240475078401
95.08240475078401
95.08240475078401
95.08240475078401
95.08240475078401
95.08240475078401
95.08240475078401
95.08240475078401
95.08240475078401
94.28171081604057
94.08153733235471
94.08153733235471
94.08153733235471
94.08153733235471
94.08153733235471
94.08153733235471
94.08153733235471
94.08153733235471
94.08153733235471
94.08153733235471
94.08153733235471
94.08153733235471
94.08153733235471
94.08153733235471
94.08153733235471
94.08153733235471
94.08153733235471
94.08153733235471
94.08153733235471
94.08153733235471
94.08153733235471
94.08153733235471
94.08153733235471
94.08153733235471
94.08153733235471
94.08153733235471
93.0806699139254
91.07893507706679
91.07893507706679
91.07893507706679
91.07893507706679
91.07893507706679
91.07893507706679
91.07893507706679
91.07893507706679
91.07893507706679
91.07893507706679
91.07893507706679
91.07893507706679
91.07893507706679
91.07893507706679
91.07893507706679
91.07893507706679
91.07893507706679
91.07893507706679
91.07893507706679
91.07893507706679
91.07893507706679
91.07893507706679
91.07893507706679
91.07893507706679
91.07893507706679
91.07893507706679
91.07893507706679
91.07893507706679
91.07893507706679
90.81203709881898
87.07546540334957
87.07546540334957
87.07546540334957
87.07546540334957
87.07546540334957
87.07546540334957
87.07546540334957
87.07546540334957
87.07546540334957
87.07546540334957
87.07546540334957
87.07546540334957
87.07546540334957
87.07546540334957
87.07546540334957
87.07546540334957
87.07546540334957
87.07546540334957
87.07546540334957
87.07546540334957
87.07546540334957
87.07546540334957
87.07546540334957
87.07546540334957
87.07546540334957
87.07546540334957
87.07546540334957
87.07546540334957
87.07546540334957
87.07546540334957
87.07546540334957
87.07546540334957
85.67425101754854
84.07286314806166
84.07286314806166
84.07286314806166
84.07286314806166
84.07286314806166
84.07286314806166
84.07286314806166
84.07286314806166
84.07286314806166
84.07286314806166
84.07286314806166
84.07286314806166
84.07286314806166
84.07286314806166
84.07286314806166
84.07286314806166
84.07286314806166
84.07286314806166
84.07286314806166
84.07286314806166
84.07286314806166
84.07286314806166
84.07286314806166
84.07286314806166
84.07286314806166
84.07286314806166
84.07286314806166
84.07286314806166
84.07286314806166
84.07286314806166
84.90691933008607
85.07373056649095
85.07373056649095
85.07373056649095
85.07373056649095
85.07373056649095
85.07373056649095
85.07373056649095
85.07373056649095
85.07373056649095
85.07373056649095
85.07373056649095
85.07373056649095
85.07373056649095
85.07373056649095
85.07373056649095
85.07373056649095
85.07373056649095
85.07373056649095
85.07373056649095
85.07373056649095
85.07373056649095
85.07373056649095
85.07373056649095
85.07373056649095
85.07373056649095
85.07373056649095
85.07373056649095
85.07373056649095
84.60665910455728
84.07286314806166
84.07286314806166
84.07286314806166
84.07286314806166
84.07286314806166
84.07286314806166
84.07286314806166
84.07286314806166
84.07286314806166
84.07286314806166
84.07286314806166
84.07286314806166
84.07286314806166
84.07286314806166
84.07286314806166
84.07286314806166
84.07286314806166
84.07286314806166
84.07286314806166
84.07286314806166
84.07286314806166
84.07286314806166
84.07286314806166
84.07286314806166
84.07286314806166
84.07286314806166
84.07286314806166
84.07286314806166
84.07286314806166
84.07286314806166
84.07286314806166
83.07199572963235
79.06852605591513
79.06852605591513
79.06852605591513
79.06852605591513
79.06852605591513
79.06852605591513
79.06852605591513
79.06852605591513
79.06852605591513
79.06852605591513
79.06852605591513
79.06852605591513
79.06852605591513
79.06852605591513
79.06852605591513
79.06852605591513
79.06852605591513
79.06852605591513
79.06852605591513
79.06852605591513
79.06852605591513
79.06852605591513
79.06852605591513
79.06852605591513
79.06852605591513
79.06852605591513
79.06852605591513
79.06852605591513
81.17034763461666
82.07112831120304
82.07112831120304
82.07112831120304
82.07112831120304
82.07112831120304
82.07112831120304
82.07112831120304
82.07112831120304
82.07112831120304
82.07112831120304
82.07112831120304
82.07112831120304
82.07112831120304
82.07112831120304
82.07112831120304
82.07112831120304
82.07112831120304
82.07112831120304
82.07112831120304
82.07112831120304
82.07112831120304
82.07112831120304
82.07112831120304
82.07112831120304
82.07112831120304
82.07112831120304
82.07112831120304
82.07112831120304
82.73837325682258
86.07459798492026
86.07459798492026
86.07459798492026
86.07459798492026
86.07459798492026
86.07459798492026
86.07459798492026
86.07459798492026
86.07459798492026
86.07459798492026
86.07459798492026
86.07459798492026
86.07459798492026
86.07459798492026
86.07459798492026
86.07459798492026
86.07459798492026
86.07459798492026
86.07459798492026
86.07459798492026
86.07459798492026
86.07459798492026
86.07459798492026
86.07459798492026
86.07459798492026
86.07459798492026
86.07459798492026
86.07459798492026
86.07459798492026
82.07112831120304
78.06765863748582
78.06765863748582
78.06765863748582
78.06765863748582
78.06765863748582
78.06765863748582
78.06765863748582
78.06765863748582
78.06765863748582
78.06765863748582
78.06765863748582
78.06765863748582
78.06765863748582
78.06765863748582
78.06765863748582
78.06765863748582
78.06765863748582
78.06765863748582
78.06765863748582
78.06765863748582
78.06765863748582
78.06765863748582
78.06765863748582
78.06765863748582
78.06765863748582
78.06765863748582
78.06765863748582
78.06765863748582
78.06765863748582
78.06765863748582
78.06765863748582
78.06765863748582
78.06765863748582
78.06765863748582
78.06765863748582
78.06765863748582
78.06765863748582
78.06765863748582
78.06765863748582
78.06765863748582
78.06765863748582
78.06765863748582
78.06765863748582
78.06765863748582
78.06765863748582
78.06765863748582
78.06765863748582
78.06765863748582
78.06765863748582
78.06765863748582
78.06765863748582
78.06765863748582
78.06765863748582
79.4021485287249
88.07633282177888
88.07633282177888
88.07633282177888
88.07633282177888
88.07633282177888
88.07633282177888
88.07633282177888
88.07633282177888
88.07633282177888
88.07633282177888
88.07633282177888
88.07633282177888
88.07633282177888
88.07633282177888
88.07633282177888
88.07633282177888
88.07633282177888
88.07633282177888
88.07633282177888
88.07633282177888
88.07633282177888
88.07633282177888
88.07633282177888
88.07633282177888
88.07633282177888
88.07633282177888
88.07633282177888
85.07373056649095
83.07199572963235
83.07199572963235
83.07199572963235
83.07199572963235
83.07199572963235
83.07199572963235
83.07199572963235
83.07199572963235
83.07199572963235
83.07199572963235
83.07199572963235
83.07199572963235
83.07199572963235
83.07199572963235
83.07199572963235
83.07199572963235
83.07199572963235
83.07199572963235
83.07199572963235
83.07199572963235
83.07199572963235
83.07199572963235
83.07199572963235
83.07199572963235
83.17208247147528
84.07286314806166
84.07286314806166
84.07286314806166
84.07286314806166
84.07286314806166
84.07286314806166
84.07286314806166
84.07286314806166
84.07286314806166
84.07286314806166
84.07286314806166
84.07286314806166
84.07286314806166
84.07286314806166
84.07286314806166
84.07286314806166
84.07286314806166
84.07286314806166
84.07286314806166
84.07286314806166
84.07286314806166
84.07286314806166
84.07286314806166
84.07286314806166
85.94114899579635
86.07459798492026
86.07459798492026
86.07459798492026
86.07459798492026
86.07459798492026
86.07459798492026
86.07459798492026
86.07459798492026
86.07459798492026
86.07459798492026
86.07459798492026
86.07459798492026
86.07459798492026
86.07459798492026
86.07459798492026
86.07459798492026
86.07459798492026
86.07459798492026
86.07459798492026
86.07459798492026
86.07459798492026
86.07459798492026
86.04123573763928
85.07373056649095
85.07373056649095
85.07373056649095
85.07373056649095
85.07373056649095
85.07373056649095
85.07373056649095
85.07373056649095
85.07373056649095
85.07373056649095
85.07373056649095
85.07373056649095
85.07373056649095
85.07373056649095
85.07373056649095
85.07373056649095
85.07373056649095
85.07373056649095
85.07373056649095
85.07373056649095
85.07373056649095
85.07373056649095
85.07373056649095
85.07373056649095
85.07373056649095
85.07373056649095
87.77607259625009
88.07633282177888
88.07633282177888
88.07633282177888
88.07633282177888
88.07633282177888
88.07633282177888
88.07633282177888
88.07633282177888
88.07633282177888
88.07633282177888
88.07633282177888
88.07633282177888
88.07633282177888
88.07633282177888
88.07633282177888
88.07633282177888
88.07633282177888
88.07633282177888
88.07633282177888
88.07633282177888
88.07633282177888
