114.62360700477598
114.62360700477598
114.62360700477598
114.62360700477598
114.62360700477598
114.62360700477598
115.07846258812826
115.64703206731862
115.64703206731862
115.64703206731862
115.64703206731862
115.64703206731862
115.64703206731862
115.64703206731862
115.64703206731862
115.64703206731862
115.64703206731862
115.64703206731862
115.64703206731862
115.64703206731862
115.64703206731862
115.64703206731862
115.64703206731862
115.64703206731862
115.64703206731862
115.64703206731862
115.64703206731862
115.64703206731862
115.64703206731862
115.64703206731862
115.64703206731862
115.64703206731862
115.64703206731862
115.64703206731862
115.64703206731862
115.64703206731862
115.64703206731862
115.64703206731862
115.64703206731862
115.64703206731862
115.64703206731862
115.64703206731862
115.64703206731862
115.64703206731862
115.64703206731862
115.64703206731862
113.65703889015236
110.5299067546054
110.5299067546054
110.5299067546054
110.5299067546054
110.5299067546054
110.5299067546054
110.5299067546054
110.5299067546054
110.5299067546054
110.5299067546054
110.5299067546054
110.5299067546054
110.5299067546054
110.5299067546054
110.5299067546054
110.5299067546054
110.5299067546054
110.5299067546054
110.5299067546054
110.5299067546054
110.5299067546054
110.5299067546054
110.5299067546054
110.5299067546054
110.5299067546054
110.5299067546054
110.5299067546054
110.5299067546054
110.5299067546054
110.5299067546054
110.5299067546054
110.5299067546054
110.5299067546054
110.5299067546054
110.5299067546054
110.5299067546054
108.25562883784397
105.4127814418922
105.4127814418922
105.4127814418922
105.4127814418922
105.4127814418922
105.4127814418922
105.4127814418922
105.4127814418922
105.4127814418922
105.4127814418922
105.4127814418922
105.4127814418922
105.4127814418922
105.4127814418922
105.4127814418922
105.4127814418922
105.4127814418922
105.4127814418922
105.4127814418922
105.4127814418922
105.4127814418922
105.4127814418922
105.4127814418922
105.4127814418922
105.4127814418922
105.4127814418922
105.4127814418922
105.4127814418922
105.4127814418922
105.4127814418922
105.4127814418922
105.4127814418922
105.4127814418922
105.4127814418922
105.4127814418922
106.89106208778712
107.45963156697748
107.45963156697748
107.45963156697748
107.45963156697748
107.45963156697748
107.45963156697748
107.45963156697748
107.45963156697748
107.45963156697748
107.45963156697748
107.45963156697748
107.45963156697748
107.45963156697748
107.45963156697748
107.45963156697748
107.45963156697748
107.45963156697748
107.45963156697748
107.45963156697748
107.45963156697748
107.45963156697748
107.45963156697748
107.45963156697748
107.45963156697748
107.45963156697748
107.45963156697748
107.45963156697748
107.45963156697748
107.45963156697748
107.45963156697748
107.45963156697748
107.45963156697748
107.45963156697748
107.45963156697748
107.45963156697748
107.45963156697748
107.45963156697748
107.45963156697748
107.45963156697748
108.19877188992494
108.48305662952012
108.48305662952012
108.48305662952012
108.48305662952012
108.48305662952012
108.48305662952012
108.48305662952012
108.48305662952012
108.48305662952012
108.48305662952012
108.48305662952012
108.48305662952012
108.48305662952012
108.48305662952012
108.48305662952012
108.48305662952012
108.48305662952012
108.48305662952012
108.48305662952012
108.48305662952012
108.48305662952012
108.48305662952012
108.48305662952012
108.48305662952012
108.48305662952012
108.48305662952012
108.48305662952012
108.48305662952012
108.48305662952012
108.48305662952012
108.48305662952012
108.48305662952012
108.48305662952012
108.48305662952012
108.48305662952012
108.48305662952012
108.48305662952012
108.48305662952012
108.48305662952012
108.48305662952012
111.66704571298612
112.57675687969069
112.57675687969069
112.57675687969069
112.57675687969069
112.57675687969069
112.57675687969069
112.57675687969069
112.57675687969069
112.57675687969069
112.57675687969069
112.57675687969069
112.57675687969069
112.57675687969069
112.57675687969069
112.57675687969069
112.57675687969069
112.57675687969069
112.57675687969069
112.57675687969069
112.57675687969069
112.57675687969069
112.57675687969069
112.57675687969069
112.57675687969069
112.57675687969069
112.57675687969069
112.57675687969069
112.57675687969069
112.57675687969069
112.57675687969069
112.57675687969069
112.57675687969069
112.57675687969069
112.57675687969069
112.57675687969069
112.57675687969069
112.57675687969069
112.57675687969069
112.57675687969069
112.57675687969069
112.57675687969069
112.57675687969069
112.57675687969069
112.57675687969069
112.57675687969069
112.57675687969069
112.57675687969069
112.57675687969069
112.57675687969069
112.57675687969069
112.57675687969069
112.57675687969069
112.57675687969069
112.57675687969069
112.57675687969069
112.57675687969069
112.57675687969069
112.57675687969069
112.57675687969069
112.57675687969069
112.57675687969069
112.57675687969069
112.57675687969069
112.57675687969069
112.57675687969069
112.57675687969069
112.57675687969069
112.57675687969069
112.57675687969069
112.57675687969069
112.57675687969069
112.57675687969069
112.57675687969069
112.57675687969069
112.57675687969069
112.57675687969069
112.57675687969069
112.57675687969069
112.57675687969069
112.57675687969069
112.57675687969069
112.57675687969069
112.57675687969069
112.57675687969069
112.57675687969069
112.57675687969069
112.57675687969069
112.57675687969069
112.57675687969069
112.57675687969069
112.57675687969069
112.57675687969069
112.57675687969069
112.57675687969069
112.57675687969069
112.57675687969069
112.57675687969069
112.57675687969069
112.57675687969069
112.57675687969069
112.57675687969069
112.57675687969069
112.57675687969069
112.57675687969069
112.57675687969069
112.57675687969069
112.57675687969069
112.57675687969069
112.57675687969069
112.57675687969069
112.57675687969069
112.57675687969069
112.57675687969069
112.57675687969069
112.57675687969069
112.57675687969069
112.57675687969069
112.57675687969069
112.57675687969069
112.57675687969069
112.57675687969069
112.57675687969069
112.57675687969069
112.57675687969069
112.57675687969069
112.57675687969069
112.57675687969069
112.57675687969069
112.57675687969069
112.57675687969069
112.57675687969069
112.57675687969069
112.57675687969069
112.57675687969069
112.57675687969069
112.57675687969069
112.57675687969069
112.57675687969069
112.57675687969069
112.57675687969069
112.57675687969069
112.57675687969069
112.57675687969069
112.57675687969069
112.57675687969069
112.57675687969069
112.57675687969069
108.02820104616784
107.45963156697748
107.45963156697748
107.45963156697748
107.45963156697748
107.45963156697748
107.45963156697748
107.45963156697748
107.45963156697748
107.45963156697748
107.45963156697748
107.45963156697748
107.45963156697748
107.45963156697748
107.45963156697748
107.45963156697748
107.45963156697748
107.45963156697748
107.45963156697748
107.45963156697748
107.45963156697748
107.45963156697748
107.45963156697748
107.45963156697748
107.45963156697748
107.45963156697748
107.45963156697748
107.45963156697748
107.45963156697748
107.45963156697748
107.45963156697748
107.45963156697748
107.45963156697748
111.89447350466226
113.60018194223333
113.60018194223333
113.60018194223333
113.60018194223333
113.60018194223333
113.60018194223333
113.60018194223333
113.60018194223333
113.60018194223333
113.60018194223333
113.60018194223333
113.60018194223333
113.60018194223333
113.60018194223333
113.60018194223333
113.60018194223333
113.60018194223333
113.60018194223333
113.60018194223333
113.60018194223333
113.60018194223333
113.60018194223333
113.60018194223333
113.60018194223333
113.60018194223333
113.60018194223333
113.60018194223333
113.60018194223333
113.60018194223333
113.60018194223333
113.60018194223333
113.60018194223333
113.60018194223333
113.60018194223333
113.60018194223333
113.60018194223333
113.60018194223333
113.60018194223333
113.60018194223333
113.60018194223333
113.60018194223333
113.60018194223333
113.60018194223333
113.60018194223333
113.60018194223333
113.60018194223333
113.60018194223333
113.60018194223333
113.60018194223333
113.60018194223333
113.60018194223333
113.60018194223333
113.60018194223333
113.60018194223333
113.60018194223333
113.60018194223333
113.60018194223333
113.60018194223333
113.60018194223333
113.60018194223333
113.60018194223333
113.60018194223333
113.60018194223333
113.60018194223333
113.60018194223333
113.60018194223333
113.60018194223333
113.60018194223333
113.60018194223333
113.60018194223333
112.12190129633841
111.55333181714805
111.55333181714805
111.55333181714805
111.55333181714805
111.55333181714805
111.55333181714805
111.55333181714805
111.55333181714805
111.55333181714805
111.55333181714805
111.55333181714805
111.55333181714805
111.55333181714805
111.55333181714805
111.55333181714805
111.55333181714805
111.55333181714805
111.55333181714805
111.55333181714805
111.55333181714805
111.55333181714805
111.55333181714805
111.55333181714805
111.55333181714805
111.55333181714805
111.55333181714805
111.55333181714805
111.55333181714805
111.55333181714805
111.55333181714805
111.55333181714805
111.55333181714805
111.55333181714805
111.55333181714805
111.55333181714805
111.55333181714805
111.55333181714805
111.55333181714805
111.55333181714805
111.55333181714805
112.17875824425744
112.57675687969069
112.57675687969069
112.57675687969069
112.57675687969069
112.57675687969069
112.57675687969069
112.57675687969069
112.57675687969069
112.57675687969069
112.57675687969069
112.57675687969069
112.57675687969069
112.57675687969069
112.57675687969069
112.57675687969069
112.57675687969069
112.57675687969069
112.57675687969069
112.57675687969069
112.57675687969069
112.57675687969069
112.57675687969069
112.57675687969069
112.57675687969069
112.57675687969069
112.57675687969069
112.57675687969069
112.57675687969069
112.57675687969069
112.57675687969069
112.57675687969069
112.57675687969069
112.57675687969069
112.57675687969069
110.98476233795769
108.48305662952012
108.48305662952012
108.48305662952012
108.48305662952012
108.48305662952012
108.48305662952012
108.48305662952012
108.48305662952012
108.48305662952012
108.48305662952012
108.48305662952012
108.48305662952012
108.48305662952012
108.48305662952012
108.48305662952012
108.48305662952012
108.48305662952012
108.48305662952012
108.48305662952012
108.48305662952012
108.48305662952012
108.48305662952012
108.48305662952012
108.48305662952012
108.48305662952012
108.48305662952012
108.48305662952012
108.48305662952012
108.48305662952012
108.48305662952012
108.48305662952012
108.48305662952012
108.48305662952012
114.62360700477598
117.6938821924039
117.6938821924039
117.6938821924039
117.6938821924039
117.6938821924039
117.6938821924039
117.6938821924039
117.6938821924039
117.6938821924039
117.6938821924039
117.6938821924039
117.6938821924039
117.6938821924039
117.6938821924039
117.6938821924039
117.6938821924039
117.6938821924039
117.6938821924039
117.6938821924039
117.6938821924039
117.6938821924039
117.6938821924039
117.6938821924039
117.6938821924039
117.6938821924039
117.6938821924039
117.6938821924039
117.6938821924039
117.6938821924039
119.74073231748919
120.76415738003183
120.76415738003183
120.76415738003183
120.76415738003183
120.76415738003183
120.76415738003183
120.76415738003183
120.76415738003183
120.76415738003183
120.76415738003183
120.76415738003183
120.76415738003183
120.76415738003183
120.76415738003183
120.76415738003183
120.76415738003183
120.76415738003183
120.76415738003183
120.76415738003183
120.76415738003183
120.76415738003183
120.76415738003183
120.76415738003183
120.76415738003183
120.76415738003183
120.76415738003183
120.76415738003183
120.76415738003183
120.76415738003183
120.76415738003183
120.76415738003183
120.76415738003183
120.76415738003183
121.78758244257448
121.78758244257448
121.78758244257448
121.78758244257448
121.78758244257448
121.78758244257448
121.78758244257448
121.78758244257448
121.78758244257448
121.78758244257448
121.78758244257448
121.78758244257448
121.78758244257448
121.78758244257448
121.78758244257448
121.78758244257448
121.78758244257448
121.78758244257448
121.78758244257448
121.78758244257448
121.78758244257448
121.78758244257448
121.78758244257448
121.78758244257448
121.78758244257448
121.78758244257448
121.78758244257448
121.78758244257448
121.78758244257448
121.78758244257448
121.78758244257448
121.78758244257448
122.12872413008868
122.81100750511712
122.81100750511712
122.81100750511712
122.81100750511712
122.81100750511712
122.81100750511712
122.81100750511712
122.81100750511712
122.81100750511712
122.81100750511712
122.81100750511712
122.81100750511712
122.81100750511712
122.81100750511712
122.81100750511712
122.81100750511712
122.81100750511712
122.81100750511712
122.81100750511712
122.81100750511712
122.81100750511712
122.81100750511712
122.81100750511712
122.81100750511712
122.81100750511712
122.81100750511712
122.81100750511712
122.81100750511712
122.81100750511712
122.81100750511712
122.81100750511712
122.81100750511712
122.81100750511712
122.81100750511712
122.81100750511712
122.81100750511712
122.81100750511712
122.81100750511712
125.88128269274505
125.88128269274505
125.88128269274505
125.88128269274505
125.88128269274505
125.88128269274505
125.88128269274505
125.88128269274505
125.88128269274505
125.88128269274505
125.88128269274505
125.88128269274505
125.88128269274505
125.88128269274505
125.88128269274505
125.88128269274505
125.88128269274505
125.88128269274505
125.88128269274505
125.88128269274505
125.88128269274505
125.88128269274505
125.88128269274505
125.88128269274505
125.88128269274505
125.88128269274505
125.88128269274505
125.88128269274505
125.88128269274505
125.88128269274505
125.88128269274505
125.88128269274505
125.88128269274505
125.88128269274505
125.88128269274505
125.88128269274505
125.88128269274505
125.88128269274505
125.88128269274505
125.88128269274505
125.88128269274505
124.28928815101204
121.78758244257448
121.78758244257448
121.78758244257448
121.78758244257448
121.78758244257448
121.78758244257448
121.78758244257448
121.78758244257448
121.78758244257448
121.78758244257448
121.78758244257448
121.78758244257448
121.78758244257448
121.78758244257448
121.78758244257448
121.78758244257448
121.78758244257448
121.78758244257448
121.78758244257448
121.78758244257448
121.78758244257448
121.78758244257448
121.78758244257448
121.78758244257448
121.78758244257448
121.78758244257448
121.78758244257448
121.78758244257448
121.78758244257448
121.78758244257448
121.78758244257448
121.78758244257448
121.78758244257448
121.78758244257448
121.78758244257448
121.78758244257448
121.78758244257448
121.78758244257448
121.78758244257448
121.78758244257448
121.78758244257448
121.78758244257448
120.30930179667955
119.74073231748919
119.74073231748919
119.74073231748919
119.74073231748919
119.74073231748919
119.74073231748919
119.74073231748919
119.74073231748919
119.74073231748919
119.74073231748919
119.74073231748919
119.74073231748919
119.74073231748919
119.74073231748919
119.74073231748919
119.74073231748919
119.74073231748919
119.74073231748919
119.74073231748919
119.74073231748919
119.74073231748919
119.74073231748919
119.74073231748919
119.74073231748919
119.74073231748919
119.74073231748919
119.74073231748919
119.74073231748919
119.74073231748919
119.74073231748919
119.74073231748919
119.74073231748919
119.74073231748919
119.74073231748919
119.74073231748919
119.74073231748919
119.74073231748919
119.74073231748919
119.74073231748919
119.74073231748919
120.42301569251762
123.83443256765976
123.83443256765976
123.83443256765976
123.83443256765976
123.83443256765976
123.83443256765976
123.83443256765976
123.83443256765976
123.83443256765976
123.83443256765976
123.83443256765976
123.83443256765976
123.83443256765976
123.83443256765976
123.83443256765976
123.83443256765976
123.83443256765976
123.83443256765976
123.83443256765976
123.83443256765976
123.83443256765976
123.83443256765976
123.83443256765976
123.83443256765976
123.83443256765976
123.83443256765976
123.83443256765976
123.83443256765976
123.83443256765976
123.83443256765976
123.83443256765976
123.83443256765976
123.83443256765976
123.83443256765976
123.83443256765976
123.83443256765976
123.83443256765976
123.83443256765976
123.83443256765976
123.83443256765976
123.83443256765976
123.83443256765976
123.83443256765976
123.83443256765976
123.83443256765976
123.83443256765976
123.83443256765976
123.83443256765976
123.83443256765976
123.83443256765976
123.83443256765976
123.83443256765976
123.83443256765976
123.83443256765976
123.83443256765976
123.83443256765976
123.83443256765976
123.83443256765976
123.83443256765976
123.83443256765976
123.83443256765976
123.83443256765976
123.83443256765976
123.83443256765976
123.83443256765976
123.83443256765976
123.83443256765976
123.83443256765976
123.83443256765976
123.83443256765976
123.83443256765976
123.83443256765976
123.83443256765976
123.83443256765976
123.83443256765976
123.83443256765976
123.83443256765976
123.83443256765976
123.83443256765976
123.83443256765976
123.83443256765976
123.83443256765976
123.83443256765976
123.83443256765976
123.83443256765976
123.83443256765976
123.83443256765976
123.83443256765976
123.83443256765976
123.83443256765976
123.83443256765976
123.83443256765976
123.83443256765976
123.83443256765976
123.83443256765976
123.83443256765976
123.83443256765976
123.83443256765976
123.83443256765976
123.83443256765976
123.83443256765976
123.83443256765976
