65.67314978529932
69.53415364630318
90.28253888066972
107.89160321870602
97.46328437917222
86.20503013026378
80.32331396817378
76.46231010716991
72.74564283910078
70.86926713094937
70.86926713094937
72.20438061559557
73.286905062606
75.9210478836647
76.78706744127305
73.75599898964384
71.08577202035146
69.17331216396637
68.12687186518961
66.93609497347815
66.53916934290766
66.61133763937502
65.67314978529932
65.67314978529932
65.24014000649514
64.80713022769098
64.66279363475626
64.98755096885938
71.26619276151986
75.56020640132789
99.48399668025836
105.97914336232093
93.78270125933678
85.98852524086169
80.32331396817378
76.64273084833832
73.50340995200808
72.1322123191282
71.84353913325876
72.3126330602966
73.32298921083968
75.37978566015948
75.63237469779526
73.6477465449428
70.65276224154728
68.37946090282539
67.62169378991808
66.93609497347815
66.57525349114134
66.07007541586981
65.67314978529932
65.67314978529932
65.45664489589723
65.34839245119619
64.62670948652257
63.86894237361527
63.65243748421318
67.29693645581496
90.39079132537076
108.43286544221124
108.03593981164074
101.107783350774
88.00923754194783
80.32331396817378
77.86959188828348
74.73027099195323
71.44661350268827
70.90535127918305
73.10648432143759
74.76635514018692
76.20972106953415
77.54483455418034
73.79208313787753
71.33836105798723
69.101143867499
67.87428282755386
66.79175838054343
66.71959008407606
66.57525349114134
66.10615956410349
65.67314978529932
65.67314978529932
65.67314978529932
65.67314978529932
64.84321437592466
63.65243748421318
64.98755096885938
68.63204994046116
84.14823368094396
106.95341536463032
100.67477357196984
88.87525709955617
81.26150182224949
76.8592357377404
73.25082091437231
70.65276224154728
70.72493053801465
71.69920254032404
71.98787572619348
74.44159780608379
75.7406271424963
73.79208313787753
72.16829646736188
69.93107927687366
68.1629560134233
67.00826326994552
66.68350593584238
66.97217912171183
67.69386208638545
68.27120845812435
68.70421823692851
68.70421823692851
68.23512430989067
66.21441200880453
63.94111067008263
63.255511853642695
66.43091689820662
71.91570742972611
99.08707104968786
101.93771876014867
87.39580702197524
81.0449969328474
76.57056255187096
73.32298921083968
71.01360372388409
70.72493053801465
72.27654891206292
74.33334536138274
74.73027099195323
77.40049796124562
76.71489914480568
73.03431602497022
71.59095009562299
70.76101468624833
69.02897557103164
67.405188900516
66.61133763937502
66.53916934290766
65.74531808176668
65.709233933533
65.67314978529932
65.24014000649514
64.66279363475626
64.30195215241945
64.80713022769098
68.77638653339588
89.7412766571645
102.94807491069173
92.80842925702738
85.62768375852488
80.86457619167899
76.64273084833832
72.49305380146501
70.21975246274312
69.78674268393894
70.76101468624833
72.74564283910078
75.23544906722476
77.00357233067513
76.78706744127305
72.09612817089452
69.17331216396637
67.26085230758127
66.25049615703821
65.67314978529932
65.67314978529932
65.67314978529932
65.63706563706563
65.63706563706563
65.42056074766354
64.77104607945729
65.60098148883195
69.3176487569011
92.51975607115794
103.30891639302854
92.66409266409266
82.19968967632519
76.60664670010465
72.3126330602966
68.95680727456428
67.69386208638545
68.70421823692851
72.27654891206292
73.8642514343449
76.4983942554036
76.75098329303937
72.49305380146501
69.64240609100422
68.09078771695594
66.75567423230974
65.74531808176668
65.56489734059828
65.20405585826147
64.73496193122361
64.69887778298992
66.43091689820662
77.22007722007721
98.04063075091112
107.27817269873344
104.60794572944106
93.06101829466316
83.75130805037347
79.13253707646231
74.65810269548587
69.96716342510734
69.71457438747159
71.12185616858514
73.71991484141017
74.6220185472522
76.71489914480568
76.78706744127305
73.90033558257858
70.18366831450943
68.66813408869483
67.15259986288024
66.86392667701078
66.03399126763613
65.42056074766354
65.16797171002779
64.87929852415833
66.2865803052719
70.29192075921047
84.256486125645
104.03059935770216
93.74661711110309
86.89062894670371
84.79774834915021
80.35939811640746
75.01894417782268
72.3126330602966
71.69920254032404
72.74564283910078
73.8642514343449
75.34370151192581
76.75098329303937
75.09111247429004
74.44159780608379
72.49305380146501
69.46198534983581
67.65777793815177
67.29693645581496
66.43091689820662
65.67314978529932
65.67314978529932
65.60098148883195
64.66279363475626
64.69887778298992
66.71959008407606
70.50842564861256
92.7723451087937
98.18496734384584
92.51975607115794
83.46263486450403
79.85422004113593
76.17363692130047
72.67347454263341
70.65276224154728
70.76101468624833
72.45696965323133
72.8899794320355
75.30761736369213
76.75098329303937
75.56020640132789
70.72493053801465
68.27120845812435
66.82784252877711
65.96182297116876
65.38447659942987
64.91538267239201
64.66279363475626
64.66279363475626
64.66279363475626
64.5545411900552
63.65243748421318
63.327680150110055
63.90502652184895
65.74531808176668
70.29192075921047
94.43221592754303
91.97849384765273
84.14823368094396
82.16360552809151
77.58091870241402
72.5291379496987
69.8589109804063
69.64240609100422
71.5548659473893
73.75599898964384
76.57056255187096
77.86959188828348
74.18900876844802
71.48269765092195
69.13722801573269
67.69386208638545
66.68350593584238
65.92573882293509
65.67314978529932
65.20405585826147
64.84321437592466
64.66279363475626
64.08544726301736
63.65243748421318
64.98755096885938
65.27622415472882
74.08075632374698
89.92169739833291
89.92169739833291
83.4987190127377
77.94176018475083
74.0446721755133
70.68884638978096
68.95680727456428
69.82282683217262
71.9517915779598
73.17865261790496
75.37978566015948
75.77671129072998
74.11684047198065
70.83318298271568
68.95680727456428
67.405188900516
66.17832786057085
65.60098148883195
64.66279363475626
64.26586800418576
63.90502652184895
63.94111067008263
63.65243748421318
63.327680150110055
63.36376429834374
66.61133763937502
80.4676505611085
102.73157002128964
103.3810846894959
88.18965828311623
81.08108108108108
77.03965647890881
73.10648432143759
70.21975246274312
69.71457438747159
69.89499512863999
70.65276224154728
72.16829646736188
73.75599898964384
73.68383069317649
72.06004402266085
69.71457438747159
67.62169378991808
66.6474217876087
65.92573882293509
65.709233933533
65.49272904413091
64.73496193122361
64.66279363475626
64.66279363475626
64.66279363475626
63.65243748421318
64.62670948652257
67.7660303828528
82.23577382455886
103.05632735539277
91.68982066178327
81.83884819398838
77.36441381301194
73.6477465449428
71.5548659473893
69.38981705336845
69.78674268393894
71.66311839209035
72.74564283910078
74.15292462021434
74.83852343665427
73.17865261790496
71.73528668855771
71.15794031681882
68.59596579222747
66.57525349114134
65.67314978529932
64.66279363475626
64.80713022769098
64.73496193122361
64.69887778298992
64.33803630065312
63.65243748421318
64.44628874535417
66.21441200880453
75.7406271424963
86.96279724317107
102.08205535308339
80.82849204344531
77.0757406271425
73.75599898964384
70.18366831450943
68.95680727456428
70.11150001804207
72.8899794320355
73.71991484141017
75.7406271424963
76.82315158950672
74.2250929166817
70.94143542741674
69.13722801573269
68.1629560134233
67.69386208638545
67.69386208638545
66.93609497347815
67.405188900516
66.75567423230974
67.18868401111392
67.11651571464655
66.90001082524446
70.72493053801465
79.27687366939703
88.65875221015408
82.59661530689567
79.60163100350016
75.48803810486054
72.24046476382925
71.84353913325876
72.99823187673655
74.69418684371955
75.70454299426262
78.66344314942445
78.48302240825605
74.47768195431746
72.27654891206292
70.65276224154728
68.88463897809692
67.47735719698336
66.4670010464403
65.67314978529932
65.20405585826147
65.1318875617941
65.67314978529932
66.68350593584238
69.82282683217262
88.08140583841518
104.42752498827265
92.55584021939161
85.5915996102912
82.560531158662
78.15826507415292
73.61166239670912
72.60130624616606
73.14256846967128
74.94677588135532
76.13755277306679
78.55519070472342
78.23043337062029
74.54985025078483
72.96214772850287
70.65276224154728
69.53415364630318
68.88463897809692
67.91036697578754
67.69386208638545
67.69386208638545
67.69386208638545
66.71959008407606
67.15259986288024
72.06004402266085
80.72023959874427
104.39144084003897
109.51538988922167
99.62833327319308
85.66376790675855
80.86457619167899
76.60664670010465
72.8899794320355
71.91570742972611
72.49305380146501
74.65810269548587
76.46231010716991
78.08609677768555
78.44693826002236
74.47768195431746
71.77137083679139
70.72493053801465
69.38981705336845
68.09078771695594
67.54952549345073
66.71959008407606
66.82784252877711
66.71959008407606
66.4670010464403
65.74531808176668
65.74531808176668
68.48771334752642
72.5291379496987
95.58690867102082
101.64904557427921
92.9527658499621
83.75130805037347
78.4108541117887
74.29726121314906
71.01360372388409
70.29192075921047
71.08577202035146
73.43124165554072
74.0446721755133
76.42622595893624
77.18399307184353
73.53949410024177
70.58059394507993
68.81247068162956
67.72994623461913
66.90001082524446
66.32266445350557
66.07007541586981
65.67314978529932
65.67314978529932
65.1318875617941
65.09580341356042
65.05971926532673
65.99790711940244
86.99888139140475
101.107783350774
93.3496914805326
84.90600079385126
80.070724930538
74.58593439901851
69.64240609100422
67.83819867932017
68.70421823692851
70.86926713094937
71.73528668855771
73.6477465449428
77.36441381301194
75.88496373543103
70.0754158698084
68.48771334752642
67.65777793815177
67.29693645581496
66.6474217876087
65.85357052646772
65.60098148883195
65.3123083029625
65.99790711940244
68.66813408869483
80.14289322700537
100.38610038610038
96.30859163569444
87.25147042904052
83.02962508569985
77.58091870241402
73.61166239670912
70.47234150037887
69.71457438747159
70.61667809331361
74.18900876844802
75.59629054956157
77.50875040594667
76.93140403420777
72.27654891206292
69.46198534983581
68.55988164399379
67.69386208638545
66.79175838054343
66.68350593584238
66.68350593584238
66.07007541586981
65.8896546747014
67.5856096416844
68.01861942048858
81.0449969328474
103.85017861653375
95.40648792985242
88.29791072781727
81.65842745281998
77.97784433298452
74.47768195431746
72.3126330602966
72.16829646736188
72.74564283910078
73.14256846967128
75.12719662252373
75.7406271424963
74.65810269548587
72.06004402266085
70.0754158698084
68.7403023851622
68.7403023851622
67.69386208638545
67.00826326994552
66.32266445350557
65.96182297116876
65.67314978529932
65.67314978529932
67.15259986288024
82.63269945512936
102.80373831775701
106.33998484465774
105.22137624941362
84.36473857034605
79.38512611409807
75.41586980839317
72.96214772850287
71.66311839209035
72.42088550499766
75.12719662252373
76.678814996572
78.23043337062029
78.80777974235917
75.81279543896366
73.07040017320391
70.94143542741674
69.35373290513478
68.70421823692851
67.69386208638545
67.65777793815177
67.51344134521705
66.75567423230974
67.22476815934759
70.36408905567784
71.73528668855771
75.84887958719735
100.09742720023094
94.46830007577671
83.53480316097138
78.33868581532133
73.68383069317649
70.50842564861256
70.4362573521452
72.20438061559557
75.41586980839317
76.82315158950672
77.90567603651715
77.76133944358243
72.60130624616606
70.65276224154728
68.7403023851622
67.36910475228233
66.71959008407606
66.68350593584238
66.68350593584238
66.68350593584238
66.25049615703821
65.67314978529932
67.91036697578754
71.30227690975354
94.2878793346083
105.00487136001155
94.82914155811352
87.97315339371414
82.59661530689567
78.30260166708764
74.00858802727961
72.34871720853029
72.49305380146501
74.18900876844802
75.01894417782268
77.32832966477827
77.86959188828348
74.8024392884206
71.9517915779598
70.14758416627575
68.59596579222747
67.36910475228233
66.93609497347815
66.68350593584238
66.68350593584238
66.50308519467397
65.92573882293509
65.67314978529932
66.2865803052719
74.76635514018692
101.50470898134449
111.10309241150362
104.06668350593584
92.48367192292426
85.26684227618807
81.26150182224949
77.47266625771299
74.40551365785011
73.68383069317649
73.82816728611121
74.76635514018692
75.09111247429004
76.4983942554036
76.89531988597409
74.6220185472522
72.02395987442716
70.11150001804207
68.37946090282539
67.69386208638545
66.90001082524446
66.4670010464403
66.21441200880453
65.67314978529932
65.67314978529932
65.67314978529932
65.16797171002779
64.80713022769098
67.29693645581496
76.8592357377404
102.4428968354202
107.85551907047234
95.73124526395554
88.44224732075199
81.6223433045863
76.42622595893624
73.03431602497022
71.15794031681882
71.30227690975354
73.10648432143759
74.40551365785011
77.22007722007721
77.72525529534875
73.71991484141017
71.41052935445458
69.71457438747159
68.48771334752642
67.65777793815177
67.65777793815177
66.82784252877711
66.68350593584238
66.68350593584238
66.68350593584238
65.96182297116876
65.63706563706563
65.38447659942987
66.17832786057085
66.6474217876087
72.3126330602966
94.82914155811352
94.75697326164615
89.20001443365929
81.18933352578212
75.63237469779526
71.91570742972611
69.75065853570526
70.47234150037887
73.32298921083968
75.12719662252373
77.40049796124562
77.61700285064771
73.17865261790496
70.61667809331361
69.57023779453685
67.98253527225489
66.93609497347815
66.71959008407606
65.74531808176668
65.709233933533
65.67314978529932
65.67314978529932
65.42056074766354
64.77104607945729
65.05971926532673
66.71959008407606
69.82282683217262
92.15891458882113
103.34500054126222
97.39111608270487
90.85988525240862
83.53480316097138
78.55519070472342
74.87460758488795
72.78172698733447
72.3126330602966
74.29726121314906
74.87460758488795
76.60664670010465
77.4365821094793
74.58593439901851
72.45696965323133
71.23010861328618
69.35373290513478
68.3433767545917
67.69386208638545
67.04434741817919
67.00826326994552
66.68350593584238
66.75567423230974
66.32266445350557
65.63706563706563
65.709233933533
66.57525349114134
70.00324757334103
92.1949987370548
105.94305921408724
102.6233175765886
91.25681088297911
83.78739219860715
79.56554685526648
76.13755277306679
72.96214772850287
73.10648432143759
73.71991484141017
75.70454299426262
76.78706744127305
77.72525529534875
75.59629054956157
72.24046476382925
69.82282683217262
68.66813408869483
67.29693645581496
66.2865803052719
65.67314978529932
65.67314978529932
65.42056074766354
64.69887778298992
64.5545411900552
63.79677407714791
64.08544726301736
67.7660303828528
70.18366831450943
85.80810449969329
101.8655504636813
86.99888139140475
82.19968967632519
77.32832966477827
72.74564283910078
70.11150001804207
69.3176487569011
69.89499512863999
71.48269765092195
71.9517915779598
75.16328077075741
75.77671129072998
72.38480135676397
70.0754158698084
69.4980694980695
67.98253527225489
66.6474217876087
65.709233933533
65.49272904413091
65.56489734059828
64.98755096885938
64.80713022769098
64.33803630065312
63.65243748421318
63.65243748421318
65.60098148883195
68.55988164399379
86.81846065023635
91.834157254718
84.58124345974812
78.87994803882654
74.40551365785011
70.36408905567784
67.7660303828528
67.18868401111392
68.70421823692851
71.30227690975354
71.84353913325876
73.75599898964384
74.8024392884206
71.80745498502507
67.7660303828528
66.03399126763613
64.80713022769098
64.66279363475626
64.66279363475626
64.15761555948471
63.65243748421318
63.65243748421318
63.616353335979504
62.822502074838525
63.832858225381585
67.29693645581496
80.82849204344531
94.8652257063472
87.21538628080684
81.91101649045574
75.48803810486054
71.12185616858514
67.51344134521705
66.68350593584238
67.08043156641287
70.97751957565042
73.71991484141017
74.94677588135532
74.83852343665427
72.42088550499766
69.13722801573269
67.83819867932017
66.93609497347815
65.63706563706563
64.84321437592466
64.01327896654999
64.91538267239201
69.93107927687366
76.60664670010465
94.32396348284199
92.30325118175585
82.70486775159672
77.79742359181611
75.88496373543103
70.94143542741674
66.71959008407606
66.35874860173925
67.33302060404864
70.32800490744415
73.50340995200808
75.45195395662685
75.05502832605636
69.93107927687366
67.94645112402121
66.2865803052719
65.24014000649514
64.62670948652257
64.66279363475626
67.00826326994552
76.96748818244146
91.50939992061487
106.0513116587883
102.19030779778443
90.82380110417493
82.01926893515679
76.17363692130047
72.16829646736188
70.61667809331361
70.65276224154728
71.73528668855771
73.53949410024177
75.05502832605636
76.60664670010465
73.75599898964384
71.91570742972611
70.11150001804207
68.5237974957601
67.47735719698336
66.86392667701078
66.25049615703821
66.68350593584238
66.68350593584238
68.23512430989067
78.73561144589182
89.41651932306138
97.1385270450691
87.61231191137733
80.79240789521162
75.88496373543103
72.38480135676397
71.73528668855771
72.34871720853029
74.982860029589
76.89531988597409
78.80777974235917
78.80777974235917
78.05001262945189
73.03431602497022
71.08577202035146
69.20939631220004
68.5237974957601
67.69386208638545
67.65777793815177
66.68350593584238
67.54952549345073
73.39515750730703
92.5919243676253
107.45859343990185
103.09241150362645
88.94742539602352
