70.66697797493968
70.82263211144836
70.74480504319402
70.74480504319402
70.82263211144836
70.66697797493968
70.04436142890498
70.43349677017666
70.66697797493968
71.99003813526345
76.34835395750642
80.16188030196902
91.44680519884815
102.10911354969258
105.22219627986614
105.22219627986614
105.22219627986614
104.59957973383142
101.09736166238618
95.88294808934548
90.27939917503308
85.76542921628142
82.10755700832749
79.46143668767998
76.65966223052378
72.92396295431551
71.36742158922873
70.82263211144836
71.21176745272005
72.22351934002646
74.16919604638493
77.74924118608452
80.39536150673204
81.01797805276675
81.09580512102109
83.04148182737956
85.37629387500972
85.99891042104444
85.99891042104444
85.99891042104444
77.90489532259319
75.95921861623472
75.02529379718266
73.85788777336758
73.23527122733286
71.99003813526345
71.67872986224609
70.97828624795704
70.82263211144836
69.96653436065063
69.81088022414195
69.73305315588762
69.81088022414195
71.05611331621138
73.62440656860456
74.86963966067398
74.86963966067398
74.86963966067398
77.04879757179548
88.56720367343762
100.78605338936882
106.38960230368122
103.43217371001634
97.51731652268658
92.76986535917192
91.13549692583081
91.05766985757646
88.80068487820064
83.97540664643162
81.17363218927542
78.21620359561055
74.71398552416531
73.93571484162192
73.85788777336758
73.85788777336758
75.10312086543699
77.36010584481282
78.29403066386489
78.21620359561055
78.29403066386489
80.94015098451241
83.81975250992295
86.46587283057048
87.01066230835085
83.43061716865125
79.85057202895167
78.21620359561055
76.42618102576076
75.57008327496303
74.40267725114795
74.55833138765662
73.85788777336758
73.70223363685889
72.84613588606118
72.84613588606118
72.37917347653514
71.91221106700911
71.83438399875476
71.83438399875476
71.52307572573741
71.91221106700911
73.54657950035022
74.94746672892832
74.86963966067398
78.60533893688225
91.21332399408514
103.89913611954238
110.98139933068721
112.38228655926531
110.67009105766985
107.16787298622461
102.42042182270994
94.24857965600435
87.55545178613121
85.37629387500972
82.49669234959919
80.31753443847771
78.99447427815394
77.28227877655848
76.89314343528679
76.89314343528679
77.36010584481282
78.52751186862791
81.48494046229278
82.41886528134485
82.49669234959919
83.66409837341428
86.07673748929878
88.33372246867461
89.03416608296365
89.11199315121799
89.03416608296365
88.95633901470931
79.69491789244299
78.29403066386489
76.81531636703245
75.88139154798039
75.25877500194568
74.63615845591096
73.85788777336758
74.01354190987625
73.85788777336758
74.01354190987625
73.62440656860456
73.23527122733286
73.70223363685889
73.15744415907852
72.84613588606118
72.84613588606118
72.84613588606118
72.84613588606118
73.31309829558721
75.33660207020002
75.72573741147171
78.29403066386489
90.20157210677874
102.3425947544556
106.23394816717254
106.23394816717254
110.51443692116118
113.00490310530002
110.43660985290684
97.59514359094092
90.20157210677874
86.85500817184217
84.90933146548369
82.49669234959919
81.01797805276675
79.61709082418865
78.91664720989961
78.91664720989961
79.15012841466262
80.62884271149505
83.27496303214258
84.36454198770332
84.67585026072068
84.36454198770332
86.38804576231614
88.64503074169195
90.04591797027005
90.04591797027005
90.04591797027005
83.43061716865125
79.61709082418865
78.29403066386489
77.74924118608452
76.89314343528679
76.89314343528679
76.27052688925208
75.88139154798039
75.72573741147171
75.10312086543699
74.86963966067398
74.86963966067398
74.86963966067398
74.86963966067398
74.86963966067398
74.86963966067398
74.86963966067398
74.86963966067398
74.86963966067398
74.86963966067398
74.24702311463928
73.85788777336758
73.85788777336758
73.85788777336758
73.85788777336758
73.85788777336758
74.79181259241965
76.89314343528679
77.98272239084754
88.48937660518328
101.64215114016655
109.3470308973461
112.38228655926531
114.32796326562378
113.62751965133474
110.82574519417854
104.98871507510312
99.61864736555374
92.45855708615456
89.18982021947234
87.16631644485952
84.67585026072068
83.35279010039692
81.87407580356448
80.94015098451241
81.01797805276675
81.01797805276675
81.95190287181882
83.50844423690559
85.45412094326407
87.63327885438555
89.11199315121799
89.73460969725271
90.04591797027005
89.57895556074402
89.03416608296365
88.02241419565725
86.77718110358782
84.13106078294031
79.46143668767998
78.13837652735621
76.89314343528679
76.27052688925208
75.88139154798039
75.33660207020002
74.86963966067398
74.94746672892832
74.40267725114795
73.85788777336758
73.70223363685889
73.85788777336758
73.85788777336758
73.85788777336758
73.85788777336758
73.85788777336758
73.85788777336758
73.62440656860456
73.31309829558721
72.84613588606118
72.84613588606118
72.92396295431551
72.76830881780683
72.76830881780683
71.83438399875476
71.52307572573741
70.82263211144836
70.66697797493968
70.58915090668535
71.99003813526345
75.49225620670869
75.33660207020002
75.80356447972605
75.80356447972605
85.76542921628142
100.39691804809712
109.11354969258308
104.98871507510312
100.31909097984278
94.40423379251304
90.66853451630477
87.86676005914858
85.68760214802708
83.74192544166861
81.79624873531014
79.92839909720601
78.91664720989961
78.44968480037357
78.52751186862791
79.22795548291695
81.40711339403845
83.66409837341428
83.97540664643162
83.97540664643162
84.36454198770332
86.69935403533349
88.80068487820064
89.73460969725271
89.26764728772667
83.66409837341428
81.01797805276675
79.92839909720601
77.74924118608452
77.04879757179548
75.95921861623472
75.72573741147171
75.02529379718266
74.86963966067398
74.86963966067398
74.86963966067398
74.86963966067398
74.09136897813059
74.63615845591096
74.86963966067398
74.86963966067398
74.79181259241965
74.79181259241965
74.86963966067398
74.86963966067398
74.63615845591096
73.85788777336758
73.85788777336758
73.46875243209588
72.45700054478948
72.06786520351778
71.44524865748308
70.82263211144836
71.21176745272005
73.70223363685889
74.86963966067398
74.79181259241965
80.94015098451241
94.71554206553039
103.82130905128804
105.84481282590085
107.16787298622461
107.5570083274963
103.27651957350767
98.60689547824734
93.62596310996965
88.95633901470931
85.9210833527901
83.97540664643162
84.05323371468597
83.97540664643162
83.04148182737956
81.17363218927542
78.76099307339092
77.90489532259319
80.16188030196902
81.95190287181882
81.95190287181882
81.95190287181882
81.95190287181882
84.05323371468597
86.69935403533349
88.80068487820064
89.03416608296365
89.03416608296365
79.22795548291695
77.36010584481282
76.03704568448906
74.86963966067398
74.86963966067398
74.86963966067398
74.24702311463928
73.85788777336758
73.85788777336758
73.07961709082419
72.84613588606118
72.84613588606118
72.53482761304382
72.69048174955249
72.14569227177212
72.45700054478948
71.83438399875476
71.83438399875476
71.83438399875476
71.83438399875476
71.83438399875476
71.36742158922873
71.67872986224609
70.9004591797027
70.82263211144836
70.82263211144836
70.20001556541365
69.73305315588762
69.18826367810725
69.88870729239629
71.75655693050042
71.83438399875476
76.19269982099775
90.35722624328741
102.3425947544556
112.771421900537
111.7596700132306
109.58051210210911
105.22219627986614
100.55257218460581
95.49381274807378
93.70379017822398
90.51288037979609
87.71110592263989
86.31021869406179
84.520196124212
82.34103821309051
81.01797805276675
79.61709082418865
79.15012841466262
78.99447427815394
79.85057202895167
81.01797805276675
83.58627130515994
84.83150439722935
86.31021869406179
88.10024126391158
88.87851194645498
89.03416608296365
89.03416608296365
88.02241419565725
82.65234648610787
81.17363218927542
79.61709082418865
78.76099307339092
77.90489532259319
77.43793291306716
76.89314343528679
76.89314343528679
76.89314343528679
76.89314343528679
76.89314343528679
76.89314343528679
76.97097050354112
77.59358704957585
77.90489532259319
77.90489532259319
77.90489532259319
77.90489532259319
77.90489532259319
77.67141411783018
77.36010584481282
76.89314343528679
75.80356447972605
75.10312086543699
74.71398552416531
73.39092536384155
73.54657950035022
73.23527122733286
74.55833138765662
74.94746672892832
77.59358704957585
87.47762471787688
101.01953459413184
108.41310607829404
112.30445949101097
113.31621137831738
112.22663242275664
110.59226398941551
107.24570005447895
101.48649700365787
94.09292551949568
90.35722624328741
88.56720367343762
86.69935403533349
84.75367732897502
83.43061716865125
82.02972994007315
81.32928632578411
80.94015098451241
81.48494046229278
82.41886528134485
84.67585026072068
85.99891042104444
85.99891042104444
87.71110592263989
89.73460969725271
90.97984278932212
91.05766985757646
90.97984278932212
89.65678262899836
83.74192544166861
81.56276753054712
79.77274496069732
78.99447427815394
77.90489532259319
77.43793291306716
77.82706825433885
76.89314343528679
76.34835395750642
76.11487275274341
75.88139154798039
75.72573741147171
75.88139154798039
75.88139154798039
75.88139154798039
75.88139154798039
75.88139154798039
75.88139154798039
75.88139154798039
75.88139154798039
75.88139154798039
75.72573741147171
74.79181259241965
73.93571484162192
72.92396295431551
72.37917347653514
71.13394038446572
70.82263211144836
71.44524865748308
73.78006070511324
76.27052688925208
86.46587283057048
99.5408202972994
106.5452564401899
108.10179780527668
110.12530157988948
112.07097828624795
110.28095571639817
102.03128648143824
93.78161724647832
90.35722624328741
88.02241419565725
86.23239162580745
84.28671491944898
81.79624873531014
80.39536150673204
78.99447427815394
78.91664720989961
78.91664720989961
79.07230134640828
79.61709082418865
80.94015098451241
82.96365475912522
82.96365475912522
83.19713596388824
85.29846680675539
86.85500817184217
87.78893299089424
87.78893299089424
81.40711339403845
80.39536150673204
79.07230134640828
77.51575998132151
76.19269982099775
74.94746672892832
74.55833138765662
73.85788777336758
73.85788777336758
73.85788777336758
73.07961709082419
73.31309829558721
72.84613588606118
72.84613588606118
73.54657950035022
73.62440656860456
73.39092536384155
73.78006070511324
73.85788777336758
73.85788777336758
73.07961709082419
73.46875243209588
72.84613588606118
73.07961709082419
72.22351934002646
70.82263211144836
70.43349677017666
69.88870729239629
69.81088022414195
70.51132383843101
72.84613588606118
72.84613588606118
78.76099307339092
92.06942174488287
101.48649700365787
108.9578955560744
108.64658728305704
107.16787298622461
103.04303836874465
98.37341427348431
96.42773756712585
92.14724881313721
87.3219705813682
84.28671491944898
81.87407580356448
79.69491789244299
78.29403066386489
76.19269982099775
75.88139154798039
75.80356447972605
77.04879757179548
79.15012841466262
81.71842166705581
81.95190287181882
81.95190287181882
82.41886528134485
84.98715853373804
86.85500817184217
87.01066230835085
87.01066230835085
85.14281267024671
77.28227877655848
75.88139154798039
74.48050431940229
73.85788777336758
73.07961709082419
73.00179002256985
73.00179002256985
72.76830881780683
72.45700054478948
72.45700054478948
72.61265468129815
72.92396295431551
72.84613588606118
72.69048174955249
72.92396295431551
73.15744415907852
72.69048174955249
72.84613588606118
72.14569227177212
71.83438399875476
71.28959452097439
71.44524865748308
71.91221106700911
71.91221106700911
72.30134640828079
75.41442913845435
84.59802319246634
96.7390458401432
103.97696318779671
108.17962487353101
107.5570083274963
109.11354969258308
108.80224141956572
107.5570083274963
88.56720367343762
86.93283524009651
84.36454198770332
82.26321114483618
80.08405323371468
77.67141411783018
76.34835395750642
76.03704568448906
75.95921861623472
75.88139154798039
77.59358704957585
78.99447427815394
81.64059459880146
81.95190287181882
81.64059459880146
83.50844423690559
85.9210833527901
86.15456455755312
86.62152696707915
86.23239162580745
84.520196124212
77.36010584481282
75.72573741147171
74.40267725114795
73.85788777336758
72.92396295431551
72.37917347653514
71.75655693050042
70.82263211144836
70.82263211144836
70.51132383843101
70.82263211144836
69.96653436065063
70.20001556541365
70.35566970192232
70.58915090668535
70.58915090668535
70.20001556541365
70.43349677017666
69.81088022414195
69.88870729239629
70.35566970192232
69.81088022414195
69.81088022414195
69.88870729239629
71.91221106700911
74.01354190987625
74.71398552416531
77.43793291306716
88.48937660518328
101.56432407191221
106.23394816717254
106.46742937193555
108.80224141956572
105.92263989415518
100.24126391158845
93.31465483695229
88.17806833216592
85.60977507977275
83.58627130515994
82.41886528134485
80.31753443847771
78.83882014164526
77.36010584481282
76.89314343528679
76.89314343528679
76.89314343528679
76.89314343528679
77.20445170830415
78.60533893688225
80.47318857498638
82.02972994007315
82.10755700832749
83.35279010039692
84.44236905595766
82.49669234959919
80.39536150673204
78.29403066386489
76.97097050354112
75.95921861623472
74.40267725114795
73.39092536384155
72.84613588606118
72.37917347653514
71.83438399875476
71.83438399875476
71.83438399875476
71.83438399875476
71.52307572573741
71.83438399875476
71.83438399875476
71.83438399875476
71.83438399875476
71.83438399875476
71.83438399875476
71.83438399875476
71.83438399875476
71.60090279399175
71.28959452097439
70.82263211144836
71.28959452097439
72.30134640828079
73.54657950035022
80.31753443847771
91.68028640361118
101.09736166238618
105.22219627986614
108.10179780527668
106.77873764495291
104.13261732430539
102.42042182270994
97.43948945443225
92.30290294964588
88.56720367343762
84.20888785119465
81.40711339403845
79.22795548291695
76.97097050354112
74.48050431940229
73.85788777336758
73.85788777336758
73.85788777336758
74.94746672892832
78.76099307339092
81.40711339403845
84.90933146548369
84.98715853373804
85.06498560199238
87.3219705813682
88.02241419565725
88.02241419565725
88.02241419565725
79.30578255117129
76.42618102576076
75.18094793369134
74.63615845591096
73.85788777336758
73.46875243209588
73.85788777336758
73.23527122733286
72.84613588606118
72.84613588606118
73.00179002256985
73.85788777336758
73.85788777336758
73.85788777336758
73.85788777336758
74.01354190987625
74.40267725114795
73.85788777336758
73.85788777336758
73.85788777336758
74.71398552416531
75.80356447972605
77.12662464004981
84.13106078294031
95.26033154331076
104.44392559732275
105.22219627986614
105.1443692116118
106.5452564401899
110.43660985290684
108.25745194178535
100.31909097984278
89.81243676550704
87.3219705813682
85.37629387500972
83.1193088956339
81.48494046229278
80.16188030196902
78.91664720989961
78.29403066386489
78.76099307339092
78.91664720989961
79.77274496069732
81.48494046229278
83.58627130515994
85.68760214802708
85.99891042104444
85.99891042104444
87.01066230835085
86.85500817184217
86.85500817184217
83.66409837341428
78.91664720989961
76.81531636703245
75.88139154798039
74.86963966067398
73.93571484162192
73.31309829558721
72.84613588606118
72.61265468129815
71.83438399875476
71.83438399875476
71.83438399875476
71.52307572573741
71.13394038446572
71.05611331621138
70.82263211144836
70.74480504319402
70.27784263366799
70.43349677017666
70.04436142890498
69.81088022414195
69.81088022414195
71.67872986224609
73.78006070511324
79.61709082418865
92.92551949568059
102.49824889096428
104.28827146081407
105.06654214335745
102.26476768620125
96.97252704490622
92.84769242742625
91.36897813059382
91.36897813059382
89.03416608296365
85.68760214802708
83.58627130515994
81.01797805276675
78.21620359561055
77.04879757179548
75.95921861623472
75.88139154798039
76.50400809401509
77.51575998132151
78.83882014164526
81.32928632578411
81.95190287181882
82.49669234959919
84.59802319246634
85.9210833527901
85.99891042104444
85.99891042104444
84.20888785119465
78.68316600513658
77.43793291306716
75.72573741147171
74.16919604638493
73.39092536384155
72.84613588606118
72.69048174955249
72.30134640828079
71.99003813526345
71.44524865748308
71.60090279399175
71.83438399875476
71.44524865748308
70.82263211144836
70.82263211144836
70.82263211144836
70.82263211144836
70.74480504319402
70.04436142890498
70.82263211144836
70.82263211144836
73.07961709082419
75.88139154798039
81.87407580356448
92.30290294964588
103.19869250525332
106.1561210989182
109.19137676083741
107.63483539575064
102.96521130049031
100.16343684333411
96.03860222585415
90.74636158455911
86.85500817184217
83.19713596388824
80.16188030196902
77.98272239084754
76.11487275274341
74.86963966067398
74.86963966067398
75.18094793369134
75.41442913845435
77.28227877655848
77.90489532259319
77.90489532259319
79.15012841466262
