130.89005235602093
130.89005235602093
130.89005235602093
130.89005235602093
130.89005235602093
130.89005235602093
130.89005235602093
130.89005235602093
130.89005235602093
130.89005235602093
130.89005235602093
131.2990837696335
132.93520942408378
132.93520942408378
132.93520942408378
132.93520942408378
132.93520942408378
132.93520942408378
132.93520942408378
132.93520942408378
132.93520942408378
132.93520942408378
132.93520942408378
132.93520942408378
132.93520942408378
132.93520942408378
132.93520942408378
132.93520942408378
132.93520942408378
132.93520942408378
132.93520942408378
132.93520942408378
132.93520942408378
132.93520942408378
132.93520942408378
132.93520942408378
132.93520942408378
133.0170157068063
134.9803664921466
134.9803664921466
134.9803664921466
134.9803664921466
134.9803664921466
134.9803664921466
134.9803664921466
134.9803664921466
134.9803664921466
134.9803664921466
134.9803664921466
134.9803664921466
134.9803664921466
134.9803664921466
134.9803664921466
134.9803664921466
134.9803664921466
134.9803664921466
134.9803664921466
134.9803664921466
134.9803664921466
134.9803664921466
134.9803664921466
134.9803664921466
134.9803664921466
134.9803664921466
135.22578534031413
137.02552356020942
137.02552356020942
137.02552356020942
137.02552356020942
137.02552356020942
137.02552356020942
137.02552356020942
137.02552356020942
137.02552356020942
137.02552356020942
137.02552356020942
137.02552356020942
137.02552356020942
137.02552356020942
137.02552356020942
137.02552356020942
137.02552356020942
137.02552356020942
137.02552356020942
137.02552356020942
137.02552356020942
137.02552356020942
137.02552356020942
137.02552356020942
137.02552356020942
137.02552356020942
137.63907068062827
140.09325916230367
140.09325916230367
140.09325916230367
140.09325916230367
140.09325916230367
140.09325916230367
140.09325916230367
140.09325916230367
140.09325916230367
140.09325916230367
140.09325916230367
140.09325916230367
140.09325916230367
140.09325916230367
140.09325916230367
140.09325916230367
140.09325916230367
140.09325916230367
140.09325916230367
140.09325916230367
140.09325916230367
140.09325916230367
140.09325916230367
140.09325916230367
140.09325916230367
140.09325916230367
140.09325916230367
140.09325916230367
139.31609947643977
139.07068062827224
139.07068062827224
139.07068062827224
139.07068062827224
139.07068062827224
139.07068062827224
139.07068062827224
139.07068062827224
139.07068062827224
139.07068062827224
139.07068062827224
139.07068062827224
139.07068062827224
139.07068062827224
139.07068062827224
139.07068062827224
139.07068062827224
139.07068062827224
139.07068062827224
139.07068062827224
139.07068062827224
139.07068062827224
139.07068062827224
139.07068062827224
139.07068062827224
139.07068062827224
139.07068062827224
139.07068062827224
140.66590314136124
142.1384162303665
142.1384162303665
142.1384162303665
142.1384162303665
142.1384162303665
142.1384162303665
142.1384162303665
142.1384162303665
142.1384162303665
142.1384162303665
142.1384162303665
142.1384162303665
142.1384162303665
142.1384162303665
142.1384162303665
142.1384162303665
142.1384162303665
142.1384162303665
142.1384162303665
142.1384162303665
142.1384162303665
142.1384162303665
142.1384162303665
142.1384162303665
142.1384162303665
142.1384162303665
142.1384162303665
142.1384162303665
142.1384162303665
142.1384162303665
142.1384162303665
145.9015052356021
146.22873036649216
146.22873036649216
146.22873036649216
146.22873036649216
146.22873036649216
146.22873036649216
146.22873036649216
146.22873036649216
146.22873036649216
146.22873036649216
146.22873036649216
146.22873036649216
146.22873036649216
146.22873036649216
146.22873036649216
146.22873036649216
146.22873036649216
146.22873036649216
146.22873036649216
146.22873036649216
146.22873036649216
146.22873036649216
146.22873036649216
146.22873036649216
146.22873036649216
146.22873036649216
146.22873036649216
146.22873036649216
146.22873036649216
146.22873036649216
146.22873036649216
144.5926047120419
141.11583769633506
141.11583769633506
141.11583769633506
141.11583769633506
141.11583769633506
141.11583769633506
141.11583769633506
141.11583769633506
141.11583769633506
141.11583769633506
141.11583769633506
141.11583769633506
141.11583769633506
141.11583769633506
141.11583769633506
141.11583769633506
141.11583769633506
141.11583769633506
141.11583769633506
141.11583769633506
141.11583769633506
141.11583769633506
141.11583769633506
141.11583769633506
141.11583769633506
141.11583769633506
141.11583769633506
141.11583769633506
141.11583769633506
141.11583769633506
141.11583769633506
141.11583769633506
141.11583769633506
141.11583769633506
141.11583769633506
141.11583769633506
141.11583769633506
141.11583769633506
141.11583769633506
141.11583769633506
141.11583769633506
141.11583769633506
141.11583769633506
141.11583769633506
141.11583769633506
141.11583769633506
141.11583769633506
141.11583769633506
141.11583769633506
141.11583769633506
141.11583769633506
141.11583769633506
141.11583769633506
141.11583769633506
141.11583769633506
141.11583769633506
141.11583769633506
141.11583769633506
141.11583769633506
141.11583769633506
141.11583769633506
141.11583769633506
141.11583769633506
138.41623036649216
138.04810209424085
138.04810209424085
138.04810209424085
138.04810209424085
138.04810209424085
138.04810209424085
138.04810209424085
138.04810209424085
138.04810209424085
138.04810209424085
138.04810209424085
138.04810209424085
138.04810209424085
138.04810209424085
138.04810209424085
138.04810209424085
138.04810209424085
138.04810209424085
138.04810209424085
138.04810209424085
138.04810209424085
138.04810209424085
138.04810209424085
138.04810209424085
138.04810209424085
138.04810209424085
138.04810209424085
138.86616492146598
139.07068062827224
139.07068062827224
139.07068062827224
139.07068062827224
139.07068062827224
139.07068062827224
139.07068062827224
139.07068062827224
139.07068062827224
139.07068062827224
139.07068062827224
139.07068062827224
139.07068062827224
139.07068062827224
139.07068062827224
139.07068062827224
139.07068062827224
139.07068062827224
139.07068062827224
139.07068062827224
139.07068062827224
139.07068062827224
139.07068062827224
139.07068062827224
139.07068062827224
139.07068062827224
139.07068062827224
139.07068062827224
138.0890052356021
138.04810209424085
138.04810209424085
138.04810209424085
138.04810209424085
138.04810209424085
138.04810209424085
138.04810209424085
138.04810209424085
138.04810209424085
138.04810209424085
138.04810209424085
138.04810209424085
138.04810209424085
138.04810209424085
138.04810209424085
138.04810209424085
138.04810209424085
138.04810209424085
138.04810209424085
138.04810209424085
138.04810209424085
138.04810209424085
138.04810209424085
138.04810209424085
138.04810209424085
138.04810209424085
134.9803664921466
134.9803664921466
134.9803664921466
134.9803664921466
134.9803664921466
134.9803664921466
134.9803664921466
134.9803664921466
134.9803664921466
134.9803664921466
134.9803664921466
134.9803664921466
134.9803664921466
134.9803664921466
134.9803664921466
134.9803664921466
134.9803664921466
134.9803664921466
134.9803664921466
134.9803664921466
134.9803664921466
134.9803664921466
134.9803664921466
134.9803664921466
134.9803664921466
134.9803664921466
134.9803664921466
134.9803664921466
134.9803664921466
134.9803664921466
134.9803664921466
134.9803664921466
134.9803664921466
134.9803664921466
134.9803664921466
134.9803664921466
134.9803664921466
134.9803664921466
134.9803664921466
134.9803664921466
134.9803664921466
134.9803664921466
134.9803664921466
134.9803664921466
134.9803664921466
134.9803664921466
134.9803664921466
134.9803664921466
134.9803664921466
134.9803664921466
134.9803664921466
134.9803664921466
134.9803664921466
134.9803664921466
134.9803664921466
131.5035994764398
129.86747382198953
129.86747382198953
129.86747382198953
129.86747382198953
129.86747382198953
129.86747382198953
129.86747382198953
129.86747382198953
129.86747382198953
129.86747382198953
129.86747382198953
129.86747382198953
129.86747382198953
129.86747382198953
129.86747382198953
129.86747382198953
129.86747382198953
129.86747382198953
129.86747382198953
129.86747382198953
129.86747382198953
129.86747382198953
129.86747382198953
128.64037958115182
126.79973821989529
126.79973821989529
126.79973821989529
126.79973821989529
126.79973821989529
126.79973821989529
126.79973821989529
126.79973821989529
126.79973821989529
126.79973821989529
126.79973821989529
126.79973821989529
126.79973821989529
126.79973821989529
126.79973821989529
126.79973821989529
126.79973821989529
126.79973821989529
126.79973821989529
126.79973821989529
126.79973821989529
126.79973821989529
126.79973821989529
126.79973821989529
130.8491492146597
136.002945026178
136.002945026178
136.002945026178
136.002945026178
136.002945026178
136.002945026178
136.002945026178
136.002945026178
136.002945026178
136.002945026178
136.002945026178
136.002945026178
136.002945026178
136.002945026178
136.002945026178
136.002945026178
136.002945026178
136.002945026178
136.002945026178
136.002945026178
136.002945026178
136.002945026178
136.002945026178
136.002945026178
136.002945026178
136.002945026178
135.47120418848166
134.9803664921466
134.9803664921466
134.9803664921466
134.9803664921466
134.9803664921466
134.9803664921466
134.9803664921466
134.9803664921466
134.9803664921466
134.9803664921466
134.9803664921466
134.9803664921466
134.9803664921466
134.9803664921466
134.9803664921466
134.9803664921466
134.9803664921466
134.9803664921466
134.9803664921466
134.9803664921466
134.9803664921466
134.9803664921466
134.9803664921466
134.73494764397907
133.95778795811518
133.95778795811518
133.95778795811518
133.95778795811518
133.95778795811518
133.95778795811518
133.95778795811518
133.95778795811518
133.95778795811518
133.95778795811518
133.95778795811518
133.95778795811518
133.95778795811518
133.95778795811518
133.95778795811518
133.95778795811518
133.95778795811518
133.95778795811518
133.95778795811518
133.95778795811518
133.95778795811518
133.95778795811518
133.95778795811518
133.95778795811518
133.95778795811518
124.55006544502618
123.73200261780104
123.73200261780104
123.73200261780104
123.73200261780104
123.73200261780104
123.73200261780104
123.73200261780104
123.73200261780104
123.73200261780104
123.73200261780104
123.73200261780104
123.73200261780104
123.73200261780104
123.73200261780104
123.73200261780104
123.73200261780104
123.73200261780104
123.73200261780104
123.73200261780104
123.73200261780104
123.73200261780104
123.73200261780104
123.73200261780104
123.73200261780104
123.73200261780104
123.73200261780104
133.95778795811518
133.95778795811518
133.95778795811518
133.95778795811518
133.95778795811518
133.95778795811518
133.95778795811518
133.95778795811518
133.95778795811518
133.95778795811518
133.95778795811518
133.95778795811518
133.95778795811518
133.95778795811518
133.95778795811518
133.95778795811518
133.95778795811518
133.95778795811518
133.95778795811518
133.95778795811518
133.95778795811518
133.95778795811518
133.95778795811518
133.95778795811518
132.93520942408378
128.8448952879581
128.8448952879581
128.8448952879581
128.8448952879581
128.8448952879581
128.8448952879581
128.8448952879581
128.8448952879581
128.8448952879581
128.8448952879581
128.8448952879581
128.8448952879581
128.8448952879581
128.8448952879581
128.8448952879581
128.8448952879581
128.8448952879581
128.8448952879581
128.8448952879581
128.8448952879581
128.8448952879581
128.8448952879581
128.8448952879581
128.8448952879581
128.8448952879581
128.8448952879581
128.8448952879581
129.54024869109946
129.86747382198953
129.86747382198953
129.86747382198953
129.86747382198953
129.86747382198953
129.86747382198953
129.86747382198953
129.86747382198953
129.86747382198953
129.86747382198953
129.86747382198953
129.86747382198953
129.86747382198953
129.86747382198953
129.86747382198953
129.86747382198953
129.86747382198953
129.86747382198953
129.86747382198953
129.86747382198953
129.86747382198953
129.86747382198953
129.86747382198953
129.86747382198953
129.86747382198953
129.86747382198953
129.86747382198953
129.86747382198953
129.86747382198953
129.86747382198953
129.86747382198953
129.86747382198953
129.86747382198953
129.86747382198953
129.86747382198953
129.86747382198953
129.86747382198953
129.86747382198953
129.86747382198953
129.86747382198953
129.86747382198953
129.86747382198953
129.86747382198953
129.86747382198953
129.86747382198953
129.86747382198953
129.86747382198953
129.86747382198953
129.86747382198953
129.86747382198953
129.86747382198953
129.86747382198953
129.86747382198953
129.86747382198953
130.3583115183246
131.91263089005236
131.91263089005236
131.91263089005236
131.91263089005236
131.91263089005236
131.91263089005236
131.91263089005236
131.91263089005236
131.91263089005236
131.91263089005236
131.91263089005236
131.91263089005236
131.91263089005236
131.91263089005236
131.91263089005236
131.91263089005236
131.91263089005236
131.91263089005236
131.91263089005236
131.91263089005236
131.91263089005236
131.91263089005236
131.91263089005236
131.91263089005236
131.91263089005236
131.91263089005236
131.91263089005236
131.91263089005236
131.91263089005236
133.54875654450262
137.02552356020942
137.02552356020942
137.02552356020942
137.02552356020942
137.02552356020942
137.02552356020942
137.02552356020942
137.02552356020942
137.02552356020942
137.02552356020942
137.02552356020942
137.02552356020942
137.02552356020942
137.02552356020942
137.02552356020942
137.02552356020942
137.02552356020942
137.02552356020942
137.02552356020942
137.02552356020942
137.02552356020942
137.02552356020942
137.02552356020942
137.02552356020942
137.02552356020942
137.02552356020942
137.02552356020942
135.79842931937173
131.91263089005236
131.91263089005236
131.91263089005236
131.91263089005236
131.91263089005236
131.91263089005236
131.91263089005236
131.91263089005236
131.91263089005236
131.91263089005236
131.91263089005236
131.91263089005236
131.91263089005236
131.91263089005236
131.91263089005236
131.91263089005236
131.91263089005236
131.91263089005236
131.91263089005236
131.91263089005236
131.91263089005236
131.91263089005236
131.91263089005236
131.91263089005236
131.91263089005236
131.91263089005236
131.91263089005236
131.91263089005236
131.91263089005236
131.91263089005236
131.91263089005236
131.91263089005236
131.91263089005236
131.91263089005236
131.91263089005236
131.91263089005236
131.91263089005236
131.91263089005236
131.91263089005236
131.91263089005236
131.91263089005236
131.91263089005236
131.91263089005236
131.91263089005236
131.91263089005236
131.91263089005236
131.91263089005236
131.91263089005236
131.91263089005236
131.91263089005236
131.91263089005236
131.91263089005236
131.91263089005236
131.91263089005236
131.91263089005236
131.91263089005236
131.91263089005236
131.91263089005236
131.91263089005236
131.91263089005236
131.91263089005236
131.91263089005236
131.91263089005236
131.91263089005236
131.91263089005236
131.91263089005236
131.91263089005236
131.91263089005236
131.91263089005236
131.91263089005236
131.91263089005236
131.91263089005236
131.91263089005236
131.91263089005236
131.91263089005236
131.91263089005236
131.91263089005236
131.91263089005236
131.91263089005236
131.91263089005236
131.91263089005236
131.91263089005236
131.91263089005236
131.91263089005236
121.35962041884817
0.0
0.0
0.0
0.0
0.0
65.40412303664921
125.77715968586388
125.77715968586388
125.77715968586388
125.77715968586388
125.77715968586388
125.77715968586388
125.77715968586388
125.77715968586388
125.77715968586388
125.77715968586388
125.77715968586388
125.77715968586388
125.77715968586388
125.77715968586388
125.77715968586388
125.77715968586388
125.77715968586388
125.77715968586388
125.77715968586388
125.77715968586388
125.77715968586388
125.77715968586388
125.77715968586388
129.86747382198953
129.86747382198953
129.86747382198953
129.86747382198953
129.86747382198953
129.86747382198953
129.86747382198953
129.86747382198953
129.86747382198953
129.86747382198953
129.86747382198953
129.86747382198953
129.86747382198953
129.86747382198953
129.86747382198953
129.86747382198953
129.86747382198953
129.86747382198953
129.86747382198953
129.86747382198953
129.86747382198953
129.86747382198953
129.86747382198953
129.86747382198953
129.86747382198953
129.86747382198953
129.86747382198953
129.86747382198953
129.86747382198953
129.86747382198953
129.86747382198953
129.86747382198953
129.86747382198953
129.86747382198953
129.86747382198953
129.86747382198953
129.86747382198953
129.86747382198953
129.86747382198953
129.86747382198953
129.86747382198953
129.86747382198953
129.86747382198953
129.86747382198953
129.86747382198953
129.86747382198953
129.86747382198953
129.86747382198953
129.86747382198953
129.86747382198953
129.86747382198953
129.86747382198953
129.86747382198953
129.86747382198953
129.86747382198953
129.86747382198953
129.86747382198953
129.86747382198953
129.86747382198953
129.86747382198953
129.86747382198953
129.86747382198953
129.86747382198953
129.86747382198953
129.86747382198953
129.86747382198953
129.86747382198953
129.86747382198953
129.86747382198953
129.86747382198953
129.86747382198953
129.86747382198953
129.86747382198953
129.86747382198953
129.86747382198953
129.86747382198953
129.86747382198953
129.86747382198953
129.86747382198953
129.86747382198953
129.86747382198953
129.62205497382197
126.79973821989529
126.79973821989529
126.79973821989529
126.79973821989529
126.79973821989529
126.79973821989529
126.79973821989529
126.79973821989529
126.79973821989529
