91.00948952879581
91.00948952879581
91.00948952879581
91.00948952879581
91.00948952879581
91.00948952879581
91.00948952879581
91.00948952879581
91.00948952879581
91.00948952879581
90.51865183246073
87.94175392670157
87.94175392670157
87.94175392670157
87.94175392670157
87.94175392670157
87.94175392670157
87.94175392670157
87.94175392670157
87.94175392670157
87.94175392670157
87.94175392670157
87.94175392670157
87.94175392670157
87.94175392670157
87.94175392670157
87.94175392670157
87.94175392670157
87.94175392670157
87.94175392670157
87.94175392670157
87.94175392670157
87.94175392670157
87.94175392670157
87.94175392670157
87.94175392670157
87.94175392670157
87.94175392670157
87.94175392670157
87.94175392670157
87.94175392670157
87.94175392670157
87.94175392670157
87.94175392670157
87.94175392670157
87.94175392670157
87.94175392670157
87.94175392670157
87.94175392670157
87.94175392670157
87.94175392670157
87.94175392670157
87.94175392670157
87.94175392670157
87.94175392670157
87.94175392670157
87.94175392670157
87.94175392670157
87.94175392670157
87.94175392670157
87.94175392670157
87.94175392670157
87.94175392670157
87.94175392670157
87.69633507853403
85.89659685863874
85.89659685863874
85.89659685863874
85.89659685863874
85.89659685863874
85.89659685863874
85.89659685863874
85.89659685863874
85.89659685863874
85.89659685863874
85.89659685863874
85.89659685863874
85.89659685863874
85.89659685863874
85.89659685863874
85.89659685863874
85.89659685863874
85.89659685863874
85.89659685863874
85.89659685863874
85.89659685863874
85.89659685863874
85.89659685863874
85.89659685863874
85.89659685863874
85.89659685863874
85.89659685863874
85.89659685863874
85.89659685863874
85.89659685863874
85.89659685863874
85.89659685863874
85.89659685863874
85.89659685863874
85.89659685863874
85.89659685863874
85.89659685863874
85.89659685863874
85.89659685863874
85.89659685863874
85.89659685863874
85.89659685863874
85.89659685863874
85.89659685863874
85.89659685863874
85.89659685863874
85.89659685863874
85.89659685863874
85.89659685863874
85.89659685863874
85.89659685863874
85.89659685863874
85.89659685863874
85.89659685863874
85.89659685863874
83.93324607329843
83.85143979057591
83.85143979057591
83.85143979057591
83.85143979057591
83.85143979057591
83.85143979057591
83.85143979057591
83.85143979057591
83.85143979057591
83.85143979057591
83.85143979057591
83.85143979057591
83.85143979057591
83.85143979057591
83.85143979057591
83.85143979057591
83.85143979057591
83.85143979057591
83.85143979057591
83.85143979057591
83.85143979057591
83.85143979057591
83.85143979057591
83.85143979057591
83.85143979057591
83.85143979057591
83.85143979057591
82.95157068062827
81.80628272251309
81.80628272251309
81.80628272251309
81.80628272251309
81.80628272251309
81.80628272251309
81.80628272251309
81.80628272251309
81.80628272251309
81.80628272251309
81.80628272251309
81.80628272251309
81.80628272251309
81.80628272251309
81.80628272251309
81.80628272251309
81.80628272251309
81.80628272251309
81.80628272251309
81.80628272251309
81.80628272251309
81.80628272251309
81.80628272251309
81.80628272251309
81.80628272251309
81.80628272251309
81.80628272251309
81.80628272251309
81.80628272251309
81.80628272251309
79.84293193717278
75.67081151832461
75.67081151832461
75.67081151832461
75.67081151832461
75.67081151832461
75.67081151832461
75.67081151832461
75.67081151832461
75.67081151832461
75.67081151832461
75.67081151832461
75.67081151832461
75.67081151832461
75.67081151832461
75.67081151832461
75.67081151832461
75.67081151832461
75.67081151832461
75.67081151832461
75.67081151832461
75.67081151832461
75.67081151832461
75.67081151832461
75.67081151832461
75.67081151832461
75.67081151832461
75.67081151832461
75.67081151832461
75.67081151832461
75.67081151832461
75.67081151832461
75.67081151832461
73.05301047120419
71.58049738219896
71.58049738219896
71.58049738219896
71.58049738219896
71.58049738219896
71.58049738219896
71.58049738219896
71.58049738219896
71.58049738219896
71.58049738219896
71.58049738219896
71.58049738219896
71.58049738219896
71.58049738219896
71.58049738219896
71.58049738219896
71.58049738219896
71.58049738219896
71.58049738219896
71.58049738219896
71.58049738219896
71.58049738219896
71.58049738219896
71.58049738219896
71.58049738219896
71.58049738219896
71.58049738219896
71.58049738219896
71.58049738219896
71.58049738219896
71.58049738219896
71.58049738219896
71.00785340314135
70.55791884816753
70.55791884816753
70.55791884816753
70.55791884816753
70.55791884816753
70.55791884816753
70.55791884816753
70.55791884816753
70.55791884816753
70.55791884816753
70.55791884816753
70.55791884816753
70.55791884816753
70.55791884816753
70.55791884816753
70.55791884816753
70.55791884816753
70.55791884816753
70.55791884816753
70.55791884816753
70.55791884816753
70.55791884816753
70.55791884816753
70.55791884816753
70.55791884816753
70.55791884816753
70.55791884816753
70.55791884816753
70.55791884816753
70.55791884816753
70.55791884816753
73.25752617801047
73.62565445026178
73.62565445026178
73.62565445026178
73.62565445026178
73.62565445026178
73.62565445026178
73.62565445026178
73.62565445026178
73.62565445026178
73.62565445026178
73.62565445026178
73.62565445026178
73.62565445026178
73.62565445026178
73.62565445026178
73.62565445026178
73.62565445026178
73.62565445026178
73.62565445026178
73.62565445026178
73.62565445026178
73.62565445026178
73.62565445026178
73.62565445026178
73.62565445026178
73.62565445026178
85.07853403141361
87.94175392670157
87.94175392670157
87.94175392670157
87.94175392670157
87.94175392670157
87.94175392670157
87.94175392670157
87.94175392670157
87.94175392670157
87.94175392670157
87.94175392670157
87.94175392670157
87.94175392670157
87.94175392670157
87.94175392670157
87.94175392670157
87.94175392670157
87.94175392670157
87.94175392670157
87.94175392670157
87.94175392670157
87.94175392670157
87.94175392670157
87.94175392670157
87.94175392670157
87.94175392670157
87.77814136125654
83.85143979057591
83.85143979057591
83.85143979057591
83.85143979057591
83.85143979057591
83.85143979057591
83.85143979057591
83.85143979057591
83.85143979057591
83.85143979057591
83.85143979057591
83.85143979057591
83.85143979057591
83.85143979057591
83.85143979057591
83.85143979057591
83.85143979057591
83.85143979057591
83.85143979057591
83.85143979057591
83.85143979057591
83.85143979057591
83.85143979057591
83.85143979057591
83.85143979057591
83.85143979057591
83.85143979057591
83.85143979057591
83.44240837696334
81.80628272251309
81.80628272251309
81.80628272251309
81.80628272251309
81.80628272251309
81.80628272251309
81.80628272251309
81.80628272251309
81.80628272251309
81.80628272251309
81.80628272251309
81.80628272251309
81.80628272251309
81.80628272251309
81.80628272251309
81.80628272251309
81.80628272251309
81.80628272251309
81.80628272251309
81.80628272251309
81.80628272251309
81.80628272251309
81.80628272251309
81.80628272251309
81.80628272251309
81.80628272251309
81.80628272251309
83.27879581151832
84.87401832460733
84.87401832460733
84.87401832460733
84.87401832460733
84.87401832460733
84.87401832460733
84.87401832460733
84.87401832460733
84.87401832460733
84.87401832460733
84.87401832460733
84.87401832460733
84.87401832460733
84.87401832460733
84.87401832460733
84.87401832460733
84.87401832460733
84.87401832460733
84.87401832460733
84.87401832460733
84.87401832460733
84.87401832460733
84.87401832460733
84.87401832460733
84.87401832460733
84.87401832460733
84.87401832460733
84.87401832460733
84.87401832460733
84.87401832460733
84.87401832460733
84.87401832460733
84.87401832460733
84.87401832460733
84.87401832460733
84.87401832460733
84.87401832460733
84.87401832460733
84.87401832460733
84.87401832460733
84.87401832460733
84.87401832460733
84.87401832460733
84.87401832460733
84.87401832460733
84.87401832460733
84.87401832460733
84.87401832460733
84.87401832460733
84.87401832460733
75.54810209424083
46.01603403141361
46.01603403141361
46.01603403141361
46.01603403141361
46.01603403141361
46.01603403141361
46.01603403141361
46.01603403141361
46.01603403141361
46.01603403141361
46.01603403141361
46.01603403141361
46.01603403141361
46.01603403141361
46.01603403141361
46.01603403141361
46.01603403141361
46.01603403141361
46.01603403141361
46.01603403141361
46.01603403141361
46.01603403141361
46.01603403141361
46.01603403141361
85.28304973821989
95.09980366492147
95.09980366492147
95.09980366492147
95.09980366492147
95.09980366492147
95.09980366492147
95.09980366492147
95.09980366492147
95.09980366492147
95.09980366492147
95.09980366492147
95.09980366492147
95.09980366492147
95.09980366492147
95.09980366492147
95.09980366492147
95.09980366492147
95.09980366492147
95.09980366492147
95.09980366492147
95.09980366492147
95.09980366492147
95.09980366492147
95.09980366492147
95.09980366492147
95.09980366492147
87.90085078534031
86.91917539267016
86.91917539267016
86.91917539267016
86.91917539267016
86.91917539267016
86.91917539267016
86.91917539267016
86.91917539267016
86.91917539267016
86.91917539267016
86.91917539267016
86.91917539267016
86.91917539267016
86.91917539267016
86.91917539267016
86.91917539267016
86.91917539267016
86.91917539267016
86.91917539267016
86.91917539267016
86.91917539267016
86.91917539267016
86.91917539267016
86.91917539267016
92.93193717277487
94.07722513089006
94.07722513089006
94.07722513089006
94.07722513089006
94.07722513089006
94.07722513089006
94.07722513089006
94.07722513089006
94.07722513089006
94.07722513089006
94.07722513089006
94.07722513089006
94.07722513089006
94.07722513089006
94.07722513089006
94.07722513089006
94.07722513089006
94.07722513089006
94.07722513089006
94.07722513089006
94.07722513089006
94.07722513089006
94.07722513089006
94.07722513089006
94.07722513089006
90.31413612565444
89.9869109947644
89.9869109947644
89.9869109947644
89.9869109947644
89.9869109947644
89.9869109947644
89.9869109947644
89.9869109947644
89.9869109947644
89.9869109947644
89.9869109947644
89.9869109947644
89.9869109947644
89.9869109947644
89.9869109947644
89.9869109947644
89.9869109947644
89.9869109947644
89.9869109947644
89.9869109947644
89.9869109947644
89.9869109947644
89.9869109947644
89.9869109947644
90.39594240837697
92.03206806282722
92.03206806282722
92.03206806282722
92.03206806282722
92.03206806282722
92.03206806282722
92.03206806282722
92.03206806282722
92.03206806282722
92.03206806282722
92.03206806282722
92.03206806282722
92.03206806282722
92.03206806282722
92.03206806282722
92.03206806282722
92.03206806282722
92.03206806282722
92.03206806282722
92.03206806282722
92.03206806282722
92.03206806282722
92.03206806282722
92.03206806282722
92.03206806282722
93.01374345549738
93.05464659685863
93.05464659685863
93.05464659685863
93.05464659685863
93.05464659685863
93.05464659685863
93.05464659685863
93.05464659685863
93.05464659685863
93.05464659685863
93.05464659685863
93.05464659685863
93.05464659685863
93.05464659685863
93.05464659685863
93.05464659685863
93.05464659685863
93.05464659685863
93.05464659685863
93.05464659685863
93.05464659685863
93.05464659685863
93.05464659685863
93.05464659685863
93.05464659685863
93.05464659685863
93.05464659685863
86.06020942408377
83.85143979057591
83.85143979057591
83.85143979057591
83.85143979057591
83.85143979057591
83.85143979057591
83.85143979057591
83.85143979057591
83.85143979057591
83.85143979057591
83.85143979057591
83.85143979057591
83.85143979057591
83.85143979057591
83.85143979057591
83.85143979057591
83.85143979057591
83.85143979057591
83.85143979057591
83.85143979057591
83.85143979057591
83.85143979057591
83.85143979057591
83.85143979057591
83.85143979057591
83.85143979057591
83.85143979057591
83.85143979057591
83.85143979057591
83.85143979057591
83.85143979057591
83.85143979057591
83.85143979057591
83.85143979057591
83.85143979057591
83.85143979057591
83.85143979057591
83.85143979057591
83.85143979057591
83.85143979057591
83.85143979057591
83.85143979057591
83.85143979057591
83.85143979057591
83.85143979057591
83.85143979057591
83.85143979057591
83.85143979057591
83.85143979057591
83.85143979057591
83.85143979057591
83.85143979057591
83.85143979057591
72.39856020942408
42.94829842931937
42.94829842931937
42.94829842931937
42.94829842931937
42.94829842931937
42.94829842931937
42.94829842931937
42.94829842931937
42.94829842931937
42.94829842931937
42.94829842931937
42.94829842931937
42.94829842931937
42.94829842931937
42.94829842931937
42.94829842931937
42.94829842931937
42.94829842931937
42.94829842931937
42.94829842931937
42.94829842931937
42.94829842931937
42.94829842931937
42.94829842931937
42.94829842931937
42.94829842931937
42.94829842931937
42.94829842931937
42.94829842931937
79.76112565445025
79.76112565445025
79.76112565445025
79.76112565445025
79.76112565445025
79.76112565445025
79.76112565445025
79.76112565445025
79.76112565445025
79.76112565445025
79.76112565445025
79.76112565445025
79.76112565445025
79.76112565445025
79.76112565445025
79.76112565445025
79.76112565445025
79.76112565445025
79.76112565445025
79.76112565445025
79.76112565445025
79.76112565445025
79.76112565445025
79.76112565445025
79.76112565445025
79.76112565445025
79.76112565445025
79.76112565445025
81.6017670157068
82.8288612565445
82.8288612565445
82.8288612565445
82.8288612565445
82.8288612565445
82.8288612565445
82.8288612565445
82.8288612565445
82.8288612565445
82.8288612565445
82.8288612565445
82.8288612565445
82.8288612565445
82.8288612565445
82.8288612565445
82.8288612565445
82.8288612565445
82.8288612565445
82.8288612565445
82.8288612565445
82.8288612565445
82.8288612565445
82.8288612565445
82.8288612565445
82.8288612565445
82.8288612565445
82.8288612565445
82.8288612565445
82.8288612565445
80.37467277486911
76.69339005235602
76.69339005235602
76.69339005235602
76.69339005235602
76.69339005235602
76.69339005235602
76.69339005235602
76.69339005235602
76.69339005235602
76.69339005235602
76.69339005235602
76.69339005235602
76.69339005235602
76.69339005235602
76.69339005235602
76.69339005235602
76.69339005235602
76.69339005235602
76.69339005235602
76.69339005235602
76.69339005235602
76.69339005235602
76.69339005235602
76.69339005235602
76.69339005235602
76.69339005235602
76.69339005235602
80.9473167539267
84.87401832460733
84.87401832460733
84.87401832460733
84.87401832460733
84.87401832460733
84.87401832460733
84.87401832460733
84.87401832460733
84.87401832460733
84.87401832460733
84.87401832460733
84.87401832460733
84.87401832460733
84.87401832460733
84.87401832460733
84.87401832460733
84.87401832460733
84.87401832460733
84.87401832460733
84.87401832460733
84.87401832460733
84.87401832460733
84.87401832460733
84.87401832460733
84.87401832460733
84.87401832460733
84.87401832460733
84.38318062827226
83.85143979057591
83.85143979057591
83.85143979057591
83.85143979057591
83.85143979057591
83.85143979057591
83.85143979057591
83.85143979057591
83.85143979057591
83.85143979057591
83.85143979057591
83.85143979057591
83.85143979057591
83.85143979057591
83.85143979057591
83.85143979057591
83.85143979057591
83.85143979057591
83.85143979057591
83.85143979057591
83.85143979057591
83.85143979057591
83.85143979057591
83.85143979057591
83.85143979057591
83.85143979057591
83.85143979057591
83.85143979057591
82.8288612565445
82.8288612565445
82.8288612565445
82.8288612565445
82.8288612565445
82.8288612565445
82.8288612565445
82.8288612565445
82.8288612565445
82.8288612565445
82.8288612565445
82.8288612565445
82.8288612565445
82.8288612565445
82.8288612565445
82.8288612565445
82.8288612565445
82.8288612565445
82.8288612565445
82.8288612565445
82.8288612565445
82.8288612565445
82.8288612565445
82.8288612565445
82.8288612565445
82.8288612565445
82.8288612565445
85.03763089005236
85.89659685863874
85.89659685863874
85.89659685863874
85.89659685863874
85.89659685863874
85.89659685863874
85.89659685863874
85.89659685863874
85.89659685863874
85.89659685863874
85.89659685863874
85.89659685863874
85.89659685863874
85.89659685863874
85.89659685863874
85.89659685863874
85.89659685863874
85.89659685863874
85.89659685863874
85.89659685863874
85.89659685863874
85.89659685863874
85.89659685863874
85.89659685863874
85.89659685863874
85.89659685863874
85.89659685863874
85.89659685863874
81.72447643979058
79.76112565445025
79.76112565445025
79.76112565445025
79.76112565445025
79.76112565445025
79.76112565445025
79.76112565445025
79.76112565445025
79.76112565445025
79.76112565445025
79.76112565445025
79.76112565445025
79.76112565445025
79.76112565445025
79.76112565445025
79.76112565445025
79.76112565445025
79.76112565445025
79.76112565445025
79.76112565445025
79.76112565445025
79.76112565445025
79.76112565445025
79.76112565445025
80.74280104712042
92.03206806282722
92.03206806282722
92.03206806282722
92.03206806282722
92.03206806282722
92.03206806282722
92.03206806282722
92.03206806282722
92.03206806282722
92.03206806282722
