74.85207100591715
74.85207100591715
74.85207100591715
74.85207100591715
74.85207100591715
74.85207100591715
74.85207100591715
74.85207100591715
74.85207100591715
74.85207100591715
74.85207100591715
75.04930966469428
75.93688362919131
75.93688362919131
75.93688362919131
75.93688362919131
75.93688362919131
75.93688362919131
75.93688362919131
75.93688362919131
75.93688362919131
75.93688362919131
75.93688362919131
75.93688362919131
75.93688362919131
75.93688362919131
75.93688362919131
75.93688362919131
75.93688362919131
75.93688362919131
75.93688362919131
75.93688362919131
75.93688362919131
75.93688362919131
75.93688362919131
75.93688362919131
75.93688362919131
75.93688362919131
75.93688362919131
75.93688362919131
75.93688362919131
75.93688362919131
75.93688362919131
75.93688362919131
75.93688362919131
75.93688362919131
75.93688362919131
75.93688362919131
75.93688362919131
75.93688362919131
75.93688362919131
75.93688362919131
75.93688362919131
75.93688362919131
75.93688362919131
75.93688362919131
75.93688362919131
75.93688362919131
75.93688362919131
75.93688362919131
75.93688362919131
75.93688362919131
75.93688362919131
75.93688362919131
75.93688362919131
75.93688362919131
75.93688362919131
75.93688362919131
75.93688362919131
75.93688362919131
75.93688362919131
75.93688362919131
75.93688362919131
75.93688362919131
75.93688362919131
75.93688362919131
75.93688362919131
75.93688362919131
75.93688362919131
75.93688362919131
75.93688362919131
75.93688362919131
75.93688362919131
75.93688362919131
75.93688362919131
75.93688362919131
75.93688362919131
75.93688362919131
75.93688362919131
75.93688362919131
75.93688362919131
75.93688362919131
75.93688362919131
75.93688362919131
75.93688362919131
75.93688362919131
75.93688362919131
75.93688362919131
75.93688362919131
75.93688362919131
75.93688362919131
75.93688362919131
75.93688362919131
75.93688362919131
75.93688362919131
75.93688362919131
75.93688362919131
75.93688362919131
75.93688362919131
75.93688362919131
75.93688362919131
75.93688362919131
75.93688362919131
75.93688362919131
75.93688362919131
75.93688362919131
75.93688362919131
75.93688362919131
75.93688362919131
75.93688362919131
75.93688362919131
75.93688362919131
75.93688362919131
75.93688362919131
75.93688362919131
75.93688362919131
75.93688362919131
75.93688362919131
75.93688362919131
75.93688362919131
75.93688362919131
75.93688362919131
75.93688362919131
75.93688362919131
75.93688362919131
75.93688362919131
75.93688362919131
75.93688362919131
75.93688362919131
75.04930966469428
74.85207100591715
74.85207100591715
74.85207100591715
74.85207100591715
74.85207100591715
74.85207100591715
74.85207100591715
74.85207100591715
74.85207100591715
74.85207100591715
74.85207100591715
74.85207100591715
74.85207100591715
74.85207100591715
74.85207100591715
74.85207100591715
74.85207100591715
74.85207100591715
74.85207100591715
74.85207100591715
74.85207100591715
74.85207100591715
74.85207100591715
74.85207100591715
74.85207100591715
74.85207100591715
74.85207100591715
74.85207100591715
74.85207100591715
74.85207100591715
74.85207100591715
74.85207100591715
74.85207100591715
74.85207100591715
74.85207100591715
74.85207100591715
74.85207100591715
74.85207100591715
74.85207100591715
74.85207100591715
74.85207100591715
74.85207100591715
74.85207100591715
74.85207100591715
74.85207100591715
74.85207100591715
74.85207100591715
74.85207100591715
74.85207100591715
74.85207100591715
74.85207100591715
74.85207100591715
74.85207100591715
74.85207100591715
74.85207100591715
74.85207100591715
74.85207100591715
74.85207100591715
74.85207100591715
74.85207100591715
74.85207100591715
71.59763313609467
71.59763313609467
71.59763313609467
71.59763313609467
71.59763313609467
71.59763313609467
71.59763313609467
71.59763313609467
71.59763313609467
71.59763313609467
71.59763313609467
71.59763313609467
71.59763313609467
71.59763313609467
71.59763313609467
71.59763313609467
71.59763313609467
71.59763313609467
71.59763313609467
71.59763313609467
71.59763313609467
71.59763313609467
71.59763313609467
71.59763313609467
71.59763313609467
71.59763313609467
71.59763313609467
71.59763313609467
71.59763313609467
71.59763313609467
71.59763313609467
71.59763313609467
71.59763313609467
71.59763313609467
71.59763313609467
71.59763313609467
71.59763313609467
71.59763313609467
71.59763313609467
71.59763313609467
71.59763313609467
71.59763313609467
71.59763313609467
71.59763313609467
71.59763313609467
71.59763313609467
71.59763313609467
71.59763313609467
71.59763313609467
71.59763313609467
71.59763313609467
71.59763313609467
71.59763313609467
71.59763313609467
71.59763313609467
71.59763313609467
71.9921104536489
72.68244575936883
72.68244575936883
72.68244575936883
72.68244575936883
72.68244575936883
72.68244575936883
72.68244575936883
72.68244575936883
72.68244575936883
72.68244575936883
72.68244575936883
72.68244575936883
72.68244575936883
72.68244575936883
72.68244575936883
72.68244575936883
72.68244575936883
72.68244575936883
72.68244575936883
72.68244575936883
72.68244575936883
72.68244575936883
72.68244575936883
72.68244575936883
72.68244575936883
72.68244575936883
72.68244575936883
72.68244575936883
72.68244575936883
72.68244575936883
72.68244575936883
72.68244575936883
72.68244575936883
72.68244575936883
72.68244575936883
72.68244575936883
72.68244575936883
72.68244575936883
72.68244575936883
72.68244575936883
72.68244575936883
72.68244575936883
72.68244575936883
72.68244575936883
72.68244575936883
72.68244575936883
72.68244575936883
72.68244575936883
72.68244575936883
72.68244575936883
72.68244575936883
74.45759368836292
74.85207100591715
74.85207100591715
74.85207100591715
74.85207100591715
74.85207100591715
74.85207100591715
74.85207100591715
74.85207100591715
74.85207100591715
74.85207100591715
74.85207100591715
74.85207100591715
74.85207100591715
74.85207100591715
74.85207100591715
74.85207100591715
74.85207100591715
74.85207100591715
74.85207100591715
74.85207100591715
74.85207100591715
74.85207100591715
74.85207100591715
74.85207100591715
74.85207100591715
74.85207100591715
74.85207100591715
74.85207100591715
74.85207100591715
74.85207100591715
74.85207100591715
74.85207100591715
74.85207100591715
74.85207100591715
74.85207100591715
74.85207100591715
74.85207100591715
74.85207100591715
74.85207100591715
74.85207100591715
74.85207100591715
74.85207100591715
74.85207100591715
74.85207100591715
74.85207100591715
74.85207100591715
74.85207100591715
74.85207100591715
74.85207100591715
74.85207100591715
74.85207100591715
74.85207100591715
74.85207100591715
79.58579881656804
81.36094674556213
81.36094674556213
81.36094674556213
81.36094674556213
81.36094674556213
81.36094674556213
81.36094674556213
81.36094674556213
81.36094674556213
81.36094674556213
81.36094674556213
81.36094674556213
81.36094674556213
81.36094674556213
81.36094674556213
81.36094674556213
81.36094674556213
81.36094674556213
81.36094674556213
81.36094674556213
81.36094674556213
81.36094674556213
81.36094674556213
81.36094674556213
81.36094674556213
81.36094674556213
81.36094674556213
81.36094674556213
81.36094674556213
81.36094674556213
81.36094674556213
81.36094674556213
81.36094674556213
81.36094674556213
81.36094674556213
81.36094674556213
81.36094674556213
81.36094674556213
81.36094674556213
81.36094674556213
81.36094674556213
81.36094674556213
81.36094674556213
81.36094674556213
81.36094674556213
81.36094674556213
81.36094674556213
81.36094674556213
81.36094674556213
81.36094674556213
81.36094674556213
83.1360946745562
84.61538461538461
84.61538461538461
84.61538461538461
84.61538461538461
84.61538461538461
84.61538461538461
84.61538461538461
84.61538461538461
84.61538461538461
84.61538461538461
84.61538461538461
84.61538461538461
84.61538461538461
84.61538461538461
84.61538461538461
84.61538461538461
84.61538461538461
84.61538461538461
84.61538461538461
84.61538461538461
84.61538461538461
84.61538461538461
84.61538461538461
84.61538461538461
84.61538461538461
84.61538461538461
84.61538461538461
84.61538461538461
84.61538461538461
84.61538461538461
84.61538461538461
84.61538461538461
84.61538461538461
84.61538461538461
84.61538461538461
84.61538461538461
84.61538461538461
84.61538461538461
84.61538461538461
84.61538461538461
84.61538461538461
84.61538461538461
84.61538461538461
84.61538461538461
84.61538461538461
84.61538461538461
84.61538461538461
84.61538461538461
84.61538461538461
84.61538461538461
84.61538461538461
84.61538461538461
84.61538461538461
84.61538461538461
84.61538461538461
84.61538461538461
84.61538461538461
82.24852071005917
81.36094674556213
81.36094674556213
81.36094674556213
81.36094674556213
81.36094674556213
81.36094674556213
81.36094674556213
81.36094674556213
81.36094674556213
81.36094674556213
81.36094674556213
81.36094674556213
81.36094674556213
81.36094674556213
81.36094674556213
81.36094674556213
81.36094674556213
81.36094674556213
81.36094674556213
81.36094674556213
81.36094674556213
81.36094674556213
81.36094674556213
81.36094674556213
81.36094674556213
81.36094674556213
81.36094674556213
81.36094674556213
81.36094674556213
81.36094674556213
81.36094674556213
81.36094674556213
81.36094674556213
81.36094674556213
81.36094674556213
81.36094674556213
81.36094674556213
81.36094674556213
81.36094674556213
81.36094674556213
81.36094674556213
81.36094674556213
81.36094674556213
81.36094674556213
81.36094674556213
81.36094674556213
81.36094674556213
81.36094674556213
81.36094674556213
81.36094674556213
81.36094674556213
81.36094674556213
81.36094674556213
81.36094674556213
81.36094674556213
81.36094674556213
81.36094674556213
81.36094674556213
81.36094674556213
81.36094674556213
81.36094674556213
81.36094674556213
81.36094674556213
78.40236686390531
74.85207100591715
74.85207100591715
74.85207100591715
74.85207100591715
74.85207100591715
74.85207100591715
74.85207100591715
74.85207100591715
74.85207100591715
74.85207100591715
74.85207100591715
74.85207100591715
74.85207100591715
74.85207100591715
74.85207100591715
74.85207100591715
74.85207100591715
74.85207100591715
74.85207100591715
74.85207100591715
74.85207100591715
74.85207100591715
74.85207100591715
74.85207100591715
74.85207100591715
74.85207100591715
74.85207100591715
74.85207100591715
74.85207100591715
74.85207100591715
74.85207100591715
74.85207100591715
74.85207100591715
74.85207100591715
74.85207100591715
74.85207100591715
74.85207100591715
74.85207100591715
74.85207100591715
74.85207100591715
74.85207100591715
74.85207100591715
74.85207100591715
74.85207100591715
74.85207100591715
74.85207100591715
74.85207100591715
74.85207100591715
74.85207100591715
74.85207100591715
74.85207100591715
74.85207100591715
74.85207100591715
74.85207100591715
74.85207100591715
74.85207100591715
74.85207100591715
74.85207100591715
74.85207100591715
74.85207100591715
74.85207100591715
74.85207100591715
74.85207100591715
74.85207100591715
70.01972386587771
67.25838264299803
67.25838264299803
67.25838264299803
67.25838264299803
67.25838264299803
67.25838264299803
67.25838264299803
67.25838264299803
67.25838264299803
67.25838264299803
67.25838264299803
67.25838264299803
67.25838264299803
67.25838264299803
67.25838264299803
67.25838264299803
67.25838264299803
67.25838264299803
67.25838264299803
67.25838264299803
67.25838264299803
67.25838264299803
67.25838264299803
67.25838264299803
67.25838264299803
67.25838264299803
67.25838264299803
67.25838264299803
67.25838264299803
67.25838264299803
67.25838264299803
67.25838264299803
67.25838264299803
67.25838264299803
67.25838264299803
67.25838264299803
67.25838264299803
67.25838264299803
67.25838264299803
67.25838264299803
67.25838264299803
67.25838264299803
67.25838264299803
67.25838264299803
67.25838264299803
67.25838264299803
67.25838264299803
67.25838264299803
67.25838264299803
67.25838264299803
67.25838264299803
67.25838264299803
67.25838264299803
67.25838264299803
67.25838264299803
67.25838264299803
67.25838264299803
66.5680473372781
59.66469428007889
59.66469428007889
59.66469428007889
59.66469428007889
59.66469428007889
59.66469428007889
59.66469428007889
59.66469428007889
59.66469428007889
59.66469428007889
59.66469428007889
59.66469428007889
59.66469428007889
59.66469428007889
59.66469428007889
59.66469428007889
59.66469428007889
59.66469428007889
59.66469428007889
59.66469428007889
59.66469428007889
59.66469428007889
59.66469428007889
59.66469428007889
59.66469428007889
59.66469428007889
59.66469428007889
59.66469428007889
59.66469428007889
59.66469428007889
59.66469428007889
59.66469428007889
59.66469428007889
59.66469428007889
59.66469428007889
59.66469428007889
59.66469428007889
59.66469428007889
59.66469428007889
59.66469428007889
59.66469428007889
59.66469428007889
59.66469428007889
59.66469428007889
59.66469428007889
59.66469428007889
59.66469428007889
59.66469428007889
59.66469428007889
59.66469428007889
59.66469428007889
59.66469428007889
59.66469428007889
59.66469428007889
59.66469428007889
59.66469428007889
59.66469428007889
59.66469428007889
59.66469428007889
59.66469428007889
59.66469428007889
59.66469428007889
59.66469428007889
59.66469428007889
59.66469428007889
59.66469428007889
59.66469428007889
59.66469428007889
59.66469428007889
59.66469428007889
59.66469428007889
59.66469428007889
59.66469428007889
59.66469428007889
59.66469428007889
59.66469428007889
59.66469428007889
59.66469428007889
59.66469428007889
59.66469428007889
59.66469428007889
59.66469428007889
59.66469428007889
59.66469428007889
59.66469428007889
59.66469428007889
59.66469428007889
59.66469428007889
59.66469428007889
59.66469428007889
59.66469428007889
59.66469428007889
59.66469428007889
59.66469428007889
59.66469428007889
59.66469428007889
59.66469428007889
59.66469428007889
59.66469428007889
59.66469428007889
59.66469428007889
59.66469428007889
59.66469428007889
59.66469428007889
59.66469428007889
56.213017751479285
52.07100591715976
52.07100591715976
52.07100591715976
52.07100591715976
52.07100591715976
52.07100591715976
52.07100591715976
52.07100591715976
52.07100591715976
52.07100591715976
52.07100591715976
52.07100591715976
52.07100591715976
52.07100591715976
52.07100591715976
52.07100591715976
52.07100591715976
52.07100591715976
52.07100591715976
52.07100591715976
52.07100591715976
52.07100591715976
52.07100591715976
52.07100591715976
52.07100591715976
52.07100591715976
52.07100591715976
52.07100591715976
52.07100591715976
52.07100591715976
52.07100591715976
52.07100591715976
52.07100591715976
52.07100591715976
52.07100591715976
52.07100591715976
52.07100591715976
52.07100591715976
52.07100591715976
52.07100591715976
52.07100591715976
52.07100591715976
52.07100591715976
52.07100591715976
52.07100591715976
52.07100591715976
52.07100591715976
52.07100591715976
52.07100591715976
52.07100591715976
52.07100591715976
52.07100591715976
52.07100591715976
52.07100591715976
52.07100591715976
52.07100591715976
52.07100591715976
52.07100591715976
52.07100591715976
52.07100591715976
52.07100591715976
52.07100591715976
52.07100591715976
52.07100591715976
52.07100591715976
52.07100591715976
52.07100591715976
52.07100591715976
52.07100591715976
52.07100591715976
52.07100591715976
52.07100591715976
52.07100591715976
52.07100591715976
52.07100591715976
52.07100591715976
52.07100591715976
52.07100591715976
