68.52272727272727
68.52272727272727
68.52272727272727
68.52272727272727
68.52272727272727
68.52272727272727
68.52272727272727
68.52272727272727
68.52272727272727
68.52272727272727
68.52272727272727
68.52272727272727
68.52272727272727
68.52272727272727
68.52272727272727
68.52272727272727
68.52272727272727
68.52272727272727
68.52272727272727
68.52272727272727
68.52272727272727
68.52272727272727
68.52272727272727
68.52272727272727
68.52272727272727
68.52272727272727
68.52272727272727
68.52272727272727
68.52272727272727
68.52272727272727
68.52272727272727
67.1590909090909
64.43181818181817
64.43181818181817
64.43181818181817
64.43181818181817
64.43181818181817
64.43181818181817
64.43181818181817
64.43181818181817
64.43181818181817
64.43181818181817
64.43181818181817
64.43181818181817
64.43181818181817
64.43181818181817
64.43181818181817
64.43181818181817
64.43181818181817
64.43181818181817
64.43181818181817
64.43181818181817
64.43181818181817
64.43181818181817
64.43181818181817
64.43181818181817
64.43181818181817
64.43181818181817
64.43181818181817
64.43181818181817
64.43181818181817
64.43181818181817
64.43181818181817
64.43181818181817
64.43181818181817
64.43181818181817
64.43181818181817
64.43181818181817
64.43181818181817
64.43181818181817
64.43181818181817
64.43181818181817
64.43181818181817
64.43181818181817
64.43181818181817
64.43181818181817
64.43181818181817
64.43181818181817
65.34090909090908
68.52272727272727
68.52272727272727
68.52272727272727
68.52272727272727
68.52272727272727
68.52272727272727
68.52272727272727
68.52272727272727
68.52272727272727
68.52272727272727
68.52272727272727
68.52272727272727
68.52272727272727
68.52272727272727
68.52272727272727
68.52272727272727
68.52272727272727
68.52272727272727
68.52272727272727
68.52272727272727
68.52272727272727
68.52272727272727
68.52272727272727
68.52272727272727
68.52272727272727
68.52272727272727
68.52272727272727
68.52272727272727
68.52272727272727
68.52272727272727
68.52272727272727
68.52272727272727
68.52272727272727
68.52272727272727
68.52272727272727
68.52272727272727
68.52272727272727
68.52272727272727
68.52272727272727
68.52272727272727
68.52272727272727
68.52272727272727
68.52272727272727
68.52272727272727
68.52272727272727
68.52272727272727
68.52272727272727
67.38636363636363
66.47727272727272
66.47727272727272
66.47727272727272
66.47727272727272
66.47727272727272
66.47727272727272
66.47727272727272
66.47727272727272
66.47727272727272
66.47727272727272
66.47727272727272
66.47727272727272
66.47727272727272
66.47727272727272
66.47727272727272
66.47727272727272
66.47727272727272
66.47727272727272
66.47727272727272
66.47727272727272
66.47727272727272
66.47727272727272
66.47727272727272
66.47727272727272
66.47727272727272
66.47727272727272
66.47727272727272
66.47727272727272
66.47727272727272
66.47727272727272
66.47727272727272
66.47727272727272
66.47727272727272
66.47727272727272
66.47727272727272
66.47727272727272
66.47727272727272
66.47727272727272
66.47727272727272
66.47727272727272
66.47727272727272
66.47727272727272
66.47727272727272
66.47727272727272
66.47727272727272
66.47727272727272
66.47727272727272
66.47727272727272
66.47727272727272
66.47727272727272
63.06818181818181
62.38636363636363
62.38636363636363
62.38636363636363
62.38636363636363
62.38636363636363
62.38636363636363
62.38636363636363
62.38636363636363
62.38636363636363
62.38636363636363
62.38636363636363
62.38636363636363
62.38636363636363
62.38636363636363
62.38636363636363
62.38636363636363
62.38636363636363
62.38636363636363
62.38636363636363
62.38636363636363
62.38636363636363
62.38636363636363
62.38636363636363
62.38636363636363
62.38636363636363
62.38636363636363
62.38636363636363
62.38636363636363
62.38636363636363
62.38636363636363
62.38636363636363
62.38636363636363
62.38636363636363
62.38636363636363
62.38636363636363
62.38636363636363
62.38636363636363
62.38636363636363
62.38636363636363
62.38636363636363
62.38636363636363
67.95454545454545
76.70454545454545
76.70454545454545
76.70454545454545
76.70454545454545
76.70454545454545
76.70454545454545
76.70454545454545
76.70454545454545
76.70454545454545
76.70454545454545
76.70454545454545
76.70454545454545
76.70454545454545
76.70454545454545
76.70454545454545
76.70454545454545
76.70454545454545
76.70454545454545
76.70454545454545
76.70454545454545
76.70454545454545
76.70454545454545
76.70454545454545
76.70454545454545
76.70454545454545
76.70454545454545
76.70454545454545
76.70454545454545
76.70454545454545
76.70454545454545
76.70454545454545
76.70454545454545
76.70454545454545
76.70454545454545
76.70454545454545
76.70454545454545
76.70454545454545
76.70454545454545
76.70454545454545
76.70454545454545
76.70454545454545
76.70454545454545
76.70454545454545
76.70454545454545
76.70454545454545
75.51136363636363
69.54545454545455
69.54545454545455
69.54545454545455
69.54545454545455
69.54545454545455
69.54545454545455
69.54545454545455
69.54545454545455
69.54545454545455
69.54545454545455
69.54545454545455
69.54545454545455
69.54545454545455
69.54545454545455
69.54545454545455
69.54545454545455
69.54545454545455
69.54545454545455
69.54545454545455
69.54545454545455
69.54545454545455
69.54545454545455
69.54545454545455
69.54545454545455
69.54545454545455
69.54545454545455
69.54545454545455
69.54545454545455
69.54545454545455
69.54545454545455
69.54545454545455
69.54545454545455
69.54545454545455
69.54545454545455
69.54545454545455
69.54545454545455
69.54545454545455
69.54545454545455
69.54545454545455
69.54545454545455
69.54545454545455
69.54545454545455
69.54545454545455
69.54545454545455
69.54545454545455
69.54545454545455
69.54545454545455
68.86363636363636
66.47727272727272
66.47727272727272
66.47727272727272
66.47727272727272
66.47727272727272
66.47727272727272
66.47727272727272
66.47727272727272
66.47727272727272
66.47727272727272
66.47727272727272
66.47727272727272
66.47727272727272
66.47727272727272
66.47727272727272
66.47727272727272
66.47727272727272
66.47727272727272
66.47727272727272
66.47727272727272
66.47727272727272
66.47727272727272
66.47727272727272
66.47727272727272
66.47727272727272
66.47727272727272
66.47727272727272
66.47727272727272
66.47727272727272
66.47727272727272
66.47727272727272
66.47727272727272
66.47727272727272
66.47727272727272
66.47727272727272
66.47727272727272
66.47727272727272
66.47727272727272
66.47727272727272
66.47727272727272
66.47727272727272
66.47727272727272
66.47727272727272
66.47727272727272
66.47727272727272
66.47727272727272
67.1590909090909
68.52272727272727
68.52272727272727
68.52272727272727
68.52272727272727
68.52272727272727
68.52272727272727
68.52272727272727
68.52272727272727
68.52272727272727
68.52272727272727
68.52272727272727
68.52272727272727
68.52272727272727
68.52272727272727
68.52272727272727
68.52272727272727
68.52272727272727
68.52272727272727
68.52272727272727
68.52272727272727
68.52272727272727
68.52272727272727
68.52272727272727
68.52272727272727
68.52272727272727
68.52272727272727
68.52272727272727
68.52272727272727
68.52272727272727
68.52272727272727
68.52272727272727
68.52272727272727
68.52272727272727
68.52272727272727
68.52272727272727
68.52272727272727
68.52272727272727
68.52272727272727
68.52272727272727
81.81818181818181
81.81818181818181
81.81818181818181
81.81818181818181
81.81818181818181
81.81818181818181
81.81818181818181
81.81818181818181
81.81818181818181
81.81818181818181
81.81818181818181
81.81818181818181
81.81818181818181
81.81818181818181
81.81818181818181
81.81818181818181
81.81818181818181
81.81818181818181
81.81818181818181
81.81818181818181
81.81818181818181
81.81818181818181
81.81818181818181
81.81818181818181
81.81818181818181
81.81818181818181
81.81818181818181
81.81818181818181
81.81818181818181
81.81818181818181
81.81818181818181
81.81818181818181
81.81818181818181
81.81818181818181
81.81818181818181
81.81818181818181
81.81818181818181
84.31818181818181
85.9090909090909
85.9090909090909
85.9090909090909
85.9090909090909
85.9090909090909
85.9090909090909
85.9090909090909
85.9090909090909
85.9090909090909
85.9090909090909
85.9090909090909
85.9090909090909
85.9090909090909
85.9090909090909
85.9090909090909
85.9090909090909
85.9090909090909
85.9090909090909
85.9090909090909
85.9090909090909
85.9090909090909
85.9090909090909
85.9090909090909
85.9090909090909
85.9090909090909
85.9090909090909
85.9090909090909
85.9090909090909
85.9090909090909
85.9090909090909
85.9090909090909
85.9090909090909
85.9090909090909
85.9090909090909
85.9090909090909
85.9090909090909
86.70454545454545
86.93181818181817
86.93181818181817
86.93181818181817
86.93181818181817
86.93181818181817
86.93181818181817
86.93181818181817
86.93181818181817
86.93181818181817
86.93181818181817
86.93181818181817
86.93181818181817
86.93181818181817
86.93181818181817
86.93181818181817
86.93181818181817
86.93181818181817
86.93181818181817
86.93181818181817
86.93181818181817
86.93181818181817
86.93181818181817
86.93181818181817
86.93181818181817
86.93181818181817
86.93181818181817
86.93181818181817
86.93181818181817
86.93181818181817
86.93181818181817
86.93181818181817
86.93181818181817
86.93181818181817
86.93181818181817
86.93181818181817
89.99999999999999
89.99999999999999
89.99999999999999
89.99999999999999
89.99999999999999
89.99999999999999
89.99999999999999
89.99999999999999
89.99999999999999
89.99999999999999
89.99999999999999
89.99999999999999
89.99999999999999
89.99999999999999
89.99999999999999
89.99999999999999
89.99999999999999
89.99999999999999
89.99999999999999
89.99999999999999
89.99999999999999
89.99999999999999
89.99999999999999
89.99999999999999
89.99999999999999
89.99999999999999
89.99999999999999
89.99999999999999
89.99999999999999
89.99999999999999
89.99999999999999
89.99999999999999
89.99999999999999
89.99999999999999
89.99999999999999
89.99999999999999
89.99999999999999
89.99999999999999
89.99999999999999
89.99999999999999
89.99999999999999
89.99999999999999
89.99999999999999
84.54545454545453
73.63636363636363
73.63636363636363
73.63636363636363
73.63636363636363
73.63636363636363
73.63636363636363
73.63636363636363
73.63636363636363
73.63636363636363
73.63636363636363
73.63636363636363
73.63636363636363
73.63636363636363
73.63636363636363
73.63636363636363
73.63636363636363
73.63636363636363
73.63636363636363
73.63636363636363
73.63636363636363
73.63636363636363
73.63636363636363
73.63636363636363
73.63636363636363
73.63636363636363
73.63636363636363
73.63636363636363
73.63636363636363
73.63636363636363
73.63636363636363
73.63636363636363
73.63636363636363
73.63636363636363
73.63636363636363
73.63636363636363
73.63636363636363
73.63636363636363
73.63636363636363
73.63636363636363
73.63636363636363
73.63636363636363
73.63636363636363
73.63636363636363
73.63636363636363
73.63636363636363
70.56818181818181
70.56818181818181
70.56818181818181
70.56818181818181
70.56818181818181
70.56818181818181
70.56818181818181
70.56818181818181
70.56818181818181
70.56818181818181
70.56818181818181
70.56818181818181
70.56818181818181
70.56818181818181
70.56818181818181
70.56818181818181
70.56818181818181
70.56818181818181
70.56818181818181
70.56818181818181
70.56818181818181
70.56818181818181
70.56818181818181
70.56818181818181
70.56818181818181
70.56818181818181
70.56818181818181
70.56818181818181
70.56818181818181
70.56818181818181
70.56818181818181
70.56818181818181
70.56818181818181
70.56818181818181
70.56818181818181
70.56818181818181
70.56818181818181
70.56818181818181
70.56818181818181
70.56818181818181
70.56818181818181
70.56818181818181
76.36363636363636
76.70454545454545
76.70454545454545
76.70454545454545
76.70454545454545
76.70454545454545
76.70454545454545
76.70454545454545
76.70454545454545
76.70454545454545
76.70454545454545
76.70454545454545
76.70454545454545
76.70454545454545
76.70454545454545
76.70454545454545
76.70454545454545
76.70454545454545
76.70454545454545
76.70454545454545
76.70454545454545
76.70454545454545
76.70454545454545
76.70454545454545
76.70454545454545
76.70454545454545
76.70454545454545
76.70454545454545
76.70454545454545
76.70454545454545
76.70454545454545
76.70454545454545
76.70454545454545
76.70454545454545
76.70454545454545
76.70454545454545
76.70454545454545
76.70454545454545
76.70454545454545
76.70454545454545
76.70454545454545
76.70454545454545
76.70454545454545
76.70454545454545
73.75
72.61363636363636
72.61363636363636
72.61363636363636
72.61363636363636
72.61363636363636
72.61363636363636
72.61363636363636
72.61363636363636
72.61363636363636
72.61363636363636
72.61363636363636
72.61363636363636
72.61363636363636
72.61363636363636
72.61363636363636
72.61363636363636
72.61363636363636
72.61363636363636
72.61363636363636
72.61363636363636
72.61363636363636
72.61363636363636
72.61363636363636
72.61363636363636
72.61363636363636
72.61363636363636
72.61363636363636
72.61363636363636
72.61363636363636
72.61363636363636
72.61363636363636
72.61363636363636
72.61363636363636
72.61363636363636
72.61363636363636
72.61363636363636
72.61363636363636
72.61363636363636
72.61363636363636
72.61363636363636
72.61363636363636
72.61363636363636
72.61363636363636
72.61363636363636
72.61363636363636
72.61363636363636
70.625
67.5
67.5
67.5
67.5
67.5
67.5
67.5
67.5
67.5
67.5
67.5
67.5
67.5
67.5
67.5
67.5
67.5
67.5
67.5
67.5
67.5
67.5
67.5
67.5
67.5
67.5
67.5
67.5
67.5
67.5
67.5
67.5
67.5
67.5
67.5
67.5
67.5
67.5
67.5
67.5
67.5
67.5
67.5
67.5
67.5
67.5
67.5
67.5
67.5
67.5
67.5
65.45454545454545
61.36363636363636
61.36363636363636
61.36363636363636
61.36363636363636
61.36363636363636
61.36363636363636
61.36363636363636
61.36363636363636
61.36363636363636
61.36363636363636
61.36363636363636
61.36363636363636
61.36363636363636
61.36363636363636
61.36363636363636
61.36363636363636
61.36363636363636
61.36363636363636
61.36363636363636
61.36363636363636
61.36363636363636
61.36363636363636
61.36363636363636
61.36363636363636
61.36363636363636
61.36363636363636
61.36363636363636
61.36363636363636
61.36363636363636
61.36363636363636
61.36363636363636
61.36363636363636
61.36363636363636
61.36363636363636
61.36363636363636
61.36363636363636
61.36363636363636
61.36363636363636
61.36363636363636
61.36363636363636
61.36363636363636
61.36363636363636
61.36363636363636
61.36363636363636
61.36363636363636
61.36363636363636
61.36363636363636
61.36363636363636
61.36363636363636
61.36363636363636
62.954545454545446
63.40909090909091
63.40909090909091
63.40909090909091
63.40909090909091
63.40909090909091
63.40909090909091
63.40909090909091
63.40909090909091
63.40909090909091
63.40909090909091
63.40909090909091
63.40909090909091
63.40909090909091
63.40909090909091
63.40909090909091
63.40909090909091
63.40909090909091
63.40909090909091
63.40909090909091
63.40909090909091
63.40909090909091
63.40909090909091
63.40909090909091
63.40909090909091
63.40909090909091
63.40909090909091
63.40909090909091
63.40909090909091
63.40909090909091
63.40909090909091
63.40909090909091
63.40909090909091
63.40909090909091
63.40909090909091
63.40909090909091
63.40909090909091
63.40909090909091
63.40909090909091
63.40909090909091
63.40909090909091
63.40909090909091
63.40909090909091
63.40909090909091
63.40909090909091
63.40909090909091
63.40909090909091
65.22727272727272
67.5
67.5
67.5
67.5
67.5
67.5
67.5
67.5
67.5
67.5
67.5
67.5
67.5
67.5
67.5
67.5
67.5
67.5
67.5
67.5
67.5
67.5
67.5
67.5
67.5
67.5
67.5
67.5
67.5
67.5
67.5
67.5
67.5
67.5
67.5
67.5
67.5
67.5
67.5
67.5
67.5
67.5
67.5
