2.0477626809087637
2.0477626809087637
2.0477626809087637
2.0477626809087637
2.0477626809087637
2.0477626809087637
2.0477626809087637
2.0477626809087637
1.2175886210808866
1.0238813404543818
1.0238813404543818
1.0238813404543818
1.0238813404543818
1.0238813404543818
1.0238813404543818
1.0238813404543818
1.0238813404543818
1.8817278689431884
2.0477626809087637
2.0477626809087637
2.0477626809087637
2.0477626809087637
2.0477626809087637
2.0477626809087637
2.0477626809087637
2.407504773500844
3.071644021363146
3.071644021363146
3.071644021363146
3.071644021363146
3.071644021363146
3.071644021363146
3.6527658632426596
4.095525361817527
4.095525361817527
4.095525361817527
4.095525361817527
4.095525361817527
4.095525361817527
4.095525361817527
4.095525361817527
4.095525361817527
4.095525361817527
4.095525361817527
4.095525361817527
4.095525361817527
4.095525361817527
4.095525361817527
4.095525361817527
4.095525361817527
4.095525361817527
4.095525361817527
4.095525361817527
4.095525361817527
4.095525361817527
4.095525361817527
4.095525361817527
4.095525361817527
4.095525361817527
4.095525361817527
4.095525361817527
4.095525361817527
4.095525361817527
4.095525361817527
4.095525361817527
4.095525361817527
3.791128206547306
3.071644021363146
3.071644021363146
3.071644021363146
3.071644021363146
3.071644021363146
3.071644021363146
2.2691424301961978
2.0477626809087637
2.0477626809087637
2.0477626809087637
2.0477626809087637
2.0477626809087637
2.0477626809087637
2.0477626809087637
2.0477626809087637
2.0477626809087637
2.0477626809087637
2.0477626809087637
2.0477626809087637
2.0477626809087637
2.0477626809087637
2.0477626809087637
2.490522179483632
3.071644021363146
3.071644021363146
3.071644021363146
3.071644021363146
3.071644021363146
3.071644021363146
3.542075988598943
4.095525361817527
4.095525361817527
4.095525361817527
4.095525361817527
4.095525361817527
4.095525361817527
4.095525361817527
4.095525361817527
4.095525361817527
4.095525361817527
4.095525361817527
4.095525361817527
4.095525361817527
4.095525361817527
4.095525361817527
4.095525361817527
4.095525361817527
4.095525361817527
4.095525361817527
4.095525361817527
4.095525361817527
4.095525361817527
4.095525361817527
4.095525361817527
4.095525361817527
4.095525361817527
4.095525361817527
4.095525361817527
4.095525361817527
4.095525361817527
4.095525361817527
4.095525361817527
4.095525361817527
4.095525361817527
4.095525361817527
4.095525361817527
4.095525361817527
4.095525361817527
4.095525361817527
4.095525361817527
3.3760411766333673
3.071644021363146
3.071644021363146
3.071644021363146
3.071644021363146
3.071644021363146
3.071644021363146
3.071644021363146
3.071644021363146
3.071644021363146
3.071644021363146
3.071644021363146
3.071644021363146
3.071644021363146
3.071644021363146
3.071644021363146
3.071644021363146
3.071644021363146
3.071644021363146
2.0477626809087637
2.0477626809087637
2.0477626809087637
2.0477626809087637
2.0477626809087637
2.0477626809087637
2.0477626809087637
2.0477626809087637
2.0477626809087637
2.0477626809087637
2.0477626809087637
2.0477626809087637
2.0477626809087637
2.0477626809087637
2.0477626809087637
2.0477626809087637
2.0477626809087637
2.0477626809087637
2.0477626809087637
2.0477626809087637
2.0477626809087637
2.0477626809087637
2.0477626809087637
2.0477626809087637
2.0477626809087637
2.0477626809087637
2.0477626809087637
2.0477626809087637
2.0477626809087637
2.0477626809087637
2.0477626809087637
1.0238813404543818
1.0238813404543818
1.0238813404543818
1.0238813404543818
1.0238813404543818
1.0238813404543818
1.0238813404543818
1.1622436837590282
2.0477626809087637
2.0477626809087637
2.0477626809087637
2.0477626809087637
2.0477626809087637
2.0477626809087637
2.0477626809087637
2.0477626809087637
2.0477626809087637
2.0477626809087637
3.0439715527022164
3.071644021363146
3.071644021363146
3.071644021363146
3.071644021363146
3.071644021363146
3.071644021363146
3.071644021363146
3.071644021363146
3.071644021363146
3.071644021363146
3.071644021363146
3.071644021363146
3.071644021363146
3.071644021363146
3.071644021363146
2.296814898857127
2.0477626809087637
2.0477626809087637
2.0477626809087637
2.0477626809087637
2.0477626809087637
2.0477626809087637
2.0477626809087637
2.0477626809087637
2.0477626809087637
2.0477626809087637
2.0477626809087637
2.0477626809087637
2.0477626809087637
2.0477626809087637
2.0477626809087637
2.0477626809087637
2.0477626809087637
2.0477626809087637
2.0477626809087637
2.0477626809087637
2.0477626809087637
2.0477626809087637
2.407504773500844
3.071644021363146
3.071644021363146
3.071644021363146
3.071644021363146
3.071644021363146
3.071644021363146
3.126988958685004
4.095525361817527
4.095525361817527
4.095525361817527
4.095525361817527
4.095525361817527
4.095525361817527
4.095525361817527
4.095525361817527
4.095525361817527
4.095525361817527
4.095525361817527
4.095525361817527
4.095525361817527
4.095525361817527
4.095525361817527
4.095525361817527
4.095525361817527
4.095525361817527
4.095525361817527
4.095525361817527
4.095525361817527
4.095525361817527
4.095525361817527
4.095525361817527
4.095525361817527
4.095525361817527
4.01250795583474
3.071644021363146
3.071644021363146
3.071644021363146
3.071644021363146
3.071644021363146
3.071644021363146
3.071644021363146
3.071644021363146
3.071644021363146
3.071644021363146
3.071644021363146
3.071644021363146
3.071644021363146
3.071644021363146
3.071644021363146
3.071644021363146
2.767246866092924
2.0477626809087637
2.0477626809087637
2.0477626809087637
2.0477626809087637
2.0477626809087637
2.0477626809087637
2.0477626809087637
2.0477626809087637
2.0477626809087637
2.0477626809087637
2.0477626809087637
2.0477626809087637
2.0477626809087637
2.0477626809087637
2.0477626809087637
2.0477626809087637
2.0477626809087637
2.0477626809087637
2.0477626809087637
2.0477626809087637
2.0477626809087637
2.0477626809087637
2.0477626809087637
2.0477626809087637
2.0477626809087637
2.0477626809087637
2.0477626809087637
2.0477626809087637
2.0477626809087637
2.0477626809087637
2.0477626809087637
2.1307800868915514
3.071644021363146
3.071644021363146
3.071644021363146
3.071644021363146
3.071644021363146
3.2376788333287214
4.095525361817527
4.095525361817527
4.095525361817527
4.095525361817527
4.095525361817527
4.095525361817527
4.095525361817527
4.095525361817527
4.095525361817527
4.095525361817527
4.787337078340759
5.11940670227191
5.11940670227191
5.11940670227191
5.11940670227191
5.11940670227191
5.11940670227191
5.11940670227191
5.11940670227191
5.11940670227191
5.11940670227191
5.11940670227191
5.11940670227191
5.11940670227191
5.11940670227191
5.11940670227191
5.11940670227191
5.11940670227191
4.316905111104962
4.095525361817527
4.095525361817527
4.095525361817527
4.095525361817527
4.095525361817527
4.095525361817527
4.095525361817527
4.095525361817527
4.095525361817527
4.095525361817527
4.095525361817527
4.095525361817527
4.095525361817527
3.569748457259872
3.071644021363146
3.071644021363146
3.071644021363146
3.071644021363146
3.071644021363146
3.071644021363146
3.071644021363146
2.3244873675180564
2.0477626809087637
2.0477626809087637
2.0477626809087637
2.0477626809087637
2.0477626809087637
2.0477626809087637
2.0477626809087637
2.0477626809087637
2.0477626809087637
2.0477626809087637
2.0477626809087637
2.0477626809087637
2.0477626809087637
2.0477626809087637
2.0477626809087637
2.0477626809087637
2.0477626809087637
2.0477626809087637
2.0477626809087637
2.0477626809087637
2.0477626809087637
2.0477626809087637
2.6288845227882778
3.071644021363146
3.071644021363146
3.071644021363146
3.071644021363146
3.071644021363146
3.431386113955226
4.095525361817527
4.095525361817527
4.095525361817527
4.095525361817527
4.095525361817527
4.095525361817527
4.095525361817527
4.095525361817527
4.095525361817527
4.095525361817527
4.095525361817527
4.8703544843235465
5.11940670227191
5.11940670227191
5.11940670227191
5.11940670227191
5.11940670227191
4.6766472036970415
4.095525361817527
4.095525361817527
4.095525361817527
4.095525361817527
4.095525361817527
4.095525361817527
4.095525361817527
4.095525361817527
4.095525361817527
4.095525361817527
4.095525361817527
4.095525361817527
4.095525361817527
4.095525361817527
4.095525361817527
4.095525361817527
4.095525361817527
4.095525361817527
4.095525361817527
3.099316490024075
3.071644021363146
3.071644021363146
3.071644021363146
3.071644021363146
3.071644021363146
3.071644021363146
3.071644021363146
3.071644021363146
3.071644021363146
3.071644021363146
3.071644021363146
3.071644021363146
3.071644021363146
3.071644021363146
2.18612502421341
2.0477626809087637
2.0477626809087637
2.0477626809087637
2.0477626809087637
2.0477626809087637
2.0477626809087637
2.0477626809087637
2.0477626809087637
2.0477626809087637
2.0477626809087637
2.0477626809087637
2.0477626809087637
2.0477626809087637
2.0477626809087637
2.0477626809087637
2.1307800868915514
3.071644021363146
3.071644021363146
3.071644021363146
3.071644021363146
3.071644021363146
3.7357832692254473
4.095525361817527
4.095525361817527
4.095525361817527
4.095525361817527
4.095525361817527
4.095525361817527
4.095525361817527
4.095525361817527
4.095525361817527
4.095525361817527
4.095525361817527
4.095525361817527
4.095525361817527
4.095525361817527
4.095525361817527
4.095525361817527
4.095525361817527
4.095525361817527
4.095525361817527
4.095525361817527
4.095525361817527
4.095525361817527
4.095525361817527
4.095525361817527
4.095525361817527
3.680438331903589
3.071644021363146
3.071644021363146
3.071644021363146
3.071644021363146
3.071644021363146
3.071644021363146
3.071644021363146
2.213797492874339
2.0477626809087637
2.0477626809087637
2.0477626809087637
2.0477626809087637
2.0477626809087637
2.0477626809087637
2.0477626809087637
2.0477626809087637
2.0477626809087637
2.0477626809087637
2.0477626809087637
2.0477626809087637
1.715693056977613
1.0238813404543818
1.272933558402745
2.0477626809087637
2.0477626809087637
2.0477626809087637
2.0477626809087637
2.0477626809087637
2.0477626809087637
2.0477626809087637
3.0439715527022164
3.071644021363146
3.071644021363146
3.071644021363146
3.071644021363146
3.071644021363146
3.818800675208235
4.095525361817527
4.095525361817527
4.095525361817527
4.095525361817527
4.095525361817527
4.095525361817527
4.095525361817527
4.095525361817527
4.095525361817527
4.095525361817527
4.095525361817527
4.095525361817527
4.095525361817527
4.095525361817527
4.095525361817527
4.095525361817527
4.095525361817527
4.095525361817527
4.095525361817527
4.095525361817527
4.095525361817527
4.095525361817527
3.9848354871738105
3.071644021363146
3.071644021363146
3.071644021363146
3.071644021363146
3.071644021363146
3.071644021363146
3.071644021363146
3.071644021363146
3.071644021363146
3.071644021363146
2.158452555552481
2.0477626809087637
2.0477626809087637
2.0477626809087637
2.0477626809087637
2.0477626809087637
2.0477626809087637
2.0477626809087637
2.0477626809087637
2.0477626809087637
2.0477626809087637
1.8817278689431884
1.0238813404543818
1.0238813404543818
1.0238813404543818
1.0238813404543818
1.0238813404543818
1.0238813404543818
1.0238813404543818
1.0238813404543818
1.0238813404543818
1.0238813404543818
1.0238813404543818
1.0238813404543818
1.0238813404543818
1.6603481196557546
2.0477626809087637
2.0477626809087637
2.0477626809087637
2.0477626809087637
2.0477626809087637
2.4351772421617732
3.071644021363146
3.071644021363146
3.071644021363146
3.071644021363146
3.4867310512770846
4.095525361817527
4.095525361817527
4.095525361817527
4.095525361817527
4.095525361817527
4.095525361817527
4.095525361817527
4.095525361817527
4.095525361817527
4.095525361817527
4.095525361817527
4.095525361817527
4.095525361817527
4.095525361817527
4.095525361817527
4.095525361817527
4.095525361817527
4.095525361817527
4.095525361817527
4.095525361817527
4.095525361817527
4.095525361817527
4.095525361817527
4.095525361817527
4.095525361817527
4.095525361817527
4.095525361817527
3.5974209259208014
3.071644021363146
3.071644021363146
3.071644021363146
3.071644021363146
3.071644021363146
3.071644021363146
3.071644021363146
3.071644021363146
3.071644021363146
2.850264272075712
2.0477626809087637
2.0477626809087637
2.0477626809087637
2.0477626809087637
2.0477626809087637
2.0477626809087637
2.0477626809087637
2.0477626809087637
2.0477626809087637
2.0477626809087637
2.0477626809087637
2.0477626809087637
2.0477626809087637
2.0477626809087637
2.0477626809087637
2.0477626809087637
2.0477626809087637
2.0477626809087637
2.0477626809087637
2.0477626809087637
2.0477626809087637
2.0477626809087637
2.0477626809087637
2.0477626809087637
2.0477626809087637
2.0477626809087637
2.0477626809087637
2.0477626809087637
2.1031076182306223
3.071644021363146
3.071644021363146
3.071644021363146
3.071644021363146
3.071644021363146
3.099316490024075
4.095525361817527
4.095525361817527
4.095525361817527
4.095525361817527
4.095525361817527
4.095525361817527
4.095525361817527
4.095525361817527
4.095525361817527
4.095525361817527
4.095525361817527
4.095525361817527
4.095525361817527
4.095525361817527
4.095525361817527
4.095525361817527
4.095525361817527
4.095525361817527
4.095525361817527
4.095525361817527
4.095525361817527
4.095525361817527
3.6527658632426596
3.071644021363146
3.071644021363146
3.071644021363146
3.071644021363146
3.071644021363146
3.071644021363146
3.071644021363146
3.071644021363146
2.1307800868915514
2.0477626809087637
2.0477626809087637
2.0477626809087637
2.0477626809087637
2.0477626809087637
2.0477626809087637
2.0477626809087637
2.0477626809087637
2.0477626809087637
2.0477626809087637
2.0477626809087637
2.0477626809087637
2.0477626809087637
2.0477626809087637
2.0477626809087637
2.0477626809087637
2.0200902122478346
1.0238813404543818
1.8540554002822591
2.0477626809087637
2.0477626809087637
2.0477626809087637
2.0477626809087637
2.0477626809087637
2.0477626809087637
2.7119019287710655
3.071644021363146
3.071644021363146
3.071644021363146
3.071644021363146
3.099316490024075
4.095525361817527
4.095525361817527
4.095525361817527
4.095525361817527
4.095525361817527
4.095525361817527
4.095525361817527
4.095525361817527
4.095525361817527
4.095525361817527
4.095525361817527
4.095525361817527
4.095525361817527
4.095525361817527
4.095525361817527
4.095525361817527
4.095525361817527
4.095525361817527
4.095525361817527
4.095525361817527
4.095525361817527
4.095525361817527
4.095525361817527
4.095525361817527
4.095525361817527
4.095525361817527
4.095525361817527
4.095525361817527
4.095525361817527
4.095525361817527
4.095525361817527
3.2653513019896505
3.071644021363146
3.071644021363146
3.071644021363146
3.071644021363146
3.071644021363146
3.071644021363146
3.071644021363146
3.071644021363146
2.9332816780584996
2.0477626809087637
2.0477626809087637
2.0477626809087637
2.0477626809087637
2.0477626809087637
2.0477626809087637
2.0477626809087637
2.0477626809087637
2.0477626809087637
2.0477626809087637
2.0477626809087637
2.0477626809087637
2.0477626809087637
2.0477626809087637
2.0477626809087637
2.0477626809087637
2.0477626809087637
2.0477626809087637
2.0477626809087637
2.0477626809087637
2.0477626809087637
2.0477626809087637
2.0477626809087637
2.0477626809087637
2.0477626809087637
2.0477626809087637
2.0477626809087637
2.9609541467194287
3.071644021363146
3.071644021363146
3.071644021363146
3.071644021363146
2.7949193347538532
2.0477626809087637
2.0477626809087637
2.0477626809087637
2.0477626809087637
2.0477626809087637
2.490522179483632
3.071644021363146
3.071644021363146
3.071644021363146
3.071644021363146
3.071644021363146
3.071644021363146
3.071644021363146
3.071644021363146
3.071644021363146
3.071644021363146
4.040180424495669
4.095525361817527
4.095525361817527
4.095525361817527
4.095525361817527
4.095525361817527
4.095525361817527
4.095525361817527
4.095525361817527
4.095525361817527
4.095525361817527
4.095525361817527
4.095525361817527
4.095525361817527
4.095525361817527
4.095525361817527
4.095525361817527
4.095525361817527
4.095525361817527
4.095525361817527
4.095525361817527
4.095525361817527
4.095525361817527
4.095525361817527
4.095525361817527
4.095525361817527
3.542075988598943
3.071644021363146
3.071644021363146
3.071644021363146
3.071644021363146
3.071644021363146
3.071644021363146
3.071644021363146
3.071644021363146
3.071644021363146
3.071644021363146
3.071644021363146
3.071644021363146
3.071644021363146
3.071644021363146
3.071644021363146
3.071644021363146
3.071644021363146
3.071644021363146
3.071644021363146
3.071644021363146
2.7119019287710655
2.0477626809087637
2.0477626809087637
2.0477626809087637
2.0477626809087637
2.0477626809087637
2.0477626809087637
2.0477626809087637
2.0477626809087637
2.0477626809087637
2.0477626809087637
2.0477626809087637
2.0477626809087637
2.0477626809087637
2.0477626809087637
2.3244873675180564
3.071644021363146
3.071644021363146
3.071644021363146
3.071644021363146
3.071644021363146
3.680438331903589
4.095525361817527
4.095525361817527
4.095525361817527
4.095525361817527
4.095525361817527
4.095525361817527
4.095525361817527
4.095525361817527
4.095525361817527
4.095525361817527
4.095525361817527
4.095525361817527
4.095525361817527
4.095525361817527
4.095525361817527
4.095525361817527
4.095525361817527
4.095525361817527
4.095525361817527
4.095525361817527
4.095525361817527
4.095525361817527
4.095525361817527
4.095525361817527
4.095525361817527
4.095525361817527
4.095525361817527
4.095525361817527
4.095525361817527
4.095525361817527
4.095525361817527
4.095525361817527
4.095525361817527
