60.37187832265761
58.16757864163274
55.366821399859965
53.44778403049713
60.63120769689583
90.63561629625788
95.12201447057909
90.32442104717201
84.25611368999766
80.9885635745961
78.18780633282331
76.8652265242084
76.8652265242084
76.8652265242084
71.15998029096755
64.28775187365473
62.653976815953946
61.694458131272526
61.66852519384871
60.89053707113405
59.61982313736677
57.77858458027541
55.47055314955525
55.00376027592645
67.71089961359924
94.3180934104406
93.72163584969269
91.23207385700579
87.39399911828012
84.07458312803091
79.691916703405
77.87661108373746
77.87661108373746
77.07269002359898
69.75960167008117
65.97339280620317
63.43196493866861
62.005653380358396
61.046134695676976
60.29407951038614
59.07523145146651
57.1821270195275
54.536967402297655
54.17390627836415
74.01260340758797
92.24345841653484
91.1283421073105
88.92404242628562
85.88988874769845
82.93353388138274
80.91076476232463
80.91076476232463
80.67736832551023
75.72417727756023
70.51165685537201
67.89243017556599
67.03664324057986
66.15492336816992
65.40286818287908
63.8987578122974
61.92785456808693
63.22450143927803
78.44713570706153
93.17704416379243
92.45092191592542
90.81714685822463
88.14605430357096
83.81525375379269
81.1182282617152
80.91076476232463
80.26244132672907
79.56225201628588
71.678639039444
67.76276548844687
66.15492336816992
65.14353880864086
63.8987578122974
62.6021109411063
60.16441482326703
57.208059956951324
60.13848188584321
86.74567568268458
92.45092191592542
91.51733616866782
90.48001867171494
90.03915873550997
88.63878011462359
87.91265786675656
87.83485905448511
86.95313918207515
84.10051606545474
73.00121884805893
72.84562122351599
71.96390135110605
71.28964497808667
70.12266279401467
65.76592930681258
55.626150774098186
50.15430097767174
53.292186405954205
83.52999144213065
95.64067321905553
91.62106791836311
79.27698970462384
74.99805502969322
75.62044552786494
79.01766033038562
79.84751432794792
78.73239801872359
77.07269002359898
62.70584269080159
62.70584269080159
63.3023002515495
63.717227250330644
63.717227250330644
66.23272218044139
82.44080807033012
91.62106791836311
88.04232255387568
80.93669769974845
77.56541583465159
76.32063483830814
76.8652265242084
75.98350665179845
74.738725655455
67.97022898783746
63.717227250330644
62.394647441715726
60.81273825886258
58.97149970177122
62.264982754596616
84.12644900287856
90.76528098337698
85.52682762376494
79.74378257825263
77.35795233526102
70.53758979279583
69.78553460750499
69.75960167008117
69.78553460750499
66.46611861725577
59.98288426130028
56.97466352013693
57.856383392546874
73.49394465911153
91.10240916988667
90.1947563600529
88.04232255387568
82.93353388138274
76.99489121132751
74.01260340758797
74.68685978060735
74.68685978060735
72.53442597443012
67.71089961359924
63.74316018775447
64.3655506859262
80.5217707009673
91.64700085578694
91.33580560670107
90.71341510852935
86.27888280905579
79.76971551567647
77.25422058556573
76.8652265242084
76.8652265242084
76.8652265242084
67.21817380254662
62.49837919141101
62.18718394232515
78.524934519333
89.88356111096704
90.01322579808615
89.10557298825238
87.52366380539924
83.45219262985918
79.53631907886206
78.8879956432665
78.0322087082804
77.38388527268484
70.38199216825289
65.8955939939317
62.653976815953946
61.953787505510746
70.01893104431939
78.26560514509478
90.11695754778144
89.3649023624906
87.73112730478981
83.06319856850186
77.82474520888981
76.78742771193693
75.87977490210316
75.87977490210316
71.18591322839139
63.12076968958274
61.227665257643736
60.11254894841939
59.72355488706206
58.08977982936127
55.574284899250536
55.72988252379347
59.801353699333525
85.29343118695054
88.12012136614715
86.69380980783693
82.59640569487306
76.65776302481783
74.37566453152148
73.83107284562122
74.01260340758797
73.83107284562122
65.01387412152174
60.47561007235289
59.04929851404268
58.03791395451363
57.02652939498457
55.93734602318405
54.147973340940325
50.67295972614818
51.37314903659137
55.626150774098186
78.62866626902829
84.61917481393117
81.68875288503929
77.66914758434687
72.11949897564897
70.82285210445787
70.90065091672933
70.87471797930552
67.81463136329452
59.801353699333525
57.8823163299707
57.02652939498457
56.63753533362724
56.04107777287933
55.626150774098186
54.64069915199295
53.18845465625891
51.58061253598195
53.629314592463885
79.14732501750473
86.09735224708903
81.97401519670133
76.3984336505796
71.80830372656311
70.48572391794819
70.79691916703405
70.79691916703405
67.34783848966572
57.49332226861337
54.329503902907085
53.5255828427686
52.98099115686834
52.79946059490158
52.17707009672986
50.232099789943206
47.768470734680115
48.39086123285185
53.96644277897357
78.47306864448537
80.36617307642436
76.1650372137652
68.87788179767122
64.20995306138326
64.23588599880709
64.05435543684032
64.39148362335001
61.97972044293457
55.626150774098186
52.514198283239544
51.1656855372008
50.64702678872436
49.94683747828117
48.77985529420918
46.912683799693994
48.31306242058038
58.40097507844714
78.78426389357122
76.78742771193693
69.73366873265735
62.34278156686808
59.90508544902881
60.68307357174347
60.68307357174347
61.38326288218666
60.78680532143876
55.366821399859965
51.55467959855813
49.76530691631441
49.8690386660097
50.25803272736703
49.94683747828117
50.77669147584347
71.49710847747724
82.07774694639662
80.67736832551023
78.42120276963772
72.40476128731102
65.32506937060761
64.39148362335001
64.7286118098597
64.7286118098597
64.08028837426416
60.65714063431965
52.74759472005394
50.02463629055263
48.935452918752105
49.09105054329504
49.55784341692384
49.53191047950001
54.48510152745001
77.90254402116128
81.76655169731076
80.39210601384819
76.26876896346049
69.3187417338762
64.23588599880709
63.76909312517829
63.74316018775447
63.717227250330644
59.85321957418117
55.91141308576022
52.125204221882214
50.25803272736703
49.194782292990325
48.62425766966624
47.92406835922305
46.005030989860224
47.61287311013719
70.53758979279583
78.9917273929618
77.61728170949924
70.92658385415317
62.96517206503981
58.86776795207593
58.58250564041389
58.66030445268535
58.66030445268535
56.352273021965196
51.528746661134306
48.287129483156555
47.48320842301808
46.57555561318431
46.394025051217554
46.88675086227017
49.324446980109435
71.3415108529343
77.30608646041337
74.68685978060735
68.95568060994269
60.605274759472
59.801353699333525
61.59072638157724
63.76909312517829
67.60716786390394
67.27003967739425
64.20995306138326
60.605274759472
57.467389331189544
52.514198283239544
55.93734602318405
67.65903373875159
79.30292264204766
76.89115946163221
70.69318741733876
65.16947174606467
62.05751925520604
61.694458131272526
61.59072638157724
61.564793444153416
57.337724644070434
49.94683747828117
46.49775680091284
44.70838411866912
47.14608023650839
50.59516091387672
67.27003967739425
78.13594045797568
73.13088353517803
63.87282487487358
57.467389331189544
56.63753533362724
57.36365758149426
57.62298695573248
58.4787738907186
55.574284899250536
49.6356422291953
46.88675086227017
52.33266772127279
62.809574440496874
77.38388527268484
76.00943958922227
69.47433935841913
60.2422136355385
57.75265164285159
58.73810326495682
59.671689012214415
59.671689012214415
57.856383392546874
52.33266772127279
49.22071523041415
54.718497964264415
76.00943958922227
80.5217707009673
78.81019683099505
72.9752859106351
65.35100230803143
61.79818988096782
62.62804387853012
62.70584269080159
62.70584269080159
60.63120769689583
55.652083711522
52.02147247218692
64.80641062213117
79.97717901506704
79.35478851689531
78.11000752055185
75.12771971681232
69.81146754492882
67.21817380254662
67.03664324057986
67.0885091154275
66.98477736573221
62.939239127615984
57.02652939498457
53.65524752988771
54.22577215321179
74.32379865667384
81.45535644822489
80.93669769974845
79.97717901506704
76.83929358678458
72.87155416093981
70.43385804310054
68.80008298539975
68.87788179767122
68.77415004797594
59.23082907600944
56.17074245999844
54.977827338502635
53.940509841549755
52.66979590778247
54.04424159124504
73.70140815850212
80.91076476232463
79.79564845310028
78.78426389357122
76.00943958922227
71.15998029096755
69.47433935841913
69.03347942221416
68.8519488602474
66.88104561603693
61.92785456808693
57.67485283058012
55.314955525012316
54.04424159124504
52.95505821944452
52.17707009672986
50.3358315396385
51.89180778506781
73.31241409714478
80.23650838930526
79.92531314021939
78.21373927024715
75.38704909105054
70.90065091672933
69.18907704675709
69.00754648479034
69.05941235963797
68.77415004797594
60.060683073571745
56.32634008454138
54.30357096548326
52.98099115686834
52.43639947096808
51.45094784886284
49.972770415704986
47.22387904877986
49.14291641814268
57.51925520603719
77.02082414875133
78.78426389357122
77.77287933404217
74.0385363450118
68.8519488602474
67.14037499027515
67.03664324057986
67.42563730193719
66.28458805528902
61.953787505510746
57.96011514224216
55.34088846243614
53.681180467311535
53.60338165504007
53.08472290656363
52.17707009672986
50.12836804024792
50.46549622675761
55.626150774098186
77.95440989600893
78.9917273929618
75.75011021498405
70.1485957314385
66.82917974118928
66.75138092891783
66.75138092891783
66.75138092891783
65.8955939939317
58.45284095329478
55.02969321335028
53.39591815564949
52.43639947096808
51.55467959855813
50.491429164181426
49.713441041466766
48.027800108918335
48.90951998132829
72.01576722595368
81.42942351080107
80.31430720157672
78.70646508129975
75.77604315240788
71.31557791551049
68.82601592282357
68.77415004797594
68.77415004797594
67.24410673997043
60.76087238401494
56.32634008454138
54.8222297139597
54.17390627836415
53.13658878141127
52.98099115686834
52.17707009672986
50.51736210160525
48.18339773346127
57.1821270195275
80.26244132672907
81.74061875988693
81.14416119913902
80.7551671377817
78.57680039418065
74.68685978060735
71.98983428852986
70.79691916703405
70.87471797930552
65.8955939939317
60.78680532143876
58.08977982936127
56.06701071030316
55.21122377531703
54.459168590026195
53.44778403049713
51.96960659733928
49.6356422291953
50.95822203781022
71.70457197686783
79.64005082855735
79.71784964082882
78.55086745675683
74.71279271803117
70.48572391794819
69.78553460750499
69.78553460750499
69.13721117190944
64.41741656077384
56.948730582713104
54.925961463654986
54.018308653821215
53.60338165504007
52.66979590778247
51.736210160524884
49.99870335312881
52.903192344596874
72.11949897564897
78.68053214387594
77.85067814631363
76.99489121132751
72.53442597443012
67.1922408651228
65.68813049454111
65.73999636938876
65.73999636938876
65.06573999636939
59.33456082570473
55.2890225875885
53.24032053110656
52.59199709551101
52.384533596120434
50.90635616296258
51.087886724929334
71.86016960141075
80.91076476232463
79.8215813905241
78.60273333160447
73.46801172168772
65.37693524545526
63.717227250330644
64.41741656077384
64.7286118098597
64.7286118098597
59.801353699333525
56.27447420969373
54.90002852623117
53.758979279582995
52.384533596120434
50.98415497523405
52.20300303415368
75.77604315240788
80.96263063717227
79.35478851689531
74.47939628121678
67.24410673997043
64.28775187365473
64.49521537304531
64.7286118098597
64.7286118098597
59.56795726251912
56.481937709084306
54.459168590026195
53.162521718835094
52.33266772127279
53.96644277897357
69.83740048235263
82.59640569487306
81.14416119913902
78.62866626902829
74.84245740515028
70.69318741733876
69.78553460750499
69.78553460750499
69.78553460750499
68.82601592282357
59.671689012214415
57.6489198931563
56.24854127226991
54.48510152745001
54.17390627836415
63.35416612639714
81.58502113534401
80.9885635745961
79.09545914265709
75.95757371437463
71.54897435232489
69.78553460750499
69.78553460750499
69.78553460750499
67.5553019890563
63.40603200124478
59.801353699333525
57.70078576800394
56.37820595938902
55.626150774098186
56.01514483545551
72.53442597443012
81.89621638442986
80.93669769974845
80.72923420035788
76.42436658800342
71.03031560384845
70.79691916703405
70.79691916703405
70.79691916703405
65.99932574362698
61.38326288218666
59.69762194963823
58.60843857783771
57.70078576800394
62.550245066258654
80.34024013900054
82.8816680065351
81.94808225927751
81.29975882368196
79.2251238297762
75.72417727756023
74.76465859287882
74.6349939057597
74.11633515728326
71.52304141490107
63.198568501854204
61.66852519384871
60.709006509167295
59.85321957418117
57.726718705427764
61.46106169445813
80.70330126293405
84.1783148777262
83.5818573169783
82.93353388138274
82.0518140089728
80.34024013900054
78.47306864448537
77.87661108373746
76.06130546406992
72.56035891185394
67.76276548844687
64.88420943440263
63.198568501854204
61.72039106869635
60.50154300977672
58.4787738907186
57.856383392546874
71.47117554005342
84.59324187650735
84.20424781515003
82.9853997562304
82.95946681880656
81.53315526049636
79.06952620523327
77.90254402116128
76.89115946163221
75.17958559165997
70.27826041855761
66.07712455589845
64.31368481107855
63.53569668836389
62.70584269080159
62.70584269080159
62.70584269080159
65.73999636938876
82.59640569487306
85.99362049739374
85.50089468634113
84.95630300044085
84.85257125074557
81.63688701019164
76.78742771193693
75.85384196467933
75.90570783952698
75.87977490210316
74.92025621742175
71.88610253883458
68.2554912994995
62.783641503073056
63.25043437670185
67.34783848966572
80.7551671377817
83.21879619304478
82.59640569487306
81.24789294883432
78.34340395736625
75.02398796711704
74.14226809470709
74.2719327818262
74.24599984440238
71.13404735354374
65.06573999636939
61.40919581961049
58.893700889499755
57.83045045512305
60.13848188584321
77.95440989600893
82.90760094395893
81.94808225927751
80.96263063717227
79.53631907886206
76.42436658800342
74.79059153030263
73.83107284562122
72.87155416093981
70.0448639817432
64.31368481107855
61.305464069915196
59.46422551282384
58.66030445268535
70.30419335598143
82.70013744456834
82.82980213168746
81.92214932185368
81.84435050958223
80.21057545188144
77.17642177329427
75.85384196467933
75.85384196467933
74.8683903425741
71.31557791551049
64.75454474728352
62.05751925520604
62.783641503073056
75.8019760898317
82.8816680065351
82.93353388138274
82.6482715697207
81.3516246985296
78.70646508129975
77.4616840849563
76.89115946163221
75.95757371437463
74.738725655455
68.92974767251887
64.26181893623091
65.1954046834885
72.81968828609216
85.78615699800316
85.96768755996992
85.91582168512227
85.11190062498379
83.1150644433495
80.39210601384819
79.691916703405
78.93986151811416
77.95440989600893
70.74505329218641
67.89243017556599
66.0252586810508
63.92469074972122
63.717227250330644
72.53442597443012
85.7083581857317
87.0050050569228
86.82347449495605
86.43448043359871
84.54137600165971
82.12961282124427
80.44397188869583
79.84751432794792
78.1618733953995
71.98983428852986
67.78869842587069
65.7918622442364
64.26181893623091
62.290915692020434
60.579341822048185
58.32317626617567
55.496486086979075
55.21122377531703
75.17958559165997
86.33074868390342
85.96768755996992
85.96768755996992
84.98223593786469
84.90443712559322
83.01133269365421
79.92531314021939
79.53631907886206
76.60589714997018
70.33012629340526
68.17769248722803
65.99932574362698
64.75454474728352
63.35416612639714
61.694458131272526
60.190347760690855
57.96011514224216
55.755815461217296
58.634371515261535
80.62550245066258
84.95630300044085
84.95630300044085
84.645107751355
83.16693031819715
80.49583776354348
78.8879956432665
77.90254402116128
76.60589714997018
70.64132154249111
66.05119161847462
64.52114831046913
62.73177562822541
60.968335883405516
59.72355488706206
58.06384689193745
56.14480952257462
53.629314592463885
51.736210160524884
67.86649723814216
84.67104068877882
84.69697362620263
83.50405850470683
82.36300925805865
79.43258732916678
76.37250071315577
75.33518321620289
73.98667047016416
73.3383470345686
66.85511267861311
63.50976375094007
62.05751925520604
60.26814657296232
58.86776795207593
57.10432820725604
55.626150774098186
54.90002852623117
51.347216099167554
49.09105054329504
50.64702678872436
74.16820103213091
84.23018075257384
84.43764425196441
83.29659500531625
81.40349057337724
76.42436658800342
73.36427997199243
72.81968828609216
72.81968828609216
72.06763310080133
62.524312128834836
59.90508544902881
58.66030445268535
57.6489198931563
56.63753533362724
55.93734602318405
54.17390627836415
52.254868909001324
50.621093851300536
48.49459298254713
46.75708617515106
46.523689738336664
57.15619408210368
79.27698970462384
82.54453982002542
77.85067814631363
71.00438266642463
67.27003967739425
67.34783848966572
67.37377142708955
67.24410673997043
61.435128757034306
56.53380358393195
54.09610746609268
52.643862970358654
52.59199709551101
51.476880786286664
50.3358315396385
48.96138585617593
47.249811986203675
44.83804880578823
44.70838411866912
67.03664324057986
85.31936412437437
83.19286325562096
81.92214932185368
79.95124607764322
69.39654054614766
66.4920515546796
66.41425274240814
66.41425274240814
65.11760587121704
59.801353699333525
56.27447420969373
53.83677809185446
52.59199709551101
51.606545473405774
51.1656855372008
50.07650216540028
48.338995358004205
47.35354373589897
55.963278960607866
81.37755763595342
83.01133269365421
81.92214932185368
78.7583309561474
73.54581053395918
69.03347942221416
68.77415004797594
68.77415004797594
68.77415004797594
68.54075361116153
67.14037499027515
66.0252586810508
64.93607530925028
