3.020324265369046
3.020324265369046
3.020324265369046
3.020324265369046
3.020324265369046
3.020324265369046
3.020324265369046
3.020324265369046
3.020324265369046
3.020324265369046
3.1881200578895483
4.027099020492061
4.027099020492061
4.027099020492061
4.048073494557124
5.033873775615077
5.033873775615077
4.037586257524593
4.027099020492061
4.027099020492061
4.027099020492061
4.027099020492061
3.953688361264341
3.020324265369046
3.020324265369046
3.020324265369046
3.020324265369046
3.020324265369046
3.020324265369046
3.020324265369046
3.020324265369046
3.020324265369046
3.020324265369046
3.020324265369046
3.8593032279715587
4.027099020492061
3.408352035572708
3.020324265369046
3.020324265369046
3.020324265369046
3.020324265369046
3.020324265369046
3.020324265369046
3.020324265369046
3.020324265369046
3.020324265369046
3.020324265369046
3.020324265369046
3.020324265369046
3.020324265369046
3.020324265369046
3.6285840132558675
4.027099020492061
4.027099020492061
4.027099020492061
4.027099020492061
4.027099020492061
4.027099020492061
4.027099020492061
4.027099020492061
4.027099020492061
4.027099020492061
4.027099020492061
4.027099020492061
4.027099020492061
4.027099020492061
4.027099020492061
3.3664030874425825
3.020324265369046
3.020324265369046
3.020324265369046
3.020324265369046
3.020324265369046
3.020324265369046
3.020324265369046
3.020324265369046
3.020324265369046
3.020324265369046
3.020324265369046
3.020324265369046
3.020324265369046
3.513224405898022
4.027099020492061
4.027099020492061
4.152945864882438
5.033873775615077
5.033873775615077
5.033873775615077
5.033873775615077
5.033873775615077
5.033873775615077
5.033873775615077
5.033873775615077
5.033873775615077
5.033873775615077
5.033873775615077
4.68779495354154
4.027099020492061
4.027099020492061
4.027099020492061
3.6495584873209306
3.020324265369046
3.020324265369046
3.020324265369046
3.020324265369046
3.020324265369046
3.5761478280932106
4.027099020492061
4.027099020492061
3.9327138871992786
3.020324265369046
3.020324265369046
3.020324265369046
3.020324265369046
3.020324265369046
3.020324265369046
3.020324265369046
3.020324265369046
3.020324265369046
3.020324265369046
3.020324265369046
3.020324265369046
3.020324265369046
3.020324265369046
3.020324265369046
3.020324265369046
3.020324265369046
3.020324265369046
3.020324265369046
3.9222266501667473
4.027099020492061
4.027099020492061
4.027099020492061
4.027099020492061
4.027099020492061
4.027099020492061
4.027099020492061
4.027099020492061
3.607609539190805
3.020324265369046
3.020324265369046
3.94320112423181
4.027099020492061
4.027099020492061
4.027099020492061
4.027099020492061
4.027099020492061
4.027099020492061
4.027099020492061
4.027099020492061
4.027099020492061
4.027099020492061
4.027099020492061
4.027099020492061
4.027099020492061
4.027099020492061
4.027099020492061
4.027099020492061
4.027099020492061
4.027099020492061
4.027099020492061
4.027099020492061
4.027099020492061
4.027099020492061
3.387377561507645
3.020324265369046
3.020324265369046
3.020324265369046
3.020324265369046
3.020324265369046
3.1461711097594227
4.027099020492061
4.027099020492061
4.499024686955974
5.033873775615077
5.033873775615077
5.033873775615077
5.0024120645174825
4.027099020492061
4.027099020492061
4.027099020492061
4.027099020492061
4.027099020492061
3.303479665247394
3.020324265369046
3.020324265369046
3.020324265369046
3.020324265369046
3.020324265369046
3.020324265369046
3.020324265369046
3.020324265369046
3.020324265369046
3.020324265369046
3.020324265369046
3.19860729492208
4.027099020492061
4.027099020492061
4.027099020492061
4.257818235207752
5.033873775615077
5.033873775615077
5.033873775615077
5.033873775615077
5.033873775615077
4.362690605533066
4.027099020492061
4.027099020492061
4.027099020492061
4.027099020492061
3.681020198418525
3.020324265369046
3.12519663569436
4.027099020492061
4.027099020492061
4.027099020492061
3.5027371688654907
3.020324265369046
3.020324265369046
3.020324265369046
3.020324265369046
3.020324265369046
3.020324265369046
3.020324265369046
3.020324265369046
3.020324265369046
3.020324265369046
3.020324265369046
3.020324265369046
3.020324265369046
3.020324265369046
3.020324265369046
3.020324265369046
3.020324265369046
3.3664030874425825
4.027099020492061
4.027099020492061
4.027099020492061
4.949975879354826
5.033873775615077
5.033873775615077
5.033873775615077
4.929001405289762
4.027099020492061
4.027099020492061
4.027099020492061
4.027099020492061
4.027099020492061
3.9746628353294042
3.020324265369046
3.020324265369046
3.020324265369046
3.020324265369046
3.020324265369046
3.020324265369046
3.020324265369046
3.020324265369046
3.020324265369046
3.020324265369046
3.020324265369046
3.020324265369046
3.020324265369046
3.020324265369046
3.660045724353462
4.027099020492061
4.027099020492061
4.027099020492061
4.0585607315896555
5.033873775615077
5.033873775615077
5.033873775615077
4.939488642322294
4.027099020492061
4.027099020492061
4.027099020492061
4.027099020492061
4.027099020492061
3.681020198418525
3.020324265369046
3.12519663569436
4.027099020492061
4.027099020492061
4.027099020492061
4.373177842565598
5.033873775615077
5.033873775615077
5.033873775615077
5.033873775615077
5.033873775615077
5.033873775615077
5.033873775615077
5.033873775615077
5.033873775615077
5.033873775615077
5.033873775615077
5.033873775615077
5.033873775615077
5.033873775615077
5.033873775615077
5.033873775615077
5.033873775615077
5.033873775615077
4.404639553663192
4.027099020492061
4.027099020492061
4.027099020492061
4.027099020492061
4.027099020492061
4.027099020492061
4.027099020492061
4.027099020492061
4.027099020492061
3.355915850410051
3.020324265369046
3.020324265369046
3.020324265369046
3.020324265369046
3.7019946724835875
4.027099020492061
4.027099020492061
4.027099020492061
4.656333242443946
5.033873775615077
5.033873775615077
5.033873775615077
5.033873775615077
5.033873775615077
5.033873775615077
5.033873775615077
4.142458627849907
4.027099020492061
4.027099020492061
4.027099020492061
4.027099020492061
4.027099020492061
3.890764939069153
3.030811502401577
3.020324265369046
3.020324265369046
3.6495584873209306
4.027099020492061
4.027099020492061
4.027099020492061
4.027099020492061
4.027099020492061
4.027099020492061
4.027099020492061
4.027099020492061
4.320741657402941
5.033873775615077
5.033873775615077
5.033873775615077
5.033873775615077
5.033873775615077
5.033873775615077
4.163433101914969
4.027099020492061
4.027099020492061
4.027099020492061
4.027099020492061
4.027099020492061
3.890764939069153
3.020324265369046
3.020324265369046
3.020324265369046
3.020324265369046
3.020324265369046
3.093734924596766
4.027099020492061
4.027099020492061
4.027099020492061
4.027099020492061
4.027099020492061
4.027099020492061
4.027099020492061
4.6773077165090085
5.033873775615077
5.033873775615077
5.033873775615077
5.033873775615077
5.033873775615077
4.981437590452419
4.027099020492061
4.027099020492061
4.027099020492061
4.027099020492061
4.027099020492061
4.027099020492061
4.027099020492061
4.027099020492061
3.450300983702834
3.020324265369046
3.020324265369046
3.020324265369046
3.020324265369046
3.1671455838244857
4.027099020492061
4.027099020492061
4.027099020492061
4.027099020492061
4.027099020492061
4.027099020492061
4.079535205654718
5.033873775615077
5.033873775615077
5.033873775615077
5.033873775615077
5.033873775615077
5.033873775615077
4.698282190574071
4.027099020492061
4.027099020492061
4.027099020492061
4.027099020492061
4.027099020492061
4.027099020492061
4.027099020492061
4.027099020492061
4.027099020492061
4.027099020492061
4.027099020492061
4.027099020492061
4.027099020492061
4.027099020492061
4.027099020492061
4.027099020492061
4.027099020492061
3.251043480084737
3.020324265369046
3.020324265369046
3.691507435451056
4.027099020492061
4.027099020492061
4.027099020492061
4.299767183337877
5.033873775615077
5.033873775615077
5.033873775615077
5.033873775615077
5.033873775615077
5.033873775615077
4.981437590452419
4.027099020492061
4.027099020492061
4.027099020492061
4.027099020492061
4.027099020492061
4.027099020492061
4.027099020492061
4.027099020492061
4.027099020492061
4.027099020492061
4.027099020492061
4.027099020492061
4.027099020492061
4.027099020492061
4.027099020492061
4.027099020492061
4.027099020492061
4.656333242443946
4.970950353419888
4.027099020492061
4.027099020492061
4.027099020492061
4.027099020492061
4.027099020492061
4.027099020492061
4.027099020492061
4.027099020492061
4.027099020492061
4.027099020492061
4.027099020492061
4.027099020492061
4.027099020492061
4.310254420370409
5.033873775615077
5.033873775615077
5.033873775615077
5.033873775615077
5.033873775615077
5.033873775615077
5.033873775615077
5.033873775615077
5.033873775615077
4.037586257524593
4.027099020492061
4.027099020492061
4.027099020492061
4.027099020492061
4.027099020492061
4.027099020492061
4.027099020492061
4.027099020492061
4.027099020492061
4.027099020492061
4.027099020492061
4.027099020492061
4.027099020492061
4.027099020492061
3.86979046500409
3.020324265369046
3.020324265369046
3.020324265369046
3.7754053317113074
4.027099020492061
4.027099020492061
4.027099020492061
4.698282190574071
5.033873775615077
5.033873775615077
5.033873775615077
5.033873775615077
5.033873775615077
5.033873775615077
5.033873775615077
5.033873775615077
4.131971390817375
4.027099020492061
4.027099020492061
4.027099020492061
4.027099020492061
4.027099020492061
4.027099020492061
4.027099020492061
4.027099020492061
4.027099020492061
4.027099020492061
4.027099020492061
4.027099020492061
4.027099020492061
4.845103509029511
5.033873775615077
5.033873775615077
5.033873775615077
5.033873775615077
5.033873775615077
5.033873775615077
5.033873775615077
5.033873775615077
5.033873775615077
4.310254420370409
4.027099020492061
4.027099020492061
4.027099020492061
4.027099020492061
4.027099020492061
4.027099020492061
4.027099020492061
4.027099020492061
4.027099020492061
4.027099020492061
4.027099020492061
4.027099020492061
4.121484153784844
5.033873775615077
5.033873775615077
5.033873775615077
5.033873775615077
5.033873775615077
5.033873775615077
5.033873775615077
5.033873775615077
5.033873775615077
5.033873775615077
5.033873775615077
5.033873775615077
5.033873775615077
5.033873775615077
5.033873775615077
5.033873775615077
5.033873775615077
4.939488642322294
4.027099020492061
4.027099020492061
4.027099020492061
4.027099020492061
4.027099020492061
4.027099020492061
4.027099020492061
4.110996916752312
5.033873775615077
5.033873775615077
5.033873775615077
5.033873775615077
5.033873775615077
5.033873775615077
5.033873775615077
5.033873775615077
5.033873775615077
5.033873775615077
5.033873775615077
5.033873775615077
5.033873775615077
5.033873775615077
5.033873775615077
5.033873775615077
5.033873775615077
5.033873775615077
5.033873775615077
5.033873775615077
5.033873775615077
5.033873775615077
5.033873775615077
5.033873775615077
5.033873775615077
5.033873775615077
5.033873775615077
5.033873775615077
5.033873775615077
5.033873775615077
5.033873775615077
5.033873775615077
5.033873775615077
5.033873775615077
5.033873775615077
4.268305472240284
4.027099020492061
4.027099020492061
4.027099020492061
4.027099020492061
4.027099020492061
4.027099020492061
4.027099020492061
4.027099020492061
4.027099020492061
4.027099020492061
3.1356838727268914
3.020324265369046
3.020324265369046
3.020324265369046
3.020324265369046
3.020324265369046
3.020324265369046
3.020324265369046
3.020324265369046
3.020324265369046
3.020324265369046
2.8525284728485434
2.0135495102460306
2.0135495102460306
2.0135495102460306
2.0135495102460306
2.0135495102460306
2.6218092581328523
3.020324265369046
3.691507435451056
4.027099020492061
4.027099020492061
4.027099020492061
4.027099020492061
4.027099020492061
3.733456383581182
3.020324265369046
3.020324265369046
3.020324265369046
3.020324265369046
3.764918094678776
4.100509679719781
5.033873775615077
5.033873775615077
5.694569708664555
6.040648530738092
6.040648530738092
6.040648530738092
6.040648530738092
6.040648530738092
6.040648530738092
5.872852738217589
5.033873775615077
5.033873775615077
5.033873775615077
5.033873775615077
5.033873775615077
5.033873775615077
5.033873775615077
5.033873775615077
5.033873775615077
5.296054701428361
6.040648530738092
6.040648530738092
6.040648530738092
6.040648530738092
6.040648530738092
6.040648530738092
6.040648530738092
6.040648530738092
6.040648530738092
5.684082471632024
5.033873775615077
5.033873775615077
5.033873775615077
5.033873775615077
5.033873775615077
4.666820479476478
4.027099020492061
4.027099020492061
4.027099020492061
4.027099020492061
4.027099020492061
4.027099020492061
4.027099020492061
4.027099020492061
4.027099020492061
4.09002244268725
5.033873775615077
5.033873775615077
5.033873775615077
4.666820479476478
4.027099020492061
4.027099020492061
4.027099020492061
3.817354279841433
3.020324265369046
3.020324265369046
3.020324265369046
3.020324265369046
3.020324265369046
3.020324265369046
3.020324265369046
3.020324265369046
3.953688361264341
4.027099020492061
4.027099020492061
4.499024686955974
5.033873775615077
5.033873775615077
5.033873775615077
5.033873775615077
5.033873775615077
5.033873775615077
4.027099020492061
4.027099020492061
4.027099020492061
4.027099020492061
4.027099020492061
4.027099020492061
4.027099020492061
4.027099020492061
4.027099020492061
4.027099020492061
3.8278415168739643
3.020324265369046
3.020324265369046
3.020324265369046
3.020324265369046
3.020324265369046
3.020324265369046
3.230069006019674
4.027099020492061
4.027099020492061
4.278792709272815
5.033873775615077
5.033873775615077
5.033873775615077
5.033873775615077
5.033873775615077
5.033873775615077
4.5829225832162255
4.027099020492061
4.027099020492061
4.027099020492061
4.027099020492061
3.303479665247394
3.020324265369046
3.020324265369046
3.020324265369046
3.020324265369046
3.020324265369046
3.020324265369046
3.030811502401577
4.027099020492061
4.027099020492061
4.027099020492061
4.887052457159637
5.033873775615077
5.033873775615077
5.033873775615077
5.033873775615077
5.033873775615077
5.033873775615077
5.033873775615077
4.110996916752312
4.027099020492061
4.027099020492061
4.027099020492061
3.4398137466703025
3.020324265369046
3.020324265369046
3.020324265369046
3.020324265369046
3.020324265369046
3.020324265369046
3.020324265369046
3.513224405898022
4.027099020492061
4.027099020492061
4.499024686955974
5.033873775615077
5.033873775615077
5.033873775615077
5.033873775615077
5.033873775615077
5.033873775615077
5.033873775615077
4.194894813012564
4.027099020492061
4.027099020492061
4.027099020492061
4.027099020492061
3.355915850410051
3.020324265369046
3.020324265369046
3.020324265369046
3.020324265369046
3.020324265369046
3.020324265369046
3.020324265369046
3.020324265369046
3.964175598296873
4.027099020492061
4.027099020492061
4.6248715313463515
5.033873775615077
5.033873775615077
5.033873775615077
5.033873775615077
5.033873775615077
5.033873775615077
4.457075738825849
4.027099020492061
4.027099020492061
4.027099020492061
4.027099020492061
3.177632820857017
3.020324265369046
3.020324265369046
3.020324265369046
3.020324265369046
3.020324265369046
3.020324265369046
3.020324265369046
3.2405562430522057
4.027099020492061
4.027099020492061
4.027099020492061
4.897539694192168
5.033873775615077
5.033873775615077
5.033873775615077
5.033873775615077
5.033873775615077
5.033873775615077
4.415126790695723
4.027099020492061
4.027099020492061
4.027099020492061
4.027099020492061
3.303479665247394
3.020324265369046
3.020324265369046
3.020324265369046
3.020324265369046
3.020324265369046
3.020324265369046
3.020324265369046
3.020324265369046
3.7858925687438387
4.027099020492061
4.027099020492061
4.027099020492061
4.729743901671665
5.033873775615077
5.033873775615077
5.033873775615077
5.033873775615077
5.033873775615077
5.033873775615077
5.033873775615077
4.205382050045095
4.6248715313463515
5.033873775615077
5.033873775615077
4.68779495354154
4.027099020492061
4.027099020492061
4.027099020492061
4.027099020492061
3.0727604505317028
3.020324265369046
3.020324265369046
3.020324265369046
3.020324265369046
3.251043480084737
4.027099020492061
4.027099020492061
4.027099020492061
4.027099020492061
4.027099020492061
4.027099020492061
4.027099020492061
4.027099020492061
3.2090945319546114
3.020324265369046
3.020324265369046
3.020324265369046
3.020324265369046
3.020324265369046
4.016611783459529
4.027099020492061
4.173920338947501
5.033873775615077
5.033873775615077
5.033873775615077
5.033873775615077
5.033873775615077
5.033873775615077
5.033873775615077
4.6773077165090085
4.027099020492061
4.027099020492061
4.027099020492061
4.027099020492061
4.027099020492061
4.027099020492061
3.5237116429305537
3.020324265369046
3.020324265369046
3.020324265369046
3.020324265369046
3.670532961385993
4.027099020492061
4.027099020492061
4.027099020492061
4.5409736350861
5.033873775615077
5.033873775615077
5.033873775615077
5.033873775615077
5.033873775615077
5.033873775615077
5.012899301550013
4.027099020492061
4.027099020492061
4.027099020492061
4.027099020492061
4.027099020492061
4.016611783459529
3.020324265369046
3.020324265369046
3.020324265369046
3.020324265369046
3.177632820857017
4.027099020492061
4.027099020492061
4.027099020492061
4.467562975858381
5.033873775615077
5.033873775615077
5.033873775615077
5.033873775615077
5.033873775615077
5.033873775615077
5.033873775615077
5.033873775615077
5.033873775615077
5.033873775615077
4.425614027728255
4.027099020492061
4.027099020492061
4.027099020492061
3.355915850410051
3.020324265369046
3.020324265369046
3.020324265369046
3.020324265369046
3.020324265369046
3.964175598296873
4.027099020492061
4.027099020492061
4.509511923988506
5.033873775615077
5.033873775615077
5.033873775615077
