64.57106038291604
63.00625920471281
62.7761413843888
63.05228276877761
64.61708394698086
66.6421207658321
80.08100147275404
95.08468335787923
94.94661266568482
87.99705449189985
80.17304860088365
74.4661266568483
71.42857142857143
70.6461708394698
70.6921944035346
71.42857142857143
74.2820324005891
78.93041237113401
82.1980854197349
83.02650957290132
83.02650957290132
82.65832106038292
80.26509572901325
70.00184094256258
68.16089837997055
67.83873343151693
67.83873343151693
67.83873343151693
67.83873343151693
68.02282768777614
68.02282768777614
68.39101620029454
68.25294550810014
67.88475699558174
67.83873343151693
66.8262150220913
66.5040500736377
65.90574374079529
64.89322533136966
64.80117820324006
64.38696612665684
63.83468335787923
63.696612665684825
62.730117820324004
61.947717231222384
61.76362297496318
62.5920471281296
63.78865979381443
69.31148748159058
86.1561119293078
96.92562592047128
93.10567010309278
87.35272459499264
84.36119293078055
77.8258468335788
73.49963181148748
71.88880706921944
71.88880706921944
73.22349042709867
75.84683357879234
79.75883652430043
82.7963917525773
83.02650957290132
83.02650957290132
82.06001472754049
76.81332842415316
71.84278350515463
70.600147275405
69.31148748159058
68.85125184094255
68.11487481590574
67.83873343151693
68.39101620029454
68.85125184094255
68.85125184094255
68.80522827687776
67.83873343151693
67.83873343151693
67.33247422680412
66.8262150220913
66.1818851251841
65.44550810014726
64.80117820324006
64.66310751104565
63.83468335787923
63.28240058910161
62.49999999999999
62.6840942562592
63.696612665684825
64.20287187039764
71.70471281296022
83.16458026509572
90.1141384388807
94.0721649484536
82.2441089837997
76.12297496318115
72.07290132547864
70.09388807069219
69.81774668630338
69.77172312223858
71.10640648011781
74.6041973490427
78.10198821796759
78.97643593519882
79.80486008836523
80.44918998527245
79.98895434462445
72.62518409425626
68.48306332842415
67.19440353460972
66.8262150220913
66.8262150220913
66.4580265095729
66.8262150220913
66.8262150220913
66.8262150220913
66.8262150220913
66.8262150220913
66.8262150220913
66.3199558173785
65.81369661266568
65.81369661266568
64.80117820324006
64.24889543446244
63.83468335787923
62.7761413843888
62.7761413843888
62.6380706921944
61.99374079528718
62.5460235640648
63.696612665684825
73.08541973490426
84.82142857142857
92.69145802650957
94.57842415316641
89.8379970544919
80.44918998527245
73.86782032400589
69.44955817378498
67.83873343151693
67.83873343151693
69.17341678939617
73.22349042709867
77.87187039764359
79.98895434462445
80.08100147275404
81.8298969072165
81.78387334315168
70.3240058910162
67.65463917525773
66.6421207658321
66.27393225331369
66.3199558173785
66.6421207658321
66.8262150220913
67.33247422680412
67.83873343151693
67.83873343151693
67.83873343151693
67.83873343151693
67.56259204712812
66.8262150220913
65.95176730486008
65.12334315169366
64.24889543446244
63.97275405007363
64.57106038291604
64.43298969072164
66.6421207658321
73.91384388807069
75.93888070692194
75.98490427098675
93.8880706921944
88.36524300441826
72.80927835051546
69.40353460972017
67.97680412371133
67.83873343151693
69.31148748159058
73.45360824742268
78.05596465390279
79.98895434462445
80.54123711340206
81.00147275405007
76.35309278350515
68.71318114874815
67.70066273932252
66.8262150220913
66.78019145802651
66.78019145802651
66.91826215022091
67.24042709867452
67.60861561119293
67.47054491899853
67.74668630338734
67.56259204712812
67.70066273932252
67.28645066273931
66.8262150220913
65.81369661266568
65.07731958762886
64.43298969072164
63.78865979381443
64.01877761413843
65.67562592047128
65.95176730486008
69.67967599410898
82.88843888070691
94.62444771723122
91.63291605301914
85.60382916053018
79.34462444771722
75.20250368188512
73.91384388807069
73.54565537555227
72.90132547864506
74.6041973490427
78.10198821796759
80.26509572901325
80.17304860088365
80.44918998527245
81.00147275405007
80.26509572901325
72.99337260677467
71.42857142857143
70.3240058910162
69.86377025036818
69.86377025036818
69.86377025036818
69.86377025036818
69.86377025036818
69.86377025036818
69.86377025036818
69.86377025036818
69.86377025036818
69.86377025036818
69.08136966126656
68.85125184094255
68.02282768777614
67.83873343151693
67.05633284241532
66.4580265095729
65.81369661266568
65.81369661266568
66.6421207658321
67.83873343151693
73.59167893961708
84.77540500736376
90.94256259204712
95.36082474226804
85.28166421207658
79.29860088365243
77.87187039764359
76.95139911634756
76.67525773195875
76.99742268041237
78.74631811487481
79.98895434462445
79.94293078055964
81.50773195876288
83.02650957290132
83.02650957290132
77.36561119293077
75.24852724594992
73.72974963181149
72.90132547864506
72.90132547864506
72.53313696612665
71.88880706921944
71.88880706921944
71.88880706921944
71.88880706921944
71.88880706921944
71.79675994108983
71.06038291605302
71.10640648011781
70.87628865979381
70.1859351988218
69.86377025036818
69.49558173784978
68.94329896907216
68.39101620029454
67.83873343151693
67.83873343151693
67.65463917525773
69.08136966126656
77.73379970544919
89.51583210603829
96.32731958762886
95.31480117820324
90.71244477172311
84.54528718703976
82.7963917525773
79.98895434462445
78.05596465390279
76.39911634756994
76.58321060382916
77.68777614138439
80.26509572901325
81.00147275405007
81.59977908689248
83.90095729013254
85.05154639175257
82.7963917525773
76.39911634756994
75.01840942562592
73.91384388807069
73.91384388807069
73.08541973490426
73.77577319587628
72.99337260677467
72.90132547864506
72.94734904270986
72.90132547864506
72.90132547864506
72.80927835051546
71.88880706921944
71.79675994108983
70.92231222385861
69.86377025036818
69.35751104565537
68.39101620029454
67.83873343151693
67.70066273932252
67.83873343151693
69.12739322533136
76.03092783505154
87.62886597938143
94.1642120765832
94.39432989690721
90.2982326951399
88.08910162002945
83.94698085419735
79.80486008836523
77.96391752577318
77.96391752577318
77.96391752577318
79.20655375552282
81.00147275405007
82.1980854197349
83.02650957290132
83.02650957290132
82.38217967599411
82.0139911634757
82.0139911634757
75.43262150220913
74.1899852724595
73.17746686303387
72.90132547864506
72.90132547864506
72.90132547864506
72.90132547864506
72.90132547864506
72.90132547864506
72.48711340206185
71.88880706921944
71.38254786450662
70.87628865979381
70.41605301914579
69.86377025036818
69.31148748159058
68.85125184094255
68.29896907216494
67.83873343151693
67.74668630338734
67.19440353460972
66.8262150220913
66.8262150220913
68.11487481590574
68.85125184094255
72.25699558173784
84.91347569955816
97.20176730486008
95.36082474226804
91.35677466863034
89.60787923416788
85.00552282768777
82.70434462444771
82.0139911634757
81.73784977908689
81.78387334315168
81.9679675994109
82.6122974963181
83.39469808541973
84.03902798232694
84.03902798232694
83.71686303387334
83.67083946980854
81.27761413843888
77.73379970544919
76.16899852724595
75.11045655375551
74.92636229749631
74.78829160530191
74.4201030927835
74.3740795287187
73.91384388807069
73.91384388807069
73.59167893961708
73.22349042709867
72.90132547864506
72.48711340206185
71.79675994108983
71.10640648011781
70.5081001472754
69.90979381443299
69.86377025036818
69.63365243004418
68.85125184094255
68.75920471281296
68.11487481590574
67.83873343151693
67.83873343151693
67.33247422680412
67.83873343151693
71.42857142857143
83.02650957290132
94.0261413843888
97.43188512518408
95.13070692194403
90.4363033873343
85.18961708394697
81.78387334315168
80.26509572901325
79.52871870397642
79.57474226804123
79.98895434462445
81.13954344624447
82.1520618556701
84.22312223858616
85.05154639175257
85.00552282768777
84.03902798232694
84.03902798232694
77.36561119293077
74.97238586156111
74.6502209131075
73.91384388807069
73.91384388807069
73.91384388807069
73.91384388807069
73.91384388807069
73.91384388807069
73.17746686303387
73.13144329896906
72.90132547864506
72.62518409425626
71.88880706921944
71.24447717231222
70.87628865979381
70.09388807069219
69.86377025036818
69.03534609720177
68.85125184094255
68.85125184094255
67.88475699558174
67.88475699558174
67.83873343151693
68.48306332842415
73.54565537555227
89.8379970544919
98.30633284241532
99.04270986745213
96.14322533136965
90.66642120765832
85.28166421207658
83.11855670103093
81.18556701030927
80.03497790868924
79.98895434462445
79.98895434462445
81.00147275405007
82.6122974963181
83.99300441826215
84.45324005891015
85.05154639175257
85.05154639175257
85.05154639175257
78.4241531664212
76.07695139911634
74.88033873343151
73.95986745213548
73.77577319587628
73.08541973490426
73.03939617083947
72.99337260677467
73.03939617083947
72.90132547864506
72.90132547864506
72.71723122238586
71.88880706921944
71.29050073637703
70.6921944035346
69.86377025036818
68.89727540500736
68.25294550810014
67.83873343151693
67.74668630338734
67.19440353460972
66.8262150220913
66.6421207658321
65.85972017673048
65.81369661266568
65.81369661266568
67.60861561119293
68.25294550810014
77.18151693667157
93.19771723122238
98.99668630338732
96.78755522827687
91.63291605301914
85.14359351988217
79.75883652430043
78.88438880706921
77.96391752577318
78.3781296023564
79.02245949926362
80.40316642120766
81.00147275405007
81.87592047128129
83.02650957290132
83.02650957290132
81.18556701030927
77.22754050073637
75.24852724594992
73.63770250368188
72.21097201767304
71.84278350515463
71.79675994108983
71.79675994108983
71.29050073637703
71.75073637702504
71.15243004418262
70.87628865979381
70.87628865979381
70.73821796759941
69.95581737849778
69.86377025036818
68.85125184094255
68.11487481590574
67.93078055964654
67.33247422680412
66.8262150220913
66.41200294550809
65.81369661266568
65.67562592047128
64.80117820324006
64.80117820324006
65.21539027982327
66.27393225331369
72.44108983799705
90.52835051546391
98.21428571428571
95.86708394698084
90.0681148748159
82.93446244477171
77.27356406480118
73.59167893961708
71.93483063328424
72.11892488954344
73.26951399116346
76.35309278350515
77.45765832106038
78.88438880706921
82.2441089837997
83.02650957290132
82.2901325478645
75.01840942562592
71.88880706921944
71.06038291605302
70.1859351988218
69.08136966126656
68.85125184094255
69.08136966126656
69.63365243004418
69.44955817378498
69.77172312223858
69.63365243004418
69.77172312223858
69.49558173784978
68.85125184094255
68.85125184094255
68.02282768777614
67.83873343151693
67.79270986745213
66.8262150220913
66.8262150220913
66.6421207658321
65.81369661266568
65.81369661266568
67.28645066273931
68.52908689248895
77.50368188512518
95.77503681885125
98.35235640648011
93.51988217967599
90.1141384388807
86.2941826215022
80.67930780559647
76.39911634756994
74.88033873343151
74.78829160530191
75.24852724594992
77.68777614138439
78.05596465390279
78.3321060382916
80.81737849779087
82.0139911634757
82.0139911634757
80.31111929307805
72.94734904270986
71.06038291605302
69.49558173784978
68.85125184094255
68.43703976435934
67.88475699558174
67.83873343151693
67.83873343151693
67.83873343151693
68.34499263622975
67.83873343151693
67.83873343151693
67.74668630338734
67.0103092783505
66.41200294550809
65.81369661266568
65.67562592047128
64.47901325478645
63.78865979381443
63.74263622974963
64.61708394698086
65.99779086892488
74.23600883652429
90.71244477172311
97.38586156111928
97.20176730486008
94.85456553755522
88.18114874815905
78.6542709867452
75.24852724594992
73.86782032400589
72.90132547864506
72.94734904270986
74.0058910162003
76.72128129602356
78.24005891016199
78.70029455081001
80.44918998527245
81.00147275405007
81.00147275405007
73.36156111929307
70.3240058910162
69.17341678939617
67.79270986745213
67.74668630338734
67.19440353460972
66.8262150220913
66.8262150220913
66.8262150220913
66.8262150220913
66.8262150220913
66.8262150220913
66.6881443298969
65.95176730486008
65.81369661266568
64.80117820324006
64.20287187039764
63.37444771723122
62.730117820324004
62.36192930780559
62.5460235640648
64.89322533136966
72.71723122238586
89.00957290132547
96.83357879234167
93.42783505154638
86.89248895434461
79.48269513991163
73.77577319587628
71.06038291605302
69.49558173784978
68.85125184094255
69.67967599410898
71.98085419734903
75.70876288659794
76.95139911634756
78.009941089838
79.89690721649484
79.98895434462445
79.98895434462445
71.56664212076582
68.25294550810014
67.74668630338734
66.8722385861561
65.95176730486008
65.95176730486008
66.04381443298969
66.04381443298969
65.85972017673048
66.5040500736377
66.59609720176731
65.90574374079529
65.85972017673048
65.39948453608247
64.80117820324006
63.97275405007363
63.00625920471281
62.08578792341679
62.131811487481585
63.92673048600883
64.80117820324006
72.16494845360825
86.66237113402062
93.33578792341679
90.75846833578791
83.90095729013254
76.67525773195875
71.29050073637703
67.97680412371133
65.90574374079529
65.90574374079529
66.6421207658321
69.63365243004418
73.63770250368188
73.95986745213548
75.34057437407952
77.91789396170839
75.75478645066273
72.90132547864506
68.16089837997055
65.03129602356405
64.38696612665684
63.78865979381443
63.78865979381443
63.78865979381443
63.78865979381443
64.11082474226804
64.43298969072164
64.20287187039764
64.80117820324006
64.52503681885125
64.29491899852724
63.55854197349042
62.7761413843888
62.26988217967599
61.76362297496318
62.914212076583205
64.11082474226804
69.90979381443299
86.06406480117819
94.76251840942562
90.85051546391752
86.75441826215021
82.98048600883652
76.12297496318115
72.11892488954344
70.04786450662739
69.03534609720177
69.35751104565537
72.53313696612665
75.61671575846833
75.93888070692194
77.08946980854196
79.62076583210603
79.98895434462445
78.24005891016199
68.75920471281296
67.28645066273931
66.22790868924889
65.81369661266568
65.81369661266568
65.81369661266568
65.81369661266568
65.81369661266568
65.85972017673048
65.85972017673048
66.3199558173785
65.81369661266568
65.81369661266568
65.53755522827687
64.80117820324006
63.88070692194403
63.09830633284241
63.37444771723122
63.83468335787923
66.27393225331369
77.18151693667157
83.11855670103093
94.85456553755522
89.28571428571428
78.79234167893961
73.91384388807069
71.10640648011781
69.17341678939617
68.85125184094255
69.03534609720177
71.19845360824742
74.92636229749631
75.93888070692194
75.93888070692194
78.009941089838
78.97643593519882
76.90537555228276
68.71318114874815
67.14837997054491
66.6881443298969
65.81369661266568
65.85972017673048
65.81369661266568
65.81369661266568
65.81369661266568
65.95176730486008
66.1818851251841
66.6881443298969
65.85972017673048
65.81369661266568
65.81369661266568
64.89322533136966
64.01877761413843
63.05228276877761
62.7761413843888
64.34094256259205
64.80117820324006
65.90574374079529
75.98490427098675
90.98858615611192
91.63291605301914
91.08063328424153
85.8339469808542
76.85935198821797
68.57511045655374
67.65463917525773
67.42452135493372
69.08136966126656
72.80927835051546
76.85935198821797
77.96391752577318
77.96391752577318
79.43667157584683
79.89690721649484
75.70876288659794
68.29896907216494
66.96428571428571
65.81369661266568
65.81369661266568
65.62960235640648
65.12334315169366
65.81369661266568
65.76767304860088
65.81369661266568
65.81369661266568
65.81369661266568
65.81369661266568
65.44550810014726
64.80117820324006
63.92673048600883
63.78865979381443
64.75515463917526
65.81369661266568
68.71318114874815
80.72533136966126
89.19366715758467
92.04712812960236
85.51178203240059
78.97643593519882
75.93888070692194
75.24852724594992
72.53313696612665
71.47459499263623
72.85530191458027
75.52466863033872
78.6082474226804
79.89690721649484
79.80486008836523
79.89690721649484
78.97643593519882
76.07695139911634
69.72569955817379
68.29896907216494
67.47054491899853
66.8262150220913
66.8262150220913
66.8262150220913
66.8262150220913
66.8262150220913
66.8262150220913
66.8262150220913
66.8262150220913
66.3659793814433
66.04381443298969
65.81369661266568
64.89322533136966
64.66310751104565
63.83468335787923
63.37444771723122
65.12334315169366
67.93078055964654
81.73784977908689
91.12665684830633
93.51988217967599
89.51583210603829
84.59131075110456
78.1480117820324
74.6502209131075
72.94734904270986
71.93483063328424
72.11892488954344
73.17746686303387
75.75478645066273
77.59572901325478
78.10198821796759
79.71281296023564
80.86340206185567
79.25257731958763
72.16494845360825
70.13991163475698
68.94329896907216
68.20692194403534
67.83873343151693
67.83873343151693
68.02282768777614
67.83873343151693
67.79270986745213
67.83873343151693
67.79270986745213
67.60861561119293
66.8262150220913
66.08983799705449
65.81369661266568
65.26141384388806
64.38696612665684
63.65058910162003
62.7761413843888
62.26988217967599
62.039764359351985
63.83468335787923
64.80117820324006
70.6921944035346
85.28166421207658
94.99263622974962
92.36929307805596
85.9720176730486
79.25257731958763
74.4661266568483
