70.73641378442436
85.04100509679719
71.7222140654823
66.40518488998889
66.20592738637079
64.19237787612475
64.26578853535247
88.52276779159763
71.2502883990184
76.01149401178766
83.88740902321874
67.13929148226609
66.48908278624914
66.26885080856597
64.3391991945802
89.93854479098937
86.3414224888311
69.2472261258049
86.69798854793716
74.10281687186693
67.93632149673847
68.46068334836504
67.62170438576253
79.52471841768568
96.48258069928896
72.69752710950773
83.8035111269585
82.37724689053422
70.453258384546
70.60007970300144
70.00230719214716
67.00295740084317
81.7375254315498
88.5122805545651
81.49631897980159
89.59246596891583
81.2655997650859
75.51859387125867
75.03618096776223
72.22560144304381
70.36936048828575
102.05130356356314
94.81511001111647
82.61845334228244
90.89288336094972
78.42355852926988
75.80174927113703
74.99423201963211
71.83757367284015
69.34161125909768
75.50810663422615
104.9772426956394
83.36304717159217
87.56842922163727
89.60295320594837
76.78754955219497
77.16509008536612
74.93130859743692
72.57168026511735
71.26077563605092
76.18977704134069
98.38077060217715
83.14281519390902
88.4808188434675
88.73251253224825
76.53585586341423
76.8294985003251
73.73576357572834
70.43228391048095
68.82773664450364
82.4401703127294
95.62262726262139
83.39450888268976
86.3414224888311
82.79673637183548
75.51859387125867
74.98374478259957
71.9214715691004
68.94309625186149
67.00295740084317
76.0953919080479
100.21603708287014
79.84982276569416
82.81771084590054
83.75107494179584
72.89678461312583
73.3896847536548
71.57539274702687
69.02699414812173
67.03441911194076
80.26931224699541
87.0440673700107
75.0886171529249
86.142164985213
77.92017115170837
70.5161818067412
70.73641378442436
68.33483650397466
65.51376974222372
77.65799022589509
101.99886737840049
79.53520565471821
83.55181743817774
86.8448098663926
72.76045053170292
72.63460368731253
73.07506764267886
69.6142794219435
65.88082303836231
96.75524886213478
87.12796526627095
80.2378505358978
87.69427606602764
75.81223650816956
72.4877823688571
72.19413973194622
69.5828177108459
66.77223818612748
69.53038152568324
96.93353189168782
76.74560060406485
82.70235123854269
83.32109822346204
71.5229565618642
71.48100761373409
69.87646034775678
67.25465108962393
65.440359082996
92.61279023428487
78.0984541812614
77.37483482601674
87.49501856240956
77.19655179646371
71.00908194727018
70.67349036222917
68.55506848165783
65.98569540868763
90.77752375359188
86.3414224888311
75.91710887849487
87.59989093273487
77.88870944061078
72.67655263544266
72.70801434654027
70.3483860142207
67.61121714872999
92.990330767456
85.81706063720452
82.57650439415232
90.67265138326657
79.24156301780732
75.88564716739728
75.81223650816956
72.52973131698722
76.99729429284561
111.9197936111752
89.14151477651698
87.33771000692158
91.53260481993414
78.20332655158671
77.4272710111794
75.92759611552741
72.46680789479204
72.19413973194622
97.35302137298908
81.08731673553285
84.46420706000796
83.67766428256812
72.59265473918242
72.14170354678356
70.66300312519664
67.43293411917696
88.1452272584265
94.6578014556285
76.78754955219497
86.68750131090464
83.04843006061623
72.4877823688571
72.36193552446673
70.117666799505
78.6647649810181
100.58309037900875
77.38532206304927
84.06569205277178
81.87385951297271
71.48100761373409
71.59636722109194
70.95664576210751
68.8487111185687
99.6287518090484
85.05149233382973
82.64991505338004
88.2815613398494
74.40694674581034
72.4877823688571
70.84128615474967
68.20898965958429
72.62411645028001
105.48063007320091
81.21316357992323
83.05891729764876
85.02003062273214
72.90727185015835
72.4877823688571
71.42857142857143
68.00973215596619
94.84657172221407
99.95385615705686
76.97631981878054
86.83432262936007
78.22430102565178
71.64880340625459
72.43534618369445
71.12444155462802
68.92212177779642
88.63812739895548
93.0532541896512
82.76527466073789
87.76768672525536
81.3704721354112
73.54699330914278
72.6870398724752
70.23302640686285
67.20221490446127
89.07859135432179
99.43998154246282
80.52100593577616
85.73316274094427
80.70977620236172
73.03311869454873
72.1521907838161
69.85548587369172
67.33854898588417
69.51989428865072
108.17584999056149
81.39144660947626
82.45065754976194
88.06132936216625
74.67961490865616
72.4877823688571
71.32369905824612
68.42922163726745
65.92277198649244
93.81882249302599
82.82819808293307
75.15154057512008
85.56536694842377
72.6555781613776
69.13186651844705
68.81724940747111
66.89808503051786
64.45455880193805
87.11747802923841
86.79237368122995
78.68573945508317
85.41854562996834
75.03618096776223
70.57910522893638
70.3483860142207
68.65994085198314
65.85984856429725
97.03840426201313
88.49130608050004
78.80109906244101
85.26123707448036
76.18977704134069
70.60007970300144
70.55813075487133
68.90114730373136
66.82467437129014
101.55840342303416
83.4049961197223
77.38532206304927
86.83432262936007
74.48035740503806
71.12444155462802
70.40082219938336
67.68462780795771
70.03376890324475
99.64972628311345
80.70977620236172
83.68815151960065
84.72638798582126
73.51553159804519
73.67284015353314
73.14847830190658
70.50569456970867
94.40610776684775
95.63311449965393
81.85288503890764
88.58569121379281
82.4401703127294
76.11636638211297
76.00100677475513
73.33724856849214
74.48035740503806
111.12276359670281
91.53260481993414
87.95645699184092
91.13408981269795
79.47228223252301
77.5950668036999
76.33659835979613
73.11701659080899
72.08926736162091
94.00759275961155
89.37223399123268
88.16620173249156
92.57084128615475
79.17863959561214
78.53891813662773
77.14411561130105
74.27061266438744
71.36564800637625
87.6103781697674
95.86383371436962
83.71961323069824
90.22170019086771
84.09715376386937
76.51488138934916
75.83321098223462
73.86161042011872
70.82031168068461
71.07200536946536
101.04452880844013
80.971957128175
84.1391027119995
88.26058686578435
74.95228307150198
74.67961490865616
73.56796778320783
70.67349036222917
81.38095937244374
96.996455313883
83.88740902321874
88.1766889695241
85.38708391887073
75.40323426390083
74.61669148646098
72.62411645028001
69.68769008117121
81.00341883927261
103.01612937055603
86.72945025903475
86.97065671078298
85.97436919269249
76.04295572288525
75.23543847138033
73.74625081276088
70.82031168068461
73.87209765715124
110.01111647125448
84.91515825240683
84.51664324517063
88.76397424334584
75.55005558235628
74.89984688633933
73.93502107934644
70.96713299914005
70.08620508840741
104.22216162929715
90.76703651655934
85.9429074815949
88.7115380581832
76.47293244121904
74.8264362271116
73.5889422572729
70.77836273255448
67.69511504499025
78.95840761792898
100.64601380120394
86.51970551838413
87.02309289594564
84.17056442309709
75.77028756003943
75.37177255280324
73.48406988694758
70.49520733267613
72.04731841349079
107.08517733917822
88.98420622102901
84.83126035614657
90.10634058350988
79.87079723975921
75.50810663422615
74.5537680642658
71.68026511735218
68.80676217043857
93.73492459676574
98.10810243933133
85.2088008893177
86.18411393334313
85.55487971139124
75.06764267885983
74.07135516076934
71.86903538393774
69.12137928141452
67.47488306730709
103.62438911844285
90.84044717578706
85.33464773370808
88.82689766554104
77.03924324097574
74.92082136040439
73.67284015353314
71.26077563605092
68.15655347442163
88.13474002139397
98.32833441701449
77.98309457390356
84.56907943033329
82.28286175724143
71.44954590263649
70.77836273255448
69.21576441470731
66.25836357153345
73.7252763386958
106.77056022820229
81.09780397256539
84.98856891163454
86.46726933322147
74.03989344967175
73.10652935377645
71.03005642133523
67.83144912641316
65.78643790506953
96.91255741762275
85.76462445204187
81.31803595024854
86.62457788870944
76.37854730792625
72.50875684292217
71.97390775426307
69.88694758478931
67.07636806007089
95.25557396648279
92.93789458229335
77.00778152987814
86.24703735553831
78.85353524760367
71.49149485076661
71.27126287308346
68.97455796295908
73.83014870902112
103.12100174088135
77.26996245569143
81.28657423915095
85.09344128195985
71.48100761373409
71.48100761373409
70.43228391048095
67.79998741531556
100.00629234221952
90.93483230907985
82.76527466073789
88.53325502863015
79.54569289175075
75.45567044906349
75.50810663422615
73.23237619816683
72.08926736162091
104.02290412567905
86.91822052562033
87.82012291041802
91.22847494599073
77.87822220357825
77.07070495207333
75.27738741951046
72.03683117645825
100.93965643811481
99.13585166851941
85.42903286700086
90.69362585733163
82.76527466073789
77.53214338150471
77.41678377414686
75.04666820479477
72.1521907838161
100.15311366067496
87.51599303647461
85.95339471862744
92.29817312330893
78.37112234410722
77.49019443337458
75.89613440442982
73.84063594605365
97.34253413595654
86.56165446651426
88.6800763470856
89.6868511022086
78.1613776034566
77.62652851479749
77.49019443337458
76.0953919080479
98.97854311303144
97.29009795079388
92.29817312330893
93.40982024875726
83.77204941586089
80.18541435073516
78.80109906244101
75.18300228621767
91.83673469387755
102.54420370409213
90.76703651655934
92.38207101956918
88.76397424334584
80.25882500996288
79.2625374918724
75.959057826625
81.94727017220043
101.93594395620529
85.15636470415504
88.78494871741091
87.03358013297817
77.52165614447217
77.24898798162636
76.32611112276359
98.53807915766512
89.34077228013507
86.51970551838413
91.31237284225098
79.67153973614111
77.34337311491915
75.27738741951046
82.48211926085953
107.9451307758458
93.01130524152107
88.65910187302053
88.04035488810118
77.82578601841558
77.63701575183002
75.31933636764059
93.86077144115612
92.16183904188603
84.78931140801645
92.25622417517882
83.32109822346204
76.51488138934916
75.3612853157707
88.55422950269522
99.35608364620258
84.49566877110557
88.95274450993142
85.28221154854542
75.66541518971412
75.30884913060805
73.11701659080899
98.8946452167712
98.86318350567359
87.9459697548084
90.05390439834721
81.69557648341969
76.53585586341423
76.08490467101538
73.83014870902112
99.7650858904713
93.31543511546448
86.25752459257085
90.79849822765694
78.14040312939153
75.53956834532374
73.99794450154162
89.23589990980976
94.23831197432725
82.08360425362334
89.2149254357447
84.76833693395139
74.123791345932
73.60991673133796
72.16267802084863
100.44675629758584
94.51098013717306
86.66652683683957
89.86513413176165
77.37483482601674
75.07812991589236
73.37919751662227
72.58216750214989
108.90995658283869
88.23961239171928
85.4080583929358
89.92805755395683
78.33966063300963
75.44518321203095
73.44212093881745
92.66522641944754
91.67942613838959
75.74931308597436
88.37594647314219
75.959057826625
71.60685445812446
72.37242276149925
99.1987750907146
89.92805755395683
83.31061098642951
90.07487887241227
75.98003230069006
74.50133187910313
75.25641294544539
105.12406401409484
94.44805671497787
87.26429934769386
92.17232627891856
78.39209681817229
76.66170270780461
76.04295572288525
106.8125091763324
92.64425194538246
86.13167774818046
92.319147597374
77.67896469996015
75.48713216016108
75.19348952325021
97.69910019506261
92.67571365648007
77.00778152987814
88.78494871741091
79.29399920296999
75.58151729345387
75.0886171529249
100.79283511965937
85.42903286700086
76.07441743398284
88.94225727289889
76.87144744845523
71.54393103592928
76.64072823373954
103.19441240010907
77.17557732239864
78.25576273674938
87.31673553285651
69.35209849613021
69.17381546657718
87.51599303647461
94.31172263355496
71.29223734714851
83.70912599366571
77.39580930008181
68.43970887429998
70.28546259202551
97.5313044025421
80.14346540260503
74.24963819032237
85.96388195565996
70.08620508840741
69.46745810348806
86.60360341464438
95.98968055875999
71.97390775426307
84.85223483021163
76.45195796715397
69.15284099251211
82.60796610524991
104.88285756234663
78.84304801057114
82.56601715711979
83.2686620382994
72.61362921324748
73.48406988694758
96.37770832896365
87.27478658472639
82.5345554460222
94.7941355370514
77.8991966776433
74.70058938272123
100.71942446043165
96.36722109193111
83.25817480126686
92.66522641944754
80.6678272542316
76.83998573735764
92.97984353042348
104.51580426620802
89.12054030245191
93.7558990708308
88.2815613398494
80.69928896532919
84.24397508232481
111.74151058162217
93.66151393753802
89.30931056903748
92.95886905635841
78.60184155882291
77.97260733687102
88.82689766554104
109.42383119743272
81.50680621683411
88.8478721396061
88.39692094720725
75.40323426390083
75.50810663422615
80.37418461732072
105.2079619103551
77.85724772951318
85.29269878557795
84.06569205277178
71.952933280198
70.76787549552195
78.41307129223735
98.93659416490132
70.8832351028798
78.97938209199404
83.7405877047633
68.46068334836504
69.15284099251211
98.38077060217715
83.18476414203914
69.67720284413869
86.05826708895275
69.68769008117121
67.12880424523355
82.6394278163475
92.37158378253666
75.66541518971412
87.72573777712523
78.4969691884976
69.84499863665918
76.68267718186966
105.33380875474548
81.3704721354112
84.64249008956101
89.66587662814355
73.45260817584999
73.5260188350777
106.57130272458419
89.33028504310255
81.7375254315498
91.22847494599073
76.60926652264195
73.53650607211024
87.93548251777587
100.66698827526899
87.7467122511903
90.73557480546175
87.33771000692158
77.99358181093609
75.98003230069006
95.5597038404262
104.94578098454181
90.09585334647734
93.46225643391992
85.05149233382973
78.5284308995952
77.43775824821192
102.17715040795352
104.63116387356587
89.6868511022086
94.16490131509953
86.65603959980703
79.53520565471821
79.00035656605911
89.60295320594837
108.86800763470856
89.07859135432179
91.06067915347023
92.4554816787969
77.5950668036999
77.26996245569143
95.34995909977557
100.60406485307381
86.24703735553831
92.30866036034146
83.6042536233404
77.39580930008181
77.24898798162636
77.2280135075613
108.33315854604946
96.2938104327034
89.85464689472911
92.2876858862764
78.08796694422887
77.09167942613838
75.31933636764059
82.21993833504625
99.35608364620258
84.99905614866708
90.14828953163999
80.12249092853996
74.50133187910313
73.23237619816683
94.59487803343332
100.02726681628458
81.77947437967993
86.0792415630178
80.85659752081716
71.39710971747384
70.50569456970867
71.09297984353043
107.62002642783732
91.52211758290161
81.59070411309436
84.2754367934224
72.40388447259686
69.31014954800008
68.4501961113325
75.50810663422615
105.33380875474548
79.7973865805315
78.24527549971684
80.91952094301236
68.15655347442163
67.08685529710343
74.4908446420706
103.68731254063805
76.72462612999979
73.03311869454873
77.8991966776433
64.45455880193805
62.95488390628605
66.34226146779369
104.3060595255574
82.66040229041256
73.25335067223189
80.79367409862198
71.30272458418105
63.196090358034276
62.11590494368354
78.84304801057114
90.35803427229062
70.19107745873272
78.03553075906622
73.4211464647524
63.17511588396921
62.05298152148835
90.76703651655934
88.44935713236991
64.69576525368626
73.41065922771986
69.0479686221868
60.31210017408814
59.97650858904713
94.87803343331166
78.54940537366025
65.75497619397194
77.8991966776433
65.47182079409359
60.091868196404974
63.05975627661137
103.12100174088135
77.31191140382155
69.15284099251211
80.04908026931224
65.68156553474422
61.895672966000376
63.500220231977686
90.75654927952682
76.8609602114227
68.63896637791808
80.24833777293034
67.31757451181912
62.00054533632569
68.56555571869035
101.05501604547266
68.99553243702414
72.66606539841014
81.24462529102082
64.276275772385
61.895672966000376
86.86578434045767
97.61520229880236
72.8862973760933
78.06699247016381
75.67590242674665
66.05910606791535
64.89502275730436
92.49743062692703
97.13278939530592
74.64815319755857
82.51358097195713
76.92388363361789
67.71608951905532
67.74755123015291
99.69167523124358
88.15571449545902
73.51553159804519
85.9429074815949
78.96889485496152
69.21576441470731
72.56119302808482
107.7144115611301
86.71896302200223
80.09102921744237
86.59311617761185
72.52973131698722
70.35887325125323
71.31321182121359
107.53612853157708
88.55422950269522
81.62216582419195
86.42532038509134
74.93130859743692
71.36564800637625
71.98439499129559
99.45046877949535
97.32155966189148
81.9367829351679
87.83061014745056
80.95098265410995
72.37242276149925
71.281750110116
81.39144660947626
100.80332235669191
81.3704721354112
85.29269878557795
80.54198040984123
70.99859471023764
69.87646034775678
69.37307297019527
89.51905530968811
103.05807831868616
79.98615684711706
85.06197957086226
81.41242108354133
70.73641378442436
70.20156469576526
78.07747970719635
97.25863623969629
76.08490467101538
81.83191056484259
78.46550747740001
68.62847914088555
68.3138620299096
83.45743230488496
104.4738553180779
82.26188728317638
81.9367829351679
80.74123791345932
70.24351364389538
68.55506848165783
69.56184323678085
100.32090945319547
89.92805755395683
81.7060637204522
88.70105082115066
74.60620424942844
71.56490550999433
71.952933280198
97.60471506176982
87.3481972439541
79.13669064748201
86.83432262936007
74.4908446420706
69.47794534052059
70.35887325125323
101.66327579335949
98.02420454307108
81.91580846110284
86.11070327411541
79.66105249910859
70.93567128804246
70.23302640686285
75.65492795268159
109.17213750865197
88.65910187302053
82.70235123854269
88.05084212513371
74.42792121987542
71.60685445812446
71.65929064328712
104.5053170291755
89.12054030245191
79.58764183988086
88.33399752501207
75.09910438995742
70.24351364389538
70.19107745873272
97.31107242485895
99.40851983136523
81.6011913501269
82.19896386098118
79.52471841768568
71.04054365836777
69.9498710069845
79.3988715732953
106.00499192482748
84.00276863057658
81.22365081695577
84.1391027119995
71.44954590263649
71.48100761373409
75.87515993036475
106.92786878369024
