81.95385177482363
81.95385177482363
81.95385177482363
83.47151569657963
83.97740367049829
83.97740367049829
83.97740367049829
83.97740367049829
83.97740367049829
83.97740367049829
83.97740367049829
83.97740367049829
83.97740367049829
83.97740367049829
83.97740367049829
83.97740367049829
83.97740367049829
83.97740367049829
83.97740367049829
83.97740367049829
83.97740367049829
83.97740367049829
83.97740367049829
81.5884882381046
78.91852393131165
78.91852393131165
78.91852393131165
78.91852393131165
78.91852393131165
78.91852393131165
78.91852393131165
78.91852393131165
78.91852393131165
78.91852393131165
78.91852393131165
78.91852393131165
78.91852393131165
78.91852393131165
78.91852393131165
78.91852393131165
78.91852393131165
78.91852393131165
78.91852393131165
80.8296562772266
82.96562772266097
82.96562772266097
82.96562772266097
82.96562772266097
82.96562772266097
82.96562772266097
82.96562772266097
82.96562772266097
82.96562772266097
82.96562772266097
82.96562772266097
82.96562772266097
82.96562772266097
82.96562772266097
82.96562772266097
82.96562772266097
82.96562772266097
82.96562772266097
82.96562772266097
82.96562772266097
82.96562772266097
77.90674798347432
76.894972035637
76.894972035637
76.894972035637
76.894972035637
76.894972035637
76.894972035637
76.894972035637
76.894972035637
76.894972035637
76.894972035637
76.894972035637
76.894972035637
76.894972035637
76.894972035637
76.894972035637
76.894972035637
76.894972035637
76.894972035637
76.894972035637
76.894972035637
78.49695061971276
79.93029987914898
79.93029987914898
79.93029987914898
79.93029987914898
79.93029987914898
79.93029987914898
79.93029987914898
79.93029987914898
79.93029987914898
79.93029987914898
79.93029987914898
79.93029987914898
79.93029987914898
79.93029987914898
79.93029987914898
79.93029987914898
79.93029987914898
79.93029987914898
79.93029987914898
79.93029987914898
79.93029987914898
77.9910626457941
76.894972035637
76.894972035637
76.894972035637
76.894972035637
76.894972035637
76.894972035637
76.894972035637
76.894972035637
76.894972035637
76.894972035637
76.894972035637
76.894972035637
76.894972035637
76.894972035637
76.894972035637
76.894972035637
76.894972035637
76.894972035637
76.894972035637
76.52960849891795
75.88319608779966
75.88319608779966
75.88319608779966
75.88319608779966
75.88319608779966
75.88319608779966
75.88319608779966
75.88319608779966
75.88319608779966
75.88319608779966
75.88319608779966
75.88319608779966
75.88319608779966
75.88319608779966
75.88319608779966
75.88319608779966
75.88319608779966
75.88319608779966
75.88319608779966
79.11525814339113
80.94207582698631
80.94207582698631
80.94207582698631
80.94207582698631
80.94207582698631
80.94207582698631
80.94207582698631
80.94207582698631
80.94207582698631
80.94207582698631
80.94207582698631
80.94207582698631
80.94207582698631
80.94207582698631
80.94207582698631
80.94207582698631
80.94207582698631
80.94207582698631
80.94207582698631
80.94207582698631
82.68457884826171
82.96562772266097
82.96562772266097
82.96562772266097
82.96562772266097
82.96562772266097
82.96562772266097
82.96562772266097
82.96562772266097
82.96562772266097
82.96562772266097
82.96562772266097
82.96562772266097
82.96562772266097
82.96562772266097
82.96562772266097
82.96562772266097
82.96562772266097
82.96562772266097
82.96562772266097
82.96562772266097
83.75256457097889
83.97740367049829
83.97740367049829
83.97740367049829
83.97740367049829
83.97740367049829
83.97740367049829
83.97740367049829
83.97740367049829
83.97740367049829
83.97740367049829
83.97740367049829
83.97740367049829
83.97740367049829
83.97740367049829
83.97740367049829
83.97740367049829
83.97740367049829
83.97740367049829
83.97740367049829
83.5558303588994
80.94207582698631
80.94207582698631
80.94207582698631
80.94207582698631
80.94207582698631
80.94207582698631
80.94207582698631
80.94207582698631
80.94207582698631
80.94207582698631
80.94207582698631
80.94207582698631
80.94207582698631
80.94207582698631
80.94207582698631
80.94207582698631
80.94207582698631
80.94207582698631
80.94207582698631
80.94207582698631
80.94207582698631
80.94207582698631
80.94207582698631
81.95385177482363
81.95385177482363
81.95385177482363
81.95385177482363
81.95385177482363
81.95385177482363
81.95385177482363
81.95385177482363
81.95385177482363
81.95385177482363
81.95385177482363
81.95385177482363
81.95385177482363
81.95385177482363
81.95385177482363
81.95385177482363
81.95385177482363
81.95385177482363
81.95385177482363
81.95385177482363
81.95385177482363
81.53227846322474
76.894972035637
76.894972035637
76.894972035637
76.894972035637
76.894972035637
76.894972035637
76.894972035637
76.894972035637
76.894972035637
76.894972035637
76.894972035637
76.894972035637
76.894972035637
76.894972035637
76.894972035637
76.894972035637
76.894972035637
76.894972035637
76.894972035637
76.894972035637
76.894972035637
80.94207582698631
80.94207582698631
80.94207582698631
80.94207582698631
80.94207582698631
80.94207582698631
80.94207582698631
80.94207582698631
80.94207582698631
80.94207582698631
80.94207582698631
80.94207582698631
80.94207582698631
80.94207582698631
80.94207582698631
80.94207582698631
80.94207582698631
80.94207582698631
80.94207582698631
80.94207582698631
80.94207582698631
80.94207582698631
80.94207582698631
80.94207582698631
80.94207582698631
80.94207582698631
80.94207582698631
80.94207582698631
80.94207582698631
80.94207582698631
80.94207582698631
80.94207582698631
80.94207582698631
80.94207582698631
80.94207582698631
80.94207582698631
80.94207582698631
80.94207582698631
80.94207582698631
80.94207582698631
80.94207582698631
80.94207582698631
80.94207582698631
80.94207582698631
80.94207582698631
80.94207582698631
80.94207582698631
80.94207582698631
80.94207582698631
80.94207582698631
80.94207582698631
80.94207582698631
80.94207582698631
80.94207582698631
80.94207582698631
80.94207582698631
80.94207582698631
80.94207582698631
80.94207582698631
80.94207582698631
80.94207582698631
80.94207582698631
80.94207582698631
80.94207582698631
80.94207582698631
81.56038335066468
82.96562772266097
82.96562772266097
82.96562772266097
82.96562772266097
82.96562772266097
82.96562772266097
82.96562772266097
82.96562772266097
82.96562772266097
82.96562772266097
82.96562772266097
82.96562772266097
82.96562772266097
82.96562772266097
82.96562772266097
82.96562772266097
82.96562772266097
82.96562772266097
82.96562772266097
82.96562772266097
82.96562772266097
82.96562772266097
82.96562772266097
82.96562772266097
82.96562772266097
82.96562772266097
82.96562772266097
82.96562772266097
82.96562772266097
82.96562772266097
82.96562772266097
82.96562772266097
82.96562772266097
82.96562772266097
82.96562772266097
82.96562772266097
82.96562772266097
82.96562772266097
82.96562772266097
82.96562772266097
82.96562772266097
82.96562772266097
82.96562772266097
81.84143222506393
80.94207582698631
80.94207582698631
80.94207582698631
80.94207582698631
80.94207582698631
80.94207582698631
80.94207582698631
80.94207582698631
80.94207582698631
80.94207582698631
80.94207582698631
80.94207582698631
80.94207582698631
80.94207582698631
80.94207582698631
80.94207582698631
80.94207582698631
80.94207582698631
80.94207582698631
80.94207582698631
80.46429274050757
79.93029987914898
79.93029987914898
79.93029987914898
79.93029987914898
79.93029987914898
79.93029987914898
79.93029987914898
79.93029987914898
79.93029987914898
79.93029987914898
79.93029987914898
79.93029987914898
79.93029987914898
79.93029987914898
79.93029987914898
79.93029987914898
79.93029987914898
79.93029987914898
79.93029987914898
79.93029987914898
79.93029987914898
79.00283859363142
76.894972035637
76.894972035637
76.894972035637
76.894972035637
76.894972035637
76.894972035637
76.894972035637
76.894972035637
76.894972035637
76.894972035637
76.894972035637
76.894972035637
76.894972035637
76.894972035637
76.894972035637
76.894972035637
76.894972035637
76.894972035637
76.894972035637
76.894972035637
78.58126528203253
78.91852393131165
78.91852393131165
78.91852393131165
78.91852393131165
78.91852393131165
78.91852393131165
78.91852393131165
78.91852393131165
78.91852393131165
78.91852393131165
78.91852393131165
78.91852393131165
78.91852393131165
78.91852393131165
78.91852393131165
78.91852393131165
78.91852393131165
78.91852393131165
78.91852393131165
78.91852393131165
78.91852393131165
78.91852393131165
78.91852393131165
78.91852393131165
78.91852393131165
78.91852393131165
78.91852393131165
78.91852393131165
78.91852393131165
78.91852393131165
78.91852393131165
78.91852393131165
78.91852393131165
78.91852393131165
78.91852393131165
78.91852393131165
78.91852393131165
78.91852393131165
78.91852393131165
80.43618785306764
84.98917961833563
84.98917961833563
84.98917961833563
84.98917961833563
84.98917961833563
84.98917961833563
84.98917961833563
84.98917961833563
84.98917961833563
84.98917961833563
84.98917961833563
84.98917961833563
84.98917961833563
84.98917961833563
84.98917961833563
84.98917961833563
84.98917961833563
84.98917961833563
84.98917961833563
85.0734942806554
88.0245074618476
88.0245074618476
88.0245074618476
88.0245074618476
88.0245074618476
88.0245074618476
88.0245074618476
88.0245074618476
88.0245074618476
88.0245074618476
88.0245074618476
88.0245074618476
88.0245074618476
88.0245074618476
88.0245074618476
88.0245074618476
88.0245074618476
88.0245074618476
88.0245074618476
88.7833394227256
91.0598353053596
91.0598353053596
91.0598353053596
91.0598353053596
91.0598353053596
91.0598353053596
91.0598353053596
91.0598353053596
91.0598353053596
91.0598353053596
91.0598353053596
91.0598353053596
91.0598353053596
91.0598353053596
91.0598353053596
91.0598353053596
91.0598353053596
91.0598353053596
91.0598353053596
91.0598353053596
88.7833394227256
88.0245074618476
88.0245074618476
88.0245074618476
88.0245074618476
88.0245074618476
88.0245074618476
88.0245074618476
88.0245074618476
88.0245074618476
88.0245074618476
88.0245074618476
88.0245074618476
88.0245074618476
88.0245074618476
88.0245074618476
88.0245074618476
88.0245074618476
88.0245074618476
88.0245074618476
88.0245074618476
88.0245074618476
86.47873865265169
82.96562772266097
82.96562772266097
82.96562772266097
82.96562772266097
82.96562772266097
82.96562772266097
82.96562772266097
82.96562772266097
82.96562772266097
82.96562772266097
82.96562772266097
82.96562772266097
82.96562772266097
82.96562772266097
82.96562772266097
82.96562772266097
82.96562772266097
82.96562772266097
82.96562772266097
82.96562772266097
82.572159298502
80.94207582698631
80.94207582698631
80.94207582698631
80.94207582698631
80.94207582698631
80.94207582698631
80.94207582698631
80.94207582698631
80.94207582698631
80.94207582698631
80.94207582698631
80.94207582698631
80.94207582698631
80.94207582698631
80.94207582698631
80.94207582698631
80.94207582698631
80.94207582698631
80.94207582698631
80.94207582698631
80.94207582698631
80.94207582698631
80.09892920378853
79.93029987914898
79.93029987914898
79.93029987914898
79.93029987914898
79.93029987914898
79.93029987914898
79.93029987914898
79.93029987914898
79.93029987914898
79.93029987914898
79.93029987914898
79.93029987914898
79.93029987914898
79.93029987914898
79.93029987914898
79.93029987914898
79.93029987914898
79.93029987914898
79.93029987914898
79.93029987914898
80.77344650234676
81.95385177482363
81.95385177482363
81.95385177482363
81.95385177482363
81.95385177482363
81.95385177482363
81.95385177482363
81.95385177482363
81.95385177482363
81.95385177482363
81.95385177482363
81.95385177482363
81.95385177482363
81.95385177482363
81.95385177482363
81.95385177482363
81.95385177482363
81.95385177482363
81.95385177482363
81.95385177482363
81.95385177482363
80.7172367274669
77.90674798347432
77.90674798347432
77.90674798347432
77.90674798347432
77.90674798347432
77.90674798347432
77.90674798347432
77.90674798347432
77.90674798347432
77.90674798347432
77.90674798347432
77.90674798347432
77.90674798347432
77.90674798347432
77.90674798347432
77.90674798347432
77.90674798347432
77.90674798347432
77.90674798347432
77.90674798347432
77.90674798347432
77.90674798347432
77.90674798347432
77.90674798347432
77.90674798347432
77.90674798347432
77.90674798347432
77.90674798347432
77.90674798347432
77.90674798347432
77.90674798347432
77.90674798347432
77.90674798347432
77.90674798347432
77.90674798347432
77.90674798347432
77.90674798347432
77.90674798347432
77.90674798347432
77.90674798347432
77.90674798347432
77.90674798347432
77.90674798347432
77.90674798347432
77.90674798347432
77.90674798347432
77.90674798347432
77.90674798347432
77.90674798347432
77.90674798347432
77.90674798347432
77.90674798347432
77.90674798347432
77.90674798347432
77.90674798347432
77.90674798347432
77.90674798347432
77.90674798347432
78.15969197043366
80.94207582698631
80.94207582698631
80.94207582698631
80.94207582698631
80.94207582698631
80.94207582698631
80.94207582698631
80.94207582698631
80.94207582698631
80.94207582698631
80.94207582698631
80.94207582698631
80.94207582698631
80.94207582698631
80.94207582698631
80.94207582698631
80.94207582698631
80.94207582698631
80.94207582698631
80.94207582698631
80.43618785306764
78.91852393131165
78.91852393131165
78.91852393131165
78.91852393131165
78.91852393131165
78.91852393131165
78.91852393131165
78.91852393131165
78.91852393131165
78.91852393131165
78.91852393131165
78.91852393131165
78.91852393131165
78.91852393131165
78.91852393131165
78.91852393131165
78.91852393131165
78.91852393131165
78.91852393131165
81.72901267530423
83.97740367049829
83.97740367049829
83.97740367049829
83.97740367049829
83.97740367049829
83.97740367049829
83.97740367049829
83.97740367049829
83.97740367049829
83.97740367049829
83.97740367049829
83.97740367049829
83.97740367049829
83.97740367049829
83.97740367049829
83.97740367049829
83.97740367049829
83.97740367049829
83.97740367049829
83.97740367049829
84.73623563137629
84.98917961833563
84.98917961833563
84.98917961833563
84.98917961833563
84.98917961833563
84.98917961833563
84.98917961833563
84.98917961833563
84.98917961833563
84.98917961833563
84.98917961833563
84.98917961833563
84.98917961833563
84.98917961833563
84.98917961833563
84.98917961833563
84.98917961833563
84.98917961833563
84.98917961833563
84.98917961833563
84.98917961833563
84.98917961833563
82.31921531154266
79.93029987914898
79.93029987914898
79.93029987914898
79.93029987914898
79.93029987914898
79.93029987914898
79.93029987914898
79.93029987914898
79.93029987914898
79.93029987914898
79.93029987914898
79.93029987914898
79.93029987914898
79.93029987914898
79.93029987914898
79.93029987914898
79.93029987914898
79.93029987914898
79.93029987914898
79.93029987914898
79.93029987914898
79.93029987914898
79.93029987914898
79.93029987914898
79.93029987914898
79.93029987914898
79.93029987914898
79.93029987914898
79.93029987914898
79.93029987914898
79.93029987914898
79.93029987914898
79.93029987914898
79.93029987914898
79.93029987914898
79.93029987914898
79.93029987914898
79.93029987914898
79.93029987914898
79.93029987914898
79.93029987914898
79.93029987914898
79.93029987914898
79.93029987914898
80.88586605210645
80.94207582698631
80.94207582698631
80.94207582698631
80.94207582698631
80.94207582698631
80.94207582698631
80.94207582698631
80.94207582698631
80.94207582698631
80.94207582698631
80.94207582698631
80.94207582698631
80.94207582698631
80.94207582698631
80.94207582698631
80.94207582698631
80.94207582698631
80.94207582698631
80.94207582698631
81.39175402602513
81.95385177482363
81.95385177482363
81.95385177482363
81.95385177482363
81.95385177482363
81.95385177482363
81.95385177482363
81.95385177482363
81.95385177482363
81.95385177482363
81.95385177482363
81.95385177482363
81.95385177482363
81.95385177482363
81.95385177482363
81.95385177482363
81.95385177482363
81.95385177482363
81.95385177482363
81.95385177482363
81.95385177482363
81.95385177482363
81.95385177482363
81.95385177482363
81.95385177482363
81.95385177482363
81.95385177482363
81.95385177482363
81.95385177482363
81.95385177482363
81.95385177482363
81.95385177482363
81.95385177482363
81.95385177482363
81.95385177482363
81.95385177482363
81.95385177482363
81.95385177482363
81.95385177482363
81.95385177482363
81.95385177482363
81.95385177482363
81.95385177482363
81.30743936370534
80.94207582698631
80.94207582698631
80.94207582698631
80.94207582698631
80.94207582698631
80.94207582698631
80.94207582698631
80.94207582698631
80.94207582698631
80.94207582698631
80.94207582698631
80.94207582698631
80.94207582698631
80.94207582698631
80.94207582698631
80.94207582698631
80.94207582698631
80.94207582698631
80.94207582698631
80.94207582698631
80.94207582698631
79.59304122986987
77.90674798347432
77.90674798347432
77.90674798347432
77.90674798347432
77.90674798347432
77.90674798347432
77.90674798347432
77.90674798347432
77.90674798347432
77.90674798347432
77.90674798347432
77.90674798347432
77.90674798347432
77.90674798347432
77.90674798347432
77.90674798347432
77.90674798347432
77.90674798347432
78.2159017453135
78.91852393131165
78.91852393131165
78.91852393131165
78.91852393131165
78.91852393131165
78.91852393131165
