1.03872121876623
1.03872121876623
1.03872121876623
1.03872121876623
1.03872121876623
1.03872121876623
1.03872121876623
1.03872121876623
1.03872121876623
1.03872121876623
1.03872121876623
1.03872121876623
1.03872121876623
1.03872121876623
1.03872121876623
1.03872121876623
1.03872121876623
1.03872121876623
1.03872121876623
1.03872121876623
1.03872121876623
1.03872121876623
1.03872121876623
1.03872121876623
1.03872121876623
1.03872121876623
1.03872121876623
1.03872121876623
1.03872121876623
1.03872121876623
1.03872121876623
1.03872121876623
1.03872121876623
1.03872121876623
1.03872121876623
1.03872121876623
1.03872121876623
1.03872121876623
1.03872121876623
1.03872121876623
1.03872121876623
1.03872121876623
1.03872121876623
1.03872121876623
1.03872121876623
1.03872121876623
1.03872121876623
1.03872121876623
1.03872121876623
1.03872121876623
1.03872121876623
1.03872121876623
1.03872121876623
1.03872121876623
1.03872121876623
1.03872121876623
1.03872121876623
1.03872121876623
1.03872121876623
1.03872121876623
1.03872121876623
1.03872121876623
1.03872121876623
1.03872121876623
1.03872121876623
1.03872121876623
1.03872121876623
1.03872121876623
1.03872121876623
1.03872121876623
1.03872121876623
1.03872121876623
1.03872121876623
1.03872121876623
1.03872121876623
1.03872121876623
1.03872121876623
1.03872121876623
1.03872121876623
1.03872121876623
1.03872121876623
1.03872121876623
1.03872121876623
1.03872121876623
1.03872121876623
1.03872121876623
1.03872121876623
1.03872121876623
1.03872121876623
1.03872121876623
1.03872121876623
1.03872121876623
1.03872121876623
1.03872121876623
1.03872121876623
1.03872121876623
1.03872121876623
1.03872121876623
1.03872121876623
1.03872121876623
1.03872121876623
1.03872121876623
1.03872121876623
1.03872121876623
1.03872121876623
1.03872121876623
1.03872121876623
1.03872121876623
1.03872121876623
1.03872121876623
1.03872121876623
1.03872121876623
1.03872121876623
1.03872121876623
1.03872121876623
1.03872121876623
1.03872121876623
1.03872121876623
1.03872121876623
1.03872121876623
1.03872121876623
1.03872121876623
1.03872121876623
1.03872121876623
1.03872121876623
1.03872121876623
1.03872121876623
1.03872121876623
1.03872121876623
1.03872121876623
1.03872121876623
1.03872121876623
1.03872121876623
1.03872121876623
1.03872121876623
1.03872121876623
1.03872121876623
1.03872121876623
1.03872121876623
1.03872121876623
1.03872121876623
1.03872121876623
1.03872121876623
1.03872121876623
1.03872121876623
1.03872121876623
1.03872121876623
1.03872121876623
1.03872121876623
1.03872121876623
1.03872121876623
1.03872121876623
1.03872121876623
1.03872121876623
1.03872121876623
1.03872121876623
1.03872121876623
1.03872121876623
1.03872121876623
1.03872121876623
1.03872121876623
1.03872121876623
1.03872121876623
1.03872121876623
1.03872121876623
1.03872121876623
1.03872121876623
1.03872121876623
1.03872121876623
1.03872121876623
1.03872121876623
1.03872121876623
1.03872121876623
1.03872121876623
1.03872121876623
1.03872121876623
1.03872121876623
1.03872121876623
1.03872121876623
1.03872121876623
1.03872121876623
1.03872121876623
1.03872121876623
1.03872121876623
1.03872121876623
1.03872121876623
1.03872121876623
1.03872121876623
1.03872121876623
1.03872121876623
1.03872121876623
1.03872121876623
1.03872121876623
1.03872121876623
1.03872121876623
1.03872121876623
1.03872121876623
1.03872121876623
1.03872121876623
1.03872121876623
1.03872121876623
1.03872121876623
1.03872121876623
1.03872121876623
1.03872121876623
1.03872121876623
1.03872121876623
1.03872121876623
1.03872121876623
1.03872121876623
1.03872121876623
1.03872121876623
1.03872121876623
1.03872121876623
1.03872121876623
1.03872121876623
1.03872121876623
1.03872121876623
1.03872121876623
1.03872121876623
1.03872121876623
1.03872121876623
1.03872121876623
1.03872121876623
1.03872121876623
1.03872121876623
1.03872121876623
1.03872121876623
1.03872121876623
1.03872121876623
1.03872121876623
1.03872121876623
1.03872121876623
1.03872121876623
1.03872121876623
1.03872121876623
1.03872121876623
1.03872121876623
1.03872121876623
1.03872121876623
1.03872121876623
1.03872121876623
1.03872121876623
1.03872121876623
1.03872121876623
1.03872121876623
1.03872121876623
1.03872121876623
1.03872121876623
1.03872121876623
1.03872121876623
1.03872121876623
1.03872121876623
1.03872121876623
1.03872121876623
1.03872121876623
1.03872121876623
1.03872121876623
1.03872121876623
1.03872121876623
1.03872121876623
1.03872121876623
1.03872121876623
1.03872121876623
1.03872121876623
1.03872121876623
1.03872121876623
1.03872121876623
1.03872121876623
1.03872121876623
1.03872121876623
1.03872121876623
1.03872121876623
1.03872121876623
1.03872121876623
1.03872121876623
1.03872121876623
1.03872121876623
1.03872121876623
1.03872121876623
1.03872121876623
1.03872121876623
1.03872121876623
1.03872121876623
1.03872121876623
1.03872121876623
1.03872121876623
2.019735703156558
2.07744243753246
2.07744243753246
2.07744243753246
1.2695481562698367
1.03872121876623
1.03872121876623
1.03872121876623
1.03872121876623
1.03872121876623
1.03872121876623
1.03872121876623
1.03872121876623
1.03872121876623
1.03872121876623
1.03872121876623
2.07744243753246
2.07744243753246
2.07744243753246
2.07744243753246
2.07744243753246
2.07744243753246
2.07744243753246
2.07744243753246
2.07744243753246
2.7699232500432798
4.212591609440822
6.3477407813491835
9.059957297016561
11.714467078308038
14.311270125223613
16.56183276588378
18.35074153153673
19.677996422182467
20.48589070344509
20.7744243753246
19.73570315655837
19.33175601592706
19.216342547175255
19.73570315655837
19.966530094061977
20.7744243753246
21.582318656587223
22.043972531594438
22.85186681285706
22.85186681285706
23.717467828495586
23.890588031623288
23.890588031623288
23.890588031623288
23.890588031623288
23.890588031623288
23.890588031623288
23.890588031623288
23.890588031623288
23.890588031623288
23.890588031623288
23.890588031623288
23.890588031623288
23.890588031623288
23.890588031623288
23.890588031623288
22.85186681285706
21.46690518783542
19.79340989093427
18.00450112528132
16.100178890876563
14.542097062727219
13.272548906457383
12.46465462519476
11.42593340642853
11.42593340642853
10.3872121876623
10.3872121876623
10.3872121876623
10.3872121876623
10.3872121876623
10.3872121876623
10.3872121876623
10.3872121876623
10.3872121876623
10.3872121876623
10.3872121876623
10.675745859541808
11.42593340642853
11.42593340642853
11.42593340642853
11.42593340642853
11.42593340642853
11.42593340642853
11.42593340642853
12.406947890818858
12.810895031450169
13.50337584396099
14.253563390847711
14.542097062727219
14.715217265854925
15.58081828149345
15.58081828149345
15.58081828149345
16.27329909400427
16.850366437763288
17.65826071902591
18.69698193779214
19.158635812799353
19.73570315655837
19.73570315655837
19.73570315655837
19.73570315655837
19.73570315655837
19.216342547175255
18.69698193779214
17.946794390905417
17.65826071902591
17.3120203127705
16.61953950025968
16.61953950025968
15.696231750245254
15.176871140862138
14.542097062727219
13.50337584396099
13.50337584396099
12.46465462519476
12.46465462519476
12.46465462519476
12.46465462519476
12.46465462519476
12.176120953315252
11.42593340642853
11.42593340642853
11.42593340642853
11.42593340642853
11.42593340642853
11.42593340642853
11.42593340642853
11.42593340642853
11.42593340642853
11.42593340642853
11.42593340642853
11.42593340642853
11.42593340642853
11.42593340642853
11.42593340642853
11.42593340642853
11.42593340642853
11.42593340642853
11.42593340642853
11.42593340642853
11.42593340642853
11.42593340642853
11.42593340642853
11.42593340642853
11.42593340642853
11.42593340642853
11.42593340642853
11.42593340642853
11.42593340642853
11.42593340642853
11.42593340642853
11.42593340642853
12.406947890818858
13.21484217208148
14.368976859599515
15.292284609613942
15.58081828149345
15.58081828149345
15.58081828149345
15.58081828149345
15.292284609613942
14.542097062727219
13.50337584396099
12.46465462519476
12.46465462519476
12.522361359570661
13.907322984592302
15.696231750245254
17.485140515898205
19.274049281551157
20.947544578452305
22.274799469098042
23.48664089099198
24.58306884413411
25.27554965664493
25.96803046915575
25.96803046915575
27.00675168792198
27.00675168792198
27.00675168792198
27.00675168792198
27.00675168792198
27.00675168792198
27.00675168792198
26.083443937907553
25.96803046915575
25.96803046915575
25.96803046915575
25.96803046915575
25.96803046915575
25.27554965664493
24.92930925038952
24.92930925038952
24.92930925038952
24.92930925038952
24.92930925038952
24.92930925038952
24.92930925038952
24.92930925038952
24.92930925038952
24.92930925038952
24.92930925038952
24.92930925038952
24.92930925038952
24.92930925038952
24.92930925038952
24.92930925038952
24.92930925038952
25.448669859772636
25.96803046915575
25.96803046915575
26.371977609787063
27.00675168792198
27.00675168792198
27.00675168792198
27.00675168792198
26.66051128166657
25.96803046915575
25.96803046915575
25.96803046915575
25.96803046915575
25.96803046915575
25.96803046915575
25.96803046915575
25.96803046915575
25.96803046915575
25.96803046915575
25.96803046915575
25.96803046915575
25.96803046915575
25.96803046915575
25.96803046915575
25.96803046915575
25.96803046915575
25.96803046915575
25.96803046915575
25.96803046915575
25.96803046915575
26.94904495354608
27.00675168792198
27.00675168792198
27.00675168792198
27.00675168792198
27.00675168792198
27.00675168792198
27.98776617231231
28.04547290668821
28.04547290668821
28.04547290668821
28.04547290668821
28.04547290668821
28.04547290668821
28.04547290668821
28.04547290668821
28.04547290668821
28.04547290668821
27.237578625425588
27.00675168792198
27.00675168792198
26.25656414103526
25.96803046915575
25.96803046915575
25.96803046915575
25.621790062900338
24.92930925038952
24.92930925038952
24.92930925038952
24.92930925038952
24.92930925038952
24.92930925038952
24.92930925038952
24.92930925038952
25.390963125396734
25.96803046915575
25.96803046915575
25.96803046915575
25.96803046915575
25.96803046915575
25.96803046915575
25.96803046915575
25.96803046915575
25.96803046915575
25.96803046915575
25.96803046915575
25.96803046915575
25.96803046915575
25.96803046915575
24.98701598476542
24.92930925038952
24.92930925038952
24.006001500375092
23.890588031623288
23.19810721911247
22.85186681285706
23.54434762536788
23.890588031623288
23.890588031623288
23.890588031623288
23.890588031623288
23.890588031623288
24.871602516013617
24.92930925038952
24.92930925038952
24.92930925038952
24.92930925038952
24.52536210975821
23.890588031623288
23.890588031623288
24.813895781637715
24.92930925038952
25.852617000403946
25.96803046915575
26.775924750418373
27.00675168792198
27.00675168792198
27.00675168792198
27.00675168792198
27.00675168792198
27.00675168792198
27.00675168792198
27.00675168792198
27.00675168792198
27.00675168792198
27.00675168792198
27.00675168792198
25.96803046915575
25.21784292226903
24.92930925038952
24.92930925038952
24.92930925038952
25.448669859772636
25.96803046915575
25.96803046915575
25.96803046915575
25.96803046915575
25.96803046915575
25.96803046915575
25.96803046915575
25.96803046915575
25.96803046915575
25.96803046915575
25.96803046915575
25.96803046915575
25.96803046915575
25.96803046915575
25.96803046915575
25.96803046915575
25.96803046915575
25.96803046915575
25.96803046915575
25.96803046915575
25.96803046915575
25.96803046915575
25.96803046915575
25.96803046915575
25.96803046915575
25.96803046915575
25.96803046915575
25.96803046915575
25.96803046915575
25.96803046915575
25.96803046915575
25.96803046915575
25.96803046915575
25.96803046915575
25.96803046915575
25.96803046915575
25.96803046915575
25.96803046915575
25.96803046915575
25.96803046915575
25.96803046915575
25.96803046915575
25.96803046915575
25.96803046915575
25.102429453517225
24.92930925038952
23.94829476599919
23.140400484736567
22.390212937849846
21.81314559409083
21.46690518783542
20.7744243753246
20.889837844076403
21.81314559409083
22.621039875353453
23.659761094119684
24.813895781637715
25.852617000403946
26.602804547290667
27.00675168792198
27.872352703560505
28.04547290668821
28.04547290668821
28.04547290668821
28.04547290668821
28.04547290668821
28.04547290668821
28.04547290668821
28.04547290668821
28.04547290668821
28.04547290668821
28.04547290668821
28.04547290668821
28.04547290668821
28.04547290668821
28.04547290668821
28.04547290668821
28.04547290668821
28.04547290668821
28.04547290668821
28.968780656702638
29.084194125454438
29.084194125454438
29.084194125454438
29.084194125454438
29.084194125454438
29.084194125454438
29.084194125454438
29.084194125454438
29.084194125454438
29.084194125454438
29.084194125454438
29.084194125454438
29.084194125454438
29.084194125454438
29.084194125454438
29.084194125454438
29.084194125454438
29.084194125454438
29.084194125454438
29.084194125454438
29.084194125454438
29.084194125454438
29.084194125454438
29.084194125454438
29.084194125454438
29.084194125454438
29.084194125454438
29.084194125454438
29.084194125454438
29.084194125454438
29.084194125454438
29.084194125454438
29.084194125454438
29.084194125454438
29.084194125454438
29.084194125454438
29.084194125454438
29.084194125454438
29.084194125454438
29.084194125454438
29.084194125454438
29.084194125454438
29.084194125454438
29.084194125454438
29.084194125454438
29.084194125454438
29.084194125454438
29.084194125454438
29.084194125454438
29.026487391078536
28.507126781695423
28.04547290668821
28.04547290668821
28.04547290668821
28.04547290668821
28.04547290668821
28.04547290668821
28.04547290668821
28.04547290668821
28.04547290668821
28.04547290668821
28.04547290668821
28.04547290668821
28.04547290668821
28.04547290668821
28.04547290668821
28.04547290668821
28.04547290668821
28.04547290668821
28.04547290668821
28.04547290668821
28.04547290668821
28.04547290668821
28.04547290668821
28.04547290668821
28.04547290668821
28.04547290668821
28.04547290668821
28.04547290668821
28.04547290668821
28.04547290668821
28.04547290668821
28.04547290668821
28.04547290668821
28.04547290668821
28.04547290668821
28.04547290668821
28.04547290668821
28.04547290668821
28.04547290668821
28.04547290668821
28.04547290668821
28.04547290668821
28.04547290668821
28.04547290668821
28.04547290668821
28.04547290668821
28.04547290668821
28.04547290668821
28.04547290668821
28.04547290668821
28.04547290668821
28.04547290668821
28.04547290668821
28.04547290668821
28.04547290668821
28.04547290668821
28.04547290668821
28.04547290668821
28.04547290668821
28.04547290668821
28.04547290668821
28.04547290668821
28.04547290668821
28.04547290668821
28.04547290668821
28.04547290668821
28.04547290668821
27.6992325004328
27.295285359801486
27.00675168792198
27.00675168792198
27.00675168792198
27.00675168792198
27.00675168792198
27.00675168792198
27.00675168792198
27.00675168792198
27.00675168792198
27.00675168792198
27.00675168792198
27.00675168792198
27.00675168792198
27.00675168792198
27.00675168792198
27.00675168792198
27.00675168792198
27.00675168792198
27.00675168792198
27.00675168792198
27.00675168792198
27.00675168792198
27.00675168792198
27.00675168792198
27.00675168792198
27.00675168792198
27.00675168792198
27.00675168792198
27.00675168792198
27.00675168792198
27.00675168792198
27.00675168792198
27.00675168792198
27.00675168792198
27.00675168792198
27.00675168792198
27.00675168792198
27.00675168792198
27.00675168792198
27.00675168792198
27.00675168792198
27.00675168792198
27.00675168792198
27.00675168792198
27.00675168792198
27.00675168792198
27.00675168792198
27.00675168792198
27.00675168792198
27.00675168792198
27.00675168792198
27.00675168792198
27.00675168792198
27.00675168792198
27.00675168792198
27.00675168792198
27.00675168792198
27.00675168792198
27.00675168792198
27.00675168792198
27.00675168792198
27.00675168792198
27.00675168792198
27.00675168792198
27.00675168792198
27.00675168792198
27.00675168792198
27.00675168792198
27.00675168792198
27.00675168792198
27.00675168792198
27.00675168792198
27.00675168792198
27.00675168792198
27.00675168792198
27.00675168792198
27.00675168792198
27.00675168792198
27.00675168792198
27.00675168792198
27.00675168792198
27.00675168792198
27.00675168792198
27.00675168792198
27.00675168792198
