91.25709207738055
91.25709207738055
91.25709207738055
91.25709207738055
91.25709207738055
94.33317383279787
96.38389500307609
96.38389500307609
96.38389500307609
96.38389500307609
96.38389500307609
96.38389500307609
96.38389500307609
96.38389500307609
96.38389500307609
96.38389500307609
96.38389500307609
96.38389500307609
96.38389500307609
96.38389500307609
96.38389500307609
96.38389500307609
96.38389500307609
96.38389500307609
96.38389500307609
96.38389500307609
96.38389500307609
96.38389500307609
96.38389500307609
96.38389500307609
96.38389500307609
96.38389500307609
96.38389500307609
96.38389500307609
96.38389500307609
96.38389500307609
96.38389500307609
96.38389500307609
96.38389500307609
96.38389500307609
96.38389500307609
96.38389500307609
96.38389500307609
96.38389500307609
96.38389500307609
96.38389500307609
96.38389500307609
96.38389500307609
96.38389500307609
96.38389500307609
96.38389500307609
96.38389500307609
96.38389500307609
96.38389500307609
96.38389500307609
95.76867865199262
95.35853441793698
95.35853441793698
95.35853441793698
95.35853441793698
95.35853441793698
95.35853441793698
95.35853441793698
95.35853441793698
95.35853441793698
95.35853441793698
95.35853441793698
95.35853441793698
95.35853441793698
95.35853441793698
95.35853441793698
95.35853441793698
95.35853441793698
95.35853441793698
95.35853441793698
95.35853441793698
95.35853441793698
95.35853441793698
95.35853441793698
95.35853441793698
95.35853441793698
95.35853441793698
95.35853441793698
95.35853441793698
95.35853441793698
95.35853441793698
95.35853441793698
95.35853441793698
95.35853441793698
95.35853441793698
95.35853441793698
95.35853441793698
95.35853441793698
95.35853441793698
95.35853441793698
95.35853441793698
95.35853441793698
95.35853441793698
95.35853441793698
95.35853441793698
95.35853441793698
95.35853441793698
95.35853441793698
95.35853441793698
95.35853441793698
95.35853441793698
95.35853441793698
95.35853441793698
95.35853441793698
95.35853441793698
95.35853441793698
95.63196390730741
96.38389500307609
96.38389500307609
96.38389500307609
96.38389500307609
96.38389500307609
96.38389500307609
96.38389500307609
96.38389500307609
96.38389500307609
96.38389500307609
96.38389500307609
96.38389500307609
96.38389500307609
96.38389500307609
96.38389500307609
96.38389500307609
96.38389500307609
96.38389500307609
96.38389500307609
96.38389500307609
96.38389500307609
96.38389500307609
96.38389500307609
96.38389500307609
96.38389500307609
96.38389500307609
96.38389500307609
96.38389500307609
96.38389500307609
96.38389500307609
96.38389500307609
96.38389500307609
96.38389500307609
96.38389500307609
96.38389500307609
96.38389500307609
96.38389500307609
96.38389500307609
96.38389500307609
96.38389500307609
96.38389500307609
96.38389500307609
96.38389500307609
96.38389500307609
96.38389500307609
96.38389500307609
96.38389500307609
96.38389500307609
96.38389500307609
96.38389500307609
96.38389500307609
96.38389500307609
96.38389500307609
96.38389500307609
96.38389500307609
96.38389500307609
96.38389500307609
96.38389500307609
96.38389500307609
96.38389500307609
96.38389500307609
96.38389500307609
96.38389500307609
96.38389500307609
96.38389500307609
96.38389500307609
96.38389500307609
96.38389500307609
96.38389500307609
94.33317383279787
90.23173149224144
90.23173149224144
90.23173149224144
90.23173149224144
90.23173149224144
90.23173149224144
90.23173149224144
90.23173149224144
90.23173149224144
90.23173149224144
90.23173149224144
90.23173149224144
90.23173149224144
90.23173149224144
90.23173149224144
90.23173149224144
90.23173149224144
90.23173149224144
90.23173149224144
90.23173149224144
90.23173149224144
90.23173149224144
90.23173149224144
90.23173149224144
90.23173149224144
90.23173149224144
90.23173149224144
90.23173149224144
90.23173149224144
90.23173149224144
90.23173149224144
90.23173149224144
90.23173149224144
90.23173149224144
90.23173149224144
90.23173149224144
90.23173149224144
90.23173149224144
90.23173149224144
90.23173149224144
90.23173149224144
90.23173149224144
90.23173149224144
90.23173149224144
90.23173149224144
90.23173149224144
90.23173149224144
90.23173149224144
90.23173149224144
90.23173149224144
90.23173149224144
90.23173149224144
90.23173149224144
90.23173149224144
90.23173149224144
90.23173149224144
90.23173149224144
90.7785904709823
92.28245266251966
92.28245266251966
92.28245266251966
92.28245266251966
92.28245266251966
92.28245266251966
92.28245266251966
92.28245266251966
92.28245266251966
92.28245266251966
92.28245266251966
92.28245266251966
92.28245266251966
92.28245266251966
92.28245266251966
92.28245266251966
92.28245266251966
92.28245266251966
92.28245266251966
92.28245266251966
92.28245266251966
92.28245266251966
92.28245266251966
92.28245266251966
92.28245266251966
92.28245266251966
92.28245266251966
92.28245266251966
92.28245266251966
92.28245266251966
92.28245266251966
92.28245266251966
92.28245266251966
92.28245266251966
92.28245266251966
92.28245266251966
92.28245266251966
92.28245266251966
92.28245266251966
92.28245266251966
92.28245266251966
92.28245266251966
92.28245266251966
92.28245266251966
92.28245266251966
92.28245266251966
92.28245266251966
92.28245266251966
92.28245266251966
92.28245266251966
92.28245266251966
92.28245266251966
92.28245266251966
92.28245266251966
92.28245266251966
91.94066580080661
87.15564973682412
87.15564973682412
87.15564973682412
87.15564973682412
87.15564973682412
87.15564973682412
87.15564973682412
87.15564973682412
87.15564973682412
87.15564973682412
87.15564973682412
87.15564973682412
87.15564973682412
87.15564973682412
87.15564973682412
87.15564973682412
87.15564973682412
87.15564973682412
87.15564973682412
87.15564973682412
87.15564973682412
87.15564973682412
87.15564973682412
87.15564973682412
87.15564973682412
87.15564973682412
87.15564973682412
87.15564973682412
87.15564973682412
87.15564973682412
87.15564973682412
87.15564973682412
87.15564973682412
87.15564973682412
87.15564973682412
87.15564973682412
87.15564973682412
87.15564973682412
87.15564973682412
87.15564973682412
87.15564973682412
87.15564973682412
87.15564973682412
87.15564973682412
87.15564973682412
87.15564973682412
87.15564973682412
87.15564973682412
87.15564973682412
87.15564973682412
87.15564973682412
87.15564973682412
87.15564973682412
87.15564973682412
87.15564973682412
87.15564973682412
87.15564973682412
87.15564973682412
87.56579397087977
89.20637090710234
89.20637090710234
89.20637090710234
89.20637090710234
89.20637090710234
89.20637090710234
89.20637090710234
89.20637090710234
89.20637090710234
89.20637090710234
89.20637090710234
89.20637090710234
89.20637090710234
89.20637090710234
89.20637090710234
89.20637090710234
89.20637090710234
89.20637090710234
89.20637090710234
89.20637090710234
89.20637090710234
89.20637090710234
89.20637090710234
89.20637090710234
89.20637090710234
89.20637090710234
89.20637090710234
89.20637090710234
89.20637090710234
89.20637090710234
89.20637090710234
89.20637090710234
89.20637090710234
89.20637090710234
89.20637090710234
89.20637090710234
89.20637090710234
89.20637090710234
89.20637090710234
89.20637090710234
89.20637090710234
89.20637090710234
89.20637090710234
89.20637090710234
89.20637090710234
89.20637090710234
89.20637090710234
89.20637090710234
89.20637090710234
89.20637090710234
89.20637090710234
89.20637090710234
89.20637090710234
89.20637090710234
89.20637090710234
89.20637090710234
89.20637090710234
89.20637090710234
89.20637090710234
89.20637090710234
89.20637090710234
89.20637090710234
89.20637090710234
89.20637090710234
89.20637090710234
89.20637090710234
89.20637090710234
89.20637090710234
89.20637090710234
89.20637090710234
89.20637090710234
89.20637090710234
89.20637090710234
89.20637090710234
89.20637090710234
89.20637090710234
89.20637090710234
89.20637090710234
89.20637090710234
89.20637090710234
89.20637090710234
89.20637090710234
89.20637090710234
89.20637090710234
89.20637090710234
89.20637090710234
89.20637090710234
89.20637090710234
89.20637090710234
89.20637090710234
89.20637090710234
89.20637090710234
89.20637090710234
89.20637090710234
89.20637090710234
89.20637090710234
89.20637090710234
89.20637090710234
89.20637090710234
89.20637090710234
89.20637090710234
89.20637090710234
89.20637090710234
89.20637090710234
89.20637090710234
89.20637090710234
89.20637090710234
89.20637090710234
89.20637090710234
89.20637090710234
89.20637090710234
89.20637090710234
89.13801353475972
88.18101032196323
88.18101032196323
88.18101032196323
88.18101032196323
88.18101032196323
88.18101032196323
88.18101032196323
88.18101032196323
88.18101032196323
88.18101032196323
88.18101032196323
88.18101032196323
88.18101032196323
88.18101032196323
88.18101032196323
88.18101032196323
88.18101032196323
88.18101032196323
88.18101032196323
88.18101032196323
88.18101032196323
88.18101032196323
88.18101032196323
88.18101032196323
88.18101032196323
88.18101032196323
88.18101032196323
88.18101032196323
88.18101032196323
88.18101032196323
88.18101032196323
88.18101032196323
88.18101032196323
88.18101032196323
88.18101032196323
88.18101032196323
88.18101032196323
88.18101032196323
88.18101032196323
88.18101032196323
88.18101032196323
88.18101032196323
88.18101032196323
88.18101032196323
88.18101032196323
88.18101032196323
88.18101032196323
88.18101032196323
88.18101032196323
88.18101032196323
88.18101032196323
88.18101032196323
88.18101032196323
88.18101032196323
88.18101032196323
87.36072185385194
86.130289151685
86.130289151685
86.130289151685
86.130289151685
86.130289151685
86.130289151685
86.130289151685
86.130289151685
86.130289151685
86.130289151685
86.130289151685
86.130289151685
86.130289151685
86.130289151685
86.130289151685
86.130289151685
86.130289151685
86.130289151685
86.130289151685
86.130289151685
86.130289151685
86.130289151685
86.130289151685
86.130289151685
86.130289151685
86.130289151685
86.130289151685
86.130289151685
86.130289151685
86.130289151685
86.130289151685
86.130289151685
86.130289151685
86.130289151685
86.130289151685
86.130289151685
86.130289151685
86.130289151685
86.130289151685
86.130289151685
86.130289151685
86.130289151685
86.130289151685
86.130289151685
86.130289151685
86.130289151685
86.130289151685
86.130289151685
86.130289151685
86.130289151685
86.130289151685
86.130289151685
86.130289151685
86.130289151685
86.130289151685
86.130289151685
86.130289151685
86.130289151685
86.130289151685
86.130289151685
86.130289151685
86.130289151685
86.130289151685
86.130289151685
86.130289151685
86.130289151685
86.130289151685
86.130289151685
86.130289151685
86.130289151685
86.130289151685
86.130289151685
86.130289151685
86.130289151685
86.130289151685
86.130289151685
86.130289151685
86.130289151685
86.130289151685
86.130289151685
86.130289151685
86.130289151685
86.130289151685
86.130289151685
86.130289151685
86.130289151685
86.130289151685
86.130289151685
86.130289151685
86.130289151685
86.130289151685
86.130289151685
86.130289151685
86.130289151685
86.130289151685
86.130289151685
86.130289151685
86.130289151685
86.130289151685
86.130289151685
83.46435163032334
83.05420739626769
83.05420739626769
83.05420739626769
83.05420739626769
83.05420739626769
83.05420739626769
83.05420739626769
83.05420739626769
83.05420739626769
83.05420739626769
83.05420739626769
83.05420739626769
83.05420739626769
83.05420739626769
83.05420739626769
83.05420739626769
83.05420739626769
83.05420739626769
83.05420739626769
83.05420739626769
83.05420739626769
83.05420739626769
83.05420739626769
83.05420739626769
83.05420739626769
83.05420739626769
83.05420739626769
83.05420739626769
83.05420739626769
83.05420739626769
83.05420739626769
83.05420739626769
83.05420739626769
83.05420739626769
83.05420739626769
83.05420739626769
83.05420739626769
83.05420739626769
83.05420739626769
83.05420739626769
83.05420739626769
83.05420739626769
83.05420739626769
83.05420739626769
83.05420739626769
83.05420739626769
83.05420739626769
83.05420739626769
83.05420739626769
83.05420739626769
83.05420739626769
83.05420739626769
83.05420739626769
83.05420739626769
83.05420739626769
83.05420739626769
83.05420739626769
83.05420739626769
83.05420739626769
83.05420739626769
83.05420739626769
83.05420739626769
83.05420739626769
83.05420739626769
83.05420739626769
83.05420739626769
83.05420739626769
83.05420739626769
83.05420739626769
83.05420739626769
83.05420739626769
83.05420739626769
83.05420739626769
83.05420739626769
83.05420739626769
83.05420739626769
83.05420739626769
83.05420739626769
83.05420739626769
83.05420739626769
83.05420739626769
83.05420739626769
83.05420739626769
83.05420739626769
83.05420739626769
83.05420739626769
83.05420739626769
83.05420739626769
83.05420739626769
83.05420739626769
83.05420739626769
83.05420739626769
83.05420739626769
83.60106637500854
85.10492856654591
85.10492856654591
85.10492856654591
85.10492856654591
85.10492856654591
85.10492856654591
85.10492856654591
85.10492856654591
85.10492856654591
85.10492856654591
85.10492856654591
85.10492856654591
85.10492856654591
85.10492856654591
85.10492856654591
85.10492856654591
85.10492856654591
85.10492856654591
85.10492856654591
85.10492856654591
85.10492856654591
85.10492856654591
85.10492856654591
85.10492856654591
85.10492856654591
85.10492856654591
85.10492856654591
85.10492856654591
85.10492856654591
85.10492856654591
85.10492856654591
85.10492856654591
85.10492856654591
85.10492856654591
85.10492856654591
85.10492856654591
85.10492856654591
85.10492856654591
85.10492856654591
85.10492856654591
85.10492856654591
85.10492856654591
85.10492856654591
85.10492856654591
85.10492856654591
85.10492856654591
85.10492856654591
85.10492856654591
85.10492856654591
85.10492856654591
85.10492856654591
85.10492856654591
85.10492856654591
85.10492856654591
85.10492856654591
85.10492856654591
85.10492856654591
85.10492856654591
85.10492856654591
85.10492856654591
85.10492856654591
85.10492856654591
85.10492856654591
85.10492856654591
85.10492856654591
85.10492856654591
85.10492856654591
85.10492856654591
85.10492856654591
85.10492856654591
85.10492856654591
85.10492856654591
85.10492856654591
85.10492856654591
85.10492856654591
85.10492856654591
85.10492856654591
85.10492856654591
85.10492856654591
85.10492856654591
85.10492856654591
85.10492856654591
85.10492856654591
85.10492856654591
85.10492856654591
85.10492856654591
85.10492856654591
85.10492856654591
85.10492856654591
85.10492856654591
85.10492856654591
85.10492856654591
85.10492856654591
85.10492856654591
85.10492856654591
85.10492856654591
85.10492856654591
86.0619317793424
87.15564973682412
87.15564973682412
87.15564973682412
87.15564973682412
87.15564973682412
87.15564973682412
87.15564973682412
87.15564973682412
87.15564973682412
87.15564973682412
87.15564973682412
87.15564973682412
87.15564973682412
87.15564973682412
87.15564973682412
87.15564973682412
87.15564973682412
87.15564973682412
87.15564973682412
87.15564973682412
87.15564973682412
87.15564973682412
87.15564973682412
87.15564973682412
87.15564973682412
87.15564973682412
87.15564973682412
87.15564973682412
87.15564973682412
87.15564973682412
87.15564973682412
87.15564973682412
87.15564973682412
87.15564973682412
87.15564973682412
87.15564973682412
87.15564973682412
87.15564973682412
87.15564973682412
87.15564973682412
87.15564973682412
87.15564973682412
87.15564973682412
87.15564973682412
87.15564973682412
87.15564973682412
87.15564973682412
87.15564973682412
87.15564973682412
87.15564973682412
83.60106637500854
83.05420739626769
83.05420739626769
83.05420739626769
83.05420739626769
83.05420739626769
83.05420739626769
83.05420739626769
83.05420739626769
83.05420739626769
83.05420739626769
83.05420739626769
83.05420739626769
83.05420739626769
83.05420739626769
83.05420739626769
83.05420739626769
83.05420739626769
83.05420739626769
83.05420739626769
83.05420739626769
83.05420739626769
83.05420739626769
83.05420739626769
83.05420739626769
83.05420739626769
83.05420739626769
83.05420739626769
83.05420739626769
83.05420739626769
83.05420739626769
83.05420739626769
83.05420739626769
83.05420739626769
83.05420739626769
83.05420739626769
83.05420739626769
83.05420739626769
83.05420739626769
83.05420739626769
83.05420739626769
83.05420739626769
83.05420739626769
83.05420739626769
83.05420739626769
83.05420739626769
83.05420739626769
