158.18639798488664
158.18639798488664
158.18639798488664
158.18639798488664
158.18639798488664
158.18639798488664
159.1939546599496
161.20906801007555
161.20906801007555
161.20906801007555
161.20906801007555
161.20906801007555
161.20906801007555
161.20906801007555
161.20906801007555
161.20906801007555
161.20906801007555
161.20906801007555
161.20906801007555
161.0171524529207
159.1939546599496
159.1939546599496
159.1939546599496
159.1939546599496
159.1939546599496
159.1939546599496
159.1939546599496
159.1939546599496
159.1939546599496
159.1939546599496
159.1939546599496
159.1939546599496
159.1939546599496
158.90608132421733
157.17884130982367
157.17884130982367
157.17884130982367
157.17884130982367
157.17884130982367
157.17884130982367
157.17884130982367
157.17884130982367
157.17884130982367
157.17884130982367
157.17884130982367
157.17884130982367
157.17884130982367
157.37075686697852
158.18639798488664
158.18639798488664
158.18639798488664
158.18639798488664
158.18639798488664
158.18639798488664
158.18639798488664
158.18639798488664
158.18639798488664
158.18639798488664
158.18639798488664
158.18639798488664
158.18639798488664
158.18639798488664
161.20906801007555
161.20906801007555
161.20906801007555
161.20906801007555
161.20906801007555
161.20906801007555
161.20906801007555
161.20906801007555
161.20906801007555
161.20906801007555
161.20906801007555
161.20906801007555
161.20906801007555
161.20906801007555
160.39342689216744
160.20151133501258
160.20151133501258
160.20151133501258
160.20151133501258
160.20151133501258
160.20151133501258
160.20151133501258
160.20151133501258
160.20151133501258
160.20151133501258
160.20151133501258
160.20151133501258
160.20151133501258
159.05001799208347
157.17884130982367
157.17884130982367
157.17884130982367
157.17884130982367
157.17884130982367
157.17884130982367
157.17884130982367
157.17884130982367
157.17884130982367
157.17884130982367
157.17884130982367
157.17884130982367
157.17884130982367
156.79501019551395
155.16372795969772
155.16372795969772
155.16372795969772
155.16372795969772
155.16372795969772
155.16372795969772
155.16372795969772
155.16372795969772
155.16372795969772
155.16372795969772
155.16372795969772
155.16372795969772
155.16372795969772
155.16372795969772
156.1712846347607
156.1712846347607
156.1712846347607
156.1712846347607
156.1712846347607
156.1712846347607
156.1712846347607
156.1712846347607
156.1712846347607
156.1712846347607
156.1712846347607
156.1712846347607
156.1712846347607
156.19527407940507
157.17884130982367
157.17884130982367
157.17884130982367
157.17884130982367
157.17884130982367
157.17884130982367
157.17884130982367
157.17884130982367
157.17884130982367
157.17884130982367
157.17884130982367
157.17884130982367
157.17884130982367
157.17884130982367
157.17884130982367
154.15617128463475
154.15617128463475
154.15617128463475
154.15617128463475
154.15617128463475
154.15617128463475
154.15617128463475
154.15617128463475
154.15617128463475
154.15617128463475
154.15617128463475
154.15617128463475
154.15617128463475
154.15617128463475
155.81144296509535
157.17884130982367
157.17884130982367
157.17884130982367
157.17884130982367
157.17884130982367
157.17884130982367
157.17884130982367
157.17884130982367
157.17884130982367
157.17884130982367
157.17884130982367
157.17884130982367
157.17884130982367
157.538682979489
158.18639798488664
158.18639798488664
158.18639798488664
158.18639798488664
158.18639798488664
158.18639798488664
158.18639798488664
158.18639798488664
158.18639798488664
158.18639798488664
158.18639798488664
158.18639798488664
158.18639798488664
158.18639798488664
156.2192635240494
156.1712846347607
156.1712846347607
156.1712846347607
156.1712846347607
156.1712846347607
156.1712846347607
156.1712846347607
156.1712846347607
156.1712846347607
156.1712846347607
156.1712846347607
156.1712846347607
156.1712846347607
155.37963296149692
155.16372795969772
155.16372795969772
155.16372795969772
155.16372795969772
155.16372795969772
155.16372795969772
155.16372795969772
155.16372795969772
155.16372795969772
155.16372795969772
155.16372795969772
155.16372795969772
155.16372795969772
154.46803406501138
154.15617128463475
154.15617128463475
154.15617128463475
154.15617128463475
154.15617128463475
154.15617128463475
154.15617128463475
154.15617128463475
154.15617128463475
154.15617128463475
154.15617128463475
154.15617128463475
154.15617128463475
158.0424613170205
160.20151133501258
160.20151133501258
160.20151133501258
160.20151133501258
160.20151133501258
160.20151133501258
160.20151133501258
160.20151133501258
160.20151133501258
160.20151133501258
160.20151133501258
160.20151133501258
160.20151133501258
160.20151133501258
158.7621446563512
158.18639798488664
158.18639798488664
158.18639798488664
158.18639798488664
158.18639798488664
158.18639798488664
158.18639798488664
158.18639798488664
158.18639798488664
158.18639798488664
158.18639798488664
158.18639798488664
158.18639798488664
158.18639798488664
158.18639798488664
158.18639798488664
158.18639798488664
158.18639798488664
158.18639798488664
158.18639798488664
158.18639798488664
158.18639798488664
158.18639798488664
158.18639798488664
158.18639798488664
158.18639798488664
158.18639798488664
158.18639798488664
160.99316300827635
161.20906801007555
161.20906801007555
161.20906801007555
161.20906801007555
161.20906801007555
161.20906801007555
161.20906801007555
161.20906801007555
161.20906801007555
161.20906801007555
161.20906801007555
161.20906801007555
161.20906801007555
162.26460357442724
163.2241813602015
163.2241813602015
163.2241813602015
163.2241813602015
163.2241813602015
163.2241813602015
163.2241813602015
163.2241813602015
163.2241813602015
163.2241813602015
163.2241813602015
163.2241813602015
163.2241813602015
163.2241813602015
163.2241813602015
163.2241813602015
163.2241813602015
163.2241813602015
163.2241813602015
163.2241813602015
163.2241813602015
163.2241813602015
163.2241813602015
163.2241813602015
163.2241813602015
163.2241813602015
163.2241813602015
163.2241813602015
163.2241813602015
163.2241813602015
163.2241813602015
163.2241813602015
163.2241813602015
163.2241813602015
163.2241813602015
163.2241813602015
163.2241813602015
163.2241813602015
163.2241813602015
163.2241813602015
163.2241813602015
163.2241813602015
163.2241813602015
163.2241813602015
158.18639798488664
157.17884130982367
157.17884130982367
157.17884130982367
157.17884130982367
157.17884130982367
157.17884130982367
157.17884130982367
157.17884130982367
157.17884130982367
157.17884130982367
157.17884130982367
157.17884130982367
157.17884130982367
157.17884130982367
165.0953580424613
168.26196473551636
168.26196473551636
168.26196473551636
168.26196473551636
168.26196473551636
168.26196473551636
168.26196473551636
168.26196473551636
168.26196473551636
168.26196473551636
168.26196473551636
168.26196473551636
168.26196473551636
166.39078805325656
162.21662468513853
162.21662468513853
162.21662468513853
162.21662468513853
162.21662468513853
162.21662468513853
162.21662468513853
162.21662468513853
162.21662468513853
162.21662468513853
162.21662468513853
162.21662468513853
162.21662468513853
162.21662468513853
162.09667746191676
161.20906801007555
161.20906801007555
161.20906801007555
161.20906801007555
161.20906801007555
161.20906801007555
161.20906801007555
161.20906801007555
161.20906801007555
161.20906801007555
161.20906801007555
161.20906801007555
161.20906801007555
161.20906801007555
163.0082763584023
164.23173803526447
164.23173803526447
164.23173803526447
164.23173803526447
164.23173803526447
164.23173803526447
164.23173803526447
164.23173803526447
164.23173803526447
164.23173803526447
164.23173803526447
164.23173803526447
164.23173803526447
161.64087801367398
161.20906801007555
161.20906801007555
161.20906801007555
161.20906801007555
161.20906801007555
161.20906801007555
161.20906801007555
161.20906801007555
161.20906801007555
161.20906801007555
161.20906801007555
161.20906801007555
161.20906801007555
160.75326856183278
160.20151133501258
160.20151133501258
160.20151133501258
160.20151133501258
160.20151133501258
160.20151133501258
160.20151133501258
160.20151133501258
160.20151133501258
160.20151133501258
160.20151133501258
160.20151133501258
160.20151133501258
162.07268801727238
162.21662468513853
162.21662468513853
162.21662468513853
162.21662468513853
162.21662468513853
162.21662468513853
162.21662468513853
162.21662468513853
162.21662468513853
162.21662468513853
162.21662468513853
162.21662468513853
162.21662468513853
159.05001799208347
158.18639798488664
158.18639798488664
158.18639798488664
158.18639798488664
158.18639798488664
158.18639798488664
158.18639798488664
158.18639798488664
158.18639798488664
158.18639798488664
158.18639798488664
158.18639798488664
158.40230298668584
167.2544080604534
167.2544080604534
167.2544080604534
167.2544080604534
167.2544080604534
167.2544080604534
167.2544080604534
167.2544080604534
167.2544080604534
167.2544080604534
167.2544080604534
167.2544080604534
167.2544080604534
167.2544080604534
167.2544080604534
167.2544080604534
167.2544080604534
167.2544080604534
167.2544080604534
167.2544080604534
167.2544080604534
167.2544080604534
167.2544080604534
167.2544080604534
167.2544080604534
167.2544080604534
167.2544080604534
167.2544080604534
166.34280916396784
166.2468513853904
166.2468513853904
166.2468513853904
166.2468513853904
166.2468513853904
166.2468513853904
166.2468513853904
166.2468513853904
166.2468513853904
166.2468513853904
166.2468513853904
166.2468513853904
166.2468513853904
166.3188197193235
169.26952141057933
169.26952141057933
169.26952141057933
169.26952141057933
169.26952141057933
169.26952141057933
169.26952141057933
169.26952141057933
169.26952141057933
169.26952141057933
169.26952141057933
169.26952141057933
169.26952141057933
169.26952141057933
169.43744752308984
170.2770780856423
170.2770780856423
170.2770780856423
170.2770780856423
170.2770780856423
170.2770780856423
170.2770780856423
170.2770780856423
170.2770780856423
170.2770780856423
170.2770780856423
170.2770780856423
170.2770780856423
170.2770780856423
170.25308864099796
169.26952141057933
169.26952141057933
169.26952141057933
169.26952141057933
169.26952141057933
169.26952141057933
169.26952141057933
169.26952141057933
169.26952141057933
169.26952141057933
169.26952141057933
169.26952141057933
169.26952141057933
169.26952141057933
169.26952141057933
167.18243972652033
166.2468513853904
166.2468513853904
166.2468513853904
166.2468513853904
166.2468513853904
166.2468513853904
166.2468513853904
166.2468513853904
166.2468513853904
166.2468513853904
166.2468513853904
166.2468513853904
166.2468513853904
166.2468513853904
166.2468513853904
167.54228139618567
168.26196473551636
168.26196473551636
168.26196473551636
168.26196473551636
168.26196473551636
168.26196473551636
168.26196473551636
168.26196473551636
168.26196473551636
168.26196473551636
168.26196473551636
168.26196473551636
168.26196473551636
168.26196473551636
168.26196473551636
168.26196473551636
168.26196473551636
168.26196473551636
168.26196473551636
168.26196473551636
168.26196473551636
168.26196473551636
168.26196473551636
168.26196473551636
168.26196473551636
168.26196473551636
168.26196473551636
168.26196473551636
168.26196473551636
168.26196473551636
168.26196473551636
166.7506297229219
165.23929471032744
165.23929471032744
165.23929471032744
165.23929471032744
165.23929471032744
165.23929471032744
165.23929471032744
165.23929471032744
165.23929471032744
165.23929471032744
165.23929471032744
165.23929471032744
165.23929471032744
165.23929471032744
164.80748470672904
163.2241813602015
163.2241813602015
163.2241813602015
163.2241813602015
163.2241813602015
163.2241813602015
163.2241813602015
163.2241813602015
163.2241813602015
163.2241813602015
163.2241813602015
163.2241813602015
163.2241813602015
163.2241813602015
163.2241813602015
163.2241813602015
163.2241813602015
163.2241813602015
163.2241813602015
163.2241813602015
163.2241813602015
163.2241813602015
163.2241813602015
163.2241813602015
163.2241813602015
163.2241813602015
163.2241813602015
163.2241813602015
163.2241813602015
163.4400863620007
164.23173803526447
164.23173803526447
164.23173803526447
164.23173803526447
164.23173803526447
164.23173803526447
164.23173803526447
164.23173803526447
164.23173803526447
164.23173803526447
164.23173803526447
164.23173803526447
164.23173803526447
164.23173803526447
163.5600335852225
162.21662468513853
162.21662468513853
162.21662468513853
162.21662468513853
162.21662468513853
162.21662468513853
162.21662468513853
162.21662468513853
162.21662468513853
162.21662468513853
162.21662468513853
162.21662468513853
162.21662468513853
162.21662468513853
163.17620247091278
163.2241813602015
163.2241813602015
163.2241813602015
163.2241813602015
163.2241813602015
163.2241813602015
163.2241813602015
163.2241813602015
163.2241813602015
163.2241813602015
163.2241813602015
163.2241813602015
163.2241813602015
163.2241813602015
163.2241813602015
163.2241813602015
163.2241813602015
163.2241813602015
163.2241813602015
163.2241813602015
163.2241813602015
163.2241813602015
163.2241813602015
163.2241813602015
163.2241813602015
163.2241813602015
163.2241813602015
163.51205469593378
166.2468513853904
166.2468513853904
166.2468513853904
166.2468513853904
166.2468513853904
166.2468513853904
166.2468513853904
166.2468513853904
166.2468513853904
166.2468513853904
166.2468513853904
166.2468513853904
166.2468513853904
167.39834472831953
169.26952141057933
169.26952141057933
169.26952141057933
169.26952141057933
169.26952141057933
169.26952141057933
169.26952141057933
169.26952141057933
169.26952141057933
169.26952141057933
169.26952141057933
169.26952141057933
169.26952141057933
169.6773419695334
170.2770780856423
170.2770780856423
170.2770780856423
170.2770780856423
170.2770780856423
170.2770780856423
170.2770780856423
170.2770780856423
170.2770780856423
170.2770780856423
170.2770780856423
170.2770780856423
170.2770780856423
170.2770780856423
170.2770780856423
170.2770780856423
170.2770780856423
170.2770780856423
170.2770780856423
170.2770780856423
170.2770780856423
170.2770780856423
170.2770780856423
170.2770780856423
170.2770780856423
170.2770780856423
170.2770780856423
170.2770780856423
170.2770780856423
169.94122586062133
168.26196473551636
168.26196473551636
168.26196473551636
168.26196473551636
168.26196473551636
168.26196473551636
168.26196473551636
168.26196473551636
168.26196473551636
168.26196473551636
168.26196473551636
168.26196473551636
168.26196473551636
168.26196473551636
168.26196473551636
169.98920474991004
170.2770780856423
170.2770780856423
170.2770780856423
170.2770780856423
170.2770780856423
170.2770780856423
170.2770780856423
170.2770780856423
170.2770780856423
170.2770780856423
170.2770780856423
170.2770780856423
170.2770780856423
170.2770780856423
170.51697253208587
171.28463476070527
171.28463476070527
171.28463476070527
171.28463476070527
171.28463476070527
171.28463476070527
171.28463476070527
171.28463476070527
171.28463476070527
171.28463476070527
171.28463476070527
171.28463476070527
171.28463476070527
171.28463476070527
171.28463476070527
170.85282475710687
169.26952141057933
169.26952141057933
169.26952141057933
169.26952141057933
169.26952141057933
169.26952141057933
169.26952141057933
169.26952141057933
169.26952141057933
169.26952141057933
169.26952141057933
169.26952141057933
169.26952141057933
169.26952141057933
169.26952141057933
168.98164807484704
167.2544080604534
167.2544080604534
167.2544080604534
167.2544080604534
167.2544080604534
167.2544080604534
167.2544080604534
167.2544080604534
167.2544080604534
167.2544080604534
167.2544080604534
167.2544080604534
167.2544080604534
167.2544080604534
167.2544080604534
167.2544080604534
167.2544080604534
167.2544080604534
167.2544080604534
167.2544080604534
167.2544080604534
167.2544080604534
167.2544080604534
167.2544080604534
167.2544080604534
167.2544080604534
167.2544080604534
167.2544080604534
167.2544080604534
167.2544080604534
167.2544080604534
167.2544080604534
167.2544080604534
167.2544080604534
167.2544080604534
167.2544080604534
167.2544080604534
167.2544080604534
167.2544080604534
167.2544080604534
167.2544080604534
167.2544080604534
167.2544080604534
167.2544080604534
167.2544080604534
167.2544080604534
167.2544080604534
166.27084083003479
166.2468513853904
166.2468513853904
166.2468513853904
166.2468513853904
166.2468513853904
166.2468513853904
166.2468513853904
166.2468513853904
166.2468513853904
166.2468513853904
166.2468513853904
166.2468513853904
166.2468513853904
166.2468513853904
166.2468513853904
166.2468513853904
166.2468513853904
166.2468513853904
166.2468513853904
166.2468513853904
166.2468513853904
166.2468513853904
166.2468513853904
166.2468513853904
166.2468513853904
166.2468513853904
166.2468513853904
166.2468513853904
166.2468513853904
165.23929471032744
164.23173803526447
164.23173803526447
164.23173803526447
164.23173803526447
164.23173803526447
164.23173803526447
164.23173803526447
164.23173803526447
164.23173803526447
164.23173803526447
164.23173803526447
164.23173803526447
164.23173803526447
164.23173803526447
164.8794530406621
165.23929471032744
165.23929471032744
165.23929471032744
165.23929471032744
165.23929471032744
165.23929471032744
165.23929471032744
165.23929471032744
165.23929471032744
165.23929471032744
165.23929471032744
165.23929471032744
165.23929471032744
165.23929471032744
165.23929471032744
165.23929471032744
165.23929471032744
165.23929471032744
165.23929471032744
165.23929471032744
165.23929471032744
165.23929471032744
165.23929471032744
165.23929471032744
165.23929471032744
165.23929471032744
165.23929471032744
165.50317860141536
166.2468513853904
166.2468513853904
166.2468513853904
166.2468513853904
166.2468513853904
166.2468513853904
166.2468513853904
166.2468513853904
166.2468513853904
166.2468513853904
166.2468513853904
166.2468513853904
166.2468513853904
166.46275638718961
169.26952141057933
169.26952141057933
169.26952141057933
169.26952141057933
169.26952141057933
169.26952141057933
169.26952141057933
169.26952141057933
