100.93321861142365
100.93321861142365
100.93321861142365
100.30445429876232
98.91455423919518
98.91455423919518
98.91455423919518
98.91455423919518
98.91455423919518
98.91455423919518
98.91455423919518
98.91455423919518
98.91455423919518
103.87848302336356
103.96121516976636
103.96121516976636
103.96121516976636
103.96121516976636
103.96121516976636
103.96121516976636
103.96121516976636
103.96121516976636
107.79998676285658
107.9985439142233
107.9985439142233
107.9985439142233
107.9985439142233
107.9985439142233
107.9985439142233
107.9985439142233
109.09060824674036
111.02654047256603
111.02654047256603
111.02654047256603
111.02654047256603
111.02654047256603
111.02654047256603
111.02654047256603
111.02654047256603
110.92726189688265
107.9985439142233
107.9985439142233
107.9985439142233
107.9985439142233
107.9985439142233
107.9985439142233
107.9985439142233
107.9985439142233
107.7007081871732
105.97987954199483
105.97987954199483
105.97987954199483
105.97987954199483
105.97987954199483
105.97987954199483
105.97987954199483
105.97987954199483
117.29763716989874
118.09186577536568
118.09186577536568
118.09186577536568
118.09186577536568
118.09186577536568
118.09186577536568
118.09186577536568
117.6947514726322
112.03587265868026
112.03587265868026
112.03587265868026
112.03587265868026
112.03587265868026
112.03587265868026
112.03587265868026
112.03587265868026
112.03587265868026
112.03587265868026
112.03587265868026
112.03587265868026
112.03587265868026
112.03587265868026
112.03587265868026
112.03587265868026
112.03587265868026
111.10927261896883
110.01720828645179
110.01720828645179
110.01720828645179
110.01720828645179
110.01720828645179
110.01720828645179
110.01720828645179
110.01720828645179
110.01720828645179
110.01720828645179
110.01720828645179
110.01720828645179
110.01720828645179
110.01720828645179
110.01720828645179
110.01720828645179
114.25309418227546
118.09186577536568
118.09186577536568
118.09186577536568
118.09186577536568
118.09186577536568
118.09186577536568
118.09186577536568
118.09186577536568
116.0732014031372
116.0732014031372
116.0732014031372
116.0732014031372
116.0732014031372
116.0732014031372
116.0732014031372
116.0732014031372
114.41855847508108
112.03587265868026
112.03587265868026
112.03587265868026
112.03587265868026
112.03587265868026
112.03587265868026
112.03587265868026
112.03587265868026
115.80845853464822
116.0732014031372
116.0732014031372
116.0732014031372
116.0732014031372
116.0732014031372
116.0732014031372
117.34727645774042
123.13852670593685
123.13852670593685
123.13852670593685
123.13852670593685
123.13852670593685
123.13852670593685
123.13852670593685
123.13852670593685
123.13852670593685
107.9985439142233
107.9985439142233
107.9985439142233
107.9985439142233
107.9985439142233
107.9985439142233
107.9985439142233
107.9985439142233
110.7783440333576
114.05453703090873
114.05453703090873
114.05453703090873
114.05453703090873
114.05453703090873
114.05453703090873
114.05453703090873
124.77662320471242
126.16652326427956
126.16652326427956
126.16652326427956
126.16652326427956
126.16652326427956
126.16652326427956
126.16652326427956
126.16652326427956
119.21702296644384
105.97987954199483
105.97987954199483
105.97987954199483
105.97987954199483
105.97987954199483
105.97987954199483
105.97987954199483
110.14957972069628
118.09186577536568
118.09186577536568
118.09186577536568
118.09186577536568
118.09186577536568
118.09186577536568
118.09186577536568
121.64934807068634
123.13852670593685
123.13852670593685
123.13852670593685
123.13852670593685
123.13852670593685
123.13852670593685
123.13852670593685
123.13852670593685
113.85597987954199
112.03587265868026
112.03587265868026
112.03587265868026
112.03587265868026
112.03587265868026
112.03587265868026
112.03587265868026
112.03587265868026
109.05751538817923
101.94255079753789
101.94255079753789
101.94255079753789
101.94255079753789
101.94255079753789
101.94255079753789
101.94255079753789
101.94255079753789
101.94255079753789
101.94255079753789
95.68800052948573
92.85856112250977
92.85856112250977
92.85856112250977
92.85856112250977
92.85856112250977
92.85856112250977
92.85856112250977
92.85856112250977
92.85856112250977
92.85856112250977
91.0053610430869
84.78390363359587
84.78390363359587
84.78390363359587
84.78390363359587
84.78390363359587
84.78390363359587
84.78390363359587
84.78390363359587
84.78390363359587
84.78390363359587
84.78390363359587
84.78390363359587
84.78390363359587
84.78390363359587
84.78390363359587
84.78390363359587
84.78390363359587
84.78390363359587
84.78390363359587
84.78390363359587
84.78390363359587
84.78390363359587
84.78390363359587
84.78390363359587
84.78390363359587
84.78390363359587
84.78390363359587
84.78390363359587
84.78390363359587
84.78390363359587
84.78390363359587
84.78390363359587
84.78390363359587
84.78390363359587
84.78390363359587
58.375802501820104
0.0
0.0
24.819643920841884
25.233304652855914
25.233304652855914
25.233304652855914
25.233304652855914
25.233304652855914
25.233304652855914
25.233304652855914
117.72784433119332
156.44648884770666
156.44648884770666
156.44648884770666
164.43841419021774
177.64246475610562
177.64246475610562
177.64246475610562
177.64246475610562
177.64246475610562
177.64246475610562
177.64246475610562
177.64246475610562
146.61790985505328
101.94255079753789
101.94255079753789
101.94255079753789
101.94255079753789
101.94255079753789
101.94255079753789
101.94255079753789
101.94255079753789
102.07492223178238
103.96121516976636
103.96121516976636
103.96121516976636
103.96121516976636
103.96121516976636
103.96121516976636
103.96121516976636
103.96121516976636
109.25607253954597
112.03587265868026
112.03587265868026
112.03587265868026
112.03587265868026
112.03587265868026
112.03587265868026
112.03587265868026
112.03587265868026
110.44741544774638
110.01720828645179
110.01720828645179
110.01720828645179
110.01720828645179
110.01720828645179
110.01720828645179
110.01720828645179
110.01720828645179
108.32947249983454
103.96121516976636
103.96121516976636
103.96121516976636
103.96121516976636
103.96121516976636
103.96121516976636
103.96121516976636
103.96121516976636
103.96121516976636
103.96121516976636
103.96121516976636
103.96121516976636
103.96121516976636
103.96121516976636
103.96121516976636
103.96121516976636
103.96121516976636
103.96121516976636
103.96121516976636
103.96121516976636
103.96121516976636
103.96121516976636
103.96121516976636
103.96121516976636
103.96121516976636
103.96121516976636
103.96121516976636
103.96121516976636
103.96121516976636
97.01171487193064
88.82123237805281
88.82123237805281
88.82123237805281
88.82123237805281
88.82123237805281
88.82123237805281
88.82123237805281
88.82123237805281
88.82123237805281
88.82123237805281
87.49751803560791
86.80256800582434
86.80256800582434
86.80256800582434
86.80256800582434
86.80256800582434
86.80256800582434
86.80256800582434
86.80256800582434
86.80256800582434
86.91839301078828
93.867893308624
93.867893308624
93.867893308624
93.867893308624
93.867893308624
93.867893308624
93.867893308624
93.867893308624
93.867893308624
93.867893308624
93.867893308624
93.867893308624
93.867893308624
93.867893308624
93.867893308624
93.867893308624
93.867893308624
93.867893308624
88.17592163611093
50.46660930571183
50.46660930571183
50.46660930571183
50.46660930571183
50.46660930571183
50.46660930571183
50.46660930571183
50.46660930571183
50.46660930571183
85.04864650208485
105.97987954199483
105.97987954199483
105.97987954199483
105.97987954199483
105.97987954199483
105.97987954199483
105.97987954199483
105.97987954199483
105.97987954199483
100.1886292937984
98.91455423919518
98.91455423919518
98.91455423919518
98.91455423919518
98.91455423919518
98.91455423919518
98.91455423919518
103.86193659408299
112.03587265868026
112.03587265868026
112.03587265868026
112.03587265868026
112.03587265868026
112.03587265868026
112.03587265868026
112.03587265868026
112.03587265868026
106.87338672314515
98.91455423919518
98.91455423919518
98.91455423919518
98.91455423919518
98.91455423919518
98.91455423919518
98.91455423919518
98.91455423919518
100.30445429876232
105.97987954199483
105.97987954199483
105.97987954199483
105.97987954199483
105.97987954199483
105.97987954199483
105.97987954199483
105.97987954199483
105.97987954199483
105.97987954199483
95.0592362168244
93.867893308624
93.867893308624
93.867893308624
93.867893308624
93.867893308624
93.867893308624
93.867893308624
93.867893308624
103.82884373552187
107.9985439142233
107.9985439142233
107.9985439142233
107.9985439142233
107.9985439142233
107.9985439142233
107.9985439142233
107.9985439142233
107.9985439142233
100.17208286451783
96.89588986696671
96.89588986696671
96.89588986696671
96.89588986696671
96.89588986696671
96.89588986696671
96.89588986696671
96.89588986696671
100.4864650208485
103.96121516976636
103.96121516976636
103.96121516976636
103.96121516976636
103.96121516976636
103.96121516976636
103.96121516976636
103.96121516976636
103.96121516976636
102.24038652458799
101.94255079753789
101.94255079753789
101.94255079753789
101.94255079753789
101.94255079753789
101.94255079753789
101.94255079753789
102.86915083724932
110.01720828645179
110.01720828645179
110.01720828645179
110.01720828645179
110.01720828645179
110.01720828645179
110.01720828645179
110.01720828645179
112.26752266860811
114.05453703090873
114.05453703090873
114.05453703090873
114.05453703090873
114.05453703090873
114.05453703090873
114.05453703090873
114.05453703090873
111.90350122443577
103.96121516976636
103.96121516976636
103.96121516976636
103.96121516976636
103.96121516976636
103.96121516976636
103.96121516976636
103.96121516976636
106.36044741544775
109.00787610033754
109.00787610033754
109.00787610033754
109.00787610033754
109.00787610033754
109.00787610033754
109.00787610033754
109.00787610033754
109.00787610033754
106.62519028393673
96.89588986696671
96.89588986696671
96.89588986696671
96.89588986696671
96.89588986696671
96.89588986696671
96.89588986696671
96.89588986696671
96.89588986696671
96.89588986696671
93.71897544509895
88.82123237805281
88.82123237805281
88.82123237805281
88.82123237805281
88.82123237805281
88.82123237805281
88.82123237805281
88.82123237805281
88.82123237805281
88.82123237805281
88.82123237805281
84.7673572043153
83.77457144748163
83.77457144748163
83.77457144748163
83.77457144748163
83.77457144748163
83.77457144748163
83.77457144748163
83.77457144748163
83.77457144748163
83.77457144748163
83.77457144748163
81.68972135813091
80.74657488913893
80.74657488913893
80.74657488913893
80.74657488913893
80.74657488913893
80.74657488913893
80.74657488913893
80.74657488913893
80.74657488913893
80.74657488913893
80.74657488913893
80.21708915216097
78.72791051691046
78.72791051691046
78.72791051691046
78.72791051691046
78.72791051691046
78.72791051691046
78.72791051691046
78.72791051691046
78.72791051691046
78.72791051691046
78.72791051691046
84.78390363359587
84.78390363359587
84.78390363359587
84.78390363359587
84.78390363359587
84.78390363359587
84.78390363359587
84.78390363359587
84.78390363359587
84.78390363359587
89.2514395393474
93.867893308624
93.867893308624
93.867893308624
93.867893308624
93.867893308624
93.867893308624
93.867893308624
93.867893308624
93.867893308624
93.867893308624
93.867893308624
93.867893308624
93.867893308624
93.867893308624
93.867893308624
93.867893308624
93.867893308624
93.867893308624
93.867893308624
93.867893308624
93.1398504202793
92.85856112250977
92.85856112250977
92.85856112250977
92.85856112250977
92.85856112250977
92.85856112250977
92.85856112250977
92.85856112250977
93.85134687934344
98.91455423919518
98.91455423919518
98.91455423919518
98.91455423919518
98.91455423919518
98.91455423919518
98.91455423919518
98.91455423919518
98.91455423919518
98.91455423919518
96.7304255741611
95.88655768085248
95.88655768085248
95.88655768085248
95.88655768085248
95.88655768085248
95.88655768085248
95.88655768085248
95.88655768085248
104.1597723211331
105.97987954199483
105.97987954199483
105.97987954199483
105.97987954199483
105.97987954199483
105.97987954199483
105.97987954199483
105.97987954199483
105.97987954199483
101.36342577271824
96.89588986696671
96.89588986696671
96.89588986696671
96.89588986696671
96.89588986696671
96.89588986696671
96.89588986696671
96.89588986696671
96.89588986696671
95.85346482229134
93.867893308624
93.867893308624
93.867893308624
93.867893308624
93.867893308624
93.867893308624
93.867893308624
93.867893308624
95.72109338804685
107.9985439142233
107.9985439142233
107.9985439142233
107.9985439142233
107.9985439142233
107.9985439142233
107.9985439142233
107.9985439142233
107.9985439142233
105.11946521940565
101.94255079753789
101.94255079753789
101.94255079753789
101.94255079753789
101.94255079753789
101.94255079753789
101.94255079753789
101.94255079753789
101.94255079753789
100.90012575286254
92.85856112250977
92.85856112250977
92.85856112250977
92.85856112250977
92.85856112250977
92.85856112250977
92.85856112250977
92.85856112250977
92.85856112250977
99.34476140048977
100.93321861142365
100.93321861142365
100.93321861142365
100.93321861142365
100.93321861142365
100.93321861142365
100.93321861142365
100.93321861142365
100.93321861142365
99.27857568336754
95.88655768085248
95.88655768085248
95.88655768085248
95.88655768085248
95.88655768085248
95.88655768085248
95.88655768085248
95.88655768085248
95.88655768085248
95.88655768085248
95.88655768085248
95.88655768085248
95.88655768085248
95.88655768085248
95.88655768085248
95.88655768085248
95.88655768085248
95.88655768085248
95.88655768085248
95.88655768085248
95.88655768085248
95.88655768085248
95.88655768085248
95.88655768085248
95.88655768085248
95.88655768085248
95.88655768085248
95.88655768085248
95.88655768085248
95.88655768085248
95.88655768085248
95.88655768085248
95.88655768085248
95.88655768085248
95.88655768085248
58.16069892117281
8.273214640280628
25.233304652855914
25.233304652855914
25.233304652855914
25.233304652855914
25.233304652855914
25.233304652855914
25.233304652855914
58.243431067575614
159.47448540604938
159.47448540604938
159.47448540604938
159.47448540604938
155.50334237871468
147.36249917267853
147.36249917267853
147.36249917267853
147.36249917267853
147.36249917267853
147.36249917267853
147.36249917267853
147.36249917267853
143.80501687735787
103.96121516976636
103.96121516976636
103.96121516976636
103.96121516976636
103.96121516976636
103.96121516976636
103.96121516976636
103.96121516976636
103.96121516976636
103.96121516976636
103.96121516976636
103.96121516976636
103.96121516976636
103.96121516976636
103.96121516976636
103.96121516976636
103.96121516976636
103.96121516976636
103.96121516976636
101.08213647494871
100.93321861142365
100.93321861142365
100.93321861142365
100.93321861142365
100.93321861142365
100.93321861142365
100.93321861142365
100.93321861142365
101.36342577271824
101.94255079753789
101.94255079753789
101.94255079753789
101.94255079753789
101.94255079753789
101.94255079753789
101.94255079753789
101.94255079753789
101.94255079753789
101.14832219207095
95.88655768085248
95.88655768085248
95.88655768085248
95.88655768085248
95.88655768085248
95.88655768085248
95.88655768085248
95.88655768085248
96.54841485207493
105.97987954199483
105.97987954199483
105.97987954199483
105.97987954199483
105.97987954199483
105.97987954199483
105.97987954199483
105.97987954199483
105.97987954199483
105.15255807796677
95.88655768085248
95.88655768085248
95.88655768085248
95.88655768085248
95.88655768085248
95.88655768085248
95.88655768085248
95.88655768085248
98.66635779998677
110.01720828645179
110.01720828645179
110.01720828645179
110.01720828645179
110.01720828645179
110.01720828645179
110.01720828645179
110.01720828645179
110.01720828645179
106.5920974253756
100.93321861142365
100.93321861142365
100.93321861142365
100.93321861142365
100.93321861142365
100.93321861142365
100.93321861142365
100.93321861142365
100.93321861142365
100.93321861142365
92.85856112250977
92.85856112250977
92.85856112250977
92.85856112250977
92.85856112250977
92.85856112250977
92.85856112250977
92.85856112250977
92.85856112250977
94.57938976768813
100.93321861142365
100.93321861142365
100.93321861142365
100.93321861142365
100.93321861142365
100.93321861142365
100.93321861142365
100.93321861142365
100.93321861142365
100.93321861142365
97.75630418955589
88.82123237805281
88.82123237805281
88.82123237805281
88.82123237805281
88.82123237805281
88.82123237805281
88.82123237805281
88.82123237805281
88.82123237805281
88.82123237805281
88.82123237805281
88.82123237805281
88.82123237805281
88.82123237805281
88.82123237805281
88.82123237805281
88.82123237805281
88.82123237805281
88.82123237805281
71.6129459262691
48.447944933483356
48.447944933483356
48.447944933483356
48.447944933483356
48.447944933483356
48.447944933483356
48.447944933483356
48.447944933483356
62.57859553908266
110.01720828645179
110.01720828645179
110.01720828645179
110.01720828645179
110.01720828645179
110.01720828645179
110.01720828645179
110.01720828645179
110.01720828645179
103.6468330134357
98.91455423919518
98.91455423919518
98.91455423919518
98.91455423919518
98.91455423919518
98.91455423919518
98.91455423919518
98.91455423919518
100.00661857171222
101.94255079753789
101.94255079753789
101.94255079753789
101.94255079753789
101.94255079753789
101.94255079753789
101.94255079753789
101.94255079753789
101.94255079753789
101.297240055596
98.91455423919518
98.91455423919518
98.91455423919518
98.91455423919518
98.91455423919518
98.91455423919518
98.91455423919518
98.91455423919518
101.11522933350983
105.97987954199483
105.97987954199483
105.97987954199483
105.97987954199483
105.97987954199483
105.97987954199483
105.97987954199483
105.97987954199483
105.97987954199483
104.32523661393871
100.93321861142365
100.93321861142365
100.93321861142365
100.93321861142365
100.93321861142365
100.93321861142365
100.93321861142365
100.93321861142365
100.93321861142365
100.93321861142365
