155.9289383561644
155.9289383561644
155.9289383561644
155.9289383561644
156.89212328767124
157.94092465753425
157.94092465753425
157.94092465753425
157.94092465753425
157.94092465753425
157.94092465753425
156.96703767123287
156.93493150684932
156.93493150684932
156.93493150684932
156.93493150684932
156.93493150684932
156.9242294520548
155.9289383561644
155.9289383561644
155.9289383561644
155.9289383561644
155.9289383561644
155.9289383561644
155.7684075342466
154.92294520547946
154.92294520547946
154.92294520547946
154.92294520547946
154.92294520547946
154.92294520547946
154.92294520547946
154.92294520547946
154.92294520547946
154.92294520547946
154.92294520547946
154.92294520547946
154.92294520547946
155.4152397260274
155.9289383561644
155.9289383561644
155.9289383561644
155.9289383561644
155.9289383561644
155.9289383561644
157.4486301369863
157.94092465753425
157.94092465753425
157.94092465753425
157.94092465753425
157.94092465753425
157.94092465753425
157.94092465753425
157.94092465753425
157.94092465753425
157.94092465753425
157.94092465753425
157.94092465753425
157.94092465753425
156.65667808219177
155.9289383561644
155.9289383561644
155.9289383561644
155.9289383561644
155.9289383561644
155.9289383561644
155.43664383561645
154.92294520547946
154.92294520547946
154.92294520547946
154.92294520547946
154.92294520547946
154.92294520547946
155.37243150684932
155.9289383561644
155.9289383561644
155.9289383561644
155.9289383561644
155.9289383561644
155.9289383561644
156.98844178082192
158.94691780821918
158.94691780821918
158.94691780821918
158.94691780821918
158.94691780821918
158.94691780821918
158.94691780821918
158.94691780821918
158.94691780821918
158.94691780821918
158.94691780821918
158.94691780821918
158.94691780821918
157.36301369863014
154.92294520547946
154.92294520547946
154.92294520547946
154.92294520547946
154.92294520547946
154.92294520547946
154.9443493150685
155.9289383561644
155.9289383561644
155.9289383561644
155.9289383561644
155.9289383561644
155.9289383561644
155.99315068493152
156.93493150684932
156.93493150684932
156.93493150684932
156.93493150684932
156.93493150684932
156.93493150684932
156.93493150684932
158.7970890410959
158.94691780821918
158.94691780821918
158.94691780821918
158.94691780821918
158.94691780821918
158.94691780821918
159.61044520547946
159.9529109589041
159.9529109589041
159.9529109589041
159.9529109589041
159.9529109589041
159.9529109589041
161.17294520547946
161.96489726027397
161.96489726027397
161.96489726027397
161.96489726027397
161.96489726027397
161.96489726027397
163.9554794520548
164.98287671232876
164.98287671232876
164.98287671232876
164.98287671232876
164.98287671232876
164.98287671232876
165.6142979452055
165.9888698630137
165.9888698630137
165.9888698630137
165.9888698630137
165.9888698630137
165.9888698630137
166.54537671232876
166.99486301369865
166.99486301369865
166.99486301369865
166.99486301369865
166.99486301369865
166.99486301369865
165.96746575342465
164.98287671232876
164.98287671232876
164.98287671232876
164.98287671232876
164.98287671232876
164.98287671232876
165.44306506849315
165.9888698630137
165.9888698630137
165.9888698630137
165.9888698630137
165.9888698630137
165.9888698630137
166.2992294520548
166.99486301369865
166.99486301369865
166.99486301369865
166.99486301369865
166.99486301369865
166.99486301369865
165.58219178082192
163.97688356164383
163.97688356164383
163.97688356164383
163.97688356164383
163.97688356164383
163.97688356164383
163.35616438356163
162.9708904109589
162.9708904109589
162.9708904109589
162.9708904109589
162.9708904109589
162.9708904109589
163.4310787671233
163.97688356164383
163.97688356164383
163.97688356164383
163.97688356164383
163.97688356164383
163.97688356164383
163.35616438356163
162.9708904109589
162.9708904109589
162.9708904109589
162.9708904109589
162.9708904109589
162.9708904109589
161.60102739726028
160.95890410958904
160.95890410958904
160.95890410958904
160.95890410958904
160.95890410958904
161.05522260273972
163.97688356164383
163.97688356164383
163.97688356164383
163.97688356164383
163.97688356164383
163.97688356164383
164.39426369863014
164.98287671232876
164.98287671232876
164.98287671232876
164.98287671232876
164.98287671232876
164.98287671232876
162.67123287671234
160.95890410958904
160.95890410958904
160.95890410958904
160.95890410958904
160.95890410958904
161.13013698630138
164.98287671232876
164.98287671232876
164.98287671232876
164.98287671232876
164.98287671232876
164.98287671232876
164.98287671232876
164.98287671232876
164.98287671232876
164.98287671232876
164.98287671232876
164.98287671232876
164.98287671232876
164.98287671232876
164.98287671232876
164.98287671232876
164.98287671232876
164.98287671232876
164.98287671232876
164.98287671232876
164.01969178082192
163.97688356164383
163.97688356164383
163.97688356164383
163.97688356164383
163.97688356164383
164.12671232876713
165.9888698630137
165.9888698630137
165.9888698630137
165.9888698630137
165.9888698630137
165.9888698630137
166.47046232876713
166.99486301369865
166.99486301369865
166.99486301369865
166.99486301369865
166.99486301369865
166.99486301369865
165.4751712328767
164.98287671232876
164.98287671232876
164.98287671232876
164.98287671232876
164.98287671232876
166.0958904109589
169.0068493150685
169.0068493150685
169.0068493150685
169.0068493150685
169.0068493150685
169.0068493150685
169.49914383561645
170.01284246575344
170.01284246575344
170.01284246575344
170.01284246575344
170.01284246575344
170.01284246575344
170.01284246575344
170.01284246575344
170.01284246575344
170.01284246575344
170.01284246575344
170.01284246575344
170.01284246575344
168.3861301369863
168.00085616438358
168.00085616438358
168.00085616438358
168.00085616438358
168.00085616438358
168.00085616438358
170.18407534246575
172.0248287671233
172.0248287671233
172.0248287671233
172.0248287671233
172.0248287671233
172.0248287671233
170.86900684931507
169.0068493150685
169.0068493150685
169.0068493150685
169.0068493150685
169.0068493150685
169.0068493150685
169.0068493150685
169.0068493150685
169.0068493150685
169.0068493150685
169.0068493150685
169.0068493150685
169.0068493150685
169.0068493150685
169.0068493150685
169.0068493150685
169.0068493150685
169.0068493150685
169.0068493150685
169.0068493150685
169.0068493150685
166.2457191780822
165.9888698630137
165.9888698630137
165.9888698630137
165.9888698630137
165.9888698630137
165.0042808219178
163.97688356164383
163.97688356164383
163.97688356164383
163.97688356164383
163.97688356164383
163.97688356164383
165.96746575342465
170.01284246575344
170.01284246575344
170.01284246575344
170.01284246575344
170.01284246575344
170.01284246575344
170.01284246575344
170.01284246575344
170.01284246575344
170.01284246575344
170.01284246575344
170.01284246575344
171.48972602739727
173.03082191780823
173.03082191780823
173.03082191780823
173.03082191780823
173.03082191780823
172.90239726027397
171.01883561643837
171.01883561643837
171.01883561643837
171.01883561643837
171.01883561643837
171.01883561643837
171.52183219178082
172.0248287671233
172.0248287671233
172.0248287671233
172.0248287671233
172.0248287671233
172.0248287671233
173.2234589041096
174.03681506849315
174.03681506849315
174.03681506849315
174.03681506849315
174.03681506849315
174.03681506849315
174.70034246575344
175.04280821917808
175.04280821917808
175.04280821917808
175.04280821917808
175.04280821917808
175.04280821917808
175.04280821917808
175.04280821917808
175.04280821917808
175.04280821917808
175.04280821917808
175.04280821917808
175.04280821917808
173.81207191780823
170.01284246575344
170.01284246575344
170.01284246575344
170.01284246575344
170.01284246575344
170.01284246575344
169.74529109589042
169.0068493150685
169.0068493150685
169.0068493150685
169.0068493150685
169.0068493150685
169.0068493150685
169.49914383561645
171.01883561643837
171.01883561643837
171.01883561643837
171.01883561643837
171.01883561643837
171.01883561643837
171.01883561643837
171.01883561643837
171.01883561643837
171.01883561643837
171.01883561643837
171.01883561643837
171.01883561643837
171.01883561643837
173.52311643835617
174.03681506849315
174.03681506849315
174.03681506849315
174.03681506849315
174.03681506849315
174.9892979452055
175.04280821917808
175.04280821917808
175.04280821917808
175.04280821917808
175.04280821917808
173.8013698630137
173.03082191780823
173.03082191780823
173.03082191780823
173.03082191780823
173.03082191780823
171.23287671232876
166.99486301369865
166.99486301369865
166.99486301369865
166.99486301369865
166.99486301369865
166.99486301369865
165.43236301369865
164.98287671232876
164.98287671232876
164.98287671232876
164.98287671232876
164.98287671232876
166.33133561643837
166.99486301369865
166.99486301369865
166.99486301369865
166.99486301369865
166.99486301369865
168.40753424657535
171.01883561643837
171.01883561643837
171.01883561643837
171.01883561643837
171.01883561643837
171.01883561643837
171.01883561643837
171.01883561643837
171.01883561643837
171.01883561643837
171.01883561643837
171.01883561643837
172.923801369863
173.03082191780823
173.03082191780823
173.03082191780823
173.03082191780823
173.03082191780823
173.98330479452056
174.03681506849315
174.03681506849315
174.03681506849315
174.03681506849315
174.03681506849315
174.03681506849315
174.03681506849315
174.03681506849315
174.03681506849315
174.03681506849315
174.03681506849315
175.08561643835617
176.048801369863
176.048801369863
176.048801369863
176.048801369863
176.048801369863
176.36986301369865
179.0667808219178
179.0667808219178
179.0667808219178
179.0667808219178
179.0667808219178
179.0667808219178
178.7029109589041
178.06078767123287
178.06078767123287
178.06078767123287
178.06078767123287
178.06078767123287
178.06078767123287
178.06078767123287
169.0068493150685
169.0068493150685
169.0068493150685
169.0068493150685
169.0068493150685
169.0068493150685
169.0068493150685
172.16395547945206
174.03681506849315
174.03681506849315
174.03681506849315
174.03681506849315
174.03681506849315
174.03681506849315
172.6455479452055
172.0248287671233
172.0248287671233
172.0248287671233
172.0248287671233
172.0248287671233
172.0248287671233
173.30907534246575
176.048801369863
176.048801369863
176.048801369863
176.048801369863
176.048801369863
176.048801369863
176.4126712328767
177.05479452054794
177.05479452054794
177.05479452054794
177.05479452054794
177.05479452054794
177.05479452054794
177.05479452054794
177.05479452054794
177.05479452054794
177.05479452054794
177.05479452054794
177.05479452054794
177.05479452054794
174.1117294520548
172.0248287671233
172.0248287671233
172.0248287671233
172.0248287671233
172.0248287671233
172.0248287671233
178.78852739726028
180.07277397260273
180.07277397260273
180.07277397260273
180.07277397260273
180.07277397260273
180.07277397260273
181.89212328767124
182.08476027397262
182.08476027397262
182.08476027397262
182.08476027397262
182.08476027397262
182.08476027397262
181.5496575342466
181.07876712328766
181.07876712328766
181.07876712328766
181.07876712328766
181.07876712328766
181.07876712328766
181.07876712328766
181.07876712328766
181.07876712328766
181.07876712328766
181.07876712328766
181.07876712328766
181.07876712328766
181.07876712328766
177.05479452054794
177.05479452054794
177.05479452054794
177.05479452054794
177.05479452054794
177.05479452054794
177.05479452054794
177.05479452054794
177.05479452054794
177.05479452054794
177.05479452054794
177.05479452054794
177.05479452054794
177.05479452054794
176.13441780821918
176.048801369863
176.048801369863
176.048801369863
176.048801369863
176.048801369863
176.048801369863
175.39597602739727
175.04280821917808
175.04280821917808
175.04280821917808
175.04280821917808
175.04280821917808
175.04280821917808
174.55051369863014
174.03681506849315
174.03681506849315
174.03681506849315
174.03681506849315
174.03681506849315
174.03681506849315
170.95462328767124
170.01284246575344
170.01284246575344
170.01284246575344
170.01284246575344
170.01284246575344
170.01284246575344
171.23287671232876
172.0248287671233
172.0248287671233
172.0248287671233
172.0248287671233
172.0248287671233
172.0248287671233
172.0248287671233
172.0248287671233
172.0248287671233
172.0248287671233
172.0248287671233
172.0248287671233
171.6716609589041
169.0068493150685
169.0068493150685
169.0068493150685
169.0068493150685
169.0068493150685
169.0068493150685
169.0068493150685
169.0068493150685
169.0068493150685
169.0068493150685
169.0068493150685
169.0068493150685
169.0068493150685
169.0068493150685
169.0068493150685
169.0068493150685
169.0068493150685
169.0068493150685
169.0068493150685
169.0068493150685
169.0068493150685
169.0068493150685
169.0068493150685
169.0068493150685
169.0068493150685
169.0068493150685
169.0068493150685
168.45034246575344
168.00085616438358
168.00085616438358
168.00085616438358
168.00085616438358
168.00085616438358
168.00085616438358
163.1207191780822
159.9529109589041
159.9529109589041
159.9529109589041
159.9529109589041
159.9529109589041
159.9529109589041
163.99828767123287
165.9888698630137
165.9888698630137
165.9888698630137
165.9888698630137
165.9888698630137
165.9888698630137
165.9888698630137
165.9888698630137
165.9888698630137
165.9888698630137
165.9888698630137
165.9888698630137
165.9888698630137
165.9888698630137
165.9888698630137
165.9888698630137
165.9888698630137
165.9888698630137
165.9888698630137
165.84974315068493
164.98287671232876
164.98287671232876
164.98287671232876
164.98287671232876
164.98287671232876
164.98287671232876
165.40025684931507
165.9888698630137
165.9888698630137
165.9888698630137
165.9888698630137
165.9888698630137
165.9888698630137
167.97945205479454
168.00085616438358
168.00085616438358
168.00085616438358
168.00085616438358
168.00085616438358
168.08647260273972
170.01284246575344
170.01284246575344
170.01284246575344
170.01284246575344
170.01284246575344
170.01284246575344
170.53724315068493
171.01883561643837
171.01883561643837
171.01883561643837
171.01883561643837
171.01883561643837
171.01883561643837
171.37200342465755
172.0248287671233
172.0248287671233
172.0248287671233
172.0248287671233
172.0248287671233
172.0248287671233
171.23287671232876
170.01284246575344
170.01284246575344
170.01284246575344
170.01284246575344
170.01284246575344
170.01284246575344
170.01284246575344
168.15068493150685
168.00085616438358
168.00085616438358
168.00085616438358
168.00085616438358
168.00085616438358
168.00085616438358
167.25171232876713
165.9888698630137
165.9888698630137
165.9888698630137
165.9888698630137
165.9888698630137
165.9888698630137
165.2611301369863
164.98287671232876
164.98287671232876
164.98287671232876
164.98287671232876
164.98287671232876
164.98287671232876
166.42765410958904
168.00085616438358
168.00085616438358
168.00085616438358
168.00085616438358
168.00085616438358
168.00085616438358
168.6429794520548
170.01284246575344
170.01284246575344
170.01284246575344
170.01284246575344
170.01284246575344
170.01284246575344
168.24700342465755
166.99486301369865
166.99486301369865
166.99486301369865
166.99486301369865
166.99486301369865
166.99486301369865
167.62628424657535
168.00085616438358
168.00085616438358
168.00085616438358
168.00085616438358
168.00085616438358
168.00085616438358
170.99743150684932
173.03082191780823
173.03082191780823
173.03082191780823
173.03082191780823
173.03082191780823
173.03082191780823
172.1746575342466
172.0248287671233
172.0248287671233
172.0248287671233
172.0248287671233
172.0248287671233
172.0248287671233
172.0248287671233
172.0248287671233
172.0248287671233
172.0248287671233
172.0248287671233
172.0248287671233
172.1853595890411
173.03082191780823
173.03082191780823
173.03082191780823
173.03082191780823
173.03082191780823
173.03082191780823
173.03082191780823
173.03082191780823
173.03082191780823
173.03082191780823
173.03082191780823
173.03082191780823
173.03082191780823
172.22816780821918
170.01284246575344
170.01284246575344
170.01284246575344
170.01284246575344
170.01284246575344
170.01284246575344
170.22688356164383
171.01883561643837
171.01883561643837
171.01883561643837
171.01883561643837
171.01883561643837
171.01883561643837
171.2970890410959
172.0248287671233
172.0248287671233
172.0248287671233
172.0248287671233
172.0248287671233
172.0248287671233
172.0248287671233
172.0248287671233
172.0248287671233
172.0248287671233
172.0248287671233
172.0248287671233
172.0248287671233
172.0248287671233
172.09974315068493
179.0667808219178
179.0667808219178
179.0667808219178
179.0667808219178
179.0667808219178
179.0667808219178
171.70376712328766
171.01883561643837
171.01883561643837
171.01883561643837
171.01883561643837
171.01883561643837
170.95462328767124
170.01284246575344
170.01284246575344
170.01284246575344
170.01284246575344
170.01284246575344
170.01284246575344
167.0269691780822
160.95890410958904
160.95890410958904
160.95890410958904
160.95890410958904
160.95890410958904
160.95890410958904
165.19691780821918
166.99486301369865
166.99486301369865
166.99486301369865
166.99486301369865
166.99486301369865
167.38013698630138
168.00085616438358
168.00085616438358
168.00085616438358
168.00085616438358
168.00085616438358
168.00085616438358
168.00085616438358
168.00085616438358
168.00085616438358
168.00085616438358
168.00085616438358
168.00085616438358
167.12328767123287
165.9888698630137
165.9888698630137
165.9888698630137
165.9888698630137
165.9888698630137
165.9888698630137
166.75941780821918
168.00085616438358
168.00085616438358
168.00085616438358
168.00085616438358
168.00085616438358
167.72260273972603
166.99486301369865
166.99486301369865
166.99486301369865
166.99486301369865
166.99486301369865
166.99486301369865
168.98544520547946
170.01284246575344
170.01284246575344
170.01284246575344
170.01284246575344
170.01284246575344
170.14126712328766
171.01883561643837
171.01883561643837
171.01883561643837
171.01883561643837
171.01883561643837
171.01883561643837
172.88099315068493
173.03082191780823
173.03082191780823
173.03082191780823
173.03082191780823
173.03082191780823
174.53981164383563
176.048801369863
176.048801369863
176.048801369863
176.048801369863
176.048801369863
176.048801369863
177.20462328767124
178.06078767123287
178.06078767123287
178.06078767123287
178.06078767123287
178.06078767123287
178.06078767123287
179.64469178082192
182.08476027397262
182.08476027397262
182.08476027397262
182.08476027397262
182.08476027397262
