94.88501419220297
94.88501419220297
94.88501419220297
94.88501419220297
94.88501419220297
94.88501419220297
94.88501419220297
94.88501419220297
94.88501419220297
94.88501419220297
94.88501419220297
94.88501419220297
94.88501419220297
94.88501419220297
94.88501419220297
94.88501419220297
94.88501419220297
94.88501419220297
94.88501419220297
94.88501419220297
94.88501419220297
94.88501419220297
94.88501419220297
93.147193419452
91.75693680125123
91.75693680125123
91.75693680125123
91.75693680125123
91.75693680125123
91.75693680125123
91.75693680125123
91.75693680125123
91.75693680125123
91.75693680125123
91.75693680125123
91.75693680125123
91.75693680125123
91.75693680125123
91.75693680125123
91.75693680125123
91.75693680125123
91.75693680125123
91.75693680125123
91.75693680125123
91.75693680125123
91.75693680125123
91.75693680125123
91.75693680125123
91.75693680125123
91.75693680125123
91.75693680125123
91.75693680125123
91.75693680125123
91.75693680125123
91.75693680125123
91.75693680125123
91.75693680125123
91.75693680125123
91.75693680125123
92.6258471876267
92.79962926490181
92.79962926490181
92.79962926490181
92.79962926490181
92.79962926490181
92.79962926490181
92.79962926490181
92.79962926490181
92.79962926490181
92.79962926490181
92.79962926490181
92.79962926490181
92.79962926490181
92.79962926490181
92.79962926490181
92.79962926490181
92.79962926490181
92.79962926490181
92.79962926490181
92.79962926490181
92.79962926490181
92.79962926490181
92.79962926490181
92.79962926490181
92.79962926490181
92.79962926490181
92.79962926490181
92.79962926490181
92.79962926490181
92.79962926490181
92.79962926490181
92.79962926490181
92.79962926490181
92.79962926490181
92.79962926490181
90.25082546486705
88.62885941029947
88.62885941029947
88.62885941029947
88.62885941029947
88.62885941029947
88.62885941029947
88.62885941029947
88.62885941029947
88.62885941029947
88.62885941029947
88.62885941029947
88.62885941029947
88.62885941029947
88.62885941029947
88.62885941029947
88.62885941029947
88.62885941029947
88.62885941029947
88.62885941029947
88.62885941029947
88.62885941029947
88.62885941029947
88.62885941029947
88.62885941029947
88.62885941029947
88.62885941029947
88.62885941029947
88.62885941029947
88.62885941029947
88.62885941029947
88.62885941029947
92.68377454671841
99.0557840468053
99.0557840468053
99.0557840468053
99.0557840468053
99.0557840468053
99.0557840468053
99.0557840468053
99.0557840468053
99.0557840468053
99.0557840468053
99.0557840468053
99.0557840468053
99.0557840468053
99.0557840468053
99.0557840468053
99.0557840468053
99.0557840468053
99.0557840468053
99.0557840468053
99.0557840468053
99.0557840468053
99.0557840468053
99.0557840468053
99.0557840468053
99.0557840468053
99.0557840468053
99.0557840468053
99.0557840468053
99.0557840468053
99.0557840468053
99.0557840468053
99.0557840468053
99.0557840468053
99.0557840468053
99.0557840468053
95.92770665585356
95.92770665585356
95.92770665585356
95.92770665585356
95.92770665585356
95.92770665585356
95.92770665585356
95.92770665585356
95.92770665585356
95.92770665585356
95.92770665585356
95.92770665585356
95.92770665585356
95.92770665585356
95.92770665585356
95.92770665585356
95.92770665585356
95.92770665585356
95.92770665585356
95.92770665585356
95.92770665585356
95.92770665585356
95.92770665585356
95.92770665585356
95.92770665585356
95.92770665585356
95.92770665585356
95.92770665585356
95.92770665585356
95.92770665585356
95.92770665585356
95.92770665585356
98.24480101952152
100.09847651045588
100.09847651045588
100.09847651045588
100.09847651045588
100.09847651045588
100.09847651045588
100.09847651045588
100.09847651045588
100.09847651045588
100.09847651045588
100.09847651045588
100.09847651045588
100.09847651045588
100.09847651045588
100.09847651045588
100.09847651045588
100.09847651045588
100.09847651045588
100.09847651045588
100.09847651045588
100.09847651045588
100.09847651045588
100.09847651045588
100.09847651045588
100.09847651045588
100.09847651045588
100.09847651045588
100.09847651045588
100.09847651045588
100.09847651045588
100.09847651045588
100.09847651045588
100.09847651045588
100.09847651045588
95.75392457857845
94.88501419220297
94.88501419220297
94.88501419220297
94.88501419220297
94.88501419220297
94.88501419220297
94.88501419220297
94.88501419220297
94.88501419220297
94.88501419220297
94.88501419220297
94.88501419220297
94.88501419220297
94.88501419220297
94.88501419220297
94.88501419220297
94.88501419220297
94.88501419220297
94.88501419220297
94.88501419220297
94.88501419220297
94.88501419220297
94.88501419220297
94.88501419220297
94.88501419220297
94.88501419220297
94.88501419220297
94.88501419220297
94.88501419220297
94.88501419220297
94.88501419220297
94.88501419220297
94.88501419220297
94.88501419220297
94.88501419220297
94.88501419220297
94.88501419220297
88.39714997393268
86.5434744829983
86.5434744829983
86.5434744829983
86.5434744829983
86.5434744829983
86.5434744829983
86.5434744829983
86.5434744829983
86.5434744829983
86.5434744829983
86.5434744829983
86.5434744829983
86.5434744829983
86.5434744829983
86.5434744829983
86.5434744829983
86.5434744829983
86.5434744829983
86.5434744829983
86.5434744829983
86.5434744829983
86.5434744829983
86.5434744829983
86.5434744829983
86.5434744829983
86.5434744829983
86.5434744829983
86.5434744829983
86.5434744829983
86.5434744829983
86.5434744829983
86.5434744829983
86.5434744829983
91.06180849215083
92.79962926490181
92.79962926490181
92.79962926490181
92.79962926490181
92.79962926490181
92.79962926490181
92.79962926490181
92.79962926490181
92.79962926490181
92.79962926490181
92.79962926490181
92.79962926490181
92.79962926490181
92.79962926490181
92.79962926490181
92.79962926490181
92.79962926490181
92.79962926490181
92.79962926490181
92.79962926490181
92.79962926490181
92.79962926490181
92.79962926490181
92.79962926490181
92.79962926490181
92.79962926490181
92.79962926490181
92.79962926490181
92.79962926490181
92.79962926490181
92.79962926490181
92.79962926490181
92.79962926490181
92.79962926490181
92.79962926490181
95.75392457857845
95.92770665585356
95.92770665585356
95.92770665585356
95.92770665585356
95.92770665585356
95.92770665585356
95.92770665585356
95.92770665585356
95.92770665585356
95.92770665585356
95.92770665585356
95.92770665585356
95.92770665585356
95.92770665585356
95.92770665585356
95.92770665585356
95.92770665585356
95.92770665585356
95.92770665585356
95.92770665585356
95.92770665585356
95.92770665585356
95.92770665585356
95.92770665585356
95.92770665585356
95.92770665585356
95.92770665585356
95.92770665585356
95.92770665585356
95.92770665585356
95.92770665585356
95.92770665585356
95.92770665585356
95.92770665585356
95.92770665585356
95.92770665585356
95.92770665585356
89.55569715576667
84.45808955569714
84.45808955569714
84.45808955569714
84.45808955569714
84.45808955569714
84.45808955569714
84.45808955569714
84.45808955569714
84.45808955569714
84.45808955569714
84.45808955569714
84.45808955569714
84.45808955569714
84.45808955569714
84.45808955569714
84.45808955569714
84.45808955569714
84.45808955569714
84.45808955569714
84.45808955569714
84.45808955569714
84.45808955569714
84.45808955569714
84.45808955569714
84.45808955569714
84.45808955569714
84.45808955569714
84.45808955569714
84.45808955569714
84.45808955569714
84.45808955569714
84.45808955569714
84.45808955569714
87.2386027920987
92.79962926490181
92.79962926490181
92.79962926490181
92.79962926490181
92.79962926490181
92.79962926490181
92.79962926490181
92.79962926490181
92.79962926490181
92.79962926490181
92.79962926490181
92.79962926490181
92.79962926490181
92.79962926490181
92.79962926490181
92.79962926490181
92.79962926490181
92.79962926490181
92.79962926490181
92.79962926490181
92.79962926490181
92.79962926490181
92.79962926490181
92.79962926490181
92.79962926490181
92.79962926490181
92.79962926490181
92.79962926490181
92.79962926490181
92.79962926490181
92.79962926490181
92.79962926490181
92.79962926490181
92.79962926490181
92.79962926490181
92.79962926490181
92.79962926490181
92.79962926490181
92.79962926490181
92.79962926490181
84.97943578752243
83.41539709204656
83.41539709204656
83.41539709204656
83.41539709204656
83.41539709204656
83.41539709204656
83.41539709204656
83.41539709204656
83.41539709204656
83.41539709204656
83.41539709204656
83.41539709204656
83.41539709204656
83.41539709204656
83.41539709204656
83.41539709204656
83.41539709204656
83.41539709204656
83.41539709204656
83.41539709204656
83.41539709204656
83.41539709204656
83.41539709204656
83.41539709204656
83.41539709204656
83.41539709204656
83.41539709204656
83.41539709204656
83.41539709204656
83.41539709204656
83.41539709204656
83.41539709204656
83.41539709204656
83.41539709204656
83.41539709204656
83.41539709204656
83.41539709204656
83.41539709204656
83.41539709204656
83.41539709204656
83.41539709204656
83.41539709204656
83.41539709204656
83.41539709204656
83.41539709204656
83.41539709204656
83.41539709204656
83.41539709204656
83.41539709204656
83.41539709204656
83.41539709204656
83.41539709204656
83.41539709204656
83.41539709204656
83.41539709204656
83.41539709204656
83.41539709204656
83.41539709204656
83.41539709204656
83.41539709204656
83.41539709204656
83.41539709204656
83.41539709204656
83.41539709204656
83.41539709204656
83.41539709204656
83.41539709204656
83.41539709204656
83.41539709204656
83.41539709204656
83.41539709204656
83.41539709204656
83.41539709204656
83.41539709204656
83.41539709204656
83.41539709204656
83.41539709204656
83.41539709204656
83.41539709204656
83.41539709204656
83.41539709204656
83.41539709204656
83.41539709204656
83.41539709204656
83.41539709204656
83.41539709204656
83.41539709204656
83.41539709204656
83.41539709204656
83.41539709204656
83.41539709204656
83.41539709204656
83.41539709204656
83.41539709204656
83.41539709204656
83.41539709204656
83.41539709204656
83.41539709204656
83.41539709204656
83.41539709204656
83.41539709204656
83.41539709204656
83.41539709204656
83.41539709204656
83.41539709204656
83.41539709204656
83.41539709204656
83.41539709204656
83.41539709204656
83.41539709204656
83.41539709204656
83.41539709204656
83.41539709204656
83.41539709204656
83.41539709204656
83.41539709204656
37.07350981868736
0.0
0.0
0.0
0.0
0.0
0.0
0.0
0.0
26.067311591264552
26.067311591264552
26.067311591264552
26.067311591264552
26.067311591264552
26.067311591264552
26.067311591264552
26.067311591264552
26.067311591264552
26.067311591264552
26.067311591264552
26.067311591264552
26.067311591264552
26.067311591264552
26.067311591264552
26.067311591264552
26.067311591264552
26.067311591264552
26.067311591264552
41.93940798239008
168.91617911139429
168.91617911139429
168.91617911139429
168.91617911139429
168.91617911139429
168.91617911139429
168.91617911139429
168.91617911139429
168.91617911139429
168.91617911139429
168.91617911139429
168.91617911139429
168.91617911139429
168.91617911139429
168.91617911139429
168.91617911139429
168.91617911139429
168.91617911139429
168.91617911139429
168.91617911139429
168.91617911139429
168.91617911139429
168.91617911139429
168.91617911139429
168.91617911139429
168.91617911139429
168.91617911139429
168.91617911139429
168.91617911139429
168.91617911139429
168.91617911139429
168.91617911139429
139.720790129178
93.84232172855239
93.84232172855239
93.84232172855239
93.84232172855239
93.84232172855239
93.84232172855239
93.84232172855239
93.84232172855239
93.84232172855239
93.84232172855239
93.84232172855239
93.84232172855239
93.84232172855239
93.84232172855239
93.84232172855239
93.84232172855239
93.84232172855239
93.84232172855239
93.84232172855239
93.84232172855239
93.84232172855239
93.84232172855239
93.84232172855239
93.84232172855239
93.84232172855239
93.84232172855239
93.84232172855239
93.84232172855239
93.84232172855239
93.84232172855239
93.84232172855239
93.84232172855239
93.84232172855239
93.84232172855239
93.84232172855239
93.84232172855239
93.84232172855239
93.84232172855239
93.84232172855239
93.84232172855239
93.84232172855239
93.84232172855239
93.84232172855239
93.84232172855239
93.84232172855239
93.84232172855239
93.84232172855239
93.84232172855239
93.84232172855239
93.84232172855239
93.84232172855239
93.84232172855239
93.84232172855239
93.84232172855239
93.84232172855239
93.84232172855239
93.84232172855239
93.84232172855239
93.84232172855239
93.84232172855239
93.84232172855239
93.84232172855239
93.84232172855239
93.84232172855239
93.84232172855239
93.84232172855239
93.84232172855239
93.84232172855239
93.84232172855239
93.84232172855239
93.84232172855239
91.98864623761801
91.75693680125123
91.75693680125123
91.75693680125123
91.75693680125123
91.75693680125123
91.75693680125123
91.75693680125123
91.75693680125123
91.75693680125123
91.75693680125123
91.75693680125123
91.75693680125123
91.75693680125123
91.75693680125123
91.75693680125123
91.75693680125123
91.75693680125123
91.75693680125123
91.75693680125123
91.75693680125123
91.75693680125123
91.75693680125123
91.75693680125123
91.75693680125123
91.75693680125123
91.75693680125123
91.75693680125123
91.75693680125123
91.75693680125123
91.75693680125123
91.75693680125123
91.75693680125123
91.75693680125123
91.75693680125123
91.75693680125123
91.75693680125123
91.75693680125123
91.75693680125123
91.75693680125123
91.75693680125123
91.75693680125123
91.75693680125123
91.75693680125123
91.75693680125123
91.75693680125123
91.75693680125123
91.75693680125123
91.75693680125123
91.75693680125123
91.75693680125123
91.75693680125123
91.75693680125123
91.75693680125123
91.75693680125123
91.75693680125123
91.75693680125123
91.75693680125123
91.75693680125123
91.75693680125123
91.75693680125123
91.75693680125123
91.75693680125123
91.75693680125123
91.75693680125123
91.75693680125123
91.75693680125123
91.75693680125123
91.75693680125123
91.75693680125123
91.75693680125123
91.75693680125123
91.75693680125123
91.75693680125123
91.75693680125123
91.75693680125123
91.75693680125123
91.75693680125123
91.75693680125123
91.75693680125123
91.75693680125123
91.75693680125123
91.75693680125123
91.75693680125123
91.75693680125123
91.75693680125123
91.75693680125123
91.75693680125123
91.75693680125123
91.75693680125123
91.75693680125123
91.75693680125123
91.75693680125123
91.75693680125123
91.75693680125123
91.75693680125123
91.75693680125123
91.75693680125123
91.75693680125123
91.75693680125123
91.75693680125123
91.75693680125123
91.75693680125123
91.75693680125123
91.75693680125123
91.75693680125123
91.75693680125123
91.75693680125123
63.9518044372357
29.195388982216297
29.195388982216297
29.195388982216297
29.195388982216297
29.195388982216297
29.195388982216297
29.195388982216297
29.195388982216297
29.195388982216297
29.195388982216297
29.195388982216297
29.195388982216297
29.195388982216297
29.195388982216297
29.195388982216297
29.195388982216297
29.195388982216297
29.195388982216297
29.195388982216297
29.195388982216297
29.195388982216297
29.195388982216297
29.195388982216297
29.195388982216297
29.195388982216297
29.195388982216297
29.195388982216297
29.195388982216297
29.195388982216297
29.195388982216297
29.195388982216297
29.195388982216297
29.195388982216297
29.195388982216297
75.13178474193361
92.79962926490181
92.79962926490181
92.79962926490181
92.79962926490181
92.79962926490181
92.79962926490181
92.79962926490181
92.79962926490181
92.79962926490181
92.79962926490181
92.79962926490181
92.79962926490181
92.79962926490181
92.79962926490181
92.79962926490181
92.79962926490181
92.79962926490181
92.79962926490181
92.79962926490181
92.79962926490181
92.79962926490181
92.79962926490181
92.79962926490181
92.79962926490181
92.79962926490181
92.79962926490181
92.79962926490181
92.79962926490181
92.79962926490181
92.79962926490181
92.79962926490181
92.79962926490181
92.79962926490181
92.79962926490181
92.79962926490181
92.79962926490181
92.79962926490181
92.79962926490181
92.79962926490181
86.31176504663152
84.45808955569714
84.45808955569714
84.45808955569714
84.45808955569714
84.45808955569714
84.45808955569714
84.45808955569714
84.45808955569714
84.45808955569714
84.45808955569714
84.45808955569714
84.45808955569714
84.45808955569714
84.45808955569714
84.45808955569714
84.45808955569714
84.45808955569714
84.45808955569714
84.45808955569714
84.45808955569714
84.45808955569714
84.45808955569714
84.45808955569714
