14.122890223888461
14.122890223888461
14.122890223888461
14.122890223888461
14.122890223888461
14.122890223888461
14.122890223888461
14.122890223888461
14.122890223888461
14.122890223888461
14.122890223888461
14.122890223888461
14.122890223888461
14.122890223888461
14.122890223888461
14.122890223888461
14.122890223888461
14.122890223888461
14.122890223888461
14.122890223888461
14.122890223888461
14.122890223888461
14.122890223888461
14.122890223888461
14.122890223888461
14.122890223888461
14.122890223888461
14.122890223888461
14.122890223888461
14.122890223888461
14.122890223888461
14.122890223888461
14.122890223888461
14.122890223888461
14.122890223888461
14.122890223888461
14.122890223888461
14.122890223888461
14.122890223888461
14.122890223888461
18.63980607374618
19.166779589562914
19.166779589562914
19.166779589562914
19.166779589562914
19.166779589562914
19.166779589562914
19.166779589562914
19.166779589562914
19.166779589562914
19.166779589562914
19.166779589562914
19.166779589562914
19.166779589562914
19.166779589562914
19.166779589562914
19.166779589562914
19.166779589562914
19.166779589562914
19.166779589562914
19.166779589562914
19.166779589562914
19.166779589562914
19.166779589562914
19.166779589562914
19.166779589562914
19.166779589562914
19.166779589562914
19.166779589562914
19.166779589562914
19.166779589562914
19.166779589562914
19.166779589562914
19.166779589562914
19.166779589562914
19.166779589562914
19.166779589562914
19.166779589562914
19.166779589562914
19.166779589562914
19.166779589562914
19.166779589562914
19.166779589562914
19.166779589562914
19.166779589562914
19.166779589562914
19.166779589562914
19.166779589562914
19.166779589562914
19.166779589562914
19.166779589562914
19.166779589562914
19.166779589562914
19.166779589562914
19.166779589562914
19.166779589562914
19.166779589562914
19.166779589562914
19.166779589562914
19.166779589562914
19.166779589562914
19.166779589562914
19.166779589562914
19.166779589562914
19.166779589562914
19.166779589562914
19.166779589562914
19.166779589562914
19.166779589562914
19.166779589562914
19.166779589562914
19.166779589562914
19.166779589562914
19.166779589562914
19.166779589562914
19.166779589562914
19.166779589562914
19.166779589562914
19.166779589562914
14.950991463029043
11.09655660448379
11.09655660448379
11.09655660448379
11.09655660448379
11.09655660448379
11.09655660448379
11.09655660448379
11.09655660448379
11.09655660448379
11.09655660448379
11.09655660448379
11.09655660448379
11.09655660448379
11.09655660448379
11.09655660448379
11.09655660448379
11.09655660448379
11.09655660448379
11.09655660448379
11.09655660448379
11.09655660448379
11.09655660448379
11.09655660448379
11.09655660448379
11.09655660448379
11.09655660448379
11.09655660448379
11.09655660448379
11.09655660448379
11.09655660448379
11.09655660448379
11.09655660448379
11.09655660448379
11.09655660448379
11.09655660448379
11.09655660448379
11.09655660448379
11.09655660448379
11.09655660448379
11.09655660448379
11.09655660448379
11.09655660448379
11.09655660448379
11.09655660448379
11.09655660448379
11.09655660448379
11.09655660448379
11.834319526627219
18.15800171642802
18.15800171642802
18.15800171642802
18.15800171642802
18.15800171642802
18.15800171642802
18.15800171642802
18.15800171642802
18.15800171642802
18.15800171642802
18.15800171642802
18.15800171642802
18.15800171642802
18.15800171642802
18.15800171642802
18.15800171642802
18.15800171642802
18.15800171642802
18.15800171642802
18.15800171642802
18.15800171642802
18.15800171642802
18.15800171642802
18.15800171642802
18.15800171642802
18.15800171642802
18.15800171642802
18.15800171642802
18.15800171642802
18.15800171642802
18.15800171642802
18.15800171642802
18.15800171642802
18.15800171642802
18.15800171642802
18.15800171642802
18.15800171642802
18.15800171642802
18.15800171642802
18.15800171642802
18.15800171642802
18.15800171642802
18.398903895087102
20.175557462697803
20.175557462697803
20.175557462697803
20.175557462697803
20.175557462697803
20.175557462697803
20.175557462697803
20.175557462697803
20.175557462697803
20.175557462697803
20.175557462697803
20.175557462697803
20.175557462697803
20.175557462697803
20.175557462697803
20.175557462697803
20.175557462697803
20.175557462697803
20.175557462697803
20.175557462697803
20.175557462697803
20.175557462697803
20.175557462697803
20.175557462697803
20.175557462697803
20.175557462697803
20.175557462697803
20.175557462697803
20.175557462697803
20.175557462697803
20.175557462697803
20.175557462697803
20.175557462697803
20.175557462697803
20.175557462697803
20.175557462697803
20.175557462697803
20.175557462697803
20.175557462697803
20.175557462697803
20.175557462697803
20.175557462697803
20.175557462697803
20.175557462697803
20.175557462697803
20.175557462697803
20.175557462697803
20.175557462697803
20.175557462697803
20.175557462697803
20.175557462697803
20.175557462697803
20.175557462697803
20.175557462697803
20.175557462697803
20.175557462697803
20.175557462697803
18.218227261092792
15.131668097023352
15.131668097023352
15.131668097023352
15.131668097023352
15.131668097023352
15.131668097023352
15.131668097023352
15.131668097023352
15.131668097023352
15.131668097023352
15.131668097023352
15.131668097023352
15.131668097023352
15.131668097023352
15.131668097023352
15.131668097023352
15.131668097023352
15.131668097023352
15.131668097023352
15.131668097023352
15.131668097023352
15.131668097023352
15.131668097023352
15.131668097023352
15.131668097023352
15.131668097023352
15.131668097023352
15.131668097023352
15.131668097023352
15.131668097023352
15.131668097023352
15.131668097023352
15.131668097023352
15.131668097023352
15.131668097023352
15.131668097023352
15.131668097023352
15.131668097023352
15.131668097023352
15.131668097023352
15.131668097023352
15.131668097023352
15.131668097023352
15.131668097023352
15.131668097023352
15.131668097023352
15.131668097023352
15.131668097023352
15.131668097023352
15.131668097023352
15.131668097023352
15.131668097023352
15.131668097023352
15.131668097023352
15.131668097023352
15.131668097023352
15.131668097023352
15.131668097023352
15.131668097023352
15.131668097023352
15.131668097023352
15.131668097023352
15.131668097023352
15.131668097023352
15.131668097023352
14.589638195040425
12.105334477618682
12.105334477618682
12.105334477618682
12.105334477618682
12.105334477618682
12.105334477618682
12.105334477618682
12.105334477618682
12.105334477618682
12.105334477618682
12.105334477618682
12.105334477618682
12.105334477618682
12.105334477618682
12.105334477618682
12.105334477618682
12.105334477618682
12.105334477618682
12.105334477618682
12.105334477618682
12.105334477618682
12.105334477618682
12.105334477618682
12.105334477618682
12.105334477618682
12.105334477618682
12.105334477618682
12.105334477618682
12.105334477618682
12.105334477618682
12.105334477618682
12.105334477618682
12.105334477618682
12.105334477618682
12.105334477618682
12.105334477618682
12.105334477618682
12.105334477618682
12.105334477618682
12.105334477618682
12.105334477618682
12.105334477618682
12.105334477618682
12.105334477618682
12.105334477618682
12.105334477618682
12.105334477618682
12.105334477618682
12.105334477618682
12.105334477618682
12.105334477618682
12.105334477618682
12.105334477618682
12.105334477618682
12.105334477618682
12.105334477618682
12.105334477618682
12.105334477618682
12.105334477618682
12.105334477618682
12.105334477618682
12.105334477618682
12.105334477618682
12.105334477618682
12.105334477618682
12.105334477618682
12.105334477618682
12.105334477618682
12.105334477618682
12.105334477618682
12.105334477618682
12.105334477618682
12.948492102925455
13.114112350753572
13.114112350753572
13.114112350753572
13.114112350753572
13.114112350753572
13.114112350753572
13.114112350753572
13.114112350753572
13.114112350753572
13.114112350753572
13.114112350753572
13.114112350753572
13.114112350753572
13.114112350753572
13.114112350753572
13.114112350753572
13.114112350753572
13.114112350753572
13.114112350753572
13.114112350753572
13.114112350753572
13.114112350753572
13.114112350753572
13.114112350753572
13.114112350753572
13.114112350753572
13.114112350753572
13.114112350753572
13.114112350753572
13.114112350753572
13.114112350753572
13.114112350753572
13.114112350753572
13.114112350753572
13.114112350753572
13.114112350753572
13.114112350753572
13.114112350753572
13.114112350753572
13.114112350753572
13.114112350753572
16.05010765316109
18.15800171642802
18.15800171642802
18.15800171642802
18.15800171642802
18.15800171642802
18.15800171642802
18.15800171642802
18.15800171642802
18.15800171642802
18.15800171642802
18.15800171642802
18.15800171642802
18.15800171642802
18.15800171642802
18.15800171642802
18.15800171642802
18.15800171642802
18.15800171642802
18.15800171642802
18.15800171642802
18.15800171642802
18.15800171642802
18.15800171642802
18.15800171642802
18.15800171642802
18.15800171642802
18.15800171642802
18.15800171642802
18.15800171642802
18.15800171642802
18.15800171642802
18.15800171642802
18.15800171642802
18.15800171642802
18.15800171642802
18.15800171642802
18.15800171642802
18.15800171642802
18.15800171642802
18.15800171642802
18.15800171642802
18.15800171642802
18.15800171642802
18.15800171642802
18.15800171642802
18.15800171642802
18.15800171642802
18.15800171642802
18.15800171642802
18.15800171642802
18.15800171642802
18.15800171642802
18.15800171642802
18.15800171642802
18.15800171642802
18.15800171642802
18.15800171642802
18.15800171642802
18.15800171642802
18.15800171642802
18.15800171642802
18.15800171642802
18.15800171642802
18.15800171642802
18.15800171642802
18.15800171642802
18.15800171642802
18.15800171642802
18.15800171642802
18.15800171642802
18.15800171642802
18.15800171642802
18.15800171642802
18.15800171642802
18.15800171642802
18.15800171642802
18.15800171642802
18.15800171642802
18.15800171642802
18.15800171642802
18.15800171642802
18.15800171642802
18.15800171642802
18.15800171642802
18.15800171642802
18.15800171642802
18.15800171642802
18.15800171642802
18.15800171642802
18.15800171642802
18.15800171642802
18.15800171642802
18.15800171642802
18.15800171642802
18.15800171642802
18.15800171642802
8.521914570064892
8.070222985079122
8.070222985079122
8.070222985079122
8.070222985079122
8.070222985079122
8.070222985079122
8.070222985079122
8.070222985079122
8.070222985079122
8.070222985079122
8.070222985079122
8.070222985079122
8.070222985079122
8.070222985079122
8.070222985079122
8.070222985079122
8.070222985079122
8.070222985079122
8.070222985079122
8.070222985079122
8.070222985079122
8.070222985079122
8.070222985079122
8.070222985079122
8.070222985079122
8.070222985079122
8.070222985079122
8.070222985079122
8.070222985079122
8.070222985079122
8.070222985079122
8.070222985079122
8.070222985079122
8.070222985079122
8.070222985079122
8.070222985079122
8.070222985079122
8.070222985079122
8.070222985079122
8.070222985079122
8.070222985079122
8.070222985079122
8.070222985079122
8.070222985079122
8.070222985079122
14.243341313218002
18.15800171642802
18.15800171642802
18.15800171642802
18.15800171642802
18.15800171642802
18.15800171642802
18.15800171642802
18.15800171642802
18.15800171642802
18.15800171642802
18.15800171642802
18.15800171642802
18.15800171642802
18.15800171642802
18.15800171642802
18.15800171642802
18.15800171642802
18.15800171642802
18.15800171642802
18.15800171642802
18.15800171642802
18.15800171642802
18.15800171642802
18.15800171642802
18.15800171642802
18.15800171642802
18.15800171642802
18.15800171642802
18.15800171642802
18.15800171642802
18.15800171642802
18.15800171642802
18.15800171642802
18.15800171642802
18.15800171642802
18.15800171642802
18.15800171642802
18.15800171642802
18.15800171642802
18.15800171642802
18.15800171642802
18.15800171642802
18.15800171642802
18.15800171642802
18.15800171642802
18.15800171642802
18.15800171642802
18.15800171642802
18.15800171642802
18.15800171642802
18.15800171642802
18.15800171642802
18.15800171642802
18.15800171642802
18.15800171642802
18.15800171642802
18.15800171642802
18.15800171642802
18.15800171642802
18.15800171642802
18.15800171642802
18.15800171642802
18.15800171642802
18.15800171642802
18.15800171642802
18.15800171642802
18.15800171642802
18.15800171642802
18.15800171642802
18.15800171642802
18.15800171642802
18.15800171642802
18.15800171642802
18.15800171642802
18.15800171642802
18.15800171642802
18.15800171642802
18.15800171642802
18.15800171642802
18.15800171642802
18.15800171642802
18.15800171642802
12.737702696598761
10.087778731348902
10.087778731348902
10.087778731348902
10.087778731348902
10.087778731348902
10.087778731348902
10.087778731348902
10.087778731348902
10.087778731348902
10.087778731348902
10.087778731348902
10.087778731348902
10.087778731348902
10.087778731348902
10.087778731348902
10.087778731348902
10.087778731348902
10.087778731348902
10.087778731348902
10.087778731348902
10.087778731348902
10.087778731348902
10.087778731348902
10.087778731348902
10.087778731348902
10.087778731348902
10.087778731348902
10.087778731348902
10.087778731348902
10.087778731348902
10.087778731348902
10.087778731348902
10.087778731348902
10.087778731348902
10.087778731348902
10.087778731348902
10.087778731348902
10.087778731348902
10.087778731348902
10.087778731348902
10.087778731348902
10.087778731348902
18.51935498441664
20.175557462697803
20.175557462697803
20.175557462697803
20.175557462697803
20.175557462697803
20.175557462697803
20.175557462697803
20.175557462697803
20.175557462697803
20.175557462697803
20.175557462697803
20.175557462697803
20.175557462697803
20.175557462697803
20.175557462697803
20.175557462697803
20.175557462697803
20.175557462697803
20.175557462697803
20.175557462697803
20.175557462697803
20.175557462697803
20.175557462697803
20.175557462697803
20.175557462697803
20.175557462697803
20.175557462697803
20.175557462697803
20.175557462697803
20.175557462697803
20.175557462697803
20.175557462697803
20.175557462697803
20.175557462697803
20.175557462697803
20.175557462697803
20.175557462697803
20.175557462697803
20.175557462697803
20.175557462697803
20.175557462697803
20.175557462697803
20.175557462697803
20.175557462697803
20.175557462697803
20.175557462697803
20.175557462697803
20.175557462697803
20.175557462697803
20.175557462697803
20.175557462697803
20.175557462697803
20.175557462697803
20.175557462697803
20.175557462697803
20.175557462697803
20.175557462697803
20.175557462697803
20.175557462697803
20.175557462697803
20.175557462697803
20.175557462697803
20.175557462697803
20.175557462697803
20.175557462697803
20.175557462697803
20.175557462697803
20.175557462697803
20.175557462697803
20.175557462697803
20.175557462697803
20.175557462697803
20.175557462697803
20.175557462697803
20.175557462697803
20.175557462697803
20.175557462697803
20.175557462697803
20.175557462697803
13.942213589894154
11.09655660448379
11.09655660448379
11.09655660448379
11.09655660448379
11.09655660448379
11.09655660448379
11.09655660448379
11.09655660448379
11.09655660448379
11.09655660448379
11.09655660448379
11.09655660448379
11.09655660448379
11.09655660448379
11.09655660448379
11.09655660448379
11.09655660448379
11.09655660448379
11.09655660448379
11.09655660448379
11.09655660448379
11.09655660448379
11.09655660448379
11.09655660448379
11.09655660448379
11.09655660448379
11.09655660448379
11.09655660448379
11.09655660448379
11.09655660448379
11.09655660448379
11.09655660448379
11.09655660448379
11.09655660448379
11.09655660448379
11.09655660448379
11.09655660448379
11.09655660448379
11.09655660448379
11.09655660448379
11.09655660448379
11.09655660448379
17.420238794284597
18.15800171642802
18.15800171642802
18.15800171642802
18.15800171642802
18.15800171642802
18.15800171642802
18.15800171642802
18.15800171642802
18.15800171642802
18.15800171642802
18.15800171642802
18.15800171642802
18.15800171642802
18.15800171642802
18.15800171642802
18.15800171642802
18.15800171642802
18.15800171642802
18.15800171642802
18.15800171642802
18.15800171642802
18.15800171642802
18.15800171642802
18.15800171642802
18.15800171642802
18.15800171642802
18.15800171642802
18.15800171642802
18.15800171642802
18.15800171642802
18.15800171642802
18.15800171642802
18.15800171642802
18.15800171642802
18.15800171642802
18.15800171642802
18.15800171642802
18.15800171642802
18.15800171642802
18.15800171642802
18.15800171642802
18.15800171642802
18.15800171642802
18.15800171642802
18.15800171642802
18.15800171642802
18.15800171642802
18.15800171642802
17.495520725115558
17.149223843293132
17.149223843293132
17.149223843293132
17.149223843293132
17.149223843293132
17.149223843293132
17.149223843293132
17.149223843293132
17.149223843293132
17.149223843293132
17.149223843293132
17.149223843293132
17.149223843293132
17.149223843293132
17.149223843293132
17.149223843293132
17.149223843293132
17.149223843293132
17.149223843293132
17.149223843293132
17.149223843293132
17.149223843293132
17.149223843293132
17.149223843293132
17.149223843293132
17.149223843293132
17.149223843293132
17.149223843293132
17.149223843293132
17.149223843293132
17.149223843293132
17.149223843293132
17.149223843293132
17.149223843293132
17.149223843293132
17.149223843293132
17.149223843293132
17.149223843293132
17.149223843293132
17.149223843293132
17.149223843293132
17.149223843293132
17.149223843293132
17.149223843293132
17.149223843293132
17.149223843293132
17.149223843293132
17.149223843293132
17.149223843293132
17.149223843293132
17.149223843293132
17.149223843293132
17.149223843293132
17.149223843293132
17.149223843293132
17.149223843293132
17.149223843293132
17.149223843293132
17.149223843293132
17.149223843293132
17.149223843293132
17.149223843293132
17.149223843293132
17.149223843293132
17.149223843293132
17.149223843293132
17.149223843293132
17.149223843293132
17.149223843293132
17.149223843293132
17.149223843293132
17.149223843293132
17.149223843293132
17.149223843293132
17.149223843293132
13.912100817561768
12.105334477618682
12.105334477618682
12.105334477618682
12.105334477618682
12.105334477618682
12.105334477618682
12.105334477618682
12.105334477618682
12.105334477618682
