85.11055547384419
85.11055547384419
85.11055547384419
85.11055547384419
86.04206500956023
88.15021816933863
88.15021816933863
88.15021816933863
88.15021816933863
88.15021816933863
88.15021816933863
88.15021816933863
88.15021816933863
88.15021816933863
88.15021816933863
88.15021816933863
88.73853998136981
89.16343906783678
89.16343906783678
89.16343906783678
89.16343906783678
89.16343906783678
89.16343906783678
89.16343906783678
89.16343906783678
89.16343906783678
89.16343906783678
93.98440947198117
94.2295435603275
94.2295435603275
94.2295435603275
94.2295435603275
94.2295435603275
94.2295435603275
94.2295435603275
94.2295435603275
94.2295435603275
94.2295435603275
92.17041721821836
91.18988086483306
91.18988086483306
91.18988086483306
91.18988086483306
91.18988086483306
91.18988086483306
91.18988086483306
91.18988086483306
91.18988086483306
91.18988086483306
91.90894085731561
93.21632266182935
93.21632266182935
93.21632266182935
93.21632266182935
93.21632266182935
93.21632266182935
93.21632266182935
93.21632266182935
93.21632266182935
93.21632266182935
93.21632266182935
90.22568678400418
90.17665996633491
90.17665996633491
90.17665996633491
90.17665996633491
90.17665996633491
90.17665996633491
90.17665996633491
90.17665996633491
90.17665996633491
90.17665996633491
89.76810315242437
89.16343906783678
89.16343906783678
89.16343906783678
89.16343906783678
89.16343906783678
89.16343906783678
89.16343906783678
89.16343906783678
89.16343906783678
89.16343906783678
89.16343906783678
88.50974816557991
88.15021816933863
88.15021816933863
88.15021816933863
88.15021816933863
88.15021816933863
88.15021816933863
88.15021816933863
88.15021816933863
88.15021816933863
88.15021816933863
87.93776862610514
87.13699727084048
87.13699727084048
87.13699727084048
87.13699727084048
87.13699727084048
87.13699727084048
87.13699727084048
87.13699727084048
87.13699727084048
87.13699727084048
88.34632544001569
89.16343906783678
89.16343906783678
89.16343906783678
89.16343906783678
89.16343906783678
89.16343906783678
89.16343906783678
89.16343906783678
89.16343906783678
89.16343906783678
89.16343906783678
89.16343906783678
89.16343906783678
89.16343906783678
89.16343906783678
89.16343906783678
89.16343906783678
89.16343906783678
89.16343906783678
89.16343906783678
89.00001634227256
88.15021816933863
88.15021816933863
88.15021816933863
88.15021816933863
88.15021816933863
88.15021816933863
88.15021816933863
88.15021816933863
88.15021816933863
88.15021816933863
87.46384272196892
85.11055547384419
85.11055547384419
85.11055547384419
85.11055547384419
85.11055547384419
85.11055547384419
85.11055547384419
85.11055547384419
85.11055547384419
86.15646091745518
87.13699727084048
87.13699727084048
87.13699727084048
87.13699727084048
87.13699727084048
87.13699727084048
87.13699727084048
87.13699727084048
87.13699727084048
85.76424637610106
85.11055547384419
85.11055547384419
85.11055547384419
85.11055547384419
85.11055547384419
85.11055547384419
85.11055547384419
85.11055547384419
87.0716281806148
91.18988086483306
91.18988086483306
91.18988086483306
91.18988086483306
91.18988086483306
91.18988086483306
91.18988086483306
91.18988086483306
91.33696131784086
94.2295435603275
94.2295435603275
94.2295435603275
94.2295435603275
94.2295435603275
94.2295435603275
94.2295435603275
94.2295435603275
94.2295435603275
94.2295435603275
99.132225327254
99.29564805281822
99.29564805281822
99.29564805281822
99.29564805281822
99.29564805281822
99.29564805281822
99.29564805281822
99.29564805281822
99.29564805281822
98.52756124266641
98.28242715432008
98.28242715432008
98.28242715432008
98.28242715432008
98.28242715432008
98.28242715432008
98.28242715432008
98.28242715432008
98.28242715432008
98.21705806409439
94.2295435603275
94.2295435603275
94.2295435603275
94.2295435603275
94.2295435603275
94.2295435603275
94.2295435603275
94.2295435603275
94.2295435603275
94.2295435603275
95.99450899642103
96.25598535732378
96.25598535732378
96.25598535732378
96.25598535732378
96.25598535732378
96.25598535732378
96.25598535732378
96.25598535732378
96.25598535732378
98.41316533477145
99.29564805281822
99.29564805281822
99.29564805281822
99.29564805281822
99.29564805281822
99.29564805281822
99.29564805281822
99.29564805281822
99.29564805281822
99.37735941560032
100.30886895131637
100.30886895131637
100.30886895131637
100.30886895131637
100.30886895131637
100.30886895131637
100.30886895131637
100.30886895131637
100.30886895131637
100.30886895131637
101.84504257162
102.33531074831265
102.33531074831265
102.33531074831265
102.33531074831265
102.33531074831265
102.33531074831265
102.33531074831265
102.33531074831265
102.33531074831265
102.33531074831265
100.99524439868608
100.30886895131637
100.30886895131637
100.30886895131637
100.30886895131637
100.30886895131637
100.30886895131637
100.30886895131637
100.30886895131637
100.30886895131637
100.30886895131637
99.76957395695445
99.29564805281822
99.29564805281822
99.29564805281822
99.29564805281822
99.29564805281822
99.29564805281822
99.29564805281822
99.29564805281822
99.29564805281822
99.29564805281822
99.05051396447189
94.2295435603275
94.2295435603275
94.2295435603275
94.2295435603275
94.2295435603275
94.2295435603275
94.2295435603275
94.2295435603275
94.2295435603275
94.2295435603275
95.86377081596966
96.25598535732378
96.25598535732378
96.25598535732378
96.25598535732378
96.25598535732378
96.25598535732378
96.25598535732378
96.25598535732378
95.37350263927702
94.2295435603275
94.2295435603275
94.2295435603275
94.2295435603275
94.2295435603275
94.2295435603275
94.2295435603275
94.2295435603275
94.2295435603275
94.2295435603275
93.57585265807063
93.21632266182935
93.21632266182935
93.21632266182935
93.21632266182935
93.21632266182935
93.21632266182935
93.21632266182935
93.21632266182935
93.21632266182935
98.11900442875586
98.28242715432008
98.28242715432008
98.28242715432008
98.28242715432008
98.28242715432008
98.28242715432008
98.28242715432008
98.28242715432008
98.54390351522282
100.30886895131637
100.30886895131637
100.30886895131637
100.30886895131637
100.30886895131637
100.30886895131637
100.30886895131637
100.30886895131637
100.30886895131637
100.30886895131637
99.58980895883381
96.25598535732378
96.25598535732378
96.25598535732378
96.25598535732378
96.25598535732378
96.25598535732378
96.25598535732378
96.25598535732378
96.25598535732378
96.25598535732378
96.25598535732378
96.25598535732378
96.25598535732378
96.25598535732378
96.25598535732378
96.25598535732378
96.25598535732378
96.25598535732378
96.25598535732378
96.25598535732378
92.2031017633312
92.2031017633312
92.2031017633312
92.2031017633312
92.2031017633312
92.2031017633312
92.2031017633312
92.2031017633312
92.2031017633312
92.2031017633312
95.6676635452926
96.25598535732378
96.25598535732378
96.25598535732378
96.25598535732378
96.25598535732378
96.25598535732378
96.25598535732378
96.25598535732378
95.60229445506691
95.24276445882565
95.24276445882565
95.24276445882565
95.24276445882565
95.24276445882565
95.24276445882565
95.24276445882565
95.24276445882565
95.30813354905133
96.25598535732378
96.25598535732378
96.25598535732378
96.25598535732378
96.25598535732378
96.25598535732378
96.25598535732378
96.25598535732378
96.25598535732378
97.82484352274027
98.28242715432008
98.28242715432008
98.28242715432008
98.28242715432008
98.28242715432008
98.28242715432008
98.28242715432008
98.28242715432008
97.1711526204834
96.25598535732378
96.25598535732378
96.25598535732378
96.25598535732378
96.25598535732378
96.25598535732378
96.25598535732378
96.25598535732378
97.69410534228889
100.30886895131637
100.30886895131637
100.30886895131637
100.30886895131637
100.30886895131637
100.30886895131637
100.30886895131637
100.30886895131637
100.30886895131637
98.28242715432008
98.28242715432008
98.28242715432008
98.28242715432008
98.28242715432008
98.28242715432008
98.28242715432008
98.28242715432008
98.47853442499714
100.30886895131637
100.30886895131637
100.30886895131637
100.30886895131637
100.30886895131637
100.30886895131637
100.30886895131637
100.30886895131637
100.30886895131637
99.72054713928519
99.29564805281822
99.29564805281822
99.29564805281822
99.29564805281822
99.29564805281822
99.29564805281822
99.29564805281822
99.29564805281822
99.29564805281822
96.50111944567011
96.25598535732378
96.25598535732378
96.25598535732378
96.25598535732378
96.25598535732378
96.25598535732378
96.25598535732378
96.25598535732378
95.24276445882565
94.2295435603275
94.2295435603275
94.2295435603275
94.2295435603275
94.2295435603275
94.2295435603275
94.2295435603275
94.2295435603275
94.2295435603275
94.2295435603275
94.2295435603275
94.2295435603275
94.2295435603275
94.2295435603275
94.2295435603275
94.2295435603275
94.2295435603275
94.2295435603275
94.2295435603275
91.58209540618718
91.18988086483306
91.18988086483306
91.18988086483306
91.18988086483306
91.18988086483306
91.18988086483306
91.18988086483306
91.18988086483306
92.23578630844405
93.21632266182935
93.21632266182935
93.21632266182935
93.21632266182935
93.21632266182935
93.21632266182935
93.21632266182935
93.21632266182935
94.42565083100456
95.24276445882565
95.24276445882565
95.24276445882565
95.24276445882565
95.24276445882565
95.24276445882565
95.24276445882565
95.24276445882565
95.24276445882565
95.24276445882565
95.24276445882565
95.24276445882565
95.24276445882565
95.24276445882565
95.24276445882565
95.24276445882565
95.24276445882565
98.70732624078704
99.29564805281822
99.29564805281822
99.29564805281822
99.29564805281822
99.29564805281822
99.29564805281822
99.29564805281822
99.29564805281822
100.24349986109068
100.30886895131637
100.30886895131637
100.30886895131637
100.30886895131637
100.30886895131637
100.30886895131637
100.30886895131637
100.30886895131637
101.07695576146818
101.32208984981452
101.32208984981452
101.32208984981452
101.32208984981452
101.32208984981452
101.32208984981452
101.32208984981452
101.32208984981452
100.89719076334755
99.29564805281822
99.29564805281822
99.29564805281822
99.29564805281822
99.29564805281822
99.29564805281822
99.29564805281822
99.29564805281822
99.29564805281822
97.82484352274027
97.26920625582193
97.26920625582193
97.26920625582193
97.26920625582193
97.26920625582193
97.26920625582193
97.26920625582193
97.26920625582193
99.32833259793107
100.30886895131637
100.30886895131637
100.30886895131637
100.30886895131637
100.30886895131637
100.30886895131637
100.30886895131637
100.30886895131637
99.72054713928519
98.28242715432008
98.28242715432008
98.28242715432008
98.28242715432008
98.28242715432008
98.28242715432008
98.28242715432008
98.28242715432008
98.28242715432008
98.28242715432008
98.28242715432008
98.28242715432008
98.28242715432008
98.28242715432008
98.28242715432008
98.28242715432008
98.28242715432008
98.28242715432008
98.28242715432008
98.28242715432008
98.28242715432008
98.28242715432008
98.28242715432008
98.28242715432008
98.28242715432008
98.28242715432008
98.28242715432008
98.28242715432008
98.28242715432008
98.28242715432008
98.28242715432008
98.28242715432008
98.28242715432008
98.28242715432008
98.28242715432008
98.28242715432008
98.28242715432008
96.25598535732378
96.25598535732378
96.25598535732378
96.25598535732378
96.25598535732378
96.25598535732378
96.25598535732378
96.25598535732378
96.25598535732378
96.25598535732378
96.25598535732378
96.25598535732378
96.25598535732378
96.25598535732378
96.25598535732378
96.25598535732378
96.25598535732378
96.81162262424212
97.26920625582193
97.26920625582193
97.26920625582193
97.26920625582193
97.26920625582193
97.26920625582193
97.26920625582193
98.1516889738687
100.30886895131637
100.30886895131637
100.30886895131637
100.30886895131637
100.30886895131637
100.30886895131637
100.30886895131637
100.45594940432416
101.32208984981452
101.32208984981452
101.32208984981452
101.32208984981452
101.32208984981452
101.32208984981452
101.32208984981452
101.32208984981452
100.34155349642921
100.30886895131637
100.30886895131637
100.30886895131637
100.30886895131637
100.30886895131637
100.30886895131637
100.30886895131637
102.85826347011815
103.3485316468108
103.3485316468108
103.3485316468108
103.3485316468108
103.3485316468108
103.3485316468108
103.3485316468108
105.1625239005736
106.38819434230524
106.38819434230524
106.38819434230524
106.38819434230524
106.38819434230524
106.38819434230524
106.38819434230524
106.55161706786946
107.40141524080339
107.40141524080339
107.40141524080339
107.40141524080339
107.40141524080339
107.40141524080339
107.40141524080339
107.30336160546486
105.3749734438071
105.3749734438071
105.3749734438071
105.3749734438071
105.3749734438071
105.3749734438071
105.3749734438071
105.3749734438071
105.3749734438071
103.5773234626007
103.3485316468108
103.3485316468108
103.3485316468108
103.3485316468108
103.3485316468108
103.3485316468108
103.3485316468108
103.93685345884198
107.40141524080339
107.40141524080339
107.40141524080339
107.40141524080339
107.40141524080339
107.40141524080339
107.40141524080339
107.40141524080339
107.40141524080339
107.40141524080339
107.40141524080339
107.40141524080339
107.40141524080339
107.40141524080339
107.40141524080339
107.40141524080339
107.40141524080339
107.40141524080339
106.48624797764377
105.3749734438071
105.3749734438071
105.3749734438071
105.3749734438071
105.3749734438071
105.3749734438071
105.3749734438071
105.3749734438071
104.59054436109885
103.3485316468108
103.3485316468108
103.3485316468108
103.3485316468108
103.3485316468108
103.3485316468108
103.3485316468108
103.3485316468108
103.3485316468108
102.66215619944109
100.30886895131637
100.30886895131637
100.30886895131637
100.30886895131637
100.30886895131637
100.30886895131637
100.30886895131637
100.30886895131637
104.42712163553463
106.38819434230524
106.38819434230524
106.38819434230524
106.38819434230524
106.38819434230524
106.38819434230524
106.38819434230524
106.38819434230524
103.90416891372914
102.33531074831265
102.33531074831265
102.33531074831265
102.33531074831265
102.33531074831265
102.33531074831265
102.33531074831265
102.33531074831265
104.36175254530895
106.38819434230524
106.38819434230524
106.38819434230524
106.38819434230524
106.38819434230524
106.38819434230524
106.38819434230524
106.38819434230524
106.38819434230524
106.38819434230524
106.38819434230524
106.38819434230524
106.38819434230524
106.38819434230524
106.38819434230524
106.38819434230524
106.38819434230524
106.38819434230524
106.38819434230524
106.38819434230524
106.38819434230524
106.38819434230524
106.38819434230524
106.38819434230524
106.38819434230524
106.38819434230524
106.38819434230524
106.25745616185387
105.3749734438071
105.3749734438071
105.3749734438071
105.3749734438071
105.3749734438071
105.3749734438071
105.3749734438071
105.3749734438071
105.3749734438071
105.81621480283047
106.38819434230524
106.38819434230524
106.38819434230524
106.38819434230524
106.38819434230524
106.38819434230524
106.38819434230524
106.38819434230524
106.68235524832083
107.40141524080339
107.40141524080339
107.40141524080339
107.40141524080339
107.40141524080339
107.40141524080339
107.40141524080339
107.40141524080339
107.40141524080339
107.40141524080339
107.40141524080339
107.40141524080339
107.40141524080339
107.40141524080339
107.40141524080339
107.40141524080339
107.40141524080339
107.49946887614192
108.41463613930152
108.41463613930152
108.41463613930152
108.41463613930152
108.41463613930152
108.41463613930152
108.41463613930152
108.41463613930152
108.41463613930152
107.63020705659329
107.40141524080339
107.40141524080339
107.40141524080339
107.40141524080339
107.40141524080339
107.40141524080339
107.40141524080339
107.40141524080339
107.40141524080339
107.40141524080339
107.40141524080339
107.40141524080339
107.40141524080339
107.40141524080339
107.40141524080339
107.40141524080339
107.40141524080339
108.13681750584236
108.41463613930152
108.41463613930152
108.41463613930152
108.41463613930152
108.41463613930152
108.41463613930152
108.41463613930152
108.41463613930152
105.14618162801719
104.36175254530895
104.36175254530895
104.36175254530895
104.36175254530895
104.36175254530895
104.36175254530895
104.36175254530895
104.8520207220016
110.44107793629782
110.44107793629782
110.44107793629782
110.44107793629782
110.44107793629782
110.44107793629782
110.44107793629782
110.44107793629782
110.89866156787762
112.46751973329411
112.46751973329411
112.46751973329411
112.46751973329411
112.46751973329411
112.46751973329411
112.46751973329411
112.46751973329411
112.46751973329411
112.46751973329411
112.46751973329411
112.46751973329411
112.46751973329411
112.46751973329411
112.46751973329411
112.46751973329411
112.46751973329411
111.8628556487065
111.45429883479596
111.45429883479596
111.45429883479596
111.45429883479596
111.45429883479596
111.45429883479596
111.45429883479596
111.45429883479596
112.63094245885833
114.49396153029039
114.49396153029039
114.49396153029039
114.49396153029039
114.49396153029039
114.49396153029039
114.49396153029039
114.49396153029039
113.90563971825922
111.45429883479596
111.45429883479596
111.45429883479596
111.45429883479596
111.45429883479596
111.45429883479596
111.45429883479596
111.45429883479596
111.45429883479596
109.72201794381526
109.42785703779967
109.42785703779967
109.42785703779967
109.42785703779967
109.42785703779967
109.42785703779967
109.42785703779967
109.42785703779967
107.7936297821575
107.40141524080339
107.40141524080339
107.40141524080339
107.40141524080339
107.40141524080339
107.40141524080339
107.40141524080339
107.40141524080339
108.23487114118089
110.44107793629782
110.44107793629782
110.44107793629782
110.44107793629782
110.44107793629782
110.44107793629782
110.44107793629782
110.44107793629782
110.44107793629782
108.61074340997858
108.41463613930152
108.41463613930152
108.41463613930152
108.41463613930152
