-10.21566401816118
-10.21566401816118
-10.21566401816118
-10.21566401816118
-10.21566401816118
-10.21566401816118
-10.21566401816118
-10.21566401816118
-10.21566401816118
-10.21566401816118
-10.21566401816118
-10.21566401816118
-10.21566401816118
-10.21566401816118
-10.21566401816118
-10.21566401816118
-10.21566401816118
-10.21566401816118
-10.21566401816118
-10.21566401816118
-10.21566401816118
-10.21566401816118
-10.21566401816118
-10.21566401816118
-10.21566401816118
-9.222474460839955
-9.194097616345061
-9.194097616345061
-9.194097616345061
-9.194097616345061
-9.194097616345061
-9.194097616345061
-9.194097616345061
-9.194097616345061
-9.194097616345061
-9.194097616345061
-9.194097616345061
-9.194097616345061
-9.194097616345061
-9.194097616345061
-9.307604994324631
-10.158910329171395
-10.158910329171395
-9.619750283768445
-9.194097616345061
-9.194097616345061
-9.194097616345061
-9.194097616345061
-9.194097616345061
-9.194097616345061
-9.194097616345061
-9.194097616345061
-9.194097616345061
-9.194097616345061
-9.194097616345061
-9.194097616345061
-9.194097616345061
-9.194097616345061
-9.194097616345061
-9.194097616345061
-9.194097616345061
-9.194097616345061
-9.194097616345061
-9.194097616345061
-9.194097616345061
-9.194097616345061
-9.194097616345061
-9.194097616345061
-9.194097616345061
-9.194097616345061
-9.194097616345061
-9.194097616345061
-9.194097616345061
-9.194097616345061
-9.194097616345061
-9.194097616345061
-9.335981838819523
-10.21566401816118
-10.21566401816118
-10.21566401816118
-10.21566401816118
-10.21566401816118
-10.21566401816118
-10.21566401816118
-10.21566401816118
-10.21566401816118
-10.130533484676503
-9.194097616345061
-9.194097616345061
-8.91032917139614
-8.172531214528943
-8.172531214528943
-7.917139614074914
-7.150964812712826
-7.150964812712826
-7.150964812712826
-7.150964812712826
-6.328036322360953
-6.129398410896708
-6.129398410896708
-6.129398410896708
-6.129398410896708
-6.583427922814983
-7.150964812712826
-7.150964812712826
-7.150964812712826
-7.150964812712826
-7.150964812712826
-7.150964812712826
-8.11577752553916
-8.172531214528943
-8.172531214528943
-8.172531214528943
-8.172531214528943
-8.172531214528943
-8.314415437003404
-9.194097616345061
-9.194097616345061
-9.194097616345061
-9.194097616345061
-9.194097616345061
-9.194097616345061
-9.194097616345061
-9.194097616345061
-9.194097616345061
-9.194097616345061
-9.194097616345061
-9.194097616345061
-9.194097616345061
-9.194097616345061
-9.194097616345061
-9.194097616345061
-9.194097616345061
-9.194097616345061
-9.194097616345061
-9.194097616345061
-9.194097616345061
-9.194097616345061
-9.194097616345061
-9.194097616345061
-9.194097616345061
-9.194097616345061
-9.194097616345061
-9.194097616345061
-9.194097616345061
-9.194097616345061
-9.194097616345061
-9.194097616345061
-9.194097616345061
-9.194097616345061
-9.194097616345061
-9.194097616345061
-8.229284903518728
-8.172531214528943
-8.172531214528943
-8.172531214528943
-7.6049943246311
-7.150964812712826
-7.009080590238365
-6.129398410896708
-6.129398410896708
-5.192962542565266
-5.10783200908059
-4.909194097616345
-4.086265607264472
-4.086265607264472
-4.086265607264472
-3.6606129398410894
-3.064699205448354
-3.064699205448354
-3.064699205448354
-3.064699205448354
-3.064699205448354
-3.064699205448354
-3.064699205448354
-3.064699205448354
-3.064699205448354
-3.064699205448354
-3.064699205448354
-3.064699205448354
-3.064699205448354
-3.064699205448354
-3.064699205448354
-3.064699205448354
-3.064699205448354
-3.064699205448354
-3.064699205448354
-3.064699205448354
-3.064699205448354
-3.064699205448354
-3.064699205448354
-3.064699205448354
-3.064699205448354
-3.064699205448354
-3.064699205448354
-3.064699205448354
-3.40522133938706
-4.086265607264472
-4.086265607264472
-4.086265607264472
-4.086265607264472
-4.086265607264472
-4.6538024971623155
-5.10783200908059
-5.10783200908059
-5.10783200908059
-5.10783200908059
-6.015891032917139
-6.129398410896708
-6.129398410896708
-6.753688989784336
-7.150964812712826
-7.150964812712826
-7.576617480136209
-8.172531214528943
-8.172531214528943
-8.172531214528943
-8.172531214528943
-8.541430192962542
-9.194097616345061
-9.194097616345061
-9.194097616345061
-9.194097616345061
-9.194097616345061
-9.194097616345061
-9.194097616345061
-9.194097616345061
-9.194097616345061
-9.194097616345061
-9.194097616345061
-9.194097616345061
-9.194097616345061
-9.194097616345061
-9.194097616345061
-9.194097616345061
-9.108967082860385
-8.172531214528943
-8.172531214528943
-8.172531214528943
-8.030646992054484
-7.150964812712826
-7.150964812712826
-7.037457434733257
-6.129398410896708
-6.129398410896708
-6.129398410896708
-6.129398410896708
-6.015891032917139
-5.10783200908059
-5.10783200908059
-5.10783200908059
-5.10783200908059
-5.10783200908059
-5.10783200908059
-5.10783200908059
-5.10783200908059
-5.10783200908059
-5.10783200908059
-5.10783200908059
-5.10783200908059
-5.10783200908059
-5.10783200908059
-5.10783200908059
-5.10783200908059
-5.10783200908059
-5.10783200908059
-5.10783200908059
-5.10783200908059
-5.164585698070375
-6.129398410896708
-6.129398410896708
-6.129398410896708
-6.129398410896708
-6.129398410896708
-6.129398410896708
-6.129398410896708
-6.129398410896708
-6.129398410896708
-6.129398410896708
-6.129398410896708
-6.129398410896708
-6.129398410896708
-6.129398410896708
-6.129398410896708
-6.129398410896708
-6.129398410896708
-6.129398410896708
-6.129398410896708
-6.129398410896708
-6.129398410896708
-6.129398410896708
-6.129398410896708
-6.129398410896708
-6.129398410896708
-6.129398410896708
-6.129398410896708
-5.249716231555051
-5.10783200908059
-5.10783200908059
-5.10783200908059
-5.10783200908059
-5.10783200908059
-4.824063564131668
-4.086265607264472
-4.086265607264472
-4.086265607264472
-3.6606129398410894
-3.064699205448354
-3.064699205448354
-3.064699205448354
-3.064699205448354
-2.5822928490351873
-2.043132803632236
-2.043132803632236
-2.043132803632236
-2.043132803632236
-2.043132803632236
-2.043132803632236
-2.043132803632236
-2.043132803632236
-2.043132803632236
-2.043132803632236
-1.6742338251986377
-1.021566401816118
-1.021566401816118
-1.4755959137343926
-2.043132803632236
-2.043132803632236
-2.043132803632236
-2.043132803632236
-2.043132803632236
-2.043132803632236
-2.043132803632236
-2.043132803632236
-2.043132803632236
-2.043132803632236
-2.043132803632236
-2.043132803632236
-2.043132803632236
-2.043132803632236
-2.043132803632236
-2.043132803632236
-2.043132803632236
-2.043132803632236
-2.043132803632236
-2.75255391600454
-3.064699205448354
-3.064699205448354
-3.064699205448354
-3.064699205448354
-3.064699205448354
-3.064699205448354
-3.064699205448354
-3.064699205448354
-3.064699205448354
-3.6322360953461974
-4.086265607264472
-4.086265607264472
-4.086265607264472
-4.086265607264472
-4.086265607264472
-4.086265607264472
-4.086265607264472
-4.086265607264472
-4.086265607264472
-4.086265607264472
-4.086265607264472
-4.086265607264472
-4.086265607264472
-4.086265607264472
-4.086265607264472
-4.086265607264472
-4.086265607264472
-4.086265607264472
-4.086265607264472
-4.086265607264472
-4.086265607264472
-4.086265607264472
-4.086265607264472
-4.086265607264472
-4.086265607264472
-4.086265607264472
-4.086265607264472
-4.086265607264472
-4.086265607264472
-4.086265607264472
-4.086265607264472
-4.086265607264472
-4.086265607264472
-4.086265607264472
-4.086265607264472
-4.086265607264472
-4.086265607264472
-4.086265607264472
-4.086265607264472
-4.086265607264472
-4.086265607264472
-4.086265607264472
-4.086265607264472
-4.086265607264472
-4.086265607264472
-4.086265607264472
-4.086265607264472
-3.093076049943246
-3.064699205448354
-3.064699205448354
-3.064699205448354
-3.064699205448354
-3.064699205448354
-3.064699205448354
-3.064699205448354
-3.064699205448354
-3.064699205448354
-3.064699205448354
-3.064699205448354
-3.064699205448354
-3.064699205448354
-3.064699205448354
-3.064699205448354
-3.064699205448354
-3.064699205448354
-3.064699205448354
-3.064699205448354
-3.064699205448354
-3.064699205448354
-3.064699205448354
-3.064699205448354
-3.064699205448354
-3.064699205448354
-3.064699205448354
-3.064699205448354
-3.064699205448354
-3.064699205448354
-3.064699205448354
-3.064699205448354
-3.064699205448354
-3.064699205448354
-3.064699205448354
-3.064699205448354
-3.064699205448354
-3.064699205448354
-3.064699205448354
-3.064699205448354
-3.064699205448354
-3.064699205448354
-3.064699205448354
-3.064699205448354
-3.064699205448354
-3.0079455164585696
-2.043132803632236
-2.043132803632236
-2.043132803632236
-2.043132803632236
-1.021566401816118
-1.021566401816118
-1.021566401816118
-1.021566401816118
-0.28376844494892167
0.0
0.0
0.0
0.0
0.0
0.0
0.0
0.0
0.0
0.0
0.0
0.0
0.0
0.0
0.0
0.0
0.0
0.0
0.0
0.0
0.0
0.0
0.0
0.0
0.0
0.0
0.0
0.0
0.0
0.0
0.0
0.0
0.0
0.0
0.0
0.0
0.0
0.0
0.0
0.0
0.0
0.0
0.0
0.0
0.0
0.0
0.0
0.0
0.0
0.0
0.0
0.0
0.0
0.0
0.0
0.0
0.0
0.0
0.0
0.0
0.0
0.0
0.0
0.0
0.0
0.0
0.0
0.0
0.0
0.0
0.0
0.0
0.0
-0.5959137343927355
-1.021566401816118
-1.021566401816118
-1.021566401816118
-1.021566401816118
-1.021566401816118
-1.021566401816118
-1.021566401816118
-1.021566401816118
-1.021566401816118
-1.021566401816118
-1.021566401816118
-1.1066969353007945
-2.043132803632236
-2.043132803632236
-2.043132803632236
-2.043132803632236
-2.043132803632236
-2.043132803632236
-2.043132803632236
-2.043132803632236
-2.043132803632236
-2.043132803632236
-2.043132803632236
-2.043132803632236
-2.043132803632236
-2.043132803632236
-2.043132803632236
-2.043132803632236
-2.043132803632236
-2.043132803632236
-2.043132803632236
-2.043132803632236
-2.043132803632236
-2.043132803632236
-2.043132803632236
-2.043132803632236
-2.043132803632236
-2.043132803632236
-2.043132803632236
-2.043132803632236
-2.6390465380249717
-3.064699205448354
-3.064699205448354
-3.064699205448354
-3.064699205448354
-3.064699205448354
-3.064699205448354
-3.064699205448354
-3.064699205448354
-3.064699205448354
-3.064699205448354
-3.064699205448354
-3.064699205448354
-3.2917139614074915
-4.086265607264472
-4.086265607264472
-4.086265607264472
-4.086265607264472
-4.086265607264472
-4.086265607264472
-4.086265607264472
-4.086265607264472
-4.086265607264472
-4.086265607264472
-4.086265607264472
-4.086265607264472
-4.086265607264472
-4.086265607264472
-4.086265607264472
-4.086265607264472
-4.086265607264472
-4.086265607264472
-4.086265607264472
-4.086265607264472
-4.086265607264472
-4.086265607264472
-4.086265607264472
-4.086265607264472
-4.086265607264472
-4.086265607264472
-4.086265607264472
-4.086265607264472
-4.086265607264472
-4.086265607264472
-4.086265607264472
-4.086265607264472
-4.086265607264472
-4.086265607264472
-4.086265607264472
-4.086265607264472
-4.086265607264472
-4.086265607264472
-4.001135073779795
-3.064699205448354
-3.064699205448354
-3.0079455164585696
-2.043132803632236
-2.043132803632236
-1.2769580022701474
-1.021566401816118
-0.5391600454029511
0.0
0.0
0.0
0.0
0.0
0.6242905788876276
1.021566401816118
1.021566401816118
1.021566401816118
1.021566401816118
1.021566401816118
1.9296254256526673
2.043132803632236
2.043132803632236
2.043132803632236
2.043132803632236
2.043132803632236
2.043132803632236
2.043132803632236
2.043132803632236
2.043132803632236
2.043132803632236
2.043132803632236
2.043132803632236
2.043132803632236
2.043132803632236
1.3904653802497162
1.021566401816118
1.021566401816118
1.021566401816118
1.021566401816118
1.021566401816118
1.021566401816118
1.021566401816118
1.021566401816118
0.7094211123723042
0.0
0.0
0.0
0.0
0.0
0.0
0.0
0.0
0.0
0.0
0.0
0.0
0.0
0.0
0.0
0.0
0.0
0.0
0.0
0.0
0.0
0.0
0.0
0.0
0.0
0.0
0.0
0.0
0.0
0.0
0.0
0.0
0.0
0.0
0.0
0.0
0.0
0.0
0.0
0.0
0.0
0.0
0.0
0.0
0.0
0.0
0.36889897843359815
1.021566401816118
1.021566401816118
1.021566401816118
0.028376844494892167
0.0
0.0
0.0
0.0
0.0
0.0
0.0
0.0
0.0
0.0
0.0
0.0
0.0851305334846765
1.021566401816118
1.021566401816118
1.021566401816118
1.021566401816118
1.021566401816118
1.021566401816118
1.872871736662883
2.043132803632236
2.043132803632236
2.043132803632236
2.043132803632236
2.043132803632236
2.043132803632236
2.043132803632236
2.043132803632236
2.043132803632236
2.043132803632236
1.6174801362088536
1.021566401816118
1.021566401816118
1.021566401816118
1.021566401816118
1.021566401816118
0.28376844494892167
0.0
0.0
0.0
0.0
0.0
0.0
0.0
0.0
0.0
0.0
0.0
0.0
0.0
0.0
0.0
0.0
0.0
0.0
0.0
-0.028376844494892167
-1.021566401816118
-1.021566401816118
-1.021566401816118
-1.021566401816118
-1.021566401816118
-1.021566401816118
-1.021566401816118
-1.021566401816118
-1.021566401816118
-1.021566401816118
-1.021566401816118
-0.19863791146424517
0.0
0.0
0.0
0.0
0.0
0.0
0.0
0.0
0.0
0.0
0.0
0.0
0.0
0.0
0.0
0.0
0.0
0.0
0.0
0.0
0.0
0.0
0.0
0.0
0.0
0.0
0.0
0.0
0.0
0.0
0.0
0.0
0.0
0.0
0.0
0.0
0.0
0.0
0.0
0.0
0.0
0.0
0.0
0.0
0.0
0.0
0.0
0.0
0.0
0.0
-0.9931895573212258
-1.021566401816118
-1.021566401816118
-1.021566401816118
-1.021566401816118
-1.021566401816118
-1.021566401816118
-1.021566401816118
-1.021566401816118
-1.021566401816118
-1.021566401816118
-1.021566401816118
-1.021566401816118
-1.021566401816118
-1.0783200908059023
-2.043132803632236
-2.043132803632236
-2.043132803632236
-2.043132803632236
-2.043132803632236
-2.043132803632236
-2.043132803632236
-2.043132803632236
-2.043132803632236
-2.043132803632236
-2.866061293984109
-3.064699205448354
-3.064699205448354
-3.064699205448354
-3.064699205448354
-3.4903518728717366
-4.086265607264472
-4.086265607264472
-4.086265607264472
-4.086265607264472
-4.086265607264472
-4.086265607264472
-4.086265607264472
-4.086265607264472
-4.086265607264472
-4.086265607264472
-4.086265607264472
-4.086265607264472
-4.086265607264472
-4.086265607264472
-4.086265607264472
-4.086265607264472
-4.086265607264472
-4.086265607264472
-4.086265607264472
-4.086265607264472
-4.086265607264472
-4.086265607264472
-4.086265607264472
-4.086265607264472
-4.086265607264472
-4.086265607264472
-4.086265607264472
-4.086265607264472
-4.086265607264472
-4.086265607264472
-4.086265607264472
-3.064699205448354
-3.064699205448354
-3.064699205448354
-3.064699205448354
-3.064699205448354
-3.064699205448354
-3.064699205448354
-3.064699205448354
-3.064699205448354
-3.064699205448354
-3.064699205448354
-3.064699205448354
-3.064699205448354
-3.064699205448354
-3.064699205448354
-3.064699205448354
-3.064699205448354
-3.064699205448354
-3.064699205448354
-3.064699205448354
-3.064699205448354
-3.064699205448354
-3.064699205448354
-3.064699205448354
-3.064699205448354
-3.064699205448354
-3.064699205448354
-3.064699205448354
-3.064699205448354
-3.064699205448354
-3.064699205448354
-3.064699205448354
-3.064699205448354
-3.064699205448354
-3.064699205448354
-3.064699205448354
-3.064699205448354
-3.064699205448354
-3.064699205448354
-3.064699205448354
-3.064699205448354
-3.064699205448354
-3.064699205448354
-3.064699205448354
-3.064699205448354
-3.064699205448354
-3.064699205448354
-3.064699205448354
-3.064699205448354
-3.064699205448354
-3.064699205448354
