6.36824834221058
6.017702561905411
6.017702561905411
6.017702561905411
6.017702561905411
6.017702561905411
6.017702561905411
6.017702561905411
6.017702561905411
6.017702561905411
6.017702561905411
6.017702561905411
6.017702561905411
6.017702561905411
6.017702561905411
6.017702561905411
6.017702561905411
6.017702561905411
6.017702561905411
6.017702561905411
6.017702561905411
6.017702561905411
6.017702561905411
6.017702561905411
6.017702561905411
6.017702561905411
6.017702561905411
6.017702561905411
6.017702561905411
6.017702561905411
6.017702561905411
6.017702561905411
6.017702561905411
6.017702561905411
6.017702561905411
6.017702561905411
6.017702561905411
6.017702561905411
6.017702561905411
6.017702561905411
6.017702561905411
6.017702561905411
6.017702561905411
6.017702561905411
6.017702561905411
6.017702561905411
6.017702561905411
6.017702561905411
6.017702561905411
6.017702561905411
6.017702561905411
6.017702561905411
6.017702561905411
6.017702561905411
6.017702561905411
6.017702561905411
6.017702561905411
6.017702561905411
6.017702561905411
6.017702561905411
6.017702561905411
6.017702561905411
6.017702561905411
6.933016543813354
8.02360341587388
8.02360341587388
8.02360341587388
8.02360341587388
8.02360341587388
8.02360341587388
8.02360341587388
8.02360341587388
8.02360341587388
8.02360341587388
8.02360341587388
8.02360341587388
8.02360341587388
8.02360341587388
8.02360341587388
8.02360341587388
8.02360341587388
8.02360341587388
8.02360341587388
8.02360341587388
8.02360341587388
8.02360341587388
8.02360341587388
8.02360341587388
8.02360341587388
8.02360341587388
8.02360341587388
8.02360341587388
8.02360341587388
8.02360341587388
8.02360341587388
8.02360341587388
8.02360341587388
8.02360341587388
8.02360341587388
8.02360341587388
8.02360341587388
8.02360341587388
8.02360341587388
8.02360341587388
8.02360341587388
8.02360341587388
8.02360341587388
8.02360341587388
8.02360341587388
8.02360341587388
8.02360341587388
8.02360341587388
8.02360341587388
8.02360341587388
8.02360341587388
8.02360341587388
8.02360341587388
8.02360341587388
8.02360341587388
8.02360341587388
8.02360341587388
8.02360341587388
8.02360341587388
8.02360341587388
8.02360341587388
8.02360341587388
8.02360341587388
8.02360341587388
8.02360341587388
8.02360341587388
8.02360341587388
8.02360341587388
8.02360341587388
8.02360341587388
8.02360341587388
8.02360341587388
8.02360341587388
8.02360341587388
8.02360341587388
8.02360341587388
8.02360341587388
8.02360341587388
8.02360341587388
8.02360341587388
8.02360341587388
8.02360341587388
8.02360341587388
8.02360341587388
8.02360341587388
8.02360341587388
8.02360341587388
8.02360341587388
8.02360341587388
8.02360341587388
8.02360341587388
8.02360341587388
8.02360341587388
8.02360341587388
8.02360341587388
8.02360341587388
8.02360341587388
8.02360341587388
8.02360341587388
8.02360341587388
8.02360341587388
8.02360341587388
8.02360341587388
8.02360341587388
8.02360341587388
8.02360341587388
8.02360341587388
8.02360341587388
8.02360341587388
8.02360341587388
8.02360341587388
8.02360341587388
8.02360341587388
8.02360341587388
8.02360341587388
8.02360341587388
8.02360341587388
8.02360341587388
8.02360341587388
8.02360341587388
8.02360341587388
8.02360341587388
8.02360341587388
8.02360341587388
8.02360341587388
8.02360341587388
8.02360341587388
8.02360341587388
8.02360341587388
8.02360341587388
8.02360341587388
8.02360341587388
8.02360341587388
8.02360341587388
8.02360341587388
8.02360341587388
8.02360341587388
8.02360341587388
8.02360341587388
8.02360341587388
8.02360341587388
8.02360341587388
1.0905868720605276
0.0
0.0
0.0
0.0
0.0
0.0
0.0
0.0
0.0
0.0
2.074062533472253
3.0088512809527055
3.0088512809527055
3.0088512809527055
3.0088512809527055
3.0088512809527055
3.0088512809527055
3.0088512809527055
3.0088512809527055
3.0088512809527055
3.0088512809527055
3.0088512809527055
3.0088512809527055
3.0088512809527055
3.0088512809527055
3.0088512809527055
3.0088512809527055
3.0088512809527055
3.0088512809527055
3.0088512809527055
3.0088512809527055
3.0088512809527055
3.0088512809527055
3.0088512809527055
3.0088512809527055
3.0088512809527055
3.0088512809527055
3.0088512809527055
3.0088512809527055
3.0088512809527055
3.0088512809527055
3.0088512809527055
3.0088512809527055
3.0088512809527055
3.0088512809527055
3.0088512809527055
5.822954906180317
20.059008539684704
20.059008539684704
20.059008539684704
20.059008539684704
20.059008539684704
20.059008539684704
20.059008539684704
20.059008539684704
20.059008539684704
20.059008539684704
20.059008539684704
20.059008539684704
20.059008539684704
20.059008539684704
20.059008539684704
20.059008539684704
20.059008539684704
20.059008539684704
20.059008539684704
20.059008539684704
20.059008539684704
20.059008539684704
20.059008539684704
20.059008539684704
20.059008539684704
20.059008539684704
20.059008539684704
20.059008539684704
18.744461863540316
15.044256404763527
15.044256404763527
15.044256404763527
15.044256404763527
15.044256404763527
15.044256404763527
15.044256404763527
15.044256404763527
15.044256404763527
15.044256404763527
15.044256404763527
15.044256404763527
15.044256404763527
15.044256404763527
15.044256404763527
15.044256404763527
15.044256404763527
15.044256404763527
15.044256404763527
15.044256404763527
15.044256404763527
15.044256404763527
15.044256404763527
15.044256404763527
15.044256404763527
15.044256404763527
15.044256404763527
15.044256404763527
15.044256404763527
15.044256404763527
15.044256404763527
15.044256404763527
15.044256404763527
15.044256404763527
15.044256404763527
15.044256404763527
15.044256404763527
15.044256404763527
15.044256404763527
15.044256404763527
15.044256404763527
15.044256404763527
15.044256404763527
15.044256404763527
15.044256404763527
15.044256404763527
15.044256404763527
15.044256404763527
15.044256404763527
15.044256404763527
15.044256404763527
15.044256404763527
15.044256404763527
15.044256404763527
15.044256404763527
15.044256404763527
15.044256404763527
15.044256404763527
15.044256404763527
15.044256404763527
15.044256404763527
15.044256404763527
15.044256404763527
15.044256404763527
15.044256404763527
15.044256404763527
15.044256404763527
15.044256404763527
15.044256404763527
15.044256404763527
15.044256404763527
15.044256404763527
15.044256404763527
15.044256404763527
15.044256404763527
15.044256404763527
15.044256404763527
15.044256404763527
15.044256404763527
15.044256404763527
15.044256404763527
15.044256404763527
15.044256404763527
15.044256404763527
15.044256404763527
15.044256404763527
15.044256404763527
15.044256404763527
15.044256404763527
15.044256404763527
15.044256404763527
15.044256404763527
15.044256404763527
15.044256404763527
15.044256404763527
15.044256404763527
15.044256404763527
15.044256404763527
15.044256404763527
15.044256404763527
15.044256404763527
15.044256404763527
15.044256404763527
15.044256404763527
15.044256404763527
15.044256404763527
15.044256404763527
15.044256404763527
15.044256404763527
15.044256404763527
15.044256404763527
15.044256404763527
15.044256404763527
15.044256404763527
15.044256404763527
15.044256404763527
15.044256404763527
15.044256404763527
15.044256404763527
15.044256404763527
15.044256404763527
15.044256404763527
15.044256404763527
15.044256404763527
15.044256404763527
15.044256404763527
15.044256404763527
15.044256404763527
15.044256404763527
15.044256404763527
15.044256404763527
15.044256404763527
15.044256404763527
15.044256404763527
15.044256404763527
15.044256404763527
15.044256404763527
15.044256404763527
15.044256404763527
15.044256404763527
15.044256404763527
15.044256404763527
15.044256404763527
15.044256404763527
18.31601702094511
19.05605811270047
19.05605811270047
19.05605811270047
19.05605811270047
19.05605811270047
19.05605811270047
19.05605811270047
19.05605811270047
19.05605811270047
19.05605811270047
19.05605811270047
19.05605811270047
19.05605811270047
19.05605811270047
19.05605811270047
19.05605811270047
19.05605811270047
19.05605811270047
19.05605811270047
19.05605811270047
19.05605811270047
19.05605811270047
19.05605811270047
19.05605811270047
19.05605811270047
19.05605811270047
19.05605811270047
19.05605811270047
19.05605811270047
19.05605811270047
19.05605811270047
18.41339084880766
18.05310768571623
18.05310768571623
18.05310768571623
18.05310768571623
18.05310768571623
18.05310768571623
18.05310768571623
18.05310768571623
18.05310768571623
18.05310768571623
18.05310768571623
18.05310768571623
18.05310768571623
18.05310768571623
18.05310768571623
18.05310768571623
18.05310768571623
18.05310768571623
18.05310768571623
18.05310768571623
18.05310768571623
18.05310768571623
18.05310768571623
18.05310768571623
18.05310768571623
18.05310768571623
18.05310768571623
18.05310768571623
18.05310768571623
18.05310768571623
18.05310768571623
16.90409651693818
16.04720683174776
16.04720683174776
16.04720683174776
16.04720683174776
16.04720683174776
16.04720683174776
16.04720683174776
16.04720683174776
16.04720683174776
16.04720683174776
16.04720683174776
16.04720683174776
16.04720683174776
16.04720683174776
16.04720683174776
16.04720683174776
16.04720683174776
16.04720683174776
16.04720683174776
16.04720683174776
16.04720683174776
16.04720683174776
16.04720683174776
16.04720683174776
16.04720683174776
16.04720683174776
16.04720683174776
16.04720683174776
16.04720683174776
16.04720683174776
16.04720683174776
16.04720683174776
16.04720683174776
16.04720683174776
16.04720683174776
16.04720683174776
16.04720683174776
16.04720683174776
16.04720683174776
16.04720683174776
16.04720683174776
16.04720683174776
16.04720683174776
16.04720683174776
16.04720683174776
16.04720683174776
16.04720683174776
16.04720683174776
16.04720683174776
16.04720683174776
16.04720683174776
16.04720683174776
16.04720683174776
16.04720683174776
16.04720683174776
16.04720683174776
16.04720683174776
16.04720683174776
16.04720683174776
16.04720683174776
16.04720683174776
16.04720683174776
16.04720683174776
16.04720683174776
11.899081764803256
10.029504269842352
10.029504269842352
10.029504269842352
10.029504269842352
10.029504269842352
10.029504269842352
10.029504269842352
10.029504269842352
10.029504269842352
10.029504269842352
10.029504269842352
10.029504269842352
10.029504269842352
10.029504269842352
10.029504269842352
10.029504269842352
10.029504269842352
10.029504269842352
10.029504269842352
10.029504269842352
10.029504269842352
10.029504269842352
10.029504269842352
10.029504269842352
10.029504269842352
10.029504269842352
10.029504269842352
10.029504269842352
10.029504269842352
10.029504269842352
10.029504269842352
10.029504269842352
10.029504269842352
10.029504269842352
10.029504269842352
12.035405123810822
12.035405123810822
12.035405123810822
12.035405123810822
12.035405123810822
12.035405123810822
12.035405123810822
12.035405123810822
12.035405123810822
12.035405123810822
12.035405123810822
12.035405123810822
12.035405123810822
12.035405123810822
12.035405123810822
12.035405123810822
12.035405123810822
12.035405123810822
12.035405123810822
12.035405123810822
12.035405123810822
12.035405123810822
12.035405123810822
12.035405123810822
12.035405123810822
12.035405123810822
12.035405123810822
12.035405123810822
12.035405123810822
12.035405123810822
12.035405123810822
12.035405123810822
12.035405123810822
12.035405123810822
12.035405123810822
12.035405123810822
12.035405123810822
12.035405123810822
12.035405123810822
12.035405123810822
12.035405123810822
12.035405123810822
12.035405123810822
12.035405123810822
12.035405123810822
12.035405123810822
12.035405123810822
12.035405123810822
12.035405123810822
12.035405123810822
12.035405123810822
12.035405123810822
12.035405123810822
12.035405123810822
12.035405123810822
12.035405123810822
12.035405123810822
12.035405123810822
12.035405123810822
12.035405123810822
12.035405123810822
12.035405123810822
12.035405123810822
12.035405123810822
12.035405123810822
12.035405123810822
12.035405123810822
12.035405123810822
12.035405123810822
12.035405123810822
12.035405123810822
12.035405123810822
12.035405123810822
12.035405123810822
12.035405123810822
12.035405123810822
12.035405123810822
12.035405123810822
12.035405123810822
12.035405123810822
12.035405123810822
12.035405123810822
12.035405123810822
12.035405123810822
12.035405123810822
12.035405123810822
12.035405123810822
12.035405123810822
12.035405123810822
12.035405123810822
12.035405123810822
12.035405123810822
12.035405123810822
12.035405123810822
12.035405123810822
12.035405123810822
12.035405123810822
12.035405123810822
12.035405123810822
12.035405123810822
12.035405123810822
12.035405123810822
12.035405123810822
12.035405123810822
9.640008958392164
6.017702561905411
6.017702561905411
6.017702561905411
6.017702561905411
6.017702561905411
6.017702561905411
6.017702561905411
6.017702561905411
6.017702561905411
6.017702561905411
6.017702561905411
6.017702561905411
6.017702561905411
6.017702561905411
6.017702561905411
6.017702561905411
6.017702561905411
6.017702561905411
6.017702561905411
6.017702561905411
6.017702561905411
6.017702561905411
6.017702561905411
6.017702561905411
6.017702561905411
6.017702561905411
6.017702561905411
6.017702561905411
6.017702561905411
6.017702561905411
6.017702561905411
6.017702561905411
6.017702561905411
6.017702561905411
6.017702561905411
6.017702561905411
6.017702561905411
6.017702561905411
6.017702561905411
6.017702561905411
6.017702561905411
6.017702561905411
6.017702561905411
6.017702561905411
6.017702561905411
6.017702561905411
6.017702561905411
6.017702561905411
6.017702561905411
6.017702561905411
6.017702561905411
6.017702561905411
6.017702561905411
6.017702561905411
6.017702561905411
6.017702561905411
6.017702561905411
6.017702561905411
6.017702561905411
6.017702561905411
6.017702561905411
6.017702561905411
6.017702561905411
6.017702561905411
6.017702561905411
6.017702561905411
6.017702561905411
6.017702561905411
6.017702561905411
6.017702561905411
6.017702561905411
6.017702561905411
6.017702561905411
6.017702561905411
6.017702561905411
6.017702561905411
6.017702561905411
6.017702561905411
6.017702561905411
6.017702561905411
6.017702561905411
6.017702561905411
6.017702561905411
6.017702561905411
6.017702561905411
6.017702561905411
6.017702561905411
6.017702561905411
6.017702561905411
6.017702561905411
6.017702561905411
6.017702561905411
6.017702561905411
6.017702561905411
6.017702561905411
6.017702561905411
6.017702561905411
6.017702561905411
6.017702561905411
6.017702561905411
6.017702561905411
6.017702561905411
6.017702561905411
6.017702561905411
6.017702561905411
6.017702561905411
6.017702561905411
6.017702561905411
6.017702561905411
6.017702561905411
6.017702561905411
6.017702561905411
6.017702561905411
6.017702561905411
6.017702561905411
6.017702561905411
6.017702561905411
6.017702561905411
6.017702561905411
6.017702561905411
6.017702561905411
6.017702561905411
6.017702561905411
6.017702561905411
6.017702561905411
6.017702561905411
6.017702561905411
6.017702561905411
6.017702561905411
6.017702561905411
6.017702561905411
6.017702561905411
6.017702561905411
6.017702561905411
6.017702561905411
6.017702561905411
6.017702561905411
8.74416974205673
11.032454696826587
11.032454696826587
11.032454696826587
11.032454696826587
11.032454696826587
11.032454696826587
11.032454696826587
11.032454696826587
11.032454696826587
11.032454696826587
11.032454696826587
11.032454696826587
11.032454696826587
11.032454696826587
11.032454696826587
11.032454696826587
11.032454696826587
11.032454696826587
11.032454696826587
11.032454696826587
11.032454696826587
11.032454696826587
11.032454696826587
11.032454696826587
11.032454696826587
11.032454696826587
11.032454696826587
11.032454696826587
11.032454696826587
11.032454696826587
11.032454696826587
11.032454696826587
11.032454696826587
11.032454696826587
11.032454696826587
11.032454696826587
11.032454696826587
11.032454696826587
11.032454696826587
11.032454696826587
11.032454696826587
11.032454696826587
11.032454696826587
11.032454696826587
11.032454696826587
11.032454696826587
11.032454696826587
11.032454696826587
11.032454696826587
11.032454696826587
11.032454696826587
11.032454696826587
11.032454696826587
11.032454696826587
11.032454696826587
11.032454696826587
11.032454696826587
11.032454696826587
11.032454696826587
11.032454696826587
11.032454696826587
11.032454696826587
11.032454696826587
11.032454696826587
11.032454696826587
11.032454696826587
11.032454696826587
11.032454696826587
11.032454696826587
11.032454696826587
11.032454696826587
11.032454696826587
11.032454696826587
11.032454696826587
11.032454696826587
11.032454696826587
11.032454696826587
11.032454696826587
11.032454696826587
11.032454696826587
11.032454696826587
11.032454696826587
11.032454696826587
11.032454696826587
11.032454696826587
11.032454696826587
11.032454696826587
11.032454696826587
11.032454696826587
11.032454696826587
11.032454696826587
11.032454696826587
11.032454696826587
11.032454696826587
11.032454696826587
11.032454696826587
11.032454696826587
11.032454696826587
11.032454696826587
11.032454696826587
11.032454696826587
11.032454696826587
11.032454696826587
11.032454696826587
11.032454696826587
11.032454696826587
11.032454696826587
11.032454696826587
11.032454696826587
11.032454696826587
11.032454696826587
11.032454696826587
9.464736068239578
4.01180170793694
4.01180170793694
4.01180170793694
4.01180170793694
4.01180170793694
4.01180170793694
4.01180170793694
4.01180170793694
4.01180170793694
4.01180170793694
4.01180170793694
4.01180170793694
4.01180170793694
4.01180170793694
4.01180170793694
4.01180170793694
4.01180170793694
4.01180170793694
4.01180170793694
4.01180170793694
4.01180170793694
4.01180170793694
4.01180170793694
4.01180170793694
4.01180170793694
4.01180170793694
4.01180170793694
4.01180170793694
4.01180170793694
4.01180170793694
4.01180170793694
4.01180170793694
4.01180170793694
4.01180170793694
4.01180170793694
4.01180170793694
4.01180170793694
4.01180170793694
4.01180170793694
