99.63053881822013
99.63053881822013
99.63053881822013
99.63053881822013
99.63053881822013
99.63053881822013
99.63053881822013
99.63053881822013
99.63053881822013
102.60606511443378
103.69709142304545
103.69709142304545
103.69709142304545
103.69709142304545
103.69709142304545
103.69709142304545
103.69709142304545
103.69709142304545
103.69709142304545
103.69709142304545
103.69709142304545
103.69709142304545
103.69709142304545
103.69709142304545
103.69709142304545
103.69709142304545
103.69709142304545
103.69709142304545
102.73004537677602
102.68045327183913
102.68045327183913
102.68045327183913
102.68045327183913
102.68045327183913
102.68045327183913
102.68045327183913
102.68045327183913
102.68045327183913
102.68045327183913
102.68045327183913
102.68045327183913
102.68045327183913
102.68045327183913
102.68045327183913
102.68045327183913
102.68045327183913
102.68045327183913
102.68045327183913
102.68045327183913
102.68045327183913
102.68045327183913
102.68045327183913
102.68045327183913
102.68045327183913
102.68045327183913
102.68045327183913
102.68045327183913
102.68045327183913
102.68045327183913
102.68045327183913
102.68045327183913
102.68045327183913
102.68045327183913
102.68045327183913
102.68045327183913
102.68045327183913
101.76299933050659
101.66381512063279
101.66381512063279
101.66381512063279
101.66381512063279
101.66381512063279
101.66381512063279
101.66381512063279
101.66381512063279
101.66381512063279
101.66381512063279
101.66381512063279
101.66381512063279
101.66381512063279
101.66381512063279
101.66381512063279
101.66381512063279
101.66381512063279
101.66381512063279
101.66381512063279
101.66381512063279
101.66381512063279
101.66381512063279
101.66381512063279
101.66381512063279
101.66381512063279
101.66381512063279
101.66381512063279
101.66381512063279
101.66381512063279
101.66381512063279
101.66381512063279
101.66381512063279
101.66381512063279
101.66381512063279
101.66381512063279
101.66381512063279
101.66381512063279
101.66381512063279
101.66381512063279
101.66381512063279
101.66381512063279
101.66381512063279
101.66381512063279
101.66381512063279
101.66381512063279
101.66381512063279
101.66381512063279
101.66381512063279
101.66381512063279
101.66381512063279
101.66381512063279
101.66381512063279
101.66381512063279
101.66381512063279
101.66381512063279
101.2422822286692
100.64717696942647
100.64717696942647
100.64717696942647
100.64717696942647
100.64717696942647
100.64717696942647
100.64717696942647
100.64717696942647
100.64717696942647
100.64717696942647
100.64717696942647
100.64717696942647
100.64717696942647
100.64717696942647
100.64717696942647
100.64717696942647
100.64717696942647
100.64717696942647
100.64717696942647
100.64717696942647
100.64717696942647
100.64717696942647
100.64717696942647
100.64717696942647
100.64717696942647
100.64717696942647
100.64717696942647
100.64717696942647
100.64717696942647
100.64717696942647
100.64717696942647
100.64717696942647
100.64717696942647
100.64717696942647
100.64717696942647
100.64717696942647
100.64717696942647
101.76299933050659
103.69709142304545
103.69709142304545
103.69709142304545
103.69709142304545
103.69709142304545
103.69709142304545
103.69709142304545
103.69709142304545
103.69709142304545
103.69709142304545
103.69709142304545
103.69709142304545
103.69709142304545
103.69709142304545
103.69709142304545
103.69709142304545
103.69709142304545
103.69709142304545
103.69709142304545
103.69709142304545
103.69709142304545
103.69709142304545
103.69709142304545
103.69709142304545
103.69709142304545
103.69709142304545
103.69709142304545
103.69709142304545
103.69709142304545
103.69709142304545
103.69709142304545
103.69709142304545
103.69709142304545
103.69709142304545
103.69709142304545
103.69709142304545
103.69709142304545
100.05207171018374
96.58062436460115
96.58062436460115
96.58062436460115
96.58062436460115
96.58062436460115
96.58062436460115
96.58062436460115
96.58062436460115
96.58062436460115
96.58062436460115
96.58062436460115
96.58062436460115
96.58062436460115
96.58062436460115
96.58062436460115
96.58062436460115
96.58062436460115
96.58062436460115
102.0853480125964
102.68045327183913
102.68045327183913
102.68045327183913
102.68045327183913
102.68045327183913
102.68045327183913
102.68045327183913
102.68045327183913
102.68045327183913
102.68045327183913
102.68045327183913
102.68045327183913
102.68045327183913
102.68045327183913
102.68045327183913
102.68045327183913
102.68045327183913
102.68045327183913
104.5153611545042
104.71372957425177
104.71372957425177
104.71372957425177
104.71372957425177
104.71372957425177
104.71372957425177
104.71372957425177
104.71372957425177
104.71372957425177
104.71372957425177
104.71372957425177
104.71372957425177
104.71372957425177
104.71372957425177
104.71372957425177
104.71372957425177
104.71372957425177
104.39138089216196
103.69709142304545
103.69709142304545
103.69709142304545
103.69709142304545
103.69709142304545
103.69709142304545
103.69709142304545
103.69709142304545
103.69709142304545
103.69709142304545
103.69709142304545
103.69709142304545
103.69709142304545
103.69709142304545
103.69709142304545
103.69709142304545
103.69709142304545
103.69709142304545
103.49872300329787
99.63053881822013
99.63053881822013
99.63053881822013
99.63053881822013
99.63053881822013
99.63053881822013
99.63053881822013
99.63053881822013
99.63053881822013
99.63053881822013
99.63053881822013
99.63053881822013
99.63053881822013
99.63053881822013
99.63053881822013
99.63053881822013
99.63053881822013
99.63053881822013
99.63053881822013
102.0853480125964
102.68045327183913
102.68045327183913
102.68045327183913
102.68045327183913
102.68045327183913
102.68045327183913
102.68045327183913
102.68045327183913
102.68045327183913
102.68045327183913
102.68045327183913
102.68045327183913
102.68045327183913
102.68045327183913
102.68045327183913
102.68045327183913
102.68045327183913
103.57311116070322
104.71372957425177
104.71372957425177
104.71372957425177
104.71372957425177
104.71372957425177
104.71372957425177
104.71372957425177
104.71372957425177
104.71372957425177
104.71372957425177
104.71372957425177
104.71372957425177
104.71372957425177
104.71372957425177
104.71372957425177
104.71372957425177
104.71372957425177
104.71372957425177
102.77963748171291
101.66381512063279
101.66381512063279
101.66381512063279
101.66381512063279
101.66381512063279
101.66381512063279
101.66381512063279
101.66381512063279
101.66381512063279
101.66381512063279
101.66381512063279
101.66381512063279
101.66381512063279
101.66381512063279
101.66381512063279
101.66381512063279
101.66381512063279
101.66381512063279
102.40769669468621
103.69709142304545
103.69709142304545
103.69709142304545
103.69709142304545
103.69709142304545
103.69709142304545
103.69709142304545
103.69709142304545
103.69709142304545
103.69709142304545
103.69709142304545
103.69709142304545
103.69709142304545
103.69709142304545
103.69709142304545
103.69709142304545
103.69709142304545
103.69709142304545
103.69709142304545
101.96136775025415
101.66381512063279
101.66381512063279
101.66381512063279
101.66381512063279
101.66381512063279
101.66381512063279
101.66381512063279
101.66381512063279
101.66381512063279
101.66381512063279
101.66381512063279
101.66381512063279
101.66381512063279
101.66381512063279
101.66381512063279
101.66381512063279
101.66381512063279
101.66381512063279
102.68045327183913
102.68045327183913
102.68045327183913
102.68045327183913
102.68045327183913
102.68045327183913
102.68045327183913
102.68045327183913
102.68045327183913
102.68045327183913
102.68045327183913
102.68045327183913
102.68045327183913
102.68045327183913
102.68045327183913
102.68045327183913
102.68045327183913
102.68045327183913
102.68045327183913
100.64717696942647
100.64717696942647
100.64717696942647
100.64717696942647
100.64717696942647
100.64717696942647
100.64717696942647
100.64717696942647
100.64717696942647
100.64717696942647
100.64717696942647
100.64717696942647
100.64717696942647
100.64717696942647
100.64717696942647
100.64717696942647
100.64717696942647
100.64717696942647
100.64717696942647
100.64717696942647
99.63053881822013
99.63053881822013
99.63053881822013
99.63053881822013
99.63053881822013
99.63053881822013
99.63053881822013
99.63053881822013
99.63053881822013
99.63053881822013
99.63053881822013
99.63053881822013
99.63053881822013
99.63053881822013
99.63053881822013
99.63053881822013
99.63053881822013
99.63053881822013
100.89513749411094
102.68045327183913
102.68045327183913
102.68045327183913
102.68045327183913
102.68045327183913
102.68045327183913
102.68045327183913
102.68045327183913
102.68045327183913
102.68045327183913
102.68045327183913
102.68045327183913
102.68045327183913
102.68045327183913
102.68045327183913
102.68045327183913
102.68045327183913
102.68045327183913
101.81259143544348
101.66381512063279
101.66381512063279
101.66381512063279
101.66381512063279
101.66381512063279
101.66381512063279
101.66381512063279
101.66381512063279
101.66381512063279
101.66381512063279
101.66381512063279
101.66381512063279
101.66381512063279
101.66381512063279
101.66381512063279
101.66381512063279
101.66381512063279
101.66381512063279
100.91993354657939
98.61390066701381
98.61390066701381
98.61390066701381
98.61390066701381
98.61390066701381
98.61390066701381
98.61390066701381
98.61390066701381
98.61390066701381
98.61390066701381
98.61390066701381
98.61390066701381
98.61390066701381
98.61390066701381
98.61390066701381
98.61390066701381
98.61390066701381
98.61390066701381
103.69709142304545
103.69709142304545
103.69709142304545
103.69709142304545
103.69709142304545
103.69709142304545
103.69709142304545
103.69709142304545
103.69709142304545
103.69709142304545
103.69709142304545
103.69709142304545
103.69709142304545
103.69709142304545
103.69709142304545
103.69709142304545
103.69709142304545
103.69709142304545
104.39138089216196
104.71372957425177
104.71372957425177
104.71372957425177
104.71372957425177
104.71372957425177
104.71372957425177
104.71372957425177
104.71372957425177
104.71372957425177
104.71372957425177
104.71372957425177
104.71372957425177
104.71372957425177
104.71372957425177
104.71372957425177
104.71372957425177
104.71372957425177
104.34178878722507
101.66381512063279
101.66381512063279
101.66381512063279
101.66381512063279
101.66381512063279
101.66381512063279
101.66381512063279
101.66381512063279
101.66381512063279
101.66381512063279
101.66381512063279
101.66381512063279
101.66381512063279
101.66381512063279
101.66381512063279
101.66381512063279
101.66381512063279
101.66381512063279
101.81259143544348
104.71372957425177
104.71372957425177
104.71372957425177
104.71372957425177
104.71372957425177
104.71372957425177
104.71372957425177
104.71372957425177
104.71372957425177
104.71372957425177
104.71372957425177
104.71372957425177
104.71372957425177
104.71372957425177
104.71372957425177
104.71372957425177
104.71372957425177
104.71372957425177
106.64782166679065
106.74700587666443
106.74700587666443
106.74700587666443
106.74700587666443
106.74700587666443
106.74700587666443
106.74700587666443
106.74700587666443
106.74700587666443
106.74700587666443
106.74700587666443
106.74700587666443
106.74700587666443
106.74700587666443
106.74700587666443
106.74700587666443
106.74700587666443
106.74700587666443
106.74700587666443
106.74700587666443
106.74700587666443
106.74700587666443
106.74700587666443
106.74700587666443
106.74700587666443
106.74700587666443
106.74700587666443
106.74700587666443
106.74700587666443
106.74700587666443
106.74700587666443
106.74700587666443
106.74700587666443
106.74700587666443
99.30819013613032
96.58062436460115
96.58062436460115
96.58062436460115
96.58062436460115
96.58062436460115
96.58062436460115
96.58062436460115
96.58062436460115
96.58062436460115
96.58062436460115
96.58062436460115
96.58062436460115
96.58062436460115
96.58062436460115
96.58062436460115
96.58062436460115
96.82858488928562
98.61390066701381
98.61390066701381
98.61390066701381
98.61390066701381
98.61390066701381
98.61390066701381
98.61390066701381
98.61390066701381
98.61390066701381
98.61390066701381
98.61390066701381
98.61390066701381
98.61390066701381
98.61390066701381
98.61390066701381
98.61390066701381
98.61390066701381
102.58126906196533
102.68045327183913
102.68045327183913
102.68045327183913
102.68045327183913
102.68045327183913
102.68045327183913
102.68045327183913
102.68045327183913
102.68045327183913
102.68045327183913
102.68045327183913
102.68045327183913
102.68045327183913
102.68045327183913
102.68045327183913
103.27555853108186
104.71372957425177
104.71372957425177
104.71372957425177
104.71372957425177
104.71372957425177
104.71372957425177
104.71372957425177
104.71372957425177
104.71372957425177
104.71372957425177
104.71372957425177
104.71372957425177
104.71372957425177
104.71372957425177
104.71372957425177
104.71372957425177
103.92025589526148
102.68045327183913
102.68045327183913
102.68045327183913
102.68045327183913
102.68045327183913
102.68045327183913
102.68045327183913
102.68045327183913
102.68045327183913
102.68045327183913
102.68045327183913
102.68045327183913
102.68045327183913
102.68045327183913
102.68045327183913
102.68045327183913
102.68045327183913
106.74700587666443
106.74700587666443
106.74700587666443
106.74700587666443
106.74700587666443
106.74700587666443
106.74700587666443
106.74700587666443
106.74700587666443
106.74700587666443
106.74700587666443
106.74700587666443
106.74700587666443
106.74700587666443
106.74700587666443
106.74700587666443
107.0445585062858
108.78028217907709
108.78028217907709
108.78028217907709
108.78028217907709
108.78028217907709
108.78028217907709
108.78028217907709
108.78028217907709
108.78028217907709
108.78028217907709
108.78028217907709
108.78028217907709
108.78028217907709
108.78028217907709
108.78028217907709
108.78028217907709
108.78028217907709
106.74700587666443
106.74700587666443
106.74700587666443
106.74700587666443
106.74700587666443
106.74700587666443
106.74700587666443
106.74700587666443
106.74700587666443
106.74700587666443
106.74700587666443
106.74700587666443
106.74700587666443
106.74700587666443
106.74700587666443
106.74700587666443
106.74700587666443
106.74700587666443
106.35026903716928
104.71372957425177
104.71372957425177
104.71372957425177
104.71372957425177
104.71372957425177
104.71372957425177
104.71372957425177
104.71372957425177
104.71372957425177
104.71372957425177
104.71372957425177
104.71372957425177
104.71372957425177
104.71372957425177
104.71372957425177
104.71372957425177
104.71372957425177
104.71372957425177
104.71372957425177
101.1430980187954
100.64717696942647
100.64717696942647
100.64717696942647
100.64717696942647
100.64717696942647
100.64717696942647
100.64717696942647
100.64717696942647
100.64717696942647
100.64717696942647
100.64717696942647
100.64717696942647
100.64717696942647
100.64717696942647
100.64717696942647
100.64717696942647
100.64717696942647
100.64717696942647
102.13494011753329
104.71372957425177
104.71372957425177
104.71372957425177
104.71372957425177
104.71372957425177
104.71372957425177
104.71372957425177
104.71372957425177
104.71372957425177
104.71372957425177
104.71372957425177
104.71372957425177
104.71372957425177
104.71372957425177
104.71372957425177
104.71372957425177
104.71372957425177
104.71372957425177
104.71372957425177
100.8703414416425
99.63053881822013
99.63053881822013
99.63053881822013
99.63053881822013
99.63053881822013
99.63053881822013
99.63053881822013
99.63053881822013
99.63053881822013
99.63053881822013
99.63053881822013
99.63053881822013
99.63053881822013
99.63053881822013
99.63053881822013
99.63053881822013
99.63053881822013
99.63053881822013
99.35778224106723
98.61390066701381
98.61390066701381
98.61390066701381
98.61390066701381
98.61390066701381
98.61390066701381
98.61390066701381
98.61390066701381
98.61390066701381
98.61390066701381
98.61390066701381
98.61390066701381
98.61390066701381
98.61390066701381
98.61390066701381
98.61390066701381
98.61390066701381
98.61390066701381
98.61390066701381
98.21716382751866
94.5473480621885
94.5473480621885
94.5473480621885
94.5473480621885
94.5473480621885
94.5473480621885
94.5473480621885
94.5473480621885
94.5473480621885
94.5473480621885
94.5473480621885
94.5473480621885
94.5473480621885
94.5473480621885
94.5473480621885
94.5473480621885
94.5473480621885
94.5473480621885
94.5473480621885
96.40705199732203
97.59726251580749
97.59726251580749
97.59726251580749
97.59726251580749
97.59726251580749
97.59726251580749
97.59726251580749
97.59726251580749
97.59726251580749
97.59726251580749
97.59726251580749
97.59726251580749
97.59726251580749
97.59726251580749
97.59726251580749
97.59726251580749
97.59726251580749
97.59726251580749
96.80378883681718
96.58062436460115
96.58062436460115
96.58062436460115
96.58062436460115
96.58062436460115
96.58062436460115
96.58062436460115
96.58062436460115
96.58062436460115
96.58062436460115
96.58062436460115
96.58062436460115
96.58062436460115
96.58062436460115
96.58062436460115
96.58062436460115
96.58062436460115
96.58062436460115
96.58062436460115
96.58062436460115
96.58062436460115
96.58062436460115
96.58062436460115
96.58062436460115
96.58062436460115
96.58062436460115
96.58062436460115
96.58062436460115
96.58062436460115
96.58062436460115
96.58062436460115
96.58062436460115
96.58062436460115
96.58062436460115
96.58062436460115
96.58062436460115
96.58062436460115
96.58062436460115
96.58062436460115
96.58062436460115
96.58062436460115
96.58062436460115
96.58062436460115
96.58062436460115
96.58062436460115
96.58062436460115
96.58062436460115
96.58062436460115
96.58062436460115
96.58062436460115
96.58062436460115
96.58062436460115
96.58062436460115
96.58062436460115
96.58062436460115
97.17572962384388
100.64717696942647
100.64717696942647
100.64717696942647
100.64717696942647
100.64717696942647
100.64717696942647
100.64717696942647
100.64717696942647
100.64717696942647
100.64717696942647
100.64717696942647
100.64717696942647
100.64717696942647
100.64717696942647
100.64717696942647
100.64717696942647
100.64717696942647
