93.19430220649846
93.19430220649846
93.19430220649846
93.19430220649846
93.19430220649846
93.19430220649846
93.19430220649846
93.19430220649846
93.19430220649846
93.19430220649846
93.19430220649846
93.19430220649846
93.19430220649846
93.19430220649846
93.19430220649846
93.19430220649846
93.19430220649846
93.19430220649846
93.19430220649846
93.19430220649846
93.19430220649846
93.19430220649846
93.19430220649846
93.19430220649846
93.19430220649846
93.19430220649846
93.19430220649846
93.19430220649846
93.19430220649846
93.19430220649846
93.19430220649846
93.19430220649846
93.19430220649846
93.19430220649846
93.19430220649846
93.19430220649846
93.19430220649846
93.19430220649846
93.19430220649846
93.19430220649846
94.31151661856438
97.29075505074016
97.29075505074016
97.29075505074016
97.29075505074016
97.29075505074016
97.29075505074016
97.29075505074016
97.29075505074016
97.29075505074016
97.29075505074016
97.29075505074016
97.29075505074016
97.29075505074016
97.29075505074016
97.29075505074016
97.29075505074016
97.29075505074016
97.29075505074016
97.29075505074016
97.29075505074016
97.29075505074016
97.29075505074016
97.29075505074016
97.29075505074016
97.29075505074016
97.29075505074016
97.29075505074016
97.29075505074016
97.29075505074016
97.29075505074016
97.29075505074016
97.29075505074016
97.29075505074016
97.29075505074016
97.29075505074016
97.29075505074016
97.29075505074016
97.29075505074016
97.29075505074016
97.29075505074016
97.29075505074016
97.29075505074016
97.29075505074016
97.29075505074016
97.29075505074016
97.29075505074016
97.29075505074016
97.29075505074016
97.29075505074016
97.29075505074016
97.29075505074016
97.29075505074016
97.29075505074016
97.29075505074016
97.29075505074016
97.29075505074016
97.29075505074016
97.29075505074016
97.29075505074016
97.29075505074016
97.29075505074016
97.29075505074016
97.29075505074016
97.29075505074016
97.29075505074016
97.29075505074016
97.29075505074016
97.29075505074016
97.29075505074016
97.29075505074016
97.29075505074016
97.29075505074016
97.29075505074016
97.29075505074016
97.29075505074016
97.29075505074016
97.29075505074016
97.29075505074016
97.29075505074016
97.29075505074016
97.29075505074016
97.29075505074016
97.29075505074016
97.29075505074016
97.29075505074016
97.29075505074016
97.29075505074016
97.29075505074016
97.29075505074016
97.29075505074016
97.29075505074016
97.29075505074016
97.29075505074016
97.29075505074016
97.29075505074016
97.29075505074016
97.29075505074016
97.29075505074016
97.29075505074016
97.29075505074016
97.29075505074016
97.29075505074016
97.29075505074016
97.29075505074016
97.29075505074016
97.29075505074016
97.29075505074016
97.29075505074016
97.29075505074016
97.29075505074016
97.29075505074016
97.29075505074016
97.29075505074016
97.29075505074016
97.29075505074016
97.29075505074016
97.29075505074016
97.29075505074016
97.29075505074016
97.29075505074016
97.29075505074016
97.29075505074016
97.29075505074016
97.29075505074016
97.29075505074016
97.29075505074016
97.29075505074016
97.29075505074016
97.29075505074016
97.29075505074016
97.84936225677312
98.31486826180058
98.31486826180058
98.31486826180058
98.31486826180058
98.31486826180058
98.31486826180058
98.31486826180058
98.31486826180058
98.31486826180058
98.31486826180058
98.31486826180058
98.31486826180058
98.31486826180058
98.31486826180058
98.31486826180058
98.31486826180058
98.31486826180058
98.31486826180058
98.31486826180058
98.31486826180058
98.31486826180058
98.31486826180058
98.31486826180058
98.31486826180058
98.31486826180058
98.31486826180058
98.31486826180058
98.31486826180058
98.31486826180058
98.31486826180058
98.31486826180058
98.31486826180058
98.31486826180058
98.31486826180058
98.31486826180058
98.31486826180058
98.31486826180058
98.31486826180058
98.31486826180058
98.31486826180058
98.31486826180058
98.31486826180058
98.31486826180058
98.31486826180058
98.31486826180058
98.31486826180058
98.31486826180058
98.31486826180058
98.31486826180058
98.31486826180058
98.31486826180058
98.31486826180058
98.31486826180058
98.31486826180058
98.31486826180058
98.31486826180058
98.31486826180058
98.31486826180058
98.31486826180058
98.31486826180058
98.31486826180058
98.31486826180058
97.38385625174566
97.29075505074016
97.29075505074016
97.29075505074016
97.29075505074016
97.29075505074016
97.29075505074016
97.29075505074016
97.29075505074016
97.29075505074016
97.29075505074016
97.29075505074016
97.29075505074016
97.29075505074016
97.29075505074016
97.29075505074016
97.29075505074016
97.29075505074016
97.29075505074016
97.29075505074016
97.29075505074016
97.29075505074016
97.29075505074016
97.29075505074016
97.29075505074016
97.29075505074016
97.29075505074016
97.29075505074016
97.29075505074016
97.29075505074016
97.29075505074016
97.29075505074016
97.29075505074016
97.29075505074016
97.29075505074016
97.29075505074016
97.29075505074016
97.29075505074016
97.29075505074016
97.29075505074016
97.29075505074016
97.29075505074016
97.29075505074016
97.29075505074016
97.29075505074016
97.29075505074016
97.29075505074016
97.29075505074016
97.29075505074016
97.29075505074016
97.29075505074016
97.29075505074016
97.29075505074016
97.29075505074016
97.29075505074016
97.29075505074016
97.29075505074016
97.29075505074016
97.29075505074016
97.29075505074016
97.29075505074016
97.29075505074016
100.08379108090494
102.41132110604227
102.41132110604227
102.41132110604227
102.41132110604227
102.41132110604227
102.41132110604227
102.41132110604227
102.41132110604227
102.41132110604227
102.41132110604227
102.41132110604227
102.41132110604227
102.41132110604227
102.41132110604227
102.41132110604227
102.41132110604227
102.41132110604227
102.41132110604227
102.41132110604227
102.41132110604227
102.41132110604227
102.41132110604227
102.41132110604227
102.41132110604227
102.41132110604227
102.41132110604227
102.41132110604227
102.41132110604227
102.41132110604227
102.41132110604227
102.41132110604227
102.41132110604227
102.41132110604227
102.41132110604227
102.41132110604227
102.41132110604227
102.41132110604227
102.41132110604227
102.41132110604227
102.41132110604227
102.41132110604227
102.41132110604227
102.41132110604227
102.41132110604227
102.41132110604227
102.41132110604227
102.41132110604227
102.41132110604227
102.41132110604227
102.41132110604227
102.41132110604227
102.41132110604227
102.41132110604227
102.41132110604227
102.41132110604227
102.41132110604227
102.41132110604227
102.41132110604227
102.41132110604227
102.41132110604227
102.41132110604227
103.24923191509171
103.43543431710269
103.43543431710269
103.43543431710269
103.43543431710269
103.43543431710269
103.43543431710269
103.43543431710269
103.43543431710269
103.43543431710269
103.43543431710269
103.43543431710269
103.43543431710269
103.43543431710269
103.43543431710269
103.43543431710269
103.43543431710269
103.43543431710269
103.43543431710269
103.43543431710269
103.43543431710269
103.43543431710269
103.43543431710269
103.43543431710269
103.43543431710269
103.43543431710269
103.43543431710269
103.43543431710269
103.43543431710269
103.43543431710269
103.43543431710269
103.43543431710269
103.43543431710269
103.43543431710269
103.43543431710269
103.43543431710269
103.43543431710269
103.43543431710269
103.43543431710269
103.43543431710269
103.43543431710269
103.43543431710269
103.43543431710269
103.43543431710269
103.43543431710269
103.43543431710269
103.43543431710269
103.43543431710269
103.43543431710269
103.43543431710269
103.43543431710269
103.43543431710269
103.43543431710269
103.43543431710269
103.43543431710269
103.43543431710269
103.43543431710269
103.43543431710269
103.43543431710269
103.43543431710269
103.43543431710269
101.38720789498184
101.38720789498184
101.38720789498184
101.38720789498184
101.38720789498184
101.38720789498184
101.38720789498184
101.38720789498184
101.38720789498184
101.38720789498184
101.38720789498184
101.38720789498184
101.38720789498184
101.38720789498184
101.38720789498184
101.38720789498184
101.38720789498184
101.38720789498184
101.38720789498184
101.38720789498184
101.38720789498184
101.38720789498184
101.38720789498184
101.38720789498184
101.38720789498184
101.38720789498184
101.38720789498184
101.38720789498184
101.38720789498184
101.38720789498184
101.38720789498184
101.38720789498184
101.38720789498184
101.38720789498184
101.38720789498184
101.38720789498184
101.38720789498184
101.38720789498184
101.38720789498184
101.38720789498184
101.38720789498184
101.38720789498184
101.38720789498184
101.38720789498184
101.38720789498184
101.38720789498184
101.38720789498184
101.38720789498184
101.38720789498184
101.38720789498184
101.38720789498184
101.38720789498184
101.38720789498184
101.38720789498184
101.38720789498184
101.38720789498184
101.38720789498184
101.38720789498184
101.38720789498184
101.38720789498184
101.38720789498184
101.38720789498184
100.26999348291594
99.33898147286101
99.33898147286101
99.33898147286101
99.33898147286101
99.33898147286101
99.33898147286101
99.33898147286101
99.33898147286101
99.33898147286101
99.33898147286101
99.33898147286101
99.33898147286101
99.33898147286101
99.33898147286101
99.33898147286101
99.33898147286101
99.33898147286101
99.33898147286101
99.33898147286101
99.33898147286101
99.33898147286101
99.33898147286101
99.33898147286101
99.33898147286101
99.33898147286101
99.33898147286101
99.33898147286101
99.33898147286101
99.33898147286101
99.33898147286101
99.33898147286101
99.33898147286101
99.33898147286101
99.33898147286101
99.33898147286101
99.33898147286101
99.33898147286101
99.33898147286101
99.33898147286101
99.33898147286101
99.33898147286101
99.33898147286101
99.33898147286101
99.33898147286101
99.33898147286101
99.33898147286101
99.33898147286101
99.33898147286101
99.33898147286101
99.33898147286101
99.33898147286101
99.33898147286101
99.33898147286101
99.33898147286101
99.33898147286101
99.33898147286101
99.33898147286101
99.33898147286101
99.33898147286101
101.20100549297086
103.43543431710269
103.43543431710269
103.43543431710269
103.43543431710269
103.43543431710269
103.43543431710269
103.43543431710269
103.43543431710269
103.43543431710269
103.43543431710269
103.43543431710269
103.43543431710269
103.43543431710269
103.43543431710269
103.43543431710269
103.43543431710269
103.43543431710269
103.43543431710269
103.43543431710269
103.43543431710269
103.43543431710269
103.43543431710269
103.43543431710269
103.43543431710269
103.43543431710269
103.43543431710269
103.43543431710269
103.43543431710269
103.43543431710269
103.43543431710269
103.43543431710269
103.43543431710269
103.43543431710269
103.43543431710269
103.43543431710269
103.43543431710269
103.43543431710269
103.43543431710269
103.43543431710269
103.43543431710269
103.43543431710269
103.43543431710269
103.43543431710269
103.43543431710269
103.43543431710269
103.43543431710269
103.43543431710269
103.43543431710269
103.43543431710269
103.43543431710269
103.43543431710269
103.43543431710269
103.43543431710269
103.43543431710269
103.43543431710269
103.43543431710269
103.43543431710269
103.43543431710269
103.43543431710269
103.43543431710269
103.43543431710269
100.92170188995438
100.36309468392143
100.36309468392143
100.36309468392143
100.36309468392143
100.36309468392143
100.36309468392143
100.36309468392143
100.36309468392143
100.36309468392143
100.36309468392143
100.36309468392143
100.36309468392143
100.36309468392143
100.36309468392143
100.36309468392143
100.36309468392143
100.36309468392143
100.36309468392143
100.36309468392143
100.36309468392143
100.36309468392143
100.36309468392143
100.36309468392143
100.36309468392143
100.36309468392143
100.36309468392143
100.36309468392143
100.36309468392143
100.36309468392143
100.36309468392143
100.36309468392143
100.36309468392143
100.36309468392143
100.36309468392143
100.36309468392143
100.36309468392143
100.36309468392143
100.36309468392143
100.36309468392143
100.36309468392143
100.36309468392143
100.36309468392143
100.36309468392143
100.36309468392143
100.36309468392143
100.36309468392143
100.36309468392143
100.36309468392143
100.36309468392143
100.36309468392143
100.36309468392143
100.36309468392143
100.36309468392143
100.36309468392143
100.36309468392143
100.36309468392143
100.36309468392143
100.36309468392143
100.36309468392143
100.36309468392143
100.7354994879434
102.41132110604227
102.41132110604227
102.41132110604227
102.41132110604227
102.41132110604227
102.41132110604227
102.41132110604227
102.41132110604227
102.41132110604227
102.41132110604227
102.41132110604227
102.41132110604227
102.41132110604227
102.41132110604227
102.41132110604227
102.41132110604227
102.41132110604227
102.41132110604227
102.41132110604227
102.41132110604227
102.41132110604227
102.41132110604227
102.41132110604227
102.41132110604227
102.41132110604227
102.41132110604227
102.41132110604227
102.41132110604227
102.41132110604227
102.41132110604227
102.41132110604227
102.41132110604227
102.41132110604227
102.41132110604227
102.41132110604227
102.41132110604227
102.41132110604227
102.41132110604227
102.41132110604227
102.41132110604227
102.41132110604227
102.41132110604227
102.41132110604227
102.41132110604227
102.41132110604227
102.41132110604227
102.41132110604227
102.41132110604227
102.41132110604227
102.41132110604227
102.41132110604227
102.41132110604227
102.41132110604227
102.41132110604227
102.41132110604227
102.41132110604227
102.41132110604227
102.41132110604227
102.41132110604227
102.50442230704776
103.43543431710269
103.43543431710269
103.43543431710269
103.43543431710269
103.43543431710269
103.43543431710269
103.43543431710269
103.43543431710269
103.43543431710269
103.43543431710269
103.43543431710269
103.43543431710269
103.43543431710269
103.43543431710269
103.43543431710269
103.43543431710269
103.43543431710269
103.43543431710269
103.43543431710269
103.43543431710269
103.43543431710269
103.43543431710269
103.43543431710269
103.43543431710269
103.43543431710269
103.43543431710269
103.43543431710269
103.43543431710269
103.43543431710269
103.43543431710269
103.43543431710269
103.43543431710269
103.43543431710269
103.43543431710269
103.43543431710269
103.43543431710269
103.43543431710269
103.43543431710269
103.43543431710269
103.43543431710269
103.43543431710269
103.43543431710269
103.43543431710269
103.43543431710269
103.43543431710269
103.43543431710269
103.43543431710269
103.43543431710269
103.43543431710269
103.43543431710269
103.43543431710269
103.43543431710269
103.43543431710269
103.43543431710269
103.43543431710269
103.43543431710269
103.43543431710269
104.18024392514664
104.45954752816311
104.45954752816311
104.45954752816311
104.45954752816311
104.45954752816311
104.45954752816311
104.45954752816311
104.45954752816311
104.45954752816311
104.45954752816311
104.45954752816311
104.45954752816311
104.45954752816311
104.45954752816311
104.45954752816311
104.45954752816311
104.45954752816311
104.45954752816311
104.45954752816311
104.45954752816311
104.45954752816311
104.45954752816311
104.45954752816311
104.45954752816311
104.45954752816311
104.45954752816311
104.45954752816311
104.45954752816311
104.45954752816311
104.45954752816311
104.45954752816311
104.45954752816311
104.45954752816311
104.45954752816311
104.45954752816311
104.45954752816311
104.45954752816311
104.45954752816311
104.45954752816311
104.45954752816311
104.45954752816311
104.45954752816311
104.45954752816311
104.45954752816311
104.45954752816311
104.45954752816311
104.45954752816311
104.45954752816311
104.45954752816311
104.45954752816311
104.45954752816311
104.45954752816311
104.45954752816311
104.45954752816311
104.45954752816311
104.45954752816311
104.45954752816311
104.45954752816311
104.45954752816311
104.45954752816311
99.33898147286101
99.33898147286101
99.33898147286101
99.33898147286101
99.33898147286101
99.33898147286101
99.33898147286101
99.33898147286101
99.33898147286101
99.33898147286101
99.33898147286101
99.33898147286101
99.33898147286101
99.33898147286101
99.33898147286101
99.33898147286101
99.33898147286101
99.33898147286101
99.33898147286101
99.33898147286101
99.33898147286101
99.33898147286101
99.33898147286101
99.33898147286101
99.33898147286101
99.33898147286101
99.33898147286101
99.33898147286101
99.33898147286101
99.33898147286101
99.33898147286101
99.33898147286101
99.33898147286101
99.33898147286101
99.33898147286101
99.33898147286101
99.33898147286101
99.33898147286101
99.33898147286101
99.33898147286101
99.33898147286101
99.33898147286101
99.33898147286101
99.33898147286101
99.33898147286101
99.33898147286101
99.33898147286101
99.33898147286101
99.33898147286101
99.33898147286101
99.33898147286101
99.33898147286101
