144.15841584158414
144.15841584158414
144.15841584158414
144.15841584158414
143.04950495049505
142.0990099009901
142.0990099009901
142.0990099009901
142.0990099009901
142.0990099009901
142.0990099009901
142.0990099009901
142.0990099009901
142.0990099009901
142.0990099009901
142.0990099009901
142.0990099009901
142.0990099009901
142.0990099009901
142.0990099009901
142.0990099009901
142.0990099009901
142.0990099009901
142.0990099009901
142.0990099009901
142.0990099009901
142.0990099009901
142.0990099009901
142.0990099009901
142.0990099009901
140.67326732673268
135.92079207920793
135.92079207920793
135.92079207920793
135.92079207920793
135.92079207920793
135.92079207920793
135.92079207920793
135.92079207920793
135.92079207920793
135.92079207920793
135.92079207920793
135.92079207920793
135.92079207920793
135.92079207920793
135.92079207920793
135.92079207920793
135.92079207920793
135.92079207920793
135.92079207920793
135.92079207920793
135.92079207920793
135.92079207920793
135.92079207920793
135.92079207920793
135.92079207920793
135.92079207920793
135.92079207920793
135.92079207920793
136.67326732673268
136.95049504950495
136.95049504950495
136.95049504950495
136.95049504950495
136.95049504950495
136.95049504950495
136.95049504950495
136.95049504950495
136.95049504950495
136.95049504950495
136.95049504950495
136.95049504950495
136.95049504950495
136.95049504950495
136.95049504950495
136.95049504950495
136.95049504950495
136.95049504950495
136.95049504950495
136.95049504950495
136.95049504950495
136.95049504950495
136.95049504950495
136.95049504950495
136.95049504950495
136.95049504950495
136.95049504950495
136.95049504950495
143.72277227722773
146.21782178217822
146.21782178217822
146.21782178217822
146.21782178217822
146.21782178217822
146.21782178217822
146.21782178217822
146.21782178217822
146.21782178217822
146.21782178217822
146.21782178217822
146.21782178217822
146.21782178217822
146.21782178217822
146.21782178217822
146.21782178217822
146.21782178217822
146.21782178217822
146.21782178217822
146.21782178217822
146.21782178217822
146.21782178217822
146.21782178217822
146.21782178217822
146.21782178217822
146.21782178217822
143.84158415841586
141.06930693069307
141.06930693069307
141.06930693069307
141.06930693069307
141.06930693069307
141.06930693069307
141.06930693069307
141.06930693069307
141.06930693069307
141.06930693069307
141.06930693069307
141.06930693069307
141.06930693069307
141.06930693069307
141.06930693069307
141.06930693069307
141.06930693069307
141.06930693069307
141.06930693069307
141.06930693069307
141.06930693069307
141.06930693069307
141.06930693069307
141.06930693069307
141.06930693069307
141.06930693069307
141.06930693069307
139.56435643564356
139.009900990099
139.009900990099
139.009900990099
139.009900990099
139.009900990099
139.009900990099
139.009900990099
139.009900990099
139.009900990099
139.009900990099
139.009900990099
139.009900990099
139.009900990099
139.009900990099
139.009900990099
139.009900990099
139.009900990099
139.009900990099
139.009900990099
139.009900990099
139.009900990099
139.009900990099
139.009900990099
139.009900990099
139.009900990099
139.009900990099
136.990099009901
135.92079207920793
135.92079207920793
135.92079207920793
135.92079207920793
135.92079207920793
135.92079207920793
135.92079207920793
135.92079207920793
135.92079207920793
135.92079207920793
135.92079207920793
135.92079207920793
135.92079207920793
135.92079207920793
135.92079207920793
135.92079207920793
135.92079207920793
135.92079207920793
135.92079207920793
135.92079207920793
135.92079207920793
135.92079207920793
135.92079207920793
135.92079207920793
135.92079207920793
135.92079207920793
135.92079207920793
136.03960396039605
136.95049504950495
136.95049504950495
136.95049504950495
136.95049504950495
136.95049504950495
136.95049504950495
136.95049504950495
136.95049504950495
136.95049504950495
136.95049504950495
136.95049504950495
136.95049504950495
136.95049504950495
136.95049504950495
136.95049504950495
136.95049504950495
136.95049504950495
136.95049504950495
136.95049504950495
136.95049504950495
136.95049504950495
136.95049504950495
136.95049504950495
136.95049504950495
136.95049504950495
136.95049504950495
136.95049504950495
138.53465346534654
141.06930693069307
141.06930693069307
141.06930693069307
141.06930693069307
141.06930693069307
141.06930693069307
141.06930693069307
141.06930693069307
141.06930693069307
141.06930693069307
141.06930693069307
141.06930693069307
141.06930693069307
141.06930693069307
141.06930693069307
141.06930693069307
141.06930693069307
141.06930693069307
141.06930693069307
141.06930693069307
141.06930693069307
141.06930693069307
141.06930693069307
141.06930693069307
141.06930693069307
141.06930693069307
141.9009900990099
144.15841584158414
144.15841584158414
144.15841584158414
144.15841584158414
144.15841584158414
144.15841584158414
144.15841584158414
144.15841584158414
144.15841584158414
144.15841584158414
144.15841584158414
144.15841584158414
144.15841584158414
144.15841584158414
144.15841584158414
144.15841584158414
144.15841584158414
144.15841584158414
144.15841584158414
144.15841584158414
144.15841584158414
144.15841584158414
144.15841584158414
144.15841584158414
144.15841584158414
144.15841584158414
144.15841584158414
144.63366336633663
146.21782178217822
146.21782178217822
146.21782178217822
146.21782178217822
146.21782178217822
146.21782178217822
146.21782178217822
146.21782178217822
146.21782178217822
146.21782178217822
146.21782178217822
146.21782178217822
146.21782178217822
146.21782178217822
146.21782178217822
146.21782178217822
146.21782178217822
146.21782178217822
146.21782178217822
146.21782178217822
146.21782178217822
146.21782178217822
146.21782178217822
146.21782178217822
146.21782178217822
146.21782178217822
146.21782178217822
142.65346534653466
136.95049504950495
136.95049504950495
136.95049504950495
136.95049504950495
136.95049504950495
136.95049504950495
136.95049504950495
136.95049504950495
136.95049504950495
136.95049504950495
136.95049504950495
136.95049504950495
136.95049504950495
136.95049504950495
136.95049504950495
136.95049504950495
136.95049504950495
136.95049504950495
136.95049504950495
136.95049504950495
136.95049504950495
136.95049504950495
136.95049504950495
136.95049504950495
136.95049504950495
136.95049504950495
136.95049504950495
136.95049504950495
136.95049504950495
137.34653465346534
142.0990099009901
142.0990099009901
142.0990099009901
142.0990099009901
142.0990099009901
142.0990099009901
142.0990099009901
142.0990099009901
142.0990099009901
142.0990099009901
142.0990099009901
142.0990099009901
142.0990099009901
142.0990099009901
142.0990099009901
142.0990099009901
142.0990099009901
142.0990099009901
142.0990099009901
142.0990099009901
142.0990099009901
142.0990099009901
142.0990099009901
142.0990099009901
142.0990099009901
142.0990099009901
142.0990099009901
141.46534653465346
140.03960396039605
140.03960396039605
140.03960396039605
140.03960396039605
140.03960396039605
140.03960396039605
140.03960396039605
140.03960396039605
140.03960396039605
140.03960396039605
140.03960396039605
140.03960396039605
140.03960396039605
140.03960396039605
140.03960396039605
140.03960396039605
140.03960396039605
140.03960396039605
140.03960396039605
140.03960396039605
140.03960396039605
140.03960396039605
140.03960396039605
140.03960396039605
140.03960396039605
140.03960396039605
140.03960396039605
140.03960396039605
138.45544554455446
135.92079207920793
135.92079207920793
135.92079207920793
135.92079207920793
135.92079207920793
135.92079207920793
135.92079207920793
135.92079207920793
135.92079207920793
135.92079207920793
135.92079207920793
135.92079207920793
135.92079207920793
135.92079207920793
135.92079207920793
135.92079207920793
135.92079207920793
135.92079207920793
135.92079207920793
135.92079207920793
135.92079207920793
135.92079207920793
135.92079207920793
135.92079207920793
135.92079207920793
135.92079207920793
135.92079207920793
135.92079207920793
136.83168316831683
136.95049504950495
136.95049504950495
136.95049504950495
136.95049504950495
136.95049504950495
136.95049504950495
136.95049504950495
136.95049504950495
136.95049504950495
136.95049504950495
136.95049504950495
136.95049504950495
136.95049504950495
136.95049504950495
136.95049504950495
136.95049504950495
136.95049504950495
136.95049504950495
136.95049504950495
136.95049504950495
136.95049504950495
136.95049504950495
136.95049504950495
136.95049504950495
136.95049504950495
136.95049504950495
136.95049504950495
136.95049504950495
140.990099009901
143.12871287128712
143.12871287128712
143.12871287128712
143.12871287128712
143.12871287128712
143.12871287128712
143.12871287128712
143.12871287128712
143.12871287128712
143.12871287128712
143.12871287128712
143.12871287128712
143.12871287128712
143.12871287128712
143.12871287128712
143.12871287128712
143.12871287128712
143.12871287128712
143.12871287128712
143.12871287128712
143.12871287128712
143.12871287128712
143.12871287128712
143.12871287128712
143.12871287128712
143.12871287128712
143.12871287128712
143.12871287128712
143.12871287128712
143.12871287128712
143.12871287128712
143.12871287128712
143.12871287128712
143.12871287128712
143.12871287128712
143.12871287128712
143.12871287128712
143.12871287128712
143.12871287128712
143.12871287128712
143.12871287128712
143.12871287128712
143.12871287128712
143.12871287128712
143.12871287128712
143.12871287128712
143.12871287128712
143.12871287128712
143.12871287128712
143.12871287128712
143.12871287128712
143.12871287128712
143.12871287128712
143.12871287128712
142.53465346534654
137.98019801980197
137.98019801980197
137.98019801980197
137.98019801980197
137.98019801980197
137.98019801980197
137.98019801980197
137.98019801980197
137.98019801980197
137.98019801980197
137.98019801980197
137.98019801980197
137.98019801980197
137.98019801980197
137.98019801980197
137.98019801980197
137.98019801980197
137.98019801980197
137.98019801980197
137.98019801980197
137.98019801980197
137.98019801980197
137.98019801980197
137.98019801980197
137.98019801980197
137.98019801980197
137.98019801980197
138.2970297029703
139.009900990099
139.009900990099
139.009900990099
139.009900990099
139.009900990099
139.009900990099
139.009900990099
139.009900990099
139.009900990099
139.009900990099
139.009900990099
139.009900990099
139.009900990099
139.009900990099
139.009900990099
139.009900990099
139.009900990099
139.009900990099
139.009900990099
139.009900990099
139.009900990099
139.009900990099
139.009900990099
139.009900990099
139.009900990099
139.009900990099
139.009900990099
139.009900990099
139.0891089108911
140.03960396039605
140.03960396039605
140.03960396039605
140.03960396039605
140.03960396039605
140.03960396039605
140.03960396039605
140.03960396039605
140.03960396039605
140.03960396039605
140.03960396039605
140.03960396039605
140.03960396039605
140.03960396039605
140.03960396039605
140.03960396039605
140.03960396039605
140.03960396039605
140.03960396039605
140.03960396039605
140.03960396039605
140.03960396039605
140.03960396039605
140.03960396039605
140.03960396039605
140.03960396039605
140.03960396039605
140.27722772277227
141.06930693069307
141.06930693069307
141.06930693069307
141.06930693069307
141.06930693069307
141.06930693069307
141.06930693069307
141.06930693069307
141.06930693069307
141.06930693069307
141.06930693069307
141.06930693069307
141.06930693069307
141.06930693069307
141.06930693069307
141.06930693069307
141.06930693069307
141.06930693069307
141.06930693069307
141.06930693069307
141.06930693069307
141.06930693069307
141.06930693069307
141.06930693069307
141.06930693069307
141.06930693069307
141.06930693069307
141.06930693069307
141.06930693069307
147.24752475247524
147.24752475247524
147.24752475247524
147.24752475247524
147.24752475247524
147.24752475247524
147.24752475247524
147.24752475247524
147.24752475247524
147.24752475247524
147.24752475247524
147.24752475247524
147.24752475247524
147.24752475247524
147.24752475247524
147.24752475247524
147.24752475247524
147.24752475247524
147.24752475247524
147.24752475247524
147.24752475247524
147.24752475247524
147.24752475247524
147.24752475247524
147.24752475247524
147.24752475247524
147.24752475247524
145.58415841584159
141.06930693069307
141.06930693069307
141.06930693069307
141.06930693069307
141.06930693069307
141.06930693069307
141.06930693069307
141.06930693069307
141.06930693069307
141.06930693069307
141.06930693069307
141.06930693069307
141.06930693069307
141.06930693069307
141.06930693069307
141.06930693069307
141.06930693069307
141.06930693069307
141.06930693069307
141.06930693069307
141.06930693069307
141.06930693069307
141.06930693069307
141.06930693069307
141.06930693069307
141.06930693069307
141.06930693069307
141.06930693069307
141.06930693069307
135.92079207920793
135.92079207920793
135.92079207920793
135.92079207920793
135.92079207920793
135.92079207920793
135.92079207920793
135.92079207920793
135.92079207920793
135.92079207920793
135.92079207920793
135.92079207920793
135.92079207920793
135.92079207920793
135.92079207920793
135.92079207920793
135.92079207920793
135.92079207920793
135.92079207920793
135.92079207920793
135.92079207920793
135.92079207920793
135.92079207920793
135.92079207920793
135.92079207920793
135.92079207920793
135.92079207920793
135.20792079207922
129.74257425742573
129.74257425742573
129.74257425742573
129.74257425742573
129.74257425742573
129.74257425742573
129.74257425742573
129.74257425742573
129.74257425742573
129.74257425742573
129.74257425742573
129.74257425742573
129.74257425742573
129.74257425742573
129.74257425742573
129.74257425742573
129.74257425742573
129.74257425742573
129.74257425742573
129.74257425742573
129.74257425742573
129.74257425742573
129.74257425742573
129.74257425742573
129.74257425742573
129.74257425742573
129.74257425742573
130.93069306930693
132.83168316831683
132.83168316831683
132.83168316831683
132.83168316831683
132.83168316831683
132.83168316831683
132.83168316831683
132.83168316831683
132.83168316831683
132.83168316831683
132.83168316831683
132.83168316831683
132.83168316831683
132.83168316831683
132.83168316831683
132.83168316831683
132.83168316831683
132.83168316831683
132.83168316831683
132.83168316831683
132.83168316831683
132.83168316831683
132.83168316831683
132.83168316831683
132.83168316831683
132.83168316831683
132.83168316831683
132.83168316831683
132.83168316831683
132.83168316831683
132.83168316831683
132.83168316831683
132.83168316831683
132.83168316831683
132.83168316831683
132.83168316831683
132.83168316831683
132.83168316831683
132.83168316831683
132.83168316831683
132.83168316831683
132.83168316831683
132.83168316831683
132.83168316831683
132.83168316831683
132.83168316831683
132.83168316831683
132.83168316831683
132.83168316831683
132.83168316831683
132.83168316831683
132.83168316831683
134.65346534653466
134.8910891089109
134.8910891089109
134.8910891089109
134.8910891089109
134.8910891089109
134.8910891089109
134.8910891089109
134.8910891089109
134.8910891089109
134.8910891089109
134.8910891089109
134.8910891089109
134.8910891089109
134.8910891089109
134.8910891089109
134.8910891089109
134.8910891089109
134.8910891089109
134.8910891089109
134.8910891089109
134.8910891089109
134.8910891089109
134.8910891089109
134.8910891089109
134.8910891089109
134.8910891089109
134.8910891089109
134.8910891089109
134.8910891089109
134.8910891089109
134.8910891089109
134.8910891089109
134.8910891089109
134.8910891089109
134.8910891089109
134.8910891089109
134.8910891089109
134.8910891089109
134.8910891089109
134.8910891089109
134.8910891089109
134.8910891089109
134.8910891089109
134.8910891089109
134.8910891089109
134.8910891089109
134.8910891089109
134.8910891089109
134.8910891089109
134.8910891089109
134.8910891089109
134.8910891089109
134.8910891089109
135.76237623762376
135.92079207920793
135.92079207920793
135.92079207920793
135.92079207920793
135.92079207920793
135.92079207920793
135.92079207920793
135.92079207920793
135.92079207920793
135.92079207920793
135.92079207920793
135.92079207920793
135.92079207920793
135.92079207920793
135.92079207920793
135.92079207920793
135.92079207920793
135.92079207920793
135.92079207920793
135.92079207920793
135.92079207920793
135.92079207920793
135.92079207920793
135.92079207920793
136.15841584158414
136.95049504950495
136.95049504950495
136.95049504950495
136.95049504950495
136.95049504950495
136.95049504950495
136.95049504950495
136.95049504950495
136.95049504950495
136.95049504950495
136.95049504950495
136.95049504950495
136.95049504950495
136.95049504950495
136.95049504950495
136.95049504950495
136.95049504950495
136.95049504950495
136.95049504950495
136.95049504950495
136.95049504950495
136.95049504950495
136.95049504950495
136.95049504950495
133.46534653465346
132.83168316831683
132.83168316831683
132.83168316831683
132.83168316831683
132.83168316831683
132.83168316831683
132.83168316831683
132.83168316831683
132.83168316831683
132.83168316831683
132.83168316831683
132.83168316831683
132.83168316831683
132.83168316831683
132.83168316831683
132.83168316831683
132.83168316831683
132.83168316831683
132.83168316831683
132.83168316831683
132.83168316831683
132.83168316831683
132.83168316831683
132.83168316831683
132.83168316831683
132.83168316831683
135.88118811881188
140.03960396039605
140.03960396039605
140.03960396039605
140.03960396039605
140.03960396039605
140.03960396039605
140.03960396039605
140.03960396039605
140.03960396039605
140.03960396039605
140.03960396039605
140.03960396039605
140.03960396039605
140.03960396039605
