80.75152754972947
80.75152754972947
80.75152754972947
80.75152754972947
80.75152754972947
80.75152754972947
80.75152754972947
80.75152754972947
80.75152754972947
80.75152754972947
80.75152754972947
80.75152754972947
80.75152754972947
80.75152754972947
80.75152754972947
80.75152754972947
80.75152754972947
80.75152754972947
80.75152754972947
80.75152754972947
80.75152754972947
80.75152754972947
80.75152754972947
80.75152754972947
80.75152754972947
80.75152754972947
79.54025463648354
77.72334526661461
77.72334526661461
77.72334526661461
77.72334526661461
77.72334526661461
77.72334526661461
77.72334526661461
77.72334526661461
77.72334526661461
80.46889720330542
81.76092164410109
81.76092164410109
81.76092164410109
81.76092164410109
81.76092164410109
81.76092164410109
81.76092164410109
81.76092164410109
82.13776210599983
83.77970983284433
83.77970983284433
83.77970983284433
83.77970983284433
83.77970983284433
83.77970983284433
83.77970983284433
83.77970983284433
83.77970983284433
82.8645258539474
81.76092164410109
81.76092164410109
81.76092164410109
81.76092164410109
81.76092164410109
81.76092164410109
81.76092164410109
81.76092164410109
81.76092164410109
80.46889720330542
77.72334526661461
77.72334526661461
77.72334526661461
77.72334526661461
77.72334526661461
77.72334526661461
77.72334526661461
77.72334526661461
77.72334526661461
77.72334526661461
77.72334526661461
77.72334526661461
77.72334526661461
77.72334526661461
77.72334526661461
77.72334526661461
77.72334526661461
77.72334526661461
77.72334526661461
77.72334526661461
78.67890500928642
78.73273936098624
78.73273936098624
78.73273936098624
78.73273936098624
78.73273936098624
78.73273936098624
78.73273936098624
78.73273936098624
78.73273936098624
77.11770880999165
74.69516298349977
74.69516298349977
74.69516298349977
74.69516298349977
74.69516298349977
74.69516298349977
74.69516298349977
74.69516298349977
74.69516298349977
75.77185001749616
78.73273936098624
78.73273936098624
78.73273936098624
78.73273936098624
78.73273936098624
78.73273936098624
78.73273936098624
78.73273936098624
78.73273936098624
78.73273936098624
76.6870339963931
74.69516298349977
74.69516298349977
74.69516298349977
74.69516298349977
74.69516298349977
74.69516298349977
74.69516298349977
74.69516298349977
74.69516298349977
74.69516298349977
74.69516298349977
74.69516298349977
74.69516298349977
74.69516298349977
74.69516298349977
74.69516298349977
74.69516298349977
74.69516298349977
74.69516298349977
74.69516298349977
76.8350784635676
77.72334526661461
77.72334526661461
77.72334526661461
77.72334526661461
77.72334526661461
77.72334526661461
77.72334526661461
77.72334526661461
77.72334526661461
78.45010901456219
78.73273936098624
78.73273936098624
78.73273936098624
78.73273936098624
78.73273936098624
78.73273936098624
78.73273936098624
78.73273936098624
78.73273936098624
77.54838362359021
76.713951172243
76.713951172243
76.713951172243
76.713951172243
76.713951172243
76.713951172243
76.713951172243
76.713951172243
76.713951172243
76.713951172243
75.7583914295712
75.70455707787139
75.70455707787139
75.70455707787139
75.70455707787139
75.70455707787139
75.70455707787139
75.70455707787139
75.70455707787139
78.90770100401065
82.77031573847272
82.77031573847272
82.77031573847272
82.77031573847272
82.77031573847272
82.77031573847272
82.77031573847272
82.77031573847272
82.77031573847272
82.09738634222497
80.75152754972947
80.75152754972947
80.75152754972947
80.75152754972947
80.75152754972947
80.75152754972947
80.75152754972947
80.75152754972947
80.75152754972947
80.75152754972947
75.36809237974751
72.67637479475653
72.67637479475653
72.67637479475653
72.67637479475653
72.67637479475653
72.67637479475653
72.67637479475653
72.67637479475653
72.67637479475653
72.67637479475653
72.67637479475653
72.67637479475653
72.67637479475653
72.67637479475653
72.67637479475653
72.67637479475653
72.67637479475653
72.67637479475653
72.67637479475653
72.67637479475653
72.67637479475653
71.97652822265887
68.63879841727005
68.63879841727005
68.63879841727005
68.63879841727005
68.63879841727005
68.63879841727005
68.63879841727005
68.63879841727005
68.63879841727005
68.63879841727005
73.4031385427041
74.69516298349977
74.69516298349977
74.69516298349977
74.69516298349977
74.69516298349977
74.69516298349977
74.69516298349977
74.69516298349977
74.69516298349977
74.69516298349977
73.0128394928804
69.64819251164167
69.64819251164167
69.64819251164167
69.64819251164167
69.64819251164167
69.64819251164167
69.64819251164167
69.64819251164167
69.64819251164167
69.64819251164167
73.08013243250518
74.69516298349977
74.69516298349977
74.69516298349977
74.69516298349977
74.69516298349977
74.69516298349977
74.69516298349977
74.69516298349977
74.69516298349977
74.69516298349977
74.69516298349977
74.69516298349977
74.69516298349977
74.69516298349977
74.69516298349977
74.69516298349977
74.69516298349977
74.69516298349977
74.69516298349977
74.69516298349977
76.22944200694462
76.713951172243
76.713951172243
76.713951172243
76.713951172243
76.713951172243
76.713951172243
76.713951172243
76.713951172243
77.38688056849075
81.76092164410109
81.76092164410109
81.76092164410109
81.76092164410109
81.76092164410109
81.76092164410109
81.76092164410109
81.76092164410109
81.76092164410109
81.73400446825119
79.74213345535786
79.74213345535786
79.74213345535786
79.74213345535786
79.74213345535786
79.74213345535786
79.74213345535786
79.74213345535786
79.74213345535786
79.74213345535786
77.15808457376652
75.70455707787139
75.70455707787139
75.70455707787139
75.70455707787139
75.70455707787139
75.70455707787139
75.70455707787139
75.70455707787139
75.70455707787139
75.70455707787139
73.8472719442276
69.64819251164167
69.64819251164167
69.64819251164167
69.64819251164167
69.64819251164167
69.64819251164167
69.64819251164167
69.64819251164167
69.64819251164167
69.64819251164167
72.28607574493283
73.68576888912814
73.68576888912814
73.68576888912814
73.68576888912814
73.68576888912814
73.68576888912814
73.68576888912814
73.68576888912814
73.68576888912814
73.68576888912814
72.23224139323301
70.6575866060133
70.6575866060133
70.6575866060133
70.6575866060133
70.6575866060133
70.6575866060133
70.6575866060133
70.6575866060133
70.6575866060133
70.6575866060133
70.6575866060133
69.3117278135178
66.62001022852682
66.62001022852682
66.62001022852682
66.62001022852682
66.62001022852682
66.62001022852682
66.62001022852682
66.62001022852682
66.62001022852682
66.62001022852682
70.73833813356302
72.67637479475653
72.67637479475653
72.67637479475653
72.67637479475653
72.67637479475653
72.67637479475653
72.67637479475653
72.67637479475653
72.67637479475653
82.63572985922316
82.77031573847272
82.77031573847272
82.77031573847272
82.77031573847272
82.77031573847272
82.77031573847272
82.77031573847272
82.77031573847272
82.77031573847272
79.32491722968426
78.73273936098624
78.73273936098624
78.73273936098624
78.73273936098624
78.73273936098624
78.73273936098624
78.73273936098624
78.73273936098624
78.73273936098624
78.73273936098624
73.24163548760464
70.6575866060133
70.6575866060133
70.6575866060133
70.6575866060133
70.6575866060133
70.6575866060133
70.6575866060133
70.6575866060133
70.6575866060133
71.24976447471131
74.69516298349977
74.69516298349977
74.69516298349977
74.69516298349977
74.69516298349977
74.69516298349977
74.69516298349977
74.69516298349977
74.69516298349977
74.69516298349977
74.69516298349977
71.70735646415977
71.66698070038491
71.66698070038491
71.66698070038491
71.66698070038491
71.66698070038491
71.66698070038491
71.66698070038491
71.66698070038491
71.66698070038491
71.66698070038491
70.73833813356302
70.6575866060133
70.6575866060133
70.6575866060133
70.6575866060133
70.6575866060133
70.6575866060133
70.6575866060133
70.6575866060133
70.6575866060133
70.6575866060133
71.51893623321041
71.66698070038491
71.66698070038491
71.66698070038491
71.66698070038491
71.66698070038491
71.66698070038491
71.66698070038491
71.66698070038491
71.66698070038491
73.06667384458022
75.70455707787139
75.70455707787139
75.70455707787139
75.70455707787139
75.70455707787139
75.70455707787139
75.70455707787139
75.70455707787139
75.70455707787139
75.70455707787139
75.70455707787139
75.70455707787139
75.70455707787139
75.70455707787139
75.70455707787139
75.70455707787139
75.70455707787139
75.70455707787139
75.70455707787139
75.70455707787139
76.13523189146994
76.713951172243
76.713951172243
76.713951172243
76.713951172243
76.713951172243
76.713951172243
76.713951172243
76.713951172243
76.713951172243
76.713951172243
74.61441145595003
72.67637479475653
72.67637479475653
72.67637479475653
72.67637479475653
72.67637479475653
72.67637479475653
72.67637479475653
72.67637479475653
72.67637479475653
72.67637479475653
72.67637479475653
72.67637479475653
72.67637479475653
72.67637479475653
72.67637479475653
72.67637479475653
72.67637479475653
72.67637479475653
72.67637479475653
72.67637479475653
72.67637479475653
72.67637479475653
72.67637479475653
72.67637479475653
72.67637479475653
72.67637479475653
72.67637479475653
72.67637479475653
72.67637479475653
72.67637479475653
72.67637479475653
72.67637479475653
72.04382116228365
71.66698070038491
71.66698070038491
71.66698070038491
71.66698070038491
71.66698070038491
71.66698070038491
71.66698070038491
71.66698070038491
71.66698070038491
71.66698070038491
71.66698070038491
71.66698070038491
71.66698070038491
71.66698070038491
71.66698070038491
71.66698070038491
71.66698070038491
71.66698070038491
71.66698070038491
71.66698070038491
71.66698070038491
71.66698070038491
71.66698070038491
71.66698070038491
71.66698070038491
71.66698070038491
71.66698070038491
71.66698070038491
49.689106618933536
0.0
4.037576377486474
25.23485235929046
25.23485235929046
25.23485235929046
25.23485235929046
25.23485235929046
25.23485235929046
25.23485235929046
25.23485235929046
25.23485235929046
48.7739226400366
78.73273936098624
78.73273936098624
78.73273936098624
78.73273936098624
78.73273936098624
78.73273936098624
78.73273936098624
78.73273936098624
78.73273936098624
78.73273936098624
78.73273936098624
78.73273936098624
78.73273936098624
78.73273936098624
78.73273936098624
78.73273936098624
78.73273936098624
78.73273936098624
78.73273936098624
78.73273936098624
75.94681166052057
75.70455707787139
75.70455707787139
75.70455707787139
75.70455707787139
75.70455707787139
75.70455707787139
75.70455707787139
75.70455707787139
75.70455707787139
75.70455707787139
72.67637479475653
72.67637479475653
72.67637479475653
72.67637479475653
72.67637479475653
72.67637479475653
72.67637479475653
72.67637479475653
72.67637479475653
72.67637479475653
74.57403569217517
75.70455707787139
75.70455707787139
75.70455707787139
75.70455707787139
75.70455707787139
75.70455707787139
75.70455707787139
75.70455707787139
75.70455707787139
76.04102177599526
76.713951172243
76.713951172243
76.713951172243
76.713951172243
76.713951172243
76.713951172243
76.713951172243
76.713951172243
76.713951172243
76.713951172243
75.8795187208958
75.70455707787139
75.70455707787139
75.70455707787139
75.70455707787139
75.70455707787139
75.70455707787139
75.70455707787139
75.70455707787139
75.70455707787139
76.8619956394175
77.72334526661461
77.72334526661461
77.72334526661461
77.72334526661461
77.72334526661461
77.72334526661461
77.72334526661461
77.72334526661461
77.72334526661461
81.65325294070145
81.76092164410109
81.76092164410109
81.76092164410109
81.76092164410109
81.76092164410109
81.76092164410109
81.76092164410109
81.76092164410109
82.11084493014992
82.77031573847272
82.77031573847272
82.77031573847272
82.77031573847272
82.77031573847272
82.77031573847272
82.77031573847272
82.77031573847272
82.77031573847272
81.31678824257759
78.73273936098624
78.73273936098624
78.73273936098624
78.73273936098624
78.73273936098624
78.73273936098624
78.73273936098624
78.73273936098624
78.73273936098624
78.73273936098624
78.73273936098624
78.73273936098624
78.73273936098624
78.73273936098624
78.73273936098624
78.73273936098624
78.73273936098624
78.73273936098624
78.73273936098624
80.63040025840488
81.76092164410109
81.76092164410109
81.76092164410109
81.76092164410109
81.76092164410109
81.76092164410109
81.76092164410109
81.76092164410109
81.76092164410109
81.76092164410109
81.76092164410109
81.76092164410109
81.76092164410109
81.76092164410109
81.76092164410109
81.76092164410109
81.76092164410109
81.76092164410109
81.76092164410109
79.01536970741029
78.73273936098624
78.73273936098624
78.73273936098624
78.73273936098624
78.73273936098624
78.73273936098624
78.73273936098624
78.73273936098624
79.37875158138408
82.77031573847272
82.77031573847272
82.77031573847272
82.77031573847272
82.77031573847272
82.77031573847272
82.77031573847272
82.77031573847272
82.77031573847272
82.09738634222497
81.76092164410109
81.76092164410109
81.76092164410109
81.76092164410109
81.76092164410109
81.76092164410109
81.76092164410109
81.76092164410109
81.76092164410109
80.3881456757557
79.74213345535786
79.74213345535786
79.74213345535786
79.74213345535786
79.74213345535786
79.74213345535786
79.74213345535786
79.74213345535786
79.74213345535786
79.74213345535786
79.74213345535786
79.74213345535786
79.74213345535786
79.74213345535786
79.74213345535786
79.74213345535786
79.74213345535786
79.74213345535786
79.74213345535786
78.69236359721137
77.72334526661461
77.72334526661461
77.72334526661461
77.72334526661461
77.72334526661461
77.72334526661461
77.72334526661461
77.72334526661461
78.20785443191299
83.77970983284433
83.77970983284433
83.77970983284433
83.77970983284433
83.77970983284433
83.77970983284433
83.77970983284433
83.77970983284433
83.77970983284433
83.4028693709456
79.74213345535786
79.74213345535786
79.74213345535786
79.74213345535786
79.74213345535786
79.74213345535786
79.74213345535786
79.74213345535786
79.74213345535786
80.44198002745551
81.76092164410109
81.76092164410109
81.76092164410109
81.76092164410109
81.76092164410109
81.76092164410109
81.76092164410109
81.76092164410109
81.76092164410109
83.29520066754596
83.77970983284433
83.77970983284433
83.77970983284433
83.77970983284433
83.77970983284433
83.77970983284433
83.77970983284433
83.77970983284433
84.30459476191757
84.78910392721595
84.78910392721595
84.78910392721595
84.78910392721595
84.78910392721595
84.78910392721595
84.78910392721595
84.78910392721595
84.78910392721595
83.14715620037146
82.77031573847272
82.77031573847272
82.77031573847272
82.77031573847272
82.77031573847272
82.77031573847272
82.77031573847272
82.77031573847272
82.77031573847272
78.73273936098624
76.713951172243
76.713951172243
76.713951172243
76.713951172243
76.713951172243
76.713951172243
76.713951172243
76.713951172243
76.713951172243
76.713951172243
74.37215687330085
73.68576888912814
73.68576888912814
73.68576888912814
73.68576888912814
73.68576888912814
73.68576888912814
73.68576888912814
73.68576888912814
73.68576888912814
73.68576888912814
72.07073833813355
71.66698070038491
71.66698070038491
71.66698070038491
71.66698070038491
71.66698070038491
71.66698070038491
71.66698070038491
71.66698070038491
71.66698070038491
71.78810799170951
74.69516298349977
74.69516298349977
74.69516298349977
74.69516298349977
74.69516298349977
74.69516298349977
74.69516298349977
74.69516298349977
74.69516298349977
74.69516298349977
74.69516298349977
70.9267583645124
69.64819251164167
69.64819251164167
69.64819251164167
69.64819251164167
69.64819251164167
69.64819251164167
69.64819251164167
69.64819251164167
69.64819251164167
69.64819251164167
69.35210357729267
68.63879841727005
68.63879841727005
68.63879841727005
68.63879841727005
68.63879841727005
68.63879841727005
68.63879841727005
68.63879841727005
68.63879841727005
68.63879841727005
68.74646712066969
69.64819251164167
69.64819251164167
69.64819251164167
69.64819251164167
69.64819251164167
69.64819251164167
69.64819251164167
69.64819251164167
69.64819251164167
69.64819251164167
69.91736427014077
73.68576888912814
73.68576888912814
73.68576888912814
73.68576888912814
73.68576888912814
73.68576888912814
73.68576888912814
73.68576888912814
73.68576888912814
76.79470269979274
80.75152754972947
80.75152754972947
80.75152754972947
80.75152754972947
80.75152754972947
80.75152754972947
80.75152754972947
80.75152754972947
80.75152754972947
80.10551532933164
78.73273936098624
78.73273936098624
78.73273936098624
78.73273936098624
78.73273936098624
78.73273936098624
78.73273936098624
78.73273936098624
78.73273936098624
78.73273936098624
75.9064358967457
75.70455707787139
75.70455707787139
75.70455707787139
75.70455707787139
75.70455707787139
75.70455707787139
75.70455707787139
75.70455707787139
75.70455707787139
75.70455707787139
71.93615245888401
70.6575866060133
70.6575866060133
70.6575866060133
70.6575866060133
70.6575866060133
70.6575866060133
70.6575866060133
70.6575866060133
70.6575866060133
70.6575866060133
70.30766331996446
68.63879841727005
68.63879841727005
68.63879841727005
68.63879841727005
68.63879841727005
68.63879841727005
68.63879841727005
68.63879841727005
68.63879841727005
68.63879841727005
68.63879841727005
68.4772953621706
65.6106161341552
65.6106161341552
65.6106161341552
65.6106161341552
65.6106161341552
65.6106161341552
65.6106161341552
65.6106161341552
65.6106161341552
65.6106161341552
65.6106161341552
70.6575866060133
70.6575866060133
70.6575866060133
70.6575866060133
70.6575866060133
70.6575866060133
70.6575866060133
70.6575866060133
70.6575866060133
70.6575866060133
70.6575866060133
72.6225404430567
