4.05845484150752
4.05845484150752
4.05845484150752
4.05845484150752
4.05845484150752
4.05845484150752
3.9929958924509465
3.0438411311306397
3.0438411311306397
3.0438411311306397
2.618357962262916
2.02922742075376
2.02922742075376
2.02922742075376
2.02922742075376
2.02922742075376
2.02922742075376
2.02922742075376
1.8655800481123275
1.01461371037688
1.01461371037688
1.01461371037688
1.01461371037688
1.01461371037688
1.01461371037688
1.01461371037688
1.01461371037688
1.01461371037688
1.01461371037688
1.01461371037688
1.01461371037688
1.01461371037688
1.01461371037688
1.01461371037688
1.01461371037688
1.01461371037688
1.01461371037688
1.01461371037688
1.01461371037688
1.01461371037688
1.01461371037688
1.01461371037688
1.01461371037688
1.01461371037688
1.01461371037688
1.01461371037688
1.01461371037688
1.01461371037688
1.01461371037688
1.01461371037688
1.01461371037688
1.01461371037688
1.01461371037688
1.01461371037688
1.01461371037688
1.01461371037688
1.01461371037688
1.01461371037688
1.01461371037688
1.01461371037688
1.5546500400936063
2.02922742075376
2.02922742075376
2.02922742075376
2.02922742075376
2.02922742075376
2.02922742075376
2.02922742075376
2.02922742075376
1.1782610830183122
1.01461371037688
1.01461371037688
1.01461371037688
1.01461371037688
1.01461371037688
1.01461371037688
1.01461371037688
1.01461371037688
1.01461371037688
1.01461371037688
1.01461371037688
0.14728263537728903
0.0
0.0
0.0
0.0
0.0
0.0
0.0
0.0
0.0
0.0
0.0
0.0
0.0
0.0
0.0
0.0
0.0
0.0
0.0
0.0
0.0
0.0
0.0
0.0
0.0
0.0
0.0
0.0
0.0
0.0
0.0
0.16364737264143225
1.01461371037688
1.01461371037688
1.01461371037688
1.01461371037688
1.01461371037688
1.01461371037688
1.01461371037688
1.2600847693390282
2.02922742075376
2.02922742075376
2.02922742075376
2.02922742075376
2.02922742075376
2.02922742075376
2.02922742075376
2.02922742075376
2.02922742075376
2.02922742075376
2.02922742075376
1.8819447853764708
1.01461371037688
1.01461371037688
1.01461371037688
1.01461371037688
1.01461371037688
1.01461371037688
1.01461371037688
1.01461371037688
1.01461371037688
0.03272947452828645
0.0
0.0
0.0
0.0
0.0
0.0
0.0
0.0
0.0
0.0
0.0
0.0
0.0
0.0
0.0
0.0
0.0
0.0
0.0
0.0
0.0
0.0
0.11455316084900256
1.01461371037688
1.01461371037688
1.01461371037688
1.01461371037688
1.01461371037688
1.01461371037688
1.1291668712258824
2.02922742075376
2.02922742075376
2.02922742075376
2.02922742075376
2.02922742075376
2.02922742075376
2.02922742075376
2.02922742075376
2.02922742075376
2.02922742075376
2.02922742075376
2.02922742075376
2.02922742075376
2.02922742075376
2.02922742075376
2.02922742075376
2.02922742075376
2.02922742075376
2.02922742075376
1.7837563617916115
1.01461371037688
1.01461371037688
1.01461371037688
1.01461371037688
1.01461371037688
1.01461371037688
1.01461371037688
1.01461371037688
1.01461371037688
1.01461371037688
1.01461371037688
1.01461371037688
1.01461371037688
1.01461371037688
1.01461371037688
1.01461371037688
1.01461371037688
1.01461371037688
1.01461371037688
1.01461371037688
1.01461371037688
1.01461371037688
1.01461371037688
1.01461371037688
0.8182368632071613
0.0
0.0
0.0
0.0
0.0
0.0
0.0
0.0
0.0
0.0
0.0
0.0
0.0
0.0
0.0
0.0
0.0
0.0
0.0
0.0
0.0
0.0
0.0
0.0
0.0
0.0
0.0
0.0
0.0
0.0
0.0
0.0
0.7527779141505884
1.01461371037688
1.01461371037688
1.01461371037688
1.01461371037688
1.01461371037688
1.8001210990557546
2.02922742075376
2.02922742075376
2.02922742075376
2.02922742075376
2.02922742075376
2.02922742075376
2.02922742075376
2.02922742075376
2.9620174448099235
3.0438411311306397
3.0438411311306397
3.0438411311306397
3.0438411311306397
3.0438411311306397
3.0438411311306397
3.0438411311306397
3.0438411311306397
3.0438411311306397
2.471075326885627
2.02922742075376
2.02922742075376
2.02922742075376
2.02922742075376
2.02922742075376
1.5219205655653198
1.01461371037688
1.01461371037688
1.01461371037688
1.01461371037688
1.01461371037688
1.01461371037688
1.01461371037688
1.01461371037688
1.01461371037688
1.01461371037688
1.01461371037688
1.01461371037688
1.01461371037688
1.01461371037688
1.01461371037688
1.01461371037688
1.01461371037688
1.01461371037688
1.01461371037688
1.01461371037688
1.01461371037688
1.01461371037688
0.5727658042450129
0.0
0.0
0.0
0.0
0.0
0.0
0.0
0.24547105896214835
1.01461371037688
1.01461371037688
1.01461371037688
1.01461371037688
1.01461371037688
1.01461371037688
1.456461616508747
2.02922742075376
2.02922742075376
2.02922742075376
2.02922742075376
2.02922742075376
2.634722699527059
3.0438411311306397
3.0438411311306397
3.0438411311306397
3.0438411311306397
3.0438411311306397
3.0438411311306397
3.0438411311306397
3.0438411311306397
3.0438411311306397
3.0438411311306397
3.0438411311306397
2.1601453188669058
2.02922742075376
2.02922742075376
2.02922742075376
2.02922742075376
2.02922742075376
1.0800726594334529
1.01461371037688
1.01461371037688
1.01461371037688
1.01461371037688
1.01461371037688
1.01461371037688
1.01461371037688
1.01461371037688
1.01461371037688
1.01461371037688
1.01461371037688
1.01461371037688
1.01461371037688
1.01461371037688
0.5236715924525832
0.0
0.0
0.0
0.0
0.0
0.0
0.0
0.0
0.0
0.0
0.0
0.0
0.7364131768864451
1.01461371037688
1.01461371037688
1.01461371037688
1.096437396697596
2.02922742075376
2.02922742075376
2.02922742075376
2.02922742075376
2.02922742075376
2.02922742075376
2.02922742075376
2.8638290212250643
3.0438411311306397
3.0438411311306397
3.0438411311306397
3.0438411311306397
3.0438411311306397
3.0438411311306397
3.0438411311306397
3.0438411311306397
3.0438411311306397
3.0438411311306397
3.0438411311306397
2.405616377829054
2.02922742075376
2.02922742075376
2.02922742075376
2.02922742075376
2.02922742075376
1.8492153108481844
1.01461371037688
1.01461371037688
1.01461371037688
1.01461371037688
1.01461371037688
1.01461371037688
1.01461371037688
1.01461371037688
1.01461371037688
1.01461371037688
1.01461371037688
1.01461371037688
0.16364737264143225
0.0
0.0
0.0
0.0
0.0
0.0
0.0
0.0
0.0
0.0
0.0
0.0
0.0
0.0
0.0
0.3763889570752942
1.01461371037688
1.01461371037688
1.01461371037688
1.5710147773577496
2.02922742075376
2.02922742075376
2.02922742075376
2.02922742075376
2.02922742075376
2.4383458523573402
3.0438411311306397
3.0438411311306397
3.0438411311306397
3.0438411311306397
3.0438411311306397
3.0438411311306397
3.0438411311306397
3.0438411311306397
3.0438411311306397
3.0438411311306397
3.0438411311306397
3.0438411311306397
3.0438411311306397
3.0438411311306397
3.0438411311306397
3.0438411311306397
3.0438411311306397
3.0438411311306397
2.1110511070744757
2.02922742075376
2.02922742075376
2.02922742075376
2.02922742075376
2.02922742075376
2.02922742075376
1.9801332089613302
1.01461371037688
1.01461371037688
1.01461371037688
1.01461371037688
1.01461371037688
1.01461371037688
1.01461371037688
1.01461371037688
1.01461371037688
1.01461371037688
1.01461371037688
1.01461371037688
1.01461371037688
1.01461371037688
1.01461371037688
1.01461371037688
1.01461371037688
1.01461371037688
0.3927536943394374
0.0
0.0
0.0
0.0
0.0
0.0
0.0
0.0
0.867331074999591
1.01461371037688
1.01461371037688
1.01461371037688
1.5382853028294632
2.02922742075376
2.02922742075376
2.02922742075376
2.02922742075376
2.02922742075376
2.552899013206343
3.0438411311306397
3.0438411311306397
3.0438411311306397
3.0438411311306397
3.0438411311306397
3.0438411311306397
3.0438411311306397
3.0438411311306397
3.0438411311306397
3.0438411311306397
3.0438411311306397
3.0438411311306397
3.0438411311306397
3.0438411311306397
3.0438411311306397
3.0438411311306397
2.552899013206343
2.02922742075376
2.02922742075376
2.02922742075376
2.02922742075376
2.02922742075376
2.02922742075376
2.02922742075376
1.4728263537728903
1.01461371037688
1.01461371037688
1.01461371037688
1.01461371037688
1.01461371037688
1.01461371037688
1.01461371037688
1.01461371037688
1.01461371037688
1.01461371037688
1.01461371037688
1.01461371037688
1.01461371037688
1.01461371037688
1.01461371037688
1.01461371037688
1.01461371037688
1.01461371037688
1.01461371037688
1.01461371037688
1.01461371037688
1.01461371037688
1.01461371037688
1.01461371037688
1.01461371037688
1.01461371037688
1.01461371037688
1.685567938206752
2.02922742075376
2.02922742075376
2.02922742075376
2.02922742075376
2.02922742075376
3.0111116566023535
3.0438411311306397
3.0438411311306397
3.0438411311306397
3.0438411311306397
3.0438411311306397
3.0438411311306397
3.0438411311306397
3.0438411311306397
3.0438411311306397
3.0438411311306397
3.0438411311306397
3.0438411311306397
3.0438411311306397
3.0438411311306397
3.0438411311306397
3.0438411311306397
3.0438411311306397
2.8965584957533506
2.02922742075376
2.02922742075376
2.02922742075376
2.02922742075376
2.02922742075376
2.02922742075376
2.02922742075376
2.02922742075376
2.02922742075376
2.02922742075376
2.02922742075376
2.02922742075376
1.374637930188031
1.01461371037688
1.01461371037688
1.01461371037688
1.01461371037688
1.01461371037688
1.01461371037688
1.01461371037688
1.01461371037688
1.01461371037688
1.01461371037688
1.01461371037688
1.01461371037688
1.01461371037688
1.01461371037688
1.01461371037688
1.01461371037688
1.01461371037688
1.01461371037688
1.9310389971689004
2.02922742075376
2.02922742075376
2.02922742075376
2.02922742075376
2.02922742075376
2.6019932249987727
3.0438411311306397
3.0438411311306397
3.0438411311306397
3.0438411311306397
3.0438411311306397
3.0438411311306397
3.0438411311306397
3.0438411311306397
3.0438411311306397
3.0438411311306397
4.025725366979233
4.05845484150752
4.05845484150752
4.05845484150752
4.05845484150752
4.05845484150752
4.05845484150752
4.05845484150752
4.05845484150752
4.05845484150752
4.00936062971509
3.0438411311306397
3.0438411311306397
3.0438411311306397
3.0438411311306397
3.0438411311306397
3.0438411311306397
3.0438411311306397
2.3565221660366245
2.02922742075376
2.02922742075376
2.02922742075376
2.02922742075376
2.02922742075376
2.02922742075376
2.02922742075376
2.02922742075376
2.02922742075376
2.02922742075376
2.02922742075376
2.02922742075376
1.5219205655653198
1.01461371037688
1.01461371037688
1.01461371037688
1.01461371037688
1.01461371037688
1.01461371037688
1.01461371037688
1.01461371037688
1.01461371037688
1.01461371037688
1.01461371037688
1.01461371037688
1.01461371037688
1.01461371037688
1.01461371037688
1.01461371037688
1.9310389971689004
2.02922742075376
2.02922742075376
2.02922742075376
2.02922742075376
2.02922742075376
2.7983700721684914
3.0438411311306397
3.0438411311306397
3.0438411311306397
3.0438411311306397
3.0438411311306397
3.0438411311306397
3.0438411311306397
3.0438411311306397
3.338406401885218
4.05845484150752
4.05845484150752
3.9766311551868037
3.0438411311306397
3.0438411311306397
3.0438411311306397
3.0438411311306397
3.0438411311306397
3.0438411311306397
3.0438411311306397
3.0438411311306397
2.4547105896214836
2.02922742075376
2.02922742075376
2.02922742075376
2.02922742075376
2.02922742075376
2.02922742075376
2.02922742075376
2.02922742075376
2.02922742075376
2.02922742075376
2.02922742075376
2.02922742075376
2.02922742075376
2.02922742075376
2.02922742075376
2.02922742075376
2.02922742075376
2.02922742075376
1.8001210990557546
1.01461371037688
1.01461371037688
1.01461371037688
1.01461371037688
1.01461371037688
1.01461371037688
1.5873795146218928
2.02922742075376
2.02922742075376
2.02922742075376
2.02922742075376
2.02922742075376
2.5201695386780565
3.0438411311306397
3.0438411311306397
3.0438411311306397
3.0438411311306397
3.0438411311306397
3.0438411311306397
3.0438411311306397
3.469324299998364
4.05845484150752
4.05845484150752
4.05845484150752
4.05845484150752
4.05845484150752
4.05845484150752
3.649336409903939
3.0438411311306397
3.0438411311306397
3.0438411311306397
3.0438411311306397
3.0438411311306397
3.0438411311306397
3.0438411311306397
3.0438411311306397
2.716546385847775
2.02922742075376
2.02922742075376
2.02922742075376
2.02922742075376
2.02922742075376
2.02922742075376
2.02922742075376
2.02922742075376
2.02922742075376
2.02922742075376
2.02922742075376
2.02922742075376
2.02922742075376
2.02922742075376
2.02922742075376
2.02922742075376
2.02922742075376
2.02922742075376
2.02922742075376
2.02922742075376
2.02922742075376
2.02922742075376
1.0473431849051664
1.01461371037688
1.1128021339617393
2.02922742075376
2.02922742075376
2.02922742075376
2.02922742075376
2.02922742075376
2.02922742075376
2.3728869033007673
3.0438411311306397
3.0438411311306397
3.0438411311306397
3.0438411311306397
3.0438411311306397
3.0438411311306397
3.0438411311306397
3.0438411311306397
3.0438411311306397
3.567512723583223
4.05845484150752
4.05845484150752
4.05845484150752
4.05845484150752
4.05845484150752
4.05845484150752
3.714795358960512
3.0438411311306397
3.0438411311306397
3.0438411311306397
3.0438411311306397
3.0438411311306397
3.0438411311306397
3.0438411311306397
3.0438411311306397
2.4547105896214836
2.02922742075376
2.02922742075376
2.02922742075376
2.02922742075376
2.02922742075376
2.02922742075376
2.02922742075376
2.02922742075376
2.02922742075376
2.02922742075376
2.02922742075376
2.02922742075376
2.02922742075376
2.02922742075376
2.02922742075376
2.02922742075376
2.02922742075376
2.02922742075376
2.7656405976402048
3.0438411311306397
3.0438411311306397
3.0438411311306397
3.0438411311306397
3.0438411311306397
3.125664817451356
4.05845484150752
4.05845484150752
4.05845484150752
4.05845484150752
4.05845484150752
4.05845484150752
4.05845484150752
4.05845484150752
4.05845484150752
4.05845484150752
4.05845484150752
4.05845484150752
4.05845484150752
3.338406401885218
3.0438411311306397
3.0438411311306397
3.0438411311306397
3.0438411311306397
3.0438411311306397
3.0438411311306397
2.569263750470486
2.02922742075376
2.02922742075376
2.02922742075376
2.02922742075376
2.02922742075376
2.02922742075376
2.02922742075376
2.02922742075376
2.02922742075376
2.02922742075376
2.02922742075376
2.02922742075376
2.02922742075376
2.02922742075376
2.02922742075376
2.02922742075376
2.02922742075376
2.02922742075376
2.02922742075376
2.1110511070744757
3.0438411311306397
3.0438411311306397
3.0438411311306397
3.0438411311306397
3.0438411311306397
3.0438411311306397
3.0438411311306397
3.6166069353756525
4.05845484150752
4.05845484150752
4.05845484150752
4.05845484150752
4.05845484150752
4.05845484150752
4.05845484150752
4.05845484150752
4.05845484150752
4.05845484150752
4.05845484150752
4.05845484150752
4.05845484150752
4.05845484150752
4.05845484150752
4.05845484150752
3.354771139149361
3.0438411311306397
3.0438411311306397
3.0438411311306397
3.0438411311306397
3.0438411311306397
3.0438411311306397
3.0438411311306397
3.0438411311306397
3.0438411311306397
2.6510874367912023
2.02922742075376
2.02922742075376
2.02922742075376
2.02922742075376
2.02922742075376
2.02922742075376
2.02922742075376
2.02922742075376
2.02922742075376
2.02922742075376
2.02922742075376
2.02922742075376
2.02922742075376
2.02922742075376
2.02922742075376
2.02922742075376
2.02922742075376
2.02922742075376
2.02922742075376
2.02922742075376
2.02922742075376
2.02922742075376
2.6674521740553456
3.0438411311306397
3.0438411311306397
3.0438411311306397
3.0438411311306397
3.0438411311306397
4.025725366979233
4.05845484150752
4.05845484150752
4.05845484150752
4.05845484150752
4.05845484150752
4.05845484150752
4.05845484150752
4.05845484150752
4.05845484150752
4.05845484150752
4.05845484150752
4.05845484150752
4.05845484150752
4.05845484150752
3.649336409903939
3.0438411311306397
3.0438411311306397
3.0438411311306397
