3.0281822831148553
3.0281822831148553
3.4184813329385477
4.037576377486474
4.037576377486474
4.037576377486474
4.037576377486474
3.9029904982369246
3.0281822831148553
3.0281822831148553
3.0281822831148553
3.0281822831148553
3.0281822831148553
3.0281822831148553
3.0281822831148553
2.422545826491884
2.018788188743237
2.018788188743237
2.018788188743237
2.018788188743237
2.018788188743237
2.018788188743237
2.018788188743237
2.018788188743237
2.018788188743237
2.018788188743237
2.018788188743237
2.27450135931738
3.0281822831148553
3.0281822831148553
3.0281822831148553
3.0281822831148553
3.0281822831148553
3.956824849936744
4.037576377486474
4.037576377486474
4.037576377486474
4.037576377486474
4.037576377486474
4.037576377486474
3.351188393313773
3.0281822831148553
3.0281822831148553
3.0281822831148553
3.0281822831148553
3.0281822831148553
2.1937498317676507
2.018788188743237
2.018788188743237
2.018788188743237
2.018788188743237
2.018788188743237
2.018788188743237
2.018788188743237
2.018788188743237
2.018788188743237
2.018788188743237
2.018788188743237
2.018788188743237
2.018788188743237
2.018788188743237
2.018788188743237
2.9743479314150356
3.0281822831148553
3.0281822831148553
3.0281822831148553
3.0281822831148553
3.0281822831148553
3.0281822831148553
3.0281822831148553
3.0281822831148553
3.0281822831148553
3.0281822831148553
3.0281822831148553
3.0281822831148553
3.0281822831148553
3.0281822831148553
3.0281822831148553
3.0281822831148553
3.0281822831148553
3.0281822831148553
3.0281822831148553
2.2475841834674704
2.018788188743237
2.018788188743237
2.018788188743237
2.018788188743237
2.018788188743237
2.018788188743237
2.018788188743237
2.018788188743237
2.018788188743237
2.018788188743237
2.0995397162929663
3.0281822831148553
3.0281822831148553
3.0281822831148553
3.0281822831148553
3.0281822831148553
3.0281822831148553
3.7549460310624205
4.037576377486474
4.037576377486474
4.037576377486474
4.037576377486474
4.037576377486474
3.970283437861699
3.0281822831148553
3.0281822831148553
3.0281822831148553
3.0281822831148553
3.0281822831148553
3.0281822831148553
3.0281822831148553
3.0281822831148553
3.0281822831148553
3.0281822831148553
2.2206670076175605
2.018788188743237
2.018788188743237
2.018788188743237
2.018788188743237
2.018788188743237
2.018788188743237
2.018788188743237
2.018788188743237
2.018788188743237
2.018788188743237
2.9878065193399905
3.0281822831148553
3.0281822831148553
3.0281822831148553
3.0281822831148553
3.553067212188097
4.037576377486474
4.037576377486474
4.037576377486474
4.037576377486474
4.037576377486474
4.037576377486474
4.037576377486474
4.037576377486474
4.037576377486474
3.203143926139269
3.0281822831148553
3.0281822831148553
3.0281822831148553
3.0281822831148553
3.0281822831148553
2.920513579715216
2.018788188743237
2.018788188743237
2.018788188743237
2.018788188743237
2.018788188743237
2.018788188743237
2.018788188743237
2.018788188743237
2.018788188743237
2.018788188743237
2.018788188743237
2.018788188743237
2.018788188743237
2.3552528868671097
3.0281822831148553
3.0281822831148553
3.0281822831148553
3.0281822831148553
3.4723156846383674
4.037576377486474
4.037576377486474
4.037576377486474
4.037576377486474
4.037576377486474
4.037576377486474
4.037576377486474
4.037576377486474
4.037576377486474
3.701111679362601
3.0281822831148553
3.0281822831148553
3.0281822831148553
3.0281822831148553
3.0281822831148553
3.0281822831148553
3.0281822831148553
2.126456892142876
2.018788188743237
2.018788188743237
2.018788188743237
2.018788188743237
2.018788188743237
2.018788188743237
2.018788188743237
2.018788188743237
2.018788188743237
2.018788188743237
2.018788188743237
2.018788188743237
2.018788188743237
2.018788188743237
2.018788188743237
2.8666792280153963
3.0281822831148553
3.0281822831148553
3.0281822831148553
3.0281822831148553
3.0281822831148553
3.4723156846383674
4.037576377486474
4.037576377486474
4.037576377486474
4.037576377486474
3.5934429759629616
3.0281822831148553
3.0281822831148553
3.0281822831148553
3.0281822831148553
3.0281822831148553
3.0281822831148553
3.0281822831148553
3.0281822831148553
2.920513579715216
2.018788188743237
2.018788188743237
2.018788188743237
2.018788188743237
2.018788188743237
2.018788188743237
2.018788188743237
2.018788188743237
2.018788188743237
2.018788188743237
2.018788188743237
2.018788188743237
2.018788188743237
2.745551936690802
3.0281822831148553
3.0281822831148553
3.0281822831148553
3.0281822831148553
3.0281822831148553
3.1223923985895397
4.037576377486474
4.037576377486474
4.037576377486474
4.037576377486474
4.037576377486474
4.037576377486474
4.037576377486474
4.037576377486474
3.4453985087884575
3.0281822831148553
3.0281822831148553
3.0281822831148553
3.0281822831148553
2.772469112540712
2.018788188743237
2.018788188743237
2.018788188743237
2.018788188743237
2.018788188743237
2.018788188743237
2.018788188743237
2.018788188743237
2.018788188743237
2.018788188743237
2.018788188743237
2.018788188743237
2.7186347608408923
3.0281822831148553
3.0281822831148553
3.0281822831148553
3.0281822831148553
3.997200613711609
4.037576377486474
4.037576377486474
4.037576377486474
4.037576377486474
4.037576377486474
4.037576377486474
4.037576377486474
4.037576377486474
4.037576377486474
4.037576377486474
4.037576377486474
3.243519689914134
3.0281822831148553
3.0281822831148553
3.0281822831148553
3.0281822831148553
3.0281822831148553
3.0281822831148553
3.0281822831148553
3.0281822831148553
3.0281822831148553
3.0281822831148553
2.3417942989421547
2.018788188743237
2.018788188743237
2.018788188743237
2.018788188743237
2.018788188743237
2.018788188743237
2.018788188743237
2.018788188743237
2.018788188743237
2.018788188743237
2.018788188743237
2.5167559419665686
3.0281822831148553
3.0281822831148553
3.0281822831148553
3.0281822831148553
3.6472773276627812
4.037576377486474
4.037576377486474
4.037576377486474
4.037576377486474
4.037576377486474
4.037576377486474
4.037576377486474
4.037576377486474
4.010659201636564
3.0281822831148553
3.0281822831148553
3.0281822831148553
3.0281822831148553
3.0281822831148553
3.0281822831148553
3.0281822831148553
3.0281822831148553
2.8263034642405316
2.018788188743237
2.018788188743237
2.018788188743237
2.018788188743237
2.018788188743237
2.018788188743237
2.018788188743237
2.018788188743237
2.018788188743237
2.018788188743237
2.018788188743237
2.018788188743237
2.893596403865306
3.0281822831148553
3.0281822831148553
3.0281822831148553
3.674194503512691
4.037576377486474
4.037576377486474
4.037576377486474
4.037576377486474
4.037576377486474
4.037576377486474
4.037576377486474
4.737422949584129
5.046970471858092
5.046970471858092
4.037576377486474
4.037576377486474
4.037576377486474
4.037576377486474
4.037576377486474
4.037576377486474
4.037576377486474
4.037576377486474
3.2569782778390888
3.0281822831148553
3.0281822831148553
3.0281822831148553
3.0281822831148553
3.0281822831148553
3.0281822831148553
3.0281822831148553
2.920513579715216
2.018788188743237
2.018788188743237
2.018788188743237
2.018788188743237
2.018788188743237
2.018788188743237
2.018788188743237
2.018788188743237
2.018788188743237
2.018788188743237
2.018788188743237
2.018788188743237
2.2610427713924253
3.0281822831148553
3.0281822831148553
3.0281822831148553
3.0281822831148553
3.0281822831148553
3.5665258001130518
4.037576377486474
4.037576377486474
4.037576377486474
4.037576377486474
4.037576377486474
4.037576377486474
4.037576377486474
4.037576377486474
4.037576377486474
3.4857742725633223
3.0281822831148553
3.0281822831148553
3.0281822831148553
3.0281822831148553
3.0281822831148553
3.0281822831148553
3.0281822831148553
3.0281822831148553
3.0281822831148553
3.0281822831148553
3.0281822831148553
2.126456892142876
2.018788188743237
2.018788188743237
2.018788188743237
2.018788188743237
2.018788188743237
2.018788188743237
2.018788188743237
2.018788188743237
2.018788188743237
2.018788188743237
2.436004414416839
3.0281822831148553
3.0281822831148553
3.0281822831148553
3.0281822831148553
3.0281822831148553
3.0281822831148553
3.997200613711609
4.037576377486474
4.037576377486474
4.037576377486474
4.037576377486474
4.037576377486474
4.037576377486474
3.499232860488277
3.0281822831148553
3.0281822831148553
3.0281822831148553
3.0281822831148553
3.0281822831148553
3.0281822831148553
2.7993862883906218
2.018788188743237
2.018788188743237
2.018788188743237
2.018788188743237
2.018788188743237
2.018788188743237
2.018788188743237
2.018788188743237
2.018788188743237
2.018788188743237
2.018788188743237
2.018788188743237
2.018788188743237
2.018788188743237
2.018788188743237
2.018788188743237
2.584048881591343
3.0281822831148553
3.0281822831148553
3.0281822831148553
3.0281822831148553
3.0281822831148553
3.0281822831148553
3.0281822831148553
3.0281822831148553
3.0281822831148553
3.0281822831148553
3.0281822831148553
3.0281822831148553
3.0281822831148553
3.0281822831148553
3.0281822831148553
3.0281822831148553
3.0281822831148553
3.0281822831148553
3.0281822831148553
3.0281822831148553
2.637883233291163
2.018788188743237
2.018788188743237
2.018788188743237
2.018788188743237
2.018788188743237
2.018788188743237
2.018788188743237
2.018788188743237
2.018788188743237
2.018788188743237
2.018788188743237
2.018788188743237
2.018788188743237
2.5032973540416137
3.0281822831148553
3.0281822831148553
3.0281822831148553
3.0281822831148553
3.0281822831148553
3.0281822831148553
3.687653091437646
4.037576377486474
3.4184813329385477
3.0281822831148553
3.0281822831148553
3.0281822831148553
3.0281822831148553
3.0281822831148553
3.0281822831148553
3.0281822831148553
3.0281822831148553
3.0281822831148553
3.0281822831148553
3.0281822831148553
2.4898387661166588
2.018788188743237
2.018788188743237
2.018788188743237
2.018788188743237
2.018788188743237
2.018788188743237
2.018788188743237
2.018788188743237
2.018788188743237
2.018788188743237
2.018788188743237
2.018788188743237
2.018788188743237
2.7186347608408923
3.0281822831148553
3.0281822831148553
3.0281822831148553
3.0281822831148553
3.0281822831148553
3.0281822831148553
3.0281822831148553
3.0281822831148553
3.687653091437646
4.037576377486474
4.037576377486474
4.037576377486474
4.037576377486474
4.037576377486474
4.037576377486474
4.037576377486474
4.037576377486474
3.243519689914134
3.0281822831148553
3.0281822831148553
3.0281822831148553
3.0281822831148553
3.0281822831148553
3.0281822831148553
3.0281822831148553
3.0281822831148553
3.0281822831148553
3.0281822831148553
3.0281822831148553
3.0281822831148553
3.0281822831148553
2.5436731178164784
2.018788188743237
2.018788188743237
2.018788188743237
2.018788188743237
2.018788188743237
2.018788188743237
2.018788188743237
2.018788188743237
2.018788188743237
2.018788188743237
2.018788188743237
2.018788188743237
2.018788188743237
2.5705902936663882
3.0281822831148553
3.0281822831148553
3.0281822831148553
3.0281822831148553
3.0281822831148553
3.0281822831148553
3.5799843880380067
4.037576377486474
4.037576377486474
4.037576377486474
3.687653091437646
3.0281822831148553
3.0281822831148553
3.0281822831148553
3.0281822831148553
3.0281822831148553
3.0281822831148553
3.0281822831148553
3.0281822831148553
2.0860811283680114
2.018788188743237
2.018788188743237
2.018788188743237
2.018788188743237
2.018788188743237
2.018788188743237
2.018788188743237
2.018788188743237
2.018788188743237
2.018788188743237
2.018788188743237
2.018788188743237
2.8263034642405316
3.0281822831148553
3.0281822831148553
3.0281822831148553
3.0281822831148553
3.0281822831148553
3.6203601518128714
4.037576377486474
4.037576377486474
4.037576377486474
4.037576377486474
4.037576377486474
4.037576377486474
4.037576377486474
3.1223923985895397
3.0281822831148553
3.0281822831148553
3.0281822831148553
3.0281822831148553
3.0281822831148553
3.0281822831148553
3.0281822831148553
2.907054991790261
2.018788188743237
2.018788188743237
2.018788188743237
2.018788188743237
2.018788188743237
2.018788188743237
2.018788188743237
2.018788188743237
2.018788188743237
2.018788188743237
2.018788188743237
2.018788188743237
2.018788188743237
2.018788188743237
2.018788188743237
2.018788188743237
2.4090872385669293
3.0281822831148553
3.0281822831148553
3.0281822831148553
3.0281822831148553
3.0281822831148553
3.0281822831148553
3.6069015638879165
4.037576377486474
4.037576377486474
4.037576377486474
4.037576377486474
4.037576377486474
4.037576377486474
3.7818632069123304
3.0281822831148553
3.0281822831148553
3.0281822831148553
3.0281822831148553
3.0281822831148553
3.0281822831148553
3.0281822831148553
3.0281822831148553
3.0281822831148553
3.0281822831148553
2.8666792280153963
2.018788188743237
2.018788188743237
2.018788188743237
2.018788188743237
2.018788188743237
2.018788188743237
2.018788188743237
2.018788188743237
2.018788188743237
2.018788188743237
2.018788188743237
2.018788188743237
2.018788188743237
2.0860811283680114
3.0281822831148553
3.0281822831148553
3.0281822831148553
3.0281822831148553
3.0281822831148553
3.0281822831148553
3.0281822831148553
3.0281822831148553
3.0281822831148553
3.0281822831148553
3.0281822831148553
3.0281822831148553
3.0281822831148553
3.0281822831148553
3.0281822831148553
3.0281822831148553
3.0281822831148553
2.732093348765847
2.018788188743237
2.018788188743237
2.018788188743237
2.018788188743237
2.018788188743237
2.018788188743237
2.018788188743237
2.018788188743237
2.018788188743237
2.018788188743237
2.018788188743237
2.018788188743237
2.018788188743237
2.018788188743237
2.018788188743237
2.018788188743237
2.018788188743237
2.018788188743237
2.2341255955425154
3.0281822831148553
3.0281822831148553
3.0281822831148553
3.0281822831148553
3.0281822831148553
3.0281822831148553
3.0281822831148553
3.0281822831148553
3.0281822831148553
3.0281822831148553
3.0281822831148553
3.0281822831148553
3.0281822831148553
3.0281822831148553
3.0281822831148553
2.3687114747920646
2.018788188743237
2.018788188743237
2.018788188743237
2.018788188743237
2.018788188743237
2.018788188743237
2.018788188743237
2.018788188743237
2.018788188743237
2.018788188743237
2.018788188743237
2.018788188743237
2.018788188743237
2.018788188743237
2.018788188743237
2.018788188743237
2.732093348765847
3.0281822831148553
3.0281822831148553
3.0281822831148553
3.0281822831148553
3.0281822831148553
3.0281822831148553
3.0281822831148553
3.0281822831148553
3.0281822831148553
3.3108126295389084
4.037576377486474
4.037576377486474
4.037576377486474
4.037576377486474
4.037576377486474
4.037576377486474
4.037576377486474
4.037576377486474
4.037576377486474
4.037576377486474
4.037576377486474
3.8760733223870147
3.0281822831148553
3.0281822831148553
3.0281822831148553
3.0281822831148553
3.0281822831148553
3.0281822831148553
2.4898387661166588
2.018788188743237
2.018788188743237
2.018788188743237
2.018788188743237
2.018788188743237
2.018788188743237
2.018788188743237
2.018788188743237
2.018788188743237
2.018788188743237
2.018788188743237
2.018788188743237
2.018788188743237
2.018788188743237
2.018788188743237
2.018788188743237
2.018788188743237
2.018788188743237
2.018788188743237
2.018788188743237
2.018788188743237
2.018788188743237
2.018788188743237
2.018788188743237
2.476380178191704
3.0281822831148553
3.0281822831148553
3.0281822831148553
3.0281822831148553
3.0281822831148553
3.0281822831148553
3.0281822831148553
3.0281822831148553
3.0281822831148553
3.0281822831148553
3.0281822831148553
3.0281822831148553
3.0281822831148553
3.0281822831148553
3.0281822831148553
2.624424645366208
2.018788188743237
2.018788188743237
2.018788188743237
2.018788188743237
2.018788188743237
2.018788188743237
2.018788188743237
2.018788188743237
2.018788188743237
2.018788188743237
2.018788188743237
2.018788188743237
2.018788188743237
2.018788188743237
2.018788188743237
2.018788188743237
2.018788188743237
2.018788188743237
2.018788188743237
2.018788188743237
2.018788188743237
2.018788188743237
2.018788188743237
2.018788188743237
2.018788188743237
2.018788188743237
2.018788188743237
2.018788188743237
2.018788188743237
2.920513579715216
3.0281822831148553
3.0281822831148553
3.0281822831148553
3.0281822831148553
3.0281822831148553
3.0281822831148553
3.0281822831148553
3.0281822831148553
3.0281822831148553
3.0281822831148553
3.0281822831148553
3.0281822831148553
3.0281822831148553
3.0281822831148553
3.0281822831148553
3.0281822831148553
3.0281822831148553
3.0281822831148553
3.0281822831148553
3.0281822831148553
3.0281822831148553
3.0281822831148553
3.0281822831148553
3.0281822831148553
3.0281822831148553
3.0281822831148553
3.0281822831148553
3.0281822831148553
3.0281822831148553
3.0281822831148553
3.0281822831148553
3.0281822831148553
3.0281822831148553
3.0281822831148553
3.0281822831148553
3.0281822831148553
3.0281822831148553
3.0281822831148553
3.0281822831148553
2.422545826491884
2.018788188743237
2.018788188743237
2.018788188743237
2.018788188743237
2.018788188743237
2.018788188743237
2.018788188743237
2.018788188743237
2.018788188743237
2.018788188743237
2.018788188743237
2.018788188743237
2.018788188743237
2.018788188743237
2.018788188743237
2.018788188743237
2.018788188743237
2.018788188743237
2.018788188743237
2.287959947242335
3.0281822831148553
3.0281822831148553
3.0281822831148553
3.0281822831148553
3.0281822831148553
3.0281822831148553
3.0281822831148553
3.0281822831148553
3.0281822831148553
3.0281822831148553
3.0281822831148553
3.0281822831148553
3.0281822831148553
3.0281822831148553
3.0281822831148553
3.0281822831148553
2.9743479314150356
2.018788188743237
2.018788188743237
2.018788188743237
2.018788188743237
2.018788188743237
2.018788188743237
2.018788188743237
2.018788188743237
2.018788188743237
2.018788188743237
2.018788188743237
2.018788188743237
2.018788188743237
2.018788188743237
2.018788188743237
2.27450135931738
3.0281822831148553
3.0281822831148553
3.0281822831148553
3.0281822831148553
3.0281822831148553
3.0281822831148553
3.0281822831148553
3.553067212188097
3.189685338214314
3.0281822831148553
3.0281822831148553
3.0281822831148553
3.0281822831148553
3.0281822831148553
3.0281822831148553
3.0281822831148553
3.0281822831148553
3.0281822831148553
3.0281822831148553
2.422545826491884
