97.33214194536636
96.94919581312229
95.99183048251213
95.225938218024
94.90681644115395
94.46004595353587
93.94945111054379
93.94945111054379
93.94945111054379
93.94945111054379
93.94945111054379
94.0132754659178
93.94945111054379
93.63032933367373
92.92826142455962
92.92826142455962
91.6517743170794
90.24763849885116
89.92851672198111
90.94970640796528
91.26882818483534
91.84324738320143
102.56573908603524
117.88358437579781
127.01046719428135
125.67015573142712
120.75568036762829
117.18151646668369
112.07556803676283
107.60786316058208
105.3101863671177
103.5231044166454
101.7360224661731
99.9489405157008
98.80010211896861
99.50217002808272
101.161603267807
103.5231044166454
105.11871330099567
107.48021444983407
108.62905284656625
108.88435026806229
108.18228235894819
107.99080929282614
99.9489405157008
93.69415368904774
92.73678835843758
91.6517743170794
90.88588205259127
89.8646923666071
89.92851672198111
89.60939494511106
89.16262445749298
89.73704365585908
89.67321930048507
89.92851672198111
89.92851672198111
89.8646923666071
89.8646923666071
89.67321930048507
89.16262445749298
87.82231299463876
86.80112330865458
86.80112330865458
86.80112330865458
86.80112330865458
88.20525912688282
95.86418177176411
107.79933622670411
125.67015573142712
124.90426346693899
122.35128925197856
115.77738064845546
108.9481746234363
103.20398263977535
101.54454940005107
99.75746744957877
98.35333163135053
96.69389839162625
94.84299208577994
94.07709982129181
94.97064079652796
97.84273678835844
101.225427623181
103.14015828440134
104.0975236150115
106.4590247638499
107.22491702833801
107.22491702833801
102.37426601991321
91.77942302782742
90.18381414347715
89.03497574674496
88.26908348225683
87.63083992851672
87.05642073015063
87.18406944089865
87.18406944089865
87.56701557314271
87.75848863926474
87.88613735001277
88.0776104161348
87.82231299463876
87.94996170538678
87.82231299463876
87.24789379627266
86.16287975491448
86.09905539954048
87.88613735001277
88.84350268062293
94.39622159816186
109.58641817717641
120.75568036762829
123.7554250702068
123.50012764871076
120.43655859075824
114.30942047485321
107.09726831759
101.161603267807
96.88537145774828
95.03446515190197
93.37503191217769
91.58794996170539
90.69440898646924
91.01353076333929
93.4388562675517
97.39596630074037
99.18304825121267
99.05539954046465
100.14041358182283
103.90605054888947
105.82078121010979
106.13990298697983
106.20372734235384
95.92800612713812
89.16262445749298
87.82231299463876
87.05642073015063
86.09905539954048
85.52463620117437
84.75874393668624
84.75874393668624
84.75874393668624
85.07786571355629
85.1416900689303
85.26933877967834
84.95021700280827
84.82256829206025
84.75874393668624
84.75874393668624
84.88639264743426
86.41817717641052
86.80112330865458
92.54531529231555
107.92698493745213
121.26627521062038
123.43630329333675
124.84043911156498
124.07454684707685
117.88358437579781
104.67194281337758
99.18304825121267
96.56624968087823
95.09828950727598
94.20474853203983
92.41766658156753
91.01353076333929
91.01353076333929
92.48149093694154
94.90681644115395
97.65126372223641
101.41690068930305
103.5231044166454
105.9484299208578
106.20372734235384
106.20372734235384
94.46004595353587
91.01353076333929
89.41792187898902
88.20525912688282
86.92877201940262
85.97140668879244
85.77993362267041
85.1416900689303
84.88639264743426
84.75874393668624
84.75874393668624
84.82256829206025
84.82256829206025
84.69491958131223
84.4396221598162
84.4396221598162
84.63109522593822
84.24814909369415
83.67372989532807
83.73755425070208
89.60939494511106
104.0975236150115
118.77712535103396
124.77661475619097
124.77661475619097
123.94689813632883
120.24508552463621
113.99029869798315
106.5228491192239
99.75746744957877
95.92800612713812
94.20474853203983
93.4388562675517
91.52412560633138
90.24763849885116
89.8646923666071
90.24763849885116
93.11973449068165
97.14066887924433
98.03420985448048
101.225427623181
104.03369925963749
105.18253765636968
105.18253765636968
92.80061271381159
88.84350268062293
87.82231299463876
86.99259637477662
85.77993362267041
84.88639264743426
83.80137860607609
83.73755425070208
83.22695940770998
83.41843247383201
83.22695940770998
83.60990553995406
83.73755425070208
83.73755425070208
83.73755425070208
83.73755425070208
82.78018892009192
82.7163645647179
83.290783763084
83.73755425070208
84.05667602757212
89.67321930048507
106.77814654071994
122.79805973959664
122.86188409497065
119.98978810314017
112.52233852438091
105.24636201174368
98.73627776359459
94.39622159816186
92.99208577993363
93.11973449068165
92.48149093694154
90.69440898646924
88.46055654837886
90.24763849885116
94.71534337503192
97.0130201684963
97.0130201684963
97.0130201684963
99.9489405157008
103.45928006127139
105.18253765636968
102.3104416645392
91.97089609394945
89.35409752361501
87.56701557314271
86.48200153178453
85.26933877967834
84.75874393668624
83.80137860607609
83.73755425070208
83.73755425070208
83.16313505233597
83.73755425070208
83.73755425070208
83.73755425070208
83.67372989532807
82.90783763083994
82.78018892009192
82.97166198621395
84.5034465151902
89.60939494511106
100.65100842481492
116.09650242532551
123.50012764871076
124.52131733469493
123.62777635945878
121.3939239213684
114.69236660709727
104.35282103650754
98.1618585652285
93.50268062292571
91.46030125095737
89.67321930048507
86.80112330865458
85.84375797804442
86.67347459790656
89.03497574674496
94.46004595353587
97.0130201684963
96.75772274700026
98.35333163135053
103.39545570589738
106.58667347459792
107.35256573908605
107.22491702833801
106.71432218534594
103.65075312739341
103.14015828440134
99.24687260658668
93.37503191217769
88.0776104161348
85.26933877967834
82.39724278784784
80.16339034975748
79.2060250191473
77.9295379116671
77.61041613479705
77.86571355629309
78.44013275465919
78.95072759765127
80.16339034975748
81.75899923410773
83.290783763084
87.37554250702068
98.73627776359459
113.6711769211131
123.43630329333675
123.11718151646669
121.20245085524637
116.47944855756957
109.20347204493235
103.5869287720194
100.77865713556294
96.56624968087823
95.03446515190197
93.50268062292571
92.54531529231555
91.01353076333929
91.71559867245341
92.54531529231555
94.39622159816186
94.97064079652796
95.09828950727598
97.52361501148839
99.50217002808272
100.07658922644882
100.01276487107481
91.0773551187133
89.35409752361501
87.82231299463876
86.86494766402859
85.90758233341843
85.6522849119224
84.75874393668624
84.75874393668624
84.75874393668624
84.37579780444219
84.56727087056422
83.80137860607609
83.73755425070208
82.7163645647179
82.39724278784784
82.33341843247383
82.7163645647179
82.7163645647179
82.7163645647179
82.7163645647179
86.99259637477662
101.03395455705898
118.58565228491193
119.09624712790401
112.3946898136329
108.2461067143222
108.2461067143222
103.45928006127139
97.5874393668624
91.97089609394945
88.0137860607608
86.35435282103651
85.77993362267041
86.2267041102885
88.52438090375287
92.41766658156753
92.99208577993363
94.33239724278785
98.67245340822058
101.7998468215471
102.24661730916519
100.07658922644882
91.84324738320143
89.41792187898902
87.82231299463876
86.73729895328057
85.26933877967834
84.69491958131223
84.37579780444219
83.73755425070208
83.73755425070208
83.73755425070208
83.73755425070208
83.73755425070208
83.48225682920602
83.48225682920602
83.73755425070208
86.86494766402859
90.94970640796528
105.62930814398776
121.3939239213684
126.49987235128926
127.64871074802146
126.1807505744192
122.92570845034466
117.05386775593567
108.56522849119224
104.79959152412562
99.11922389583866
95.41741128414604
93.56650497829972
91.71559867245341
90.88588205259127
91.26882818483534
93.37503191217769
96.88537145774828
101.161603267807
102.11896859841715
102.43809037528722
105.50165943323972
106.13990298697983
106.20372734235384
105.62930814398776
91.46030125095737
89.60939494511106
87.31171815164667
85.77993362267041
83.48225682920602
81.75899923410773
80.2910390605055
79.2060250191473
77.86571355629309
77.67424049017106
77.73806484554507
78.82307888690325
80.41868777125352
80.67398519274956
84.88639264743426
98.22568292060251
109.39494511105438
125.5425070206791
124.71279040081696
124.13837120245086
121.58539698749043
115.77738064845546
109.26729640030636
103.45928006127139
98.92775082971663
97.0130201684963
95.41741128414604
93.69415368904774
92.16236916007149
92.16236916007149
93.4388562675517
96.56624968087823
100.45953535869288
103.07633392902733
106.5228491192239
107.22491702833801
107.22491702833801
107.22491702833801
96.11947919326015
91.20500382946133
89.09880010211897
87.63083992851672
86.2267041102885
85.46081184580036
84.18432473832014
83.16313505233597
82.7163645647179
82.7163645647179
81.82282358948174
82.39724278784784
83.16313505233597
86.16287975491448
90.56676027572122
102.88486086290528
116.73474597906562
118.01123308654583
123.69160071483279
125.6063313760531
119.28772019402605
112.13939239213684
110.28848608629053
105.24636201174368
99.62981873883074
96.43860097013021
93.69415368904774
92.80061271381159
91.84324738320143
90.88588205259127
91.84324738320143
94.20474853203983
98.03420985448048
99.31069696196069
101.7998468215471
105.43783507786571
107.09726831759
107.22491702833801
98.54480469747256
91.77942302782742
90.75823334184325
89.80086801123309
88.33290783763084
87.5031912177687
86.73729895328057
85.77993362267041
84.82256829206025
84.5034465151902
83.8652029614501
83.73755425070208
83.73755425070208
84.56727087056422
88.71585396987491
102.24661730916519
116.99004340056166
125.031912177687
126.05310186367119
125.98927750829718
126.62752106203727
125.22338524380905
111.24585141690069
103.26780699514936
98.60862905284657
96.3747766147562
94.97064079652796
93.37503191217769
91.6517743170794
90.94970640796528
91.52412560633138
94.07709982129181
98.41715598672454
102.50191473066123
103.14015828440134
103.84222619351544
106.71432218534594
107.22491702833801
107.22491702833801
104.86341587949963
93.31120755680368
91.46030125095737
90.05616543272913
89.09880010211897
88.84350268062293
88.0137860607608
87.69466428389073
86.80112330865458
86.80112330865458
86.35435282103651
85.77993362267041
86.73729895328057
87.69466428389073
87.82231299463876
89.80086801123309
102.43809037528722
117.94740873117182
127.3295889711514
126.1169262190452
122.47893796272658
118.90477406178198
112.64998723512893
106.58667347459792
102.62956344140925
100.58718406944091
98.80010211896861
97.14066887924433
95.225938218024
94.5876946642839
94.97064079652796
98.1618585652285
101.92749553229513
105.69313249936177
106.20372734235384
108.69287720194026
109.33112075568037
109.20347204493235
102.43809037528722
94.65151901965791
93.31120755680368
92.92826142455962
91.46030125095737
91.0773551187133
90.31146285422518
89.60939494511106
89.67321930048507
89.09880010211897
88.84350268062293
88.84350268062293
89.03497574674496
91.97089609394945
98.60862905284657
101.41690068930305
114.43706918560123
124.13837120245086
127.3295889711514
127.58488639264743
127.58488639264743
126.56369670666326
124.52131733469493
110.41613479703855
101.54454940005107
99.9489405157008
97.39596630074037
94.77916773040593
93.82180239979577
93.88562675516978
96.18330354863416
101.161603267807
105.62930814398776
106.01225427623181
106.84197089609395
110.22466173091652
110.6714322185346
110.28848608629053
104.54429410262956
91.71559867245341
90.3752872095992
89.8646923666071
89.73704365585908
89.03497574674496
88.84350268062293
88.33290783763084
87.82231299463876
87.37554250702068
87.05642073015063
86.60965024253255
85.90758233341843
86.99259637477662
91.0773551187133
104.22517232575952
119.16007148327803
124.968087822313
126.43604799591525
125.22338524380905
122.60658667347461
117.43681388817973
114.11794740873118
107.09726831759
102.50191473066123
99.75746744957877
98.60862905284657
96.88537145774828
94.26857288741384
91.90707173857544
92.2261935154455
93.4388562675517
95.48123563952005
95.99183048251213
96.43860097013021
99.24687260658668
101.60837375542508
102.18279295379118
102.43809037528722
102.50191473066123
102.05514424304315
97.84273678835844
93.50268062292571
89.67321930048507
86.92877201940262
86.60965024253255
85.77993362267041
85.52463620117437
84.75874393668624
84.75874393668624
84.31197344906816
83.73755425070208
84.12050038294613
85.1416900689303
87.56701557314271
92.99208577993363
110.0331886647945
120.75568036762829
124.26601991319889
124.07454684707685
122.92570845034466
119.03242277253
112.96910901199898
105.82078121010979
100.07658922644882
96.69389839162625
94.71534337503192
92.86443706918561
91.14117947408731
89.41792187898902
89.22644881286699
90.4391115649732
93.11973449068165
93.94945111054379
93.94945111054379
95.92800612713812
100.01276487107481
102.05514424304315
102.11896859841715
95.60888435026807
88.71585396987491
87.94996170538678
87.82231299463876
87.88613735001277
87.63083992851672
87.82231299463876
87.24789379627266
86.80112330865458
86.86494766402859
86.2905284656625
85.77993362267041
85.77993362267041
86.41817717641052
86.80112330865458
87.18406944089865
93.69415368904774
110.41613479703855
124.52131733469493
125.47868266530509
125.6063313760531
124.64896604544295
122.60658667347461
108.11845800357418
97.20449323461834
95.54505999489406
93.31120755680368
91.6517743170794
89.99234107735512
89.92851672198111
91.39647689558336
94.0132754659178
93.94945111054379
93.94945111054379
97.77891243298443
101.225427623181
103.14015828440134
103.14015828440134
100.77865713556294
92.35384222619352
90.31146285422518
88.77967832524892
87.63083992851672
86.73729895328057
85.39698749042635
84.56727087056422
83.73755425070208
82.7163645647179
82.7163645647179
82.7163645647179
83.290783763084
89.41792187898902
104.60811845800357
119.79831503701813
126.37222364054124
127.64871074802146
126.94664283890734
125.22338524380905
119.67066632627011
112.64998723512893
107.22491702833801
106.13990298697983
102.24661730916519
99.4383456727087
97.20449323461834
94.97064079652796
93.4388562675517
93.11973449068165
94.20474853203983
96.63007403625224
100.97013020168497
103.45928006127139
103.71457748276742
105.8846055654838
106.65049782997193
106.20372734235384
97.33214194536636
90.88588205259127
90.88588205259127
89.8646923666071
88.33290783763084
87.82231299463876
86.86494766402859
85.77993362267041
84.75874393668624
83.9290273168241
83.290783763084
82.7163645647179
83.8652029614501
86.99259637477662
100.07658922644882
117.8197600204238
125.5425070206791
127.64871074802146
127.20194026040338
125.28720959918306
121.26627521062038
114.05412305335717
106.90579525146796
102.24661730916519
99.56599438345673
98.60862905284657
96.82154710237427
94.39622159816186
92.92826142455962
93.11973449068165
93.82180239979577
97.0130201684963
101.03395455705898
103.90605054888947
105.56548378861373
106.26755169772785
105.56548378861373
105.18253765636968
99.18304825121267
89.8646923666071
88.33290783763084
87.75848863926474
86.80112330865458
85.77993362267041
85.33316313505235
84.75874393668624
84.05667602757212
83.73755425070208
83.73755425070208
83.73755425070208
82.84401327546593
83.73755425070208
86.67347459790656
90.18381414347715
104.60811845800357
121.07480214449835
126.49987235128926
127.64871074802146
126.94664283890734
123.37247893796273
117.50063824355375
112.33086545825887
112.33086545825887
108.18228235894819
102.11896859841715
96.56624968087823
92.29001787081951
91.0773551187133
90.88588205259127
92.99208577993363
95.28976257339801
95.99183048251213
95.99183048251213
97.45979065611438
102.82103650753128
106.13990298697983
104.1613479703855
93.05591013530764
91.52412560633138
89.73704365585908
88.0137860607608
86.41817717641052
85.52463620117437
84.31197344906816
83.73755425070208
83.73755425070208
83.290783763084
83.41843247383201
83.41843247383201
83.290783763084
83.290783763084
83.73755425070208
83.54608118458005
83.290783763084
83.48225682920602
83.48225682920602
86.48200153178453
99.11922389583866
118.33035486341589
125.47868266530509
126.69134541741128
126.05310186367119
122.73423538422263
116.86239468981364
108.56522849119224
101.60837375542508
96.82154710237427
94.5876946642839
92.92826142455962
91.6517743170794
89.290273168241
88.71585396987491
89.8646923666071
91.84324738320143
95.67270870564208
100.01276487107481
100.45953535869288
103.33163135052337
105.18253765636968
105.18253765636968
104.28899668113353
91.01353076333929
88.58820525912688
87.05642073015063
86.2267041102885
85.46081184580036
84.5034465151902
83.73755425070208
83.73755425070208
82.84401327546593
82.78018892009192
82.7163645647179
82.1419453663518
81.63135052335971
81.24840439111566
80.73780954812356
82.20576972172582
87.56701557314271
105.05488894562166
119.6068419708961
124.968087822313
125.15956088843504
123.88307378095482
