139.6183030581743
139.6183030581743
139.6183030581743
139.6183030581743
139.6183030581743
139.6183030581743
139.6183030581743
139.6183030581743
139.6183030581743
139.6183030581743
139.6183030581743
139.6183030581743
141.50379397562656
141.64175672568405
141.64175672568405
141.64175672568405
141.64175672568405
141.64175672568405
141.64175672568405
141.64175672568405
141.64175672568405
141.64175672568405
141.64175672568405
141.64175672568405
141.64175672568405
141.64175672568405
141.64175672568405
140.46907335019543
138.6065762244194
138.6065762244194
138.6065762244194
138.6065762244194
138.6065762244194
138.6065762244194
138.6065762244194
138.6065762244194
138.6065762244194
138.6065762244194
138.6065762244194
138.6065762244194
138.6065762244194
138.6065762244194
138.6065762244194
138.6065762244194
138.6065762244194
138.6065762244194
138.6065762244194
138.6065762244194
138.6065762244194
138.6065762244194
138.6065762244194
138.6065762244194
138.6065762244194
138.6065762244194
138.6065762244194
138.6065762244194
138.6065762244194
138.6065762244194
138.6065762244194
138.6065762244194
138.6065762244194
138.6065762244194
138.6065762244194
138.6065762244194
138.6065762244194
138.6065762244194
138.6065762244194
138.6065762244194
138.6065762244194
138.6065762244194
138.6065762244194
142.009657392504
142.65348355943894
142.65348355943894
142.65348355943894
142.65348355943894
142.65348355943894
142.65348355943894
142.65348355943894
142.65348355943894
142.65348355943894
142.65348355943894
142.65348355943894
142.65348355943894
142.51552080938146
139.6183030581743
139.6183030581743
139.6183030581743
139.6183030581743
139.6183030581743
139.6183030581743
139.6183030581743
139.6183030581743
139.6183030581743
139.6183030581743
139.6183030581743
139.6183030581743
136.58312255690961
136.58312255690961
136.58312255690961
136.58312255690961
136.58312255690961
136.58312255690961
136.58312255690961
136.58312255690961
136.58312255690961
136.58312255690961
136.58312255690961
136.58312255690961
136.58312255690961
137.6868245573695
140.63002989192918
140.63002989192918
140.63002989192918
140.63002989192918
140.63002989192918
140.63002989192918
140.63002989192918
140.63002989192918
140.63002989192918
140.63002989192918
140.63002989192918
140.63002989192918
138.92848930788688
138.6065762244194
138.6065762244194
138.6065762244194
138.6065762244194
138.6065762244194
138.6065762244194
138.6065762244194
138.6065762244194
138.6065762244194
138.6065762244194
138.6065762244194
138.97447689123936
140.63002989192918
140.63002989192918
140.63002989192918
140.63002989192918
140.63002989192918
140.63002989192918
140.63002989192918
140.63002989192918
140.63002989192918
140.63002989192918
140.63002989192918
140.63002989192918
141.50379397562656
142.65348355943894
142.65348355943894
142.65348355943894
142.65348355943894
142.65348355943894
142.65348355943894
142.65348355943894
142.65348355943894
142.65348355943894
142.65348355943894
142.65348355943894
142.65348355943894
141.4118188089216
140.63002989192918
140.63002989192918
140.63002989192918
140.63002989192918
140.63002989192918
140.63002989192918
140.63002989192918
140.63002989192918
140.63002989192918
140.63002989192918
140.63002989192918
140.63002989192918
139.87123476661301
139.6183030581743
139.6183030581743
139.6183030581743
139.6183030581743
139.6183030581743
139.6183030581743
139.6183030581743
139.6183030581743
139.6183030581743
139.6183030581743
139.6183030581743
139.6183030581743
139.6183030581743
139.6183030581743
139.6183030581743
139.6183030581743
139.6183030581743
139.6183030581743
139.6183030581743
139.6183030581743
139.6183030581743
139.6183030581743
139.6183030581743
139.6183030581743
139.6183030581743
139.6183030581743
139.6183030581743
139.6183030581743
139.6183030581743
139.6183030581743
139.6183030581743
139.6183030581743
139.6183030581743
139.6183030581743
139.6183030581743
139.6183030581743
139.6183030581743
139.6183030581743
139.6183030581743
139.6183030581743
139.6183030581743
139.6183030581743
139.6183030581743
139.6183030581743
139.6183030581743
139.6183030581743
139.6183030581743
139.6183030581743
139.6183030581743
139.6183030581743
139.6183030581743
139.6183030581743
139.6183030581743
139.6183030581743
139.6183030581743
139.6183030581743
139.6183030581743
139.6183030581743
139.6183030581743
139.6183030581743
139.6183030581743
139.6183030581743
139.6183030581743
139.6183030581743
139.6183030581743
139.6183030581743
138.6985513911244
134.55966888939986
134.55966888939986
134.55966888939986
134.55966888939986
134.55966888939986
134.55966888939986
134.55966888939986
134.55966888939986
134.55966888939986
134.55966888939986
134.55966888939986
134.55966888939986
134.55966888939986
134.55966888939986
144.44699931018624
144.67693722694872
144.67693722694872
144.67693722694872
144.67693722694872
144.67693722694872
144.67693722694872
144.67693722694872
144.67693722694872
144.67693722694872
144.67693722694872
144.67693722694872
141.08990572545412
132.53621522189007
132.53621522189007
132.53621522189007
132.53621522189007
132.53621522189007
132.53621522189007
132.53621522189007
132.53621522189007
132.53621522189007
132.53621522189007
132.53621522189007
132.53621522189007
132.53621522189007
132.53621522189007
132.53621522189007
132.53621522189007
132.53621522189007
132.53621522189007
132.53621522189007
132.53621522189007
132.53621522189007
132.53621522189007
132.53621522189007
132.53621522189007
132.53621522189007
136.7670728903196
140.63002989192918
140.63002989192918
140.63002989192918
140.63002989192918
140.63002989192918
140.63002989192918
140.63002989192918
140.63002989192918
140.63002989192918
140.63002989192918
140.63002989192918
140.63002989192918
140.63002989192918
140.63002989192918
140.63002989192918
140.63002989192918
140.63002989192918
140.63002989192918
140.63002989192918
140.63002989192918
140.63002989192918
140.63002989192918
140.63002989192918
140.63002989192918
147.06829156127844
150.74729822947805
150.74729822947805
150.74729822947805
150.74729822947805
150.74729822947805
150.74729822947805
150.74729822947805
150.74729822947805
150.74729822947805
150.74729822947805
150.74729822947805
141.13589330880663
139.6183030581743
139.6183030581743
139.6183030581743
139.6183030581743
139.6183030581743
139.6183030581743
139.6183030581743
139.6183030581743
139.6183030581743
139.6183030581743
139.6183030581743
139.6183030581743
139.94021614164174
140.63002989192918
140.63002989192918
140.63002989192918
140.63002989192918
140.63002989192918
140.63002989192918
140.63002989192918
140.63002989192918
140.63002989192918
140.63002989192918
140.63002989192918
140.63002989192918
137.87077489077947
137.5948493906645
137.5948493906645
137.5948493906645
137.5948493906645
137.5948493906645
137.5948493906645
137.5948493906645
137.5948493906645
137.5948493906645
137.5948493906645
137.5948493906645
137.5948493906645
142.28558289261898
143.66521039319383
143.66521039319383
143.66521039319383
143.66521039319383
143.66521039319383
143.66521039319383
143.66521039319383
143.66521039319383
143.66521039319383
143.66521039319383
143.66521039319383
143.66521039319383
143.66521039319383
142.56150839273394
141.64175672568405
141.64175672568405
141.64175672568405
141.64175672568405
141.64175672568405
141.64175672568405
141.64175672568405
141.64175672568405
141.64175672568405
141.64175672568405
141.64175672568405
141.64175672568405
141.64175672568405
141.64175672568405
141.64175672568405
141.64175672568405
141.64175672568405
141.64175672568405
141.64175672568405
141.64175672568405
141.64175672568405
141.64175672568405
141.64175672568405
141.64175672568405
141.64175672568405
141.64175672568405
141.64175672568405
138.6065762244194
138.6065762244194
138.6065762244194
138.6065762244194
138.6065762244194
138.6065762244194
138.6065762244194
138.6065762244194
138.6065762244194
138.6065762244194
138.6065762244194
138.6065762244194
138.6065762244194
139.5263278914693
140.63002989192918
140.63002989192918
140.63002989192918
140.63002989192918
140.63002989192918
140.63002989192918
140.63002989192918
140.63002989192918
140.63002989192918
140.63002989192918
140.63002989192918
140.63002989192918
140.63002989192918
135.57139572315475
135.57139572315475
135.57139572315475
135.57139572315475
135.57139572315475
135.57139572315475
135.57139572315475
135.57139572315475
135.57139572315475
135.57139572315475
135.57139572315475
135.57139572315475
135.57139572315475
135.57139572315475
136.60611634858589
140.63002989192918
140.63002989192918
140.63002989192918
140.63002989192918
140.63002989192918
140.63002989192918
140.63002989192918
140.63002989192918
140.63002989192918
140.63002989192918
140.63002989192918
140.63002989192918
140.63002989192918
140.63002989192918
140.63002989192918
140.63002989192918
140.63002989192918
140.63002989192918
140.63002989192918
140.63002989192918
140.63002989192918
140.63002989192918
140.63002989192918
140.63002989192918
140.63002989192918
140.63002989192918
140.63002989192918
140.63002989192918
141.73373189238905
148.72384456196826
148.72384456196826
148.72384456196826
148.72384456196826
148.72384456196826
148.72384456196826
148.72384456196826
148.72384456196826
148.72384456196826
148.72384456196826
148.72384456196826
148.72384456196826
148.72384456196826
144.67693722694872
140.63002989192918
140.63002989192918
140.63002989192918
140.63002989192918
140.63002989192918
139.59530926649805
137.5948493906645
137.5948493906645
137.5948493906645
137.5948493906645
137.5948493906645
137.5948493906645
147.25224189468844
158.84111289951713
158.84111289951713
158.84111289951713
158.84111289951713
158.84111289951713
158.84111289951713
158.84111289951713
158.84111289951713
158.84111289951713
158.84111289951713
158.84111289951713
158.84111289951713
158.84111289951713
158.84111289951713
158.84111289951713
158.84111289951713
158.84111289951713
158.84111289951713
158.84111289951713
158.84111289951713
158.84111289951713
158.84111289951713
158.84111289951713
158.84111289951713
158.84111289951713
158.84111289951713
158.84111289951713
158.84111289951713
158.84111289951713
158.84111289951713
158.84111289951713
158.84111289951713
158.84111289951713
158.84111289951713
158.84111289951713
158.84111289951713
158.84111289951713
158.84111289951713
158.84111289951713
158.84111289951713
158.84111289951713
158.84111289951713
158.84111289951713
158.84111289951713
158.84111289951713
158.84111289951713
158.84111289951713
158.84111289951713
108.3007587951253
0.0
0.0
0.0
0.0
0.0
0.0
0.0
0.0
0.0
0.0
0.0
0.0
0.0
98.04552770751897
165.92320073580132
165.92320073580132
165.92320073580132
165.92320073580132
165.92320073580132
165.92320073580132
165.92320073580132
165.92320073580132
165.92320073580132
165.92320073580132
165.92320073580132
165.92320073580132
165.92320073580132
165.92320073580132
165.92320073580132
165.92320073580132
165.92320073580132
165.92320073580132
165.92320073580132
165.92320073580132
165.92320073580132
165.92320073580132
165.92320073580132
165.92320073580132
165.92320073580132
165.92320073580132
165.92320073580132
165.92320073580132
165.92320073580132
165.92320073580132
165.92320073580132
165.92320073580132
154.42630489767762
140.63002989192918
140.63002989192918
140.63002989192918
140.63002989192918
140.63002989192918
140.63002989192918
140.63002989192918
140.63002989192918
140.63002989192918
140.63002989192918
140.63002989192918
140.63002989192918
141.2278684755116
141.64175672568405
141.64175672568405
141.64175672568405
141.64175672568405
141.64175672568405
141.64175672568405
141.64175672568405
141.64175672568405
141.64175672568405
141.64175672568405
141.64175672568405
143.22832835134514
144.67693722694872
144.67693722694872
144.67693722694872
144.67693722694872
144.67693722694872
144.67693722694872
144.67693722694872
144.67693722694872
144.67693722694872
144.67693722694872
144.67693722694872
144.67693722694872
147.71211772821337
150.74729822947805
150.74729822947805
150.74729822947805
150.74729822947805
150.74729822947805
150.74729822947805
150.74729822947805
150.74729822947805
150.74729822947805
150.74729822947805
150.74729822947805
146.24051506093355
143.66521039319383
143.66521039319383
143.66521039319383
143.66521039319383
143.66521039319383
143.66521039319383
143.66521039319383
143.66521039319383
143.66521039319383
143.66521039319383
143.66521039319383
143.66521039319383
143.66521039319383
143.66521039319383
143.66521039319383
143.66521039319383
143.66521039319383
143.66521039319383
143.66521039319383
143.66521039319383
143.66521039319383
143.66521039319383
143.66521039319383
143.66521039319383
143.66521039319383
143.66521039319383
143.66521039319383
142.90641526787766
140.63002989192918
140.63002989192918
140.63002989192918
140.63002989192918
140.63002989192918
140.63002989192918
140.63002989192918
140.63002989192918
140.63002989192918
140.63002989192918
140.63002989192918
140.63002989192918
140.63002989192918
140.63002989192918
140.63002989192918
140.63002989192918
140.63002989192918
140.63002989192918
140.63002989192918
140.63002989192918
140.63002989192918
140.63002989192918
140.63002989192918
140.63002989192918
140.63002989192918
140.63002989192918
140.63002989192918
140.63002989192918
140.63002989192918
140.63002989192918
141.25086226718784
141.64175672568405
141.64175672568405
141.64175672568405
141.64175672568405
141.64175672568405
141.64175672568405
141.64175672568405
141.64175672568405
141.64175672568405
141.64175672568405
141.64175672568405
141.64175672568405
141.64175672568405
141.64175672568405
141.64175672568405
142.9294090595539
143.66521039319383
143.66521039319383
143.66521039319383
143.66521039319383
143.66521039319383
143.66521039319383
143.66521039319383
143.66521039319383
143.66521039319383
143.66521039319383
143.66521039319383
143.66521039319383
143.66521039319383
143.66521039319383
143.66521039319383
143.66521039319383
142.90641526787766
142.65348355943894
142.65348355943894
142.65348355943894
142.65348355943894
142.65348355943894
142.65348355943894
142.65348355943894
142.65348355943894
142.65348355943894
142.65348355943894
142.65348355943894
142.65348355943894
142.65348355943894
142.65348355943894
142.65348355943894
141.7107381007128
141.64175672568405
141.64175672568405
141.64175672568405
141.64175672568405
141.64175672568405
141.64175672568405
141.64175672568405
141.64175672568405
141.64175672568405
141.64175672568405
141.64175672568405
141.64175672568405
141.64175672568405
141.64175672568405
141.64175672568405
140.8829616003679
140.63002989192918
140.63002989192918
140.63002989192918
140.63002989192918
140.63002989192918
140.63002989192918
140.63002989192918
140.63002989192918
140.63002989192918
140.63002989192918
140.63002989192918
140.63002989192918
140.63002989192918
140.1011726833755
139.6183030581743
139.6183030581743
139.6183030581743
139.6183030581743
139.6183030581743
139.6183030581743
139.6183030581743
139.6183030581743
139.6183030581743
139.6183030581743
139.6183030581743
139.6183030581743
139.6183030581743
139.41135893308805
136.58312255690961
136.58312255690961
136.58312255690961
136.58312255690961
136.58312255690961
136.58312255690961
136.58312255690961
136.58312255690961
136.58312255690961
136.58312255690961
136.58312255690961
136.58312255690961
136.58312255690961
137.41089905725454
139.6183030581743
139.6183030581743
139.6183030581743
139.6183030581743
139.6183030581743
139.6183030581743
139.6183030581743
139.6183030581743
139.6183030581743
139.6183030581743
139.6183030581743
139.6183030581743
139.6183030581743
138.65256380777188
136.58312255690961
136.58312255690961
136.58312255690961
136.58312255690961
136.58312255690961
136.58312255690961
136.58312255690961
136.58312255690961
136.58312255690961
136.58312255690961
136.58312255690961
136.58312255690961
136.58312255690961
137.22694872384454
138.6065762244194
138.6065762244194
138.6065762244194
138.6065762244194
138.6065762244194
138.6065762244194
138.6065762244194
138.6065762244194
138.6065762244194
138.6065762244194
138.6065762244194
138.6065762244194
138.6065762244194
139.6183030581743
140.63002989192918
140.63002989192918
140.63002989192918
140.63002989192918
140.63002989192918
140.63002989192918
140.63002989192918
140.63002989192918
140.63002989192918
140.63002989192918
140.63002989192918
140.63002989192918
140.63002989192918
140.53805472522419
139.6183030581743
139.6183030581743
139.6183030581743
139.6183030581743
139.6183030581743
139.6183030581743
139.6183030581743
139.6183030581743
139.6183030581743
139.6183030581743
139.6183030581743
139.6183030581743
139.6183030581743
139.6183030581743
137.6868245573695
136.58312255690961
136.58312255690961
136.58312255690961
136.58312255690961
136.58312255690961
136.58312255690961
136.58312255690961
136.58312255690961
136.58312255690961
136.58312255690961
136.58312255690961
136.58312255690961
136.58312255690961
136.58312255690961
136.58312255690961
137.02000459875833
137.5948493906645
137.5948493906645
137.5948493906645
137.5948493906645
137.5948493906645
137.5948493906645
137.5948493906645
137.5948493906645
137.5948493906645
137.5948493906645
137.5948493906645
137.5948493906645
137.5948493906645
137.5948493906645
137.5948493906645
137.5948493906645
136.60611634858589
136.58312255690961
136.58312255690961
136.58312255690961
136.58312255690961
136.58312255690961
136.58312255690961
136.58312255690961
136.58312255690961
136.58312255690961
136.58312255690961
136.58312255690961
136.58312255690961
136.58312255690961
136.58312255690961
135.27247643136351
133.54794205564497
133.54794205564497
133.54794205564497
133.54794205564497
133.54794205564497
133.54794205564497
133.54794205564497
133.54794205564497
133.54794205564497
133.54794205564497
133.54794205564497
133.54794205564497
133.54794205564497
133.54794205564497
133.54794205564497
133.7548861807312
134.55966888939986
134.55966888939986
134.55966888939986
134.55966888939986
134.55966888939986
134.55966888939986
134.55966888939986
134.55966888939986
134.55966888939986
