91.99413011576716
91.99413011576716
91.99413011576716
91.99413011576716
91.99413011576716
91.99413011576716
91.99413011576716
91.99413011576716
91.99413011576716
91.99413011576716
91.99413011576716
91.99413011576716
91.99413011576716
91.99413011576716
91.99413011576716
91.99413011576716
45.99706505788358
83.89042882765368
106.14707321050058
106.14707321050058
106.14707321050058
106.14707321050058
106.14707321050058
106.14707321050058
106.14707321050058
106.14707321050058
106.45687265612261
107.15799771726725
107.15799771726725
107.15799771726725
107.15799771726725
107.15799771726725
107.15799771726725
107.15799771726725
107.15799771726725
107.15799771726725
109.08201532691994
109.17984673080059
109.17984673080059
109.17984673080059
109.17984673080059
109.17984673080059
109.17984673080059
109.17984673080059
109.17984673080059
109.17984673080059
109.17984673080059
109.17984673080059
109.17984673080059
109.17984673080059
109.17984673080059
109.17984673080059
109.17984673080059
109.17984673080059
109.17984673080059
109.17984673080059
107.2558291211479
107.15799771726725
107.15799771726725
107.15799771726725
107.15799771726725
107.15799771726725
107.15799771726725
107.15799771726725
107.15799771726725
107.15799771726725
107.79390184249144
108.16892222403392
108.16892222403392
108.16892222403392
108.16892222403392
108.16892222403392
108.16892222403392
108.16892222403392
108.16892222403392
108.16892222403392
108.16892222403392
108.16892222403392
108.16892222403392
108.16892222403392
108.16892222403392
108.16892222403392
108.16892222403392
108.16892222403392
108.16892222403392
108.16892222403392
108.16892222403392
105.42964291537584
104.12522419696722
104.12522419696722
104.12522419696722
104.12522419696722
104.12522419696722
104.12522419696722
104.12522419696722
104.12522419696722
104.12522419696722
103.4404043698027
103.11429969020055
103.11429969020055
103.11429969020055
103.11429969020055
103.11429969020055
103.11429969020055
103.11429969020055
103.11429969020055
103.11429969020055
103.06538398826024
102.10337518343388
102.10337518343388
102.10337518343388
102.10337518343388
102.10337518343388
102.10337518343388
102.10337518343388
102.10337518343388
102.10337518343388
102.10337518343388
102.10337518343388
102.10337518343388
102.10337518343388
102.10337518343388
102.10337518343388
102.10337518343388
102.10337518343388
102.10337518343388
102.10337518343388
102.10337518343388
102.10337518343388
102.10337518343388
102.10337518343388
102.10337518343388
102.10337518343388
102.10337518343388
102.10337518343388
102.10337518343388
102.10337518343388
102.10337518343388
102.10337518343388
102.10337518343388
102.10337518343388
102.10337518343388
102.10337518343388
102.10337518343388
102.10337518343388
102.10337518343388
102.10337518343388
102.10337518343388
102.10337518343388
102.10337518343388
102.10337518343388
102.10337518343388
102.10337518343388
102.08706994945378
101.09245067666721
101.09245067666721
101.09245067666721
101.09245067666721
101.09245067666721
101.09245067666721
101.09245067666721
101.09245067666721
101.09245067666721
101.09245067666721
101.09245067666721
101.09245067666721
101.09245067666721
101.09245067666721
101.09245067666721
101.09245067666721
101.09245067666721
101.09245067666721
101.09245067666721
101.09245067666721
101.09245067666721
101.09245067666721
101.09245067666721
101.09245067666721
101.09245067666721
101.09245067666721
101.09245067666721
101.09245067666721
101.09245067666721
101.09245067666721
101.09245067666721
101.09245067666721
101.09245067666721
101.09245067666721
101.09245067666721
101.09245067666721
101.09245067666721
101.09245067666721
101.09245067666721
101.09245067666721
101.09245067666721
101.09245067666721
101.09245067666721
101.09245067666721
101.09245067666721
101.09245067666721
101.09245067666721
101.09245067666721
101.09245067666721
101.23919778248818
102.10337518343388
102.10337518343388
102.10337518343388
102.10337518343388
102.10337518343388
102.10337518343388
102.10337518343388
102.65775313875754
103.11429969020055
103.11429969020055
103.11429969020055
103.11429969020055
103.11429969020055
103.11429969020055
103.11429969020055
103.11429969020055
103.11429969020055
103.11429969020055
103.11429969020055
103.11429969020055
103.11429969020055
103.11429969020055
103.11429969020055
102.88602641447905
102.10337518343388
102.10337518343388
102.10337518343388
102.10337518343388
102.10337518343388
102.10337518343388
102.10337518343388
102.10337518343388
102.10337518343388
102.10337518343388
102.10337518343388
102.10337518343388
102.10337518343388
102.10337518343388
102.10337518343388
102.60883743681723
103.11429969020055
103.11429969020055
103.11429969020055
103.11429969020055
103.11429969020055
103.4404043698027
104.12522419696722
104.89157019403228
105.1361487037339
105.1361487037339
105.1361487037339
105.1361487037339
105.1361487037339
105.1361487037339
105.1361487037339
105.1361487037339
105.1361487037339
105.1361487037339
105.1361487037339
105.1361487037339
105.1361487037339
105.1361487037339
105.1361487037339
105.1361487037339
105.1361487037339
105.1361487037339
105.1361487037339
105.1361487037339
105.1361487037339
105.1361487037339
105.65791619109734
107.15799771726725
107.15799771726725
107.15799771726725
107.15799771726725
107.15799771726725
107.15799771726725
107.15799771726725
107.79390184249144
108.16892222403392
108.16892222403392
108.16892222403392
108.16892222403392
108.16892222403392
108.16892222403392
108.16892222403392
109.03309962497963
109.17984673080059
109.17984673080059
109.17984673080059
109.17984673080059
109.17984673080059
109.17984673080059
109.17984673080059
110.45165498124898
111.20169574433393
111.20169574433393
111.20169574433393
111.20169574433393
111.20169574433393
111.20169574433393
111.75607369965759
113.22354475786727
113.22354475786727
113.22354475786727
113.22354475786727
113.22354475786727
113.22354475786727
113.22354475786727
113.22354475786727
110.87559106473178
109.17984673080059
109.17984673080059
109.17984673080059
109.17984673080059
109.17984673080059
109.17984673080059
109.17984673080059
109.17984673080059
109.17984673080059
109.17984673080059
109.17984673080059
109.17984673080059
109.17984673080059
109.17984673080059
111.57671612587642
112.2126202511006
112.2126202511006
112.2126202511006
112.2126202511006
112.2126202511006
112.2126202511006
112.2126202511006
111.03864340453286
110.19077123756726
110.19077123756726
110.19077123756726
110.19077123756726
110.19077123756726
110.19077123756726
110.2722974074678
111.20169574433393
111.20169574433393
111.20169574433393
111.20169574433393
111.20169574433393
111.20169574433393
111.20169574433393
111.69085276373717
112.2126202511006
112.2126202511006
112.2126202511006
112.2126202511006
112.2126202511006
112.2126202511006
112.2126202511006
113.64748084135007
114.23446926463394
114.23446926463394
114.23446926463394
114.23446926463394
114.23446926463394
114.23446926463394
114.23446926463394
112.4082830588619
110.19077123756726
110.19077123756726
110.19077123756726
110.19077123756726
110.19077123756726
110.19077123756726
110.09293983368661
109.17984673080059
109.17984673080059
109.17984673080059
109.17984673080059
109.17984673080059
109.17984673080059
109.17984673080059
109.0004891570194
108.16892222403392
108.16892222403392
108.16892222403392
108.16892222403392
108.47872166965597
109.17984673080059
109.17984673080059
109.17984673080059
109.17984673080059
109.17984673080059
109.17984673080059
109.17984673080059
109.17984673080059
109.17984673080059
110.12555030164683
110.19077123756726
110.19077123756726
110.19077123756726
110.19077123756726
110.19077123756726
110.19077123756726
111.60932659383663
113.22354475786727
113.22354475786727
113.22354475786727
113.22354475786727
113.22354475786727
113.22354475786727
116.2563182781673
116.2563182781673
116.2563182781673
116.2563182781673
116.2563182781673
116.2563182781673
116.2563182781673
116.2563182781673
116.2563182781673
116.2563182781673
116.2563182781673
116.2563182781673
116.2563182781673
116.2563182781673
116.2563182781673
116.2563182781673
113.41920756562857
113.22354475786727
113.22354475786727
113.22354475786727
113.22354475786727
113.22354475786727
113.22354475786727
113.22354475786727
113.22354475786727
113.22354475786727
113.22354475786727
113.22354475786727
113.22354475786727
113.22354475786727
112.55503016468286
112.2126202511006
112.2126202511006
112.2126202511006
112.2126202511006
112.2126202511006
112.2126202511006
112.2126202511006
112.2126202511006
112.2126202511006
112.2126202511006
112.2126202511006
112.2126202511006
112.2126202511006
112.37567259090169
113.22354475786727
113.22354475786727
113.22354475786727
113.22354475786727
113.22354475786727
113.22354475786727
113.22354475786727
114.7888472199576
115.24539377140063
115.24539377140063
115.24539377140063
115.24539377140063
115.24539377140063
115.24539377140063
115.24539377140063
115.24539377140063
115.24539377140063
115.24539377140063
115.24539377140063
115.24539377140063
115.24539377140063
115.24539377140063
115.24539377140063
115.24539377140063
115.24539377140063
115.24539377140063
115.24539377140063
115.24539377140063
115.24539377140063
115.24539377140063
115.24539377140063
115.24539377140063
115.24539377140063
115.24539377140063
115.24539377140063
115.24539377140063
114.51165824229578
112.2126202511006
112.2126202511006
112.2126202511006
112.2126202511006
112.2126202511006
112.2126202511006
111.9843469753791
110.19077123756726
110.19077123756726
110.19077123756726
110.19077123756726
110.19077123756726
110.19077123756726
109.848361323985
107.15799771726725
107.15799771726725
107.15799771726725
107.15799771726725
107.15799771726725
107.15799771726725
107.15799771726725
106.16337844448068
106.14707321050058
106.14707321050058
106.14707321050058
106.14707321050058
106.14707321050058
106.14707321050058
105.95141040273928
105.1361487037339
105.1361487037339
105.1361487037339
105.1361487037339
105.1361487037339
105.1361487037339
105.1361487037339
105.1361487037339
105.1361487037339
105.1361487037339
105.1361487037339
105.1361487037339
105.1361487037339
105.1361487037339
103.24474156204141
103.11429969020055
103.11429969020055
103.11429969020055
103.11429969020055
103.11429969020055
103.11429969020055
103.11429969020055
103.11429969020055
103.11429969020055
103.11429969020055
103.11429969020055
103.11429969020055
103.11429969020055
103.11429969020055
103.11429969020055
103.11429969020055
103.11429969020055
103.11429969020055
103.11429969020055
103.11429969020055
103.11429969020055
103.11429969020055
103.11429969020055
103.11429969020055
103.11429969020055
103.11429969020055
103.11429969020055
103.11429969020055
103.11429969020055
103.11429969020055
103.11429969020055
103.11429969020055
103.11429969020055
103.11429969020055
103.11429969020055
103.11429969020055
103.11429969020055
84.81982716451981
0.0
0.0
81.55878036849829
123.332789825534
123.332789825534
123.332789825534
123.332789825534
123.332789825534
123.332789825534
123.332789825534
123.332789825534
123.332789825534
122.10989727702592
120.30001630523398
120.30001630523398
120.30001630523398
120.30001630523398
120.30001630523398
120.30001630523398
120.30001630523398
120.30001630523398
120.30001630523398
120.30001630523398
120.30001630523398
120.30001630523398
120.30001630523398
120.30001630523398
120.30001630523398
115.48997228110224
115.24539377140063
115.24539377140063
115.24539377140063
115.24539377140063
115.24539377140063
115.24539377140063
115.24539377140063
115.24539377140063
115.24539377140063
115.73455079080385
116.2563182781673
116.2563182781673
116.2563182781673
116.2563182781673
116.2563182781673
116.71286482961031
120.30001630523398
120.30001630523398
120.30001630523398
120.30001630523398
120.30001630523398
120.30001630523398
120.30001630523398
120.30001630523398
120.30001630523398
120.30001630523398
120.30001630523398
120.30001630523398
120.30001630523398
120.30001630523398
120.30001630523398
120.30001630523398
120.30001630523398
120.30001630523398
120.30001630523398
120.30001630523398
120.30001630523398
120.30001630523398
120.30001630523398
120.30001630523398
120.30001630523398
120.30001630523398
120.30001630523398
120.30001630523398
120.30001630523398
120.30001630523398
120.30001630523398
120.30001630523398
120.30001630523398
120.30001630523398
104.77743355617153
104.22305560084787
137.48573292026742
137.48573292026742
137.48573292026742
137.48573292026742
137.48573292026742
137.48573292026742
134.8768954834502
127.37648785260069
127.37648785260069
127.37648785260069
127.37648785260069
127.37648785260069
127.37648785260069
127.1808250448394
126.36556334583402
126.36556334583402
126.36556334583402
126.36556334583402
125.37094407304745
125.35463883906735
125.35463883906735
125.35463883906735
125.35463883906735
125.35463883906735
125.35463883906735
128.8765693787706
129.39833686613403
129.39833686613403
129.39833686613403
129.39833686613403
129.39833686613403
129.39833686613403
132.1376161747921
132.43111038643406
132.43111038643406
132.43111038643406
132.43111038643406
132.43111038643406
132.43111038643406
132.43111038643406
132.43111038643406
133.4094244252405
134.4529593999674
134.4529593999674
134.4529593999674
134.4529593999674
134.4529593999674
134.4529593999674
134.4529593999674
134.4529593999674
132.00717430295126
131.42018587966737
131.42018587966737
131.42018587966737
131.42018587966737
131.42018587966737
131.42018587966737
131.42018587966737
131.42018587966737
130.5886189466819
128.38741235936737
128.38741235936737
128.38741235936737
128.38741235936737
128.38741235936737
131.72998532528942
133.4420348932007
133.4420348932007
133.4420348932007
128.8765693787706
125.35463883906735
125.35463883906735
125.35463883906735
125.35463883906735
125.35463883906735
125.35463883906735
125.35463883906735
125.35463883906735
125.35463883906735
125.35463883906735
126.33295287787381
126.36556334583402
126.36556334583402
126.36556334583402
126.36556334583402
126.36556334583402
126.36556334583402
126.36556334583402
126.36556334583402
125.97423773031143
125.35463883906735
125.35463883906735
125.35463883906735
125.35463883906735
125.35463883906735
125.35463883906735
125.35463883906735
125.35463883906735
125.12636556334584
124.34371433230068
124.34371433230068
124.34371433230068
124.34371433230068
124.34371433230068
126.30034240991358
129.39833686613403
129.39833686613403
129.17006359041252
122.32186531876732
122.32186531876732
122.32186531876732
122.32186531876732
122.32186531876732
122.32186531876732
122.32186531876732
122.32186531876732
120.90330996249797
119.28909179846731
119.28909179846731
119.28909179846731
119.28909179846731
119.28909179846731
119.28909179846731
119.28909179846731
119.66411218000978
120.30001630523398
120.30001630523398
120.30001630523398
120.30001630523398
120.30001630523398
120.30001630523398
120.30001630523398
120.30001630523398
122.28925485080711
122.32186531876732
122.32186531876732
122.32186531876732
122.32186531876732
122.32186531876732
122.32186531876732
123.15343225175282
123.332789825534
123.332789825534
123.332789825534
123.332789825534
123.332789825534
123.332789825534
123.332789825534
123.332789825534
123.332789825534
123.332789825534
122.61535953040926
122.32186531876732
122.32186531876732
122.32186531876732
122.32186531876732
122.32186531876732
122.32186531876732
122.32186531876732
122.32186531876732
122.32186531876732
122.32186531876732
122.32186531876732
122.32186531876732
122.32186531876732
122.32186531876732
122.32186531876732
122.32186531876732
122.32186531876732
122.32186531876732
122.32186531876732
122.32186531876732
122.32186531876732
122.32186531876732
122.32186531876732
122.32186531876732
122.32186531876732
122.32186531876732
122.32186531876732
122.32186531876732
122.32186531876732
122.32186531876732
122.32186531876732
122.32186531876732
29.18636882439263
130.40926137290072
130.40926137290072
130.40926137290072
130.40926137290072
130.40926137290072
130.40926137290072
130.40926137290072
130.01793575737813
127.37648785260069
127.37648785260069
127.37648785260069
127.37648785260069
127.37648785260069
127.37648785260069
127.37648785260069
127.37648785260069
127.37648785260069
127.37648785260069
127.37648785260069
127.37648785260069
127.37648785260069
127.37648785260069
127.37648785260069
126.59383662155552
125.35463883906735
125.35463883906735
125.35463883906735
125.35463883906735
125.35463883906735
125.35463883906735
125.35463883906735
123.39801076145443
122.32186531876732
122.32186531876732
122.32186531876732
122.32186531876732
122.32186531876732
122.32186531876732
122.32186531876732
123.18604271971303
123.332789825534
123.332789825534
123.332789825534
123.332789825534
123.332789825534
123.332789825534
122.84363280613077
121.31094081200065
121.31094081200065
121.31094081200065
121.31094081200065
121.31094081200065
121.31094081200065
121.31094081200065
121.31094081200065
121.31094081200065
121.31094081200065
121.31094081200065
121.31094081200065
121.31094081200065
121.31094081200065
121.16419370617969
120.30001630523398
120.30001630523398
120.30001630523398
120.30001630523398
120.30001630523398
120.30001630523398
120.30001630523398
120.30001630523398
120.30001630523398
120.30001630523398
120.30001630523398
120.30001630523398
120.30001630523398
120.30001630523398
120.30001630523398
118.14772541985978
116.2563182781673
116.2563182781673
116.2563182781673
116.2563182781673
116.2563182781673
116.2563182781673
116.2563182781673
114.95189955975869
112.2126202511006
112.2126202511006
112.2126202511006
112.2126202511006
112.2126202511006
112.2126202511006
111.13647480841351
110.19077123756726
110.19077123756726
110.19077123756726
110.19077123756726
110.19077123756726
110.19077123756726
110.19077123756726
110.19077123756726
110.19077123756726
110.19077123756726
110.19077123756726
111.13647480841351
112.2126202511006
112.2126202511006
112.2126202511006
112.2126202511006
112.2126202511006
112.2126202511006
112.2126202511006
114.02250122289256
115.24539377140063
115.24539377140063
115.24539377140063
115.24539377140063
115.24539377140063
115.24539377140063
115.24539377140063
116.07696070438611
116.2563182781673
116.2563182781673
116.2563182781673
116.2563182781673
116.2563182781673
116.2563182781673
116.2563182781673
116.2563182781673
113.38659709766836
112.2126202511006
