98.71990354951951
98.71990354951951
98.71990354951951
98.71990354951951
98.71990354951951
102.54955498031984
107.97489450728698
107.97489450728698
107.97489450728698
107.97489450728698
107.97489450728698
107.97489450728698
107.97489450728698
107.97489450728698
107.97489450728698
107.97489450728698
107.97489450728698
107.97489450728698
107.97489450728698
107.97489450728698
107.97489450728698
107.97489450728698
107.97489450728698
107.97489450728698
107.97489450728698
107.97489450728698
107.97489450728698
107.97489450728698
107.97489450728698
107.97489450728698
107.97489450728698
107.97489450728698
107.97489450728698
107.97489450728698
107.97489450728698
107.97489450728698
107.97489450728698
107.97489450728698
107.97489450728698
107.97489450728698
107.97489450728698
107.97489450728698
107.97489450728698
109.74788128080564
110.03155916456863
110.03155916456863
110.03155916456863
110.03155916456863
110.03155916456863
110.03155916456863
110.03155916456863
110.03155916456863
110.03155916456863
110.03155916456863
110.03155916456863
110.03155916456863
110.03155916456863
110.03155916456863
110.03155916456863
110.03155916456863
110.03155916456863
109.74788128080564
107.97489450728698
107.97489450728698
107.97489450728698
107.97489450728698
107.97489450728698
107.97489450728698
107.97489450728698
107.97489450728698
107.97489450728698
107.97489450728698
107.97489450728698
107.97489450728698
107.97489450728698
107.97489450728698
107.97489450728698
107.97489450728698
107.97489450728698
107.97489450728698
108.89684762951669
110.03155916456863
110.03155916456863
110.03155916456863
110.03155916456863
110.03155916456863
110.03155916456863
110.03155916456863
110.03155916456863
110.03155916456863
110.03155916456863
110.03155916456863
110.03155916456863
110.03155916456863
110.03155916456863
110.03155916456863
110.03155916456863
110.03155916456863
110.03155916456863
108.18765292010922
105.91822985000532
105.91822985000532
105.91822985000532
105.91822985000532
105.91822985000532
105.91822985000532
105.91822985000532
105.91822985000532
105.91822985000532
105.91822985000532
105.91822985000532
105.91822985000532
105.91822985000532
105.91822985000532
105.91822985000532
105.91822985000532
105.91822985000532
105.91822985000532
105.91822985000532
105.91822985000532
105.91822985000532
105.91822985000532
94.85479238324882
92.54990957767455
92.54990957767455
92.54990957767455
92.54990957767455
92.54990957767455
92.54990957767455
92.54990957767455
92.54990957767455
92.54990957767455
92.54990957767455
92.54990957767455
92.54990957767455
92.54990957767455
92.54990957767455
92.54990957767455
92.54990957767455
92.54990957767455
92.54990957767455
92.54990957767455
92.54990957767455
93.61370164178575
94.6065742349562
94.6065742349562
94.6065742349562
94.6065742349562
94.6065742349562
94.6065742349562
94.6065742349562
94.6065742349562
94.6065742349562
94.6065742349562
94.6065742349562
94.6065742349562
94.6065742349562
94.6065742349562
94.6065742349562
94.6065742349562
94.6065742349562
94.6065742349562
94.6065742349562
94.6065742349562
94.6065742349562
94.6065742349562
93.61370164178575
87.40824793447041
87.40824793447041
87.40824793447041
87.40824793447041
87.40824793447041
87.40824793447041
87.40824793447041
87.40824793447041
87.40824793447041
87.40824793447041
87.40824793447041
87.40824793447041
87.40824793447041
87.40824793447041
87.40824793447041
87.40824793447041
87.40824793447041
87.40824793447041
87.40824793447041
87.40824793447041
88.82663735328535
97.69157122087869
97.69157122087869
97.69157122087869
97.69157122087869
97.69157122087869
97.69157122087869
97.69157122087869
97.69157122087869
97.69157122087869
97.69157122087869
97.69157122087869
97.69157122087869
97.69157122087869
97.69157122087869
97.69157122087869
97.69157122087869
97.69157122087869
97.69157122087869
97.69157122087869
97.69157122087869
97.69157122087869
97.69157122087869
94.50019502854508
91.52157724903373
91.52157724903373
91.52157724903373
91.52157724903373
91.52157724903373
91.52157724903373
91.52157724903373
91.52157724903373
91.52157724903373
91.52157724903373
91.52157724903373
91.52157724903373
91.52157724903373
91.52157724903373
91.52157724903373
91.52157724903373
91.52157724903373
91.52157724903373
91.52157724903373
91.52157724903373
91.52157724903373
91.52157724903373
91.52157724903373
91.52157724903373
91.52157724903373
91.52157724903373
91.52157724903373
91.52157724903373
91.52157724903373
91.52157724903373
91.52157724903373
91.52157724903373
91.52157724903373
91.52157724903373
91.52157724903373
91.52157724903373
91.52157724903373
91.52157724903373
91.52157724903373
91.52157724903373
91.52157724903373
91.52157724903373
91.52157724903373
91.52157724903373
91.52157724903373
91.52157724903373
91.52157724903373
91.52157724903373
91.52157724903373
91.52157724903373
91.52157724903373
91.52157724903373
91.52157724903373
91.52157724903373
91.52157724903373
91.52157724903373
91.52157724903373
91.52157724903373
91.52157724903373
91.52157724903373
91.52157724903373
91.52157724903373
91.52157724903373
105.70547143718308
107.97489450728698
107.97489450728698
107.97489450728698
107.97489450728698
107.97489450728698
107.97489450728698
107.97489450728698
107.97489450728698
107.97489450728698
107.97489450728698
107.97489450728698
107.97489450728698
107.97489450728698
107.97489450728698
107.97489450728698
107.97489450728698
107.97489450728698
107.97489450728698
107.97489450728698
107.97489450728698
107.97489450728698
107.97489450728698
107.97489450728698
107.97489450728698
107.97489450728698
107.97489450728698
107.97489450728698
107.97489450728698
107.97489450728698
107.97489450728698
107.97489450728698
107.97489450728698
107.97489450728698
107.97489450728698
107.97489450728698
111.69816673167618
115.17322080777276
115.17322080777276
115.17322080777276
115.17322080777276
115.17322080777276
115.17322080777276
115.17322080777276
115.17322080777276
115.17322080777276
115.17322080777276
115.17322080777276
115.17322080777276
115.17322080777276
115.17322080777276
115.17322080777276
115.17322080777276
115.17322080777276
115.17322080777276
115.17322080777276
113.04563667955037
104.88989752136449
104.88989752136449
104.88989752136449
104.88989752136449
104.88989752136449
104.88989752136449
104.88989752136449
104.88989752136449
104.88989752136449
104.88989752136449
104.88989752136449
104.88989752136449
104.88989752136449
104.88989752136449
104.88989752136449
104.88989752136449
104.88989752136449
108.29403212652034
111.05989149320946
111.05989149320946
111.05989149320946
111.05989149320946
111.05989149320946
111.05989149320946
111.05989149320946
111.05989149320946
111.05989149320946
111.05989149320946
111.05989149320946
111.05989149320946
111.05989149320946
111.05989149320946
111.05989149320946
111.05989149320946
111.05989149320946
111.05989149320946
111.05989149320946
111.05989149320946
111.05989149320946
111.05989149320946
106.5919648239424
89.46491259175207
89.46491259175207
89.46491259175207
89.46491259175207
89.46491259175207
89.46491259175207
89.46491259175207
89.46491259175207
89.46491259175207
89.46491259175207
89.46491259175207
89.46491259175207
89.46491259175207
89.46491259175207
89.46491259175207
89.46491259175207
89.46491259175207
89.46491259175207
89.46491259175207
89.46491259175207
93.72008084819687
97.69157122087869
97.69157122087869
97.69157122087869
97.69157122087869
97.69157122087869
97.69157122087869
97.69157122087869
97.69157122087869
97.69157122087869
97.69157122087869
97.69157122087869
97.69157122087869
97.69157122087869
97.69157122087869
97.69157122087869
97.69157122087869
97.69157122087869
97.69157122087869
97.69157122087869
97.69157122087869
97.69157122087869
97.69157122087869
97.69157122087869
97.69157122087869
97.69157122087869
97.69157122087869
97.69157122087869
97.69157122087869
97.69157122087869
97.69157122087869
97.69157122087869
97.69157122087869
97.69157122087869
97.69157122087869
97.69157122087869
97.69157122087869
97.69157122087869
97.69157122087869
97.69157122087869
97.69157122087869
97.69157122087869
97.69157122087869
97.69157122087869
97.69157122087869
97.69157122087869
97.69157122087869
97.69157122087869
97.69157122087869
97.69157122087869
97.69157122087869
97.69157122087869
97.69157122087869
97.69157122087869
97.69157122087869
97.69157122087869
97.69157122087869
97.69157122087869
97.69157122087869
97.69157122087869
97.69157122087869
97.69157122087869
97.69157122087869
97.69157122087869
97.69157122087869
97.69157122087869
97.69157122087869
97.69157122087869
97.69157122087869
97.69157122087869
97.69157122087869
97.69157122087869
97.69157122087869
97.69157122087869
97.69157122087869
97.69157122087869
97.69157122087869
97.69157122087869
97.69157122087869
97.69157122087869
97.69157122087869
105.63455196624233
112.08822382185029
112.08822382185029
112.08822382185029
112.08822382185029
112.08822382185029
112.08822382185029
112.08822382185029
112.08822382185029
112.08822382185029
112.08822382185029
112.08822382185029
112.08822382185029
112.08822382185029
112.08822382185029
112.08822382185029
112.08822382185029
112.08822382185029
112.08822382185029
111.44994858338356
109.0032268359278
109.0032268359278
109.0032268359278
109.0032268359278
109.0032268359278
109.0032268359278
109.0032268359278
109.0032268359278
109.0032268359278
109.0032268359278
109.0032268359278
109.0032268359278
109.0032268359278
109.0032268359278
109.0032268359278
109.0032268359278
109.0032268359278
115.70511683982838
116.2015531364136
116.2015531364136
116.2015531364136
116.2015531364136
116.2015531364136
116.2015531364136
116.2015531364136
116.2015531364136
116.2015531364136
116.2015531364136
116.2015531364136
116.2015531364136
116.2015531364136
116.2015531364136
116.2015531364136
116.2015531364136
116.2015531364136
112.65557958937626
112.08822382185029
112.08822382185029
112.08822382185029
112.08822382185029
112.08822382185029
112.08822382185029
112.08822382185029
112.08822382185029
112.08822382185029
112.08822382185029
112.08822382185029
112.08822382185029
112.08822382185029
112.08822382185029
112.08822382185029
112.08822382185029
112.08822382185029
112.08822382185029
112.08822382185029
112.08822382185029
112.08822382185029
112.08822382185029
112.08822382185029
112.08822382185029
112.08822382185029
112.08822382185029
112.08822382185029
112.08822382185029
112.08822382185029
112.08822382185029
112.08822382185029
112.08822382185029
112.08822382185029
112.08822382185029
112.08822382185029
112.08822382185029
115.06684160136165
115.17322080777276
115.17322080777276
115.17322080777276
115.17322080777276
115.17322080777276
115.17322080777276
115.17322080777276
115.17322080777276
115.17322080777276
115.17322080777276
115.17322080777276
115.17322080777276
115.17322080777276
115.17322080777276
115.17322080777276
115.17322080777276
115.17322080777276
112.15914329279103
110.03155916456863
110.03155916456863
110.03155916456863
110.03155916456863
110.03155916456863
110.03155916456863
110.03155916456863
110.03155916456863
110.03155916456863
110.03155916456863
110.03155916456863
110.03155916456863
110.03155916456863
110.03155916456863
110.03155916456863
110.03155916456863
110.03155916456863
110.03155916456863
110.03155916456863
107.69121662352399
98.71990354951951
98.71990354951951
98.71990354951951
98.71990354951951
98.71990354951951
98.71990354951951
98.71990354951951
98.71990354951951
98.71990354951951
98.71990354951951
98.71990354951951
98.71990354951951
98.71990354951951
98.71990354951951
98.71990354951951
98.71990354951951
98.71990354951951
98.71990354951951
98.71990354951951
98.71990354951951
98.71990354951951
98.71990354951951
98.71990354951951
98.71990354951951
98.71990354951951
98.71990354951951
98.71990354951951
98.71990354951951
98.71990354951951
98.71990354951951
98.71990354951951
98.71990354951951
98.71990354951951
98.71990354951951
98.71990354951951
98.71990354951951
98.71990354951951
98.71990354951951
98.71990354951951
107.33661926882026
107.97489450728698
107.97489450728698
107.97489450728698
107.97489450728698
107.97489450728698
107.97489450728698
107.97489450728698
107.97489450728698
107.97489450728698
107.97489450728698
107.97489450728698
107.97489450728698
107.97489450728698
107.97489450728698
107.97489450728698
107.97489450728698
107.97489450728698
107.97489450728698
107.97489450728698
104.14524307648665
103.86156519272366
103.86156519272366
103.86156519272366
103.86156519272366
103.86156519272366
103.86156519272366
103.86156519272366
103.86156519272366
103.86156519272366
103.86156519272366
103.86156519272366
103.86156519272366
103.86156519272366
142.15807950072693
144.9948583383568
144.9948583383568
144.9948583383568
144.9948583383568
144.9948583383568
144.9948583383568
144.9948583383568
144.9948583383568
144.9948583383568
144.9948583383568
144.9948583383568
144.9948583383568
144.9948583383568
144.9948583383568
144.10836495159745
143.96652600971598
143.96652600971598
143.96652600971598
143.96652600971598
143.96652600971598
143.96652600971598
143.96652600971598
143.96652600971598
143.96652600971598
143.96652600971598
143.96652600971598
143.96652600971598
143.96652600971598
143.96652600971598
143.96652600971598
143.96652600971598
143.96652600971598
143.96652600971598
143.96652600971598
143.96652600971598
97.05329598241197
93.57824190631538
93.57824190631538
93.57824190631538
93.57824190631538
93.57824190631538
93.57824190631538
93.57824190631538
93.57824190631538
93.57824190631538
93.57824190631538
93.57824190631538
93.57824190631538
93.57824190631538
93.57824190631538
93.57824190631538
110.03155916456863
153.2215169674834
153.2215169674834
153.2215169674834
153.2215169674834
153.2215169674834
153.2215169674834
153.2215169674834
153.2215169674834
153.2215169674834
153.2215169674834
153.2215169674834
153.2215169674834
153.2215169674834
153.2215169674834
153.2215169674834
153.2215169674834
122.58430552108081
103.86156519272366
103.86156519272366
103.86156519272366
103.86156519272366
103.86156519272366
103.86156519272366
103.86156519272366
103.86156519272366
103.86156519272366
103.86156519272366
103.86156519272366
103.86156519272366
103.86156519272366
103.86156519272366
112.93925747313925
136.76819970923017
136.76819970923017
136.76819970923017
136.76819970923017
136.76819970923017
136.76819970923017
136.76819970923017
136.76819970923017
136.76819970923017
136.76819970923017
136.76819970923017
136.76819970923017
136.76819970923017
136.76819970923017
136.76819970923017
134.3214779617744
133.6832027233077
133.6832027233077
133.6832027233077
133.6832027233077
133.6832027233077
133.6832027233077
133.6832027233077
133.6832027233077
133.6832027233077
133.6832027233077
133.6832027233077
133.6832027233077
133.6832027233077
133.6832027233077
133.6832027233077
130.49182653097407
118.25821779369525
118.25821779369525
118.25821779369525
118.25821779369525
118.25821779369525
118.25821779369525
118.25821779369525
118.25821779369525
118.25821779369525
118.25821779369525
118.25821779369525
118.25821779369525
118.25821779369525
118.25821779369525
118.25821779369525
118.25821779369525
118.25821779369525
118.25821779369525
118.25821779369525
119.32200985780646
128.54154108010354
128.54154108010354
128.54154108010354
128.54154108010354
128.54154108010354
128.54154108010354
128.54154108010354
128.54154108010354
128.54154108010354
128.54154108010354
128.54154108010354
128.54154108010354
128.54154108010354
128.54154108010354
128.54154108010354
128.54154108010354
128.54154108010354
128.54154108010354
128.54154108010354
128.54154108010354
128.54154108010354
128.54154108010354
128.54154108010354
128.54154108010354
128.54154108010354
128.54154108010354
128.54154108010354
128.54154108010354
128.54154108010354
129.10889684762952
130.5982057373852
130.5982057373852
130.5982057373852
130.5982057373852
130.5982057373852
130.5982057373852
130.5982057373852
130.5982057373852
130.5982057373852
130.5982057373852
130.5982057373852
130.5982057373852
130.5982057373852
130.5982057373852
131.59107833055566
131.62653806602603
131.62653806602603
131.62653806602603
131.62653806602603
131.62653806602603
131.62653806602603
131.62653806602603
131.62653806602603
131.62653806602603
131.62653806602603
131.62653806602603
131.62653806602603
131.62653806602603
131.62653806602603
131.62653806602603
131.62653806602603
131.62653806602603
131.62653806602603
131.62653806602603
131.62653806602603
131.62653806602603
131.62653806602603
131.62653806602603
131.62653806602603
131.62653806602603
131.62653806602603
131.62653806602603
131.62653806602603
131.62653806602603
131.62653806602603
131.62653806602603
131.62653806602603
131.62653806602603
131.62653806602603
131.62653806602603
131.62653806602603
131.62653806602603
131.62653806602603
131.62653806602603
50.388284103400586
50.388284103400586
50.388284103400586
50.388284103400586
50.388284103400586
50.388284103400586
50.388284103400586
50.388284103400586
50.388284103400586
50.388284103400586
50.388284103400586
50.388284103400586
50.388284103400586
50.388284103400586
50.388284103400586
50.388284103400586
96.8759973050601
121.34321477961774
121.34321477961774
121.34321477961774
121.34321477961774
121.34321477961774
121.34321477961774
121.34321477961774
121.34321477961774
121.34321477961774
121.34321477961774
121.34321477961774
121.34321477961774
121.34321477961774
121.34321477961774
121.34321477961774
121.34321477961774
121.34321477961774
121.34321477961774
121.34321477961774
121.34321477961774
121.34321477961774
121.34321477961774
121.34321477961774
121.34321477961774
121.34321477961774
