67.5536291677773
67.5536291677773
67.5536291677773
67.5536291677773
67.5536291677773
67.5536291677773
67.5536291677773
69.11817539142628
70.57841853349866
70.57841853349866
70.57841853349866
70.57841853349866
70.57841853349866
70.57841853349866
70.57841853349866
70.57841853349866
70.57841853349866
70.57841853349866
72.03866167557105
73.60320789922004
73.60320789922004
73.60320789922004
73.60320789922004
73.60320789922004
73.60320789922004
73.60320789922004
73.60320789922004
73.60320789922004
73.60320789922004
73.60320789922004
76.75547880909059
77.63626038684853
77.63626038684853
77.63626038684853
77.63626038684853
77.63626038684853
77.63626038684853
77.63626038684853
77.63626038684853
77.63626038684853
77.63626038684853
77.63626038684853
76.73230034651802
74.61147102112716
74.61147102112716
74.61147102112716
74.61147102112716
74.61147102112716
74.61147102112716
74.61147102112716
74.61147102112716
74.61147102112716
74.61147102112716
74.61147102112716
74.61147102112716
78.27366810759442
78.64452350875565
78.64452350875565
78.64452350875565
78.64452350875565
78.64452350875565
78.64452350875565
78.64452350875565
78.64452350875565
78.64452350875565
78.64452350875565
78.64452350875565
78.64452350875565
78.64452350875565
78.64452350875565
78.64452350875565
78.64452350875565
78.64452350875565
78.64452350875565
78.64452350875565
78.64452350875565
78.64452350875565
78.64452350875565
77.69420654327998
76.62799726494141
76.62799726494141
76.62799726494141
76.62799726494141
76.62799726494141
76.62799726494141
76.62799726494141
76.62799726494141
76.62799726494141
76.62799726494141
76.62799726494141
76.62799726494141
77.63626038684853
77.63626038684853
77.63626038684853
77.63626038684853
77.63626038684853
77.63626038684853
77.63626038684853
77.63626038684853
77.63626038684853
77.63626038684853
77.63626038684853
77.63626038684853
77.31176191083244
75.6197341430343
75.6197341430343
75.6197341430343
75.6197341430343
75.6197341430343
75.6197341430343
75.6197341430343
75.6197341430343
75.6197341430343
75.6197341430343
75.6197341430343
75.6197341430343
75.78198338104232
77.63626038684853
77.63626038684853
77.63626038684853
77.63626038684853
77.63626038684853
77.63626038684853
77.63626038684853
77.63626038684853
77.63626038684853
77.63626038684853
77.63626038684853
77.63626038684853
77.63626038684853
76.94090650967121
76.62799726494141
76.62799726494141
76.62799726494141
76.62799726494141
76.62799726494141
76.62799726494141
76.62799726494141
76.62799726494141
76.62799726494141
76.62799726494141
76.62799726494141
76.62799726494141
77.6710280807074
78.64452350875565
78.64452350875565
78.64452350875565
78.64452350875565
78.64452350875565
78.64452350875565
78.64452350875565
78.64452350875565
78.64452350875565
78.64452350875565
78.64452350875565
78.64452350875565
79.3282881546467
79.65278663066279
79.65278663066279
79.65278663066279
79.65278663066279
79.65278663066279
79.65278663066279
79.65278663066279
79.65278663066279
79.65278663066279
78.65611274004195
77.63626038684853
77.63626038684853
77.63626038684853
77.63626038684853
77.63626038684853
77.63626038684853
77.63626038684853
77.63626038684853
77.63626038684853
77.63626038684853
77.63626038684853
76.72071111523172
76.62799726494141
76.62799726494141
76.62799726494141
76.62799726494141
76.62799726494141
76.62799726494141
76.62799726494141
76.62799726494141
76.62799726494141
76.62799726494141
76.62799726494141
76.62799726494141
76.62799726494141
76.62799726494141
76.62799726494141
76.62799726494141
76.62799726494141
76.62799726494141
76.62799726494141
76.62799726494141
76.62799726494141
76.62799726494141
76.62799726494141
76.62799726494141
78.62134504618308
78.64452350875565
78.64452350875565
78.64452350875565
78.64452350875565
78.64452350875565
78.64452350875565
78.64452350875565
78.64452350875565
78.64452350875565
78.64452350875565
78.64452350875565
78.64452350875565
78.64452350875565
78.64452350875565
78.64452350875565
78.64452350875565
78.64452350875565
78.64452350875565
78.64452350875565
78.64452350875565
78.64452350875565
78.64452350875565
78.64452350875565
78.64452350875565
78.64452350875565
78.64452350875565
78.64452350875565
78.64452350875565
78.64452350875565
78.64452350875565
78.64452350875565
78.64452350875565
78.64452350875565
78.64452350875565
78.64452350875565
78.64452350875565
78.64452350875565
78.64452350875565
78.64452350875565
78.64452350875565
78.64452350875565
78.64452350875565
78.64452350875565
78.64452350875565
78.64452350875565
78.64452350875565
78.13459733215895
76.62799726494141
76.62799726494141
76.62799726494141
76.62799726494141
76.62799726494141
76.62799726494141
76.62799726494141
76.62799726494141
76.62799726494141
76.62799726494141
76.62799726494141
76.62799726494141
76.62799726494141
74.43763255183283
73.60320789922004
73.60320789922004
73.60320789922004
73.60320789922004
73.60320789922004
73.60320789922004
73.60320789922004
73.60320789922004
73.60320789922004
73.60320789922004
73.60320789922004
73.60320789922004
73.60320789922004
73.60320789922004
73.60320789922004
73.60320789922004
73.60320789922004
73.60320789922004
73.60320789922004
73.60320789922004
73.60320789922004
73.60320789922004
73.60320789922004
73.60320789922004
73.85817098751839
75.6197341430343
75.6197341430343
75.6197341430343
75.6197341430343
75.6197341430343
75.6197341430343
75.6197341430343
75.6197341430343
75.6197341430343
75.6197341430343
75.6197341430343
75.6197341430343
78.72564812775968
79.65278663066279
79.65278663066279
79.65278663066279
79.65278663066279
79.65278663066279
79.65278663066279
79.65278663066279
79.65278663066279
79.65278663066279
79.65278663066279
80.5567466709933
82.67757599638415
82.67757599638415
82.67757599638415
82.67757599638415
82.67757599638415
82.67757599638415
82.67757599638415
82.67757599638415
82.67757599638415
82.67757599638415
82.67757599638415
83.67424988700499
84.6941022401984
84.6941022401984
84.6941022401984
84.6941022401984
84.6941022401984
84.6941022401984
84.6941022401984
84.6941022401984
84.6941022401984
84.6941022401984
84.71728070277098
85.70236536210552
85.70236536210552
85.70236536210552
85.70236536210552
85.70236536210552
85.70236536210552
85.70236536210552
85.70236536210552
85.70236536210552
85.70236536210552
85.0070114849282
82.67757599638415
82.67757599638415
82.67757599638415
82.67757599638415
82.67757599638415
82.67757599638415
82.67757599638415
82.67757599638415
82.67757599638415
82.67757599638415
82.46896983323096
80.66104975256991
80.66104975256991
80.66104975256991
80.66104975256991
80.66104975256991
80.66104975256991
80.66104975256991
80.66104975256991
80.66104975256991
80.66104975256991
80.34814050784011
79.65278663066279
79.65278663066279
79.65278663066279
79.65278663066279
79.65278663066279
79.65278663066279
79.65278663066279
79.65278663066279
79.65278663066279
79.65278663066279
79.82662509995711
82.67757599638415
82.67757599638415
82.67757599638415
82.67757599638415
82.67757599638415
82.67757599638415
82.67757599638415
82.67757599638415
82.67757599638415
82.67757599638415
82.60804060866643
80.66104975256991
80.66104975256991
80.66104975256991
80.66104975256991
80.66104975256991
80.66104975256991
80.66104975256991
80.66104975256991
80.66104975256991
80.66104975256991
80.66104975256991
84.6941022401984
84.6941022401984
84.6941022401984
84.6941022401984
84.6941022401984
84.6941022401984
84.6941022401984
84.6941022401984
84.6941022401984
84.6941022401984
84.6941022401984
84.6941022401984
84.6941022401984
84.6941022401984
84.6941022401984
84.6941022401984
84.6941022401984
84.6941022401984
84.6941022401984
84.6941022401984
84.6941022401984
84.6941022401984
84.6941022401984
84.6941022401984
84.6941022401984
81.44911748003754
80.66104975256991
80.66104975256991
80.66104975256991
80.66104975256991
80.66104975256991
80.66104975256991
80.66104975256991
80.66104975256991
80.66104975256991
80.66104975256991
80.66104975256991
80.66104975256991
79.68755432452164
79.65278663066279
79.65278663066279
79.65278663066279
79.65278663066279
79.65278663066279
79.65278663066279
79.65278663066279
79.65278663066279
79.65278663066279
79.65278663066279
79.65278663066279
79.54848354908619
76.62799726494141
76.62799726494141
76.62799726494141
76.62799726494141
76.62799726494141
76.62799726494141
76.62799726494141
76.62799726494141
76.62799726494141
76.62799726494141
76.62799726494141
76.62799726494141
76.62799726494141
76.62799726494141
76.62799726494141
76.62799726494141
76.62799726494141
76.62799726494141
76.62799726494141
76.62799726494141
76.62799726494141
76.62799726494141
76.62799726494141
76.62799726494141
76.62799726494141
76.62799726494141
75.30682489830448
74.61147102112716
74.61147102112716
74.61147102112716
74.61147102112716
74.61147102112716
74.61147102112716
74.61147102112716
74.61147102112716
74.61147102112716
74.61147102112716
74.61147102112716
74.61147102112716
74.61147102112716
74.61147102112716
74.61147102112716
74.61147102112716
74.61147102112716
74.61147102112716
74.61147102112716
74.61147102112716
74.61147102112716
74.61147102112716
74.61147102112716
74.79689872170778
75.6197341430343
75.6197341430343
75.6197341430343
75.6197341430343
75.6197341430343
75.6197341430343
75.6197341430343
75.6197341430343
75.6197341430343
75.6197341430343
75.6197341430343
75.6197341430343
75.6197341430343
75.6197341430343
75.6197341430343
75.6197341430343
75.6197341430343
75.6197341430343
75.6197341430343
75.6197341430343
75.6197341430343
75.6197341430343
75.6197341430343
75.6197341430343
75.27205720444563
74.61147102112716
74.61147102112716
74.61147102112716
74.61147102112716
74.61147102112716
74.61147102112716
74.61147102112716
74.61147102112716
74.61147102112716
74.61147102112716
75.86310800004635
78.64452350875565
78.64452350875565
78.64452350875565
78.64452350875565
78.64452350875565
78.64452350875565
78.64452350875565
78.64452350875565
78.64452350875565
78.64452350875565
78.64452350875565
78.64452350875565
78.64452350875565
78.64452350875565
78.64452350875565
78.64452350875565
78.64452350875565
78.64452350875565
78.64452350875565
78.64452350875565
78.64452350875565
78.64452350875565
78.64452350875565
78.52863119589277
77.63626038684853
77.63626038684853
77.63626038684853
77.63626038684853
77.63626038684853
77.63626038684853
77.63626038684853
77.63626038684853
77.63626038684853
77.63626038684853
77.82168808742915
79.65278663066279
79.65278663066279
79.65278663066279
79.65278663066279
79.65278663066279
79.65278663066279
79.65278663066279
79.65278663066279
79.65278663066279
79.65278663066279
79.65278663066279
79.65278663066279
78.70246966518711
78.64452350875565
78.64452350875565
78.64452350875565
78.64452350875565
78.64452350875565
78.64452350875565
78.64452350875565
78.64452350875565
78.64452350875565
78.64452350875565
78.64452350875565
78.25048964502184
77.63626038684853
77.63626038684853
77.63626038684853
77.63626038684853
77.63626038684853
77.63626038684853
77.63626038684853
77.63626038684853
77.63626038684853
76.98726343481637
76.62799726494141
76.62799726494141
76.62799726494141
76.62799726494141
76.62799726494141
76.62799726494141
76.62799726494141
76.62799726494141
76.62799726494141
76.62799726494141
76.62799726494141
76.62799726494141
76.62799726494141
74.2637940825385
72.59494477731292
72.59494477731292
72.59494477731292
72.59494477731292
72.59494477731292
72.59494477731292
72.59494477731292
72.59494477731292
72.59494477731292
72.59494477731292
72.59494477731292
75.74721568718347
76.62799726494141
76.62799726494141
76.62799726494141
76.62799726494141
76.62799726494141
76.62799726494141
76.62799726494141
76.62799726494141
76.62799726494141
76.62799726494141
76.55846187722368
75.6197341430343
75.6197341430343
75.6197341430343
75.6197341430343
75.6197341430343
75.6197341430343
75.6197341430343
75.6197341430343
75.6197341430343
75.6197341430343
75.6197341430343
74.71577410270376
74.61147102112716
74.61147102112716
74.61147102112716
74.61147102112716
74.61147102112716
74.61147102112716
74.61147102112716
74.61147102112716
74.61147102112716
74.61147102112716
74.61147102112716
75.5038418301714
75.6197341430343
75.6197341430343
75.6197341430343
75.6197341430343
75.6197341430343
75.6197341430343
75.6197341430343
75.6197341430343
75.6197341430343
75.6197341430343
75.6197341430343
75.6197341430343
75.6197341430343
75.6197341430343
75.6197341430343
75.6197341430343
75.6197341430343
75.6197341430343
75.6197341430343
75.6197341430343
75.6197341430343
75.49225259888512
74.61147102112716
74.61147102112716
74.61147102112716
74.61147102112716
74.61147102112716
74.61147102112716
74.61147102112716
74.61147102112716
74.61147102112716
74.61147102112716
74.61147102112716
74.79689872170778
75.6197341430343
75.6197341430343
75.6197341430343
75.6197341430343
75.6197341430343
75.6197341430343
75.6197341430343
75.6197341430343
75.6197341430343
75.6197341430343
75.6197341430343
75.80516184361491
76.62799726494141
76.62799726494141
76.62799726494141
76.62799726494141
76.62799726494141
76.62799726494141
76.62799726494141
76.62799726494141
76.62799726494141
76.62799726494141
76.62799726494141
78.74882659033226
79.65278663066279
79.65278663066279
79.65278663066279
79.65278663066279
79.65278663066279
79.65278663066279
79.65278663066279
79.65278663066279
79.65278663066279
79.65278663066279
79.65278663066279
80.33655127655382
80.66104975256991
80.66104975256991
80.66104975256991
80.66104975256991
80.66104975256991
80.66104975256991
80.66104975256991
80.66104975256991
80.66104975256991
80.66104975256991
80.66104975256991
80.66104975256991
78.94584352219917
78.64452350875565
78.64452350875565
78.64452350875565
78.64452350875565
78.64452350875565
78.64452350875565
78.64452350875565
78.64452350875565
78.64452350875565
78.64452350875565
77.5667249991308
75.6197341430343
75.6197341430343
75.6197341430343
75.6197341430343
75.6197341430343
75.6197341430343
75.6197341430343
75.6197341430343
75.6197341430343
75.6197341430343
75.6197341430343
75.6197341430343
76.0253572380544
76.62799726494141
76.62799726494141
76.62799726494141
76.62799726494141
76.62799726494141
76.62799726494141
76.62799726494141
76.62799726494141
76.62799726494141
76.62799726494141
76.62799726494141
76.76706804037687
77.63626038684853
77.63626038684853
77.63626038684853
77.63626038684853
77.63626038684853
77.63626038684853
77.63626038684853
77.63626038684853
77.63626038684853
77.63626038684853
77.63626038684853
77.71738500585256
78.64452350875565
78.64452350875565
78.64452350875565
78.64452350875565
78.64452350875565
78.64452350875565
78.64452350875565
78.64452350875565
78.64452350875565
78.64452350875565
78.64452350875565
78.64452350875565
78.64452350875565
78.64452350875565
78.64452350875565
78.64452350875565
78.64452350875565
78.64452350875565
78.64452350875565
78.64452350875565
78.64452350875565
78.64452350875565
76.17601724477615
75.6197341430343
75.6197341430343
75.6197341430343
75.6197341430343
75.6197341430343
75.6197341430343
75.6197341430343
75.6197341430343
75.6197341430343
75.6197341430343
75.6197341430343
75.51543106145769
74.61147102112716
74.61147102112716
74.61147102112716
74.61147102112716
74.61147102112716
74.61147102112716
74.61147102112716
74.61147102112716
74.61147102112716
74.61147102112716
74.61147102112716
75.36477105473594
75.6197341430343
75.6197341430343
75.6197341430343
75.6197341430343
75.6197341430343
75.6197341430343
75.6197341430343
75.6197341430343
75.6197341430343
75.6197341430343
75.6197341430343
72.42110630801858
71.5866816554058
71.5866816554058
71.5866816554058
71.5866816554058
71.5866816554058
71.5866816554058
71.5866816554058
71.5866816554058
71.5866816554058
71.5866816554058
71.5866816554058
72.24726783872426
72.59494477731292
72.59494477731292
72.59494477731292
72.59494477731292
72.59494477731292
72.59494477731292
72.59494477731292
72.59494477731292
72.59494477731292
72.59494477731292
72.59494477731292
72.59494477731292
72.59494477731292
72.59494477731292
72.59494477731292
72.59494477731292
72.59494477731292
72.59494477731292
72.59494477731292
72.59494477731292
72.59494477731292
72.59494477731292
72.68765862760323
76.62799726494141
76.62799726494141
76.62799726494141
76.62799726494141
76.62799726494141
76.62799726494141
76.62799726494141
76.62799726494141
76.62799726494141
76.62799726494141
76.62799726494141
76.62799726494141
76.62799726494141
76.62799726494141
76.62799726494141
76.62799726494141
76.62799726494141
76.62799726494141
76.62799726494141
76.62799726494141
76.62799726494141
76.62799726494141
76.62799726494141
76.62799726494141
80.42926512684413
80.66104975256991
80.66104975256991
80.66104975256991
80.66104975256991
80.66104975256991
80.66104975256991
80.66104975256991
80.66104975256991
80.66104975256991
80.66104975256991
80.66104975256991
80.66104975256991
80.66104975256991
80.66104975256991
80.66104975256991
80.66104975256991
80.66104975256991
80.66104975256991
80.66104975256991
80.66104975256991
80.66104975256991
80.66104975256991
81.53024209904156
81.66931287447703
81.66931287447703
81.66931287447703
81.66931287447703
81.66931287447703
81.66931287447703
81.66931287447703
81.66931287447703
81.66931287447703
81.66931287447703
81.66931287447703
82.61962983995271
82.67757599638415
82.67757599638415
82.67757599638415
82.67757599638415
82.67757599638415
82.67757599638415
82.67757599638415
82.67757599638415
82.67757599638415
82.67757599638415
82.67757599638415
88.36788855795194
91.75194409354827
91.75194409354827
91.75194409354827
91.75194409354827
91.75194409354827
91.75194409354827
91.75194409354827
91.75194409354827
91.75194409354827
91.75194409354827
91.75194409354827
