0.02317846257257756
0.9503169654756799
1.0082631219071239
1.0082631219071239
1.0082631219071239
1.0082631219071239
1.0082631219071239
1.0082631219071239
1.7383846929433169
2.0165262438142477
2.317846257257756
4.705227902233244
6.976717234345846
8.054515743970702
7.057841853349867
6.814467996337802
6.049578731442743
5.690312561567791
3.8708032496204523
3.3840555355963238
3.743321705471276
2.329435488544045
2.0165262438142477
2.0628831689594027
4.0909986440599395
7.625714186378017
9.642240430192265
10.082631219071239
10.975002028115474
11.090894340978362
11.090894340978362
11.090894340978362
11.090894340978362
11.090894340978362
11.090894340978362
11.090894340978362
11.090894340978362
11.090894340978362
11.090894340978362
11.090894340978362
11.090894340978362
11.090894340978362
11.090894340978362
11.090894340978362
11.090894340978362
11.090894340978362
11.090894340978362
11.090894340978362
11.090894340978362
11.090894340978362
11.090894340978362
11.090894340978362
11.090894340978362
11.090894340978362
10.650503552099389
10.082631219071239
10.082631219071239
10.268058919651859
11.090894340978362
11.090894340978362
11.090894340978362
11.090894340978362
11.090894340978362
11.090894340978362
11.090894340978362
11.090894340978362
11.090894340978362
11.090894340978362
11.090894340978362
11.090894340978362
11.090894340978362
11.090894340978362
11.090894340978362
11.090894340978362
11.090894340978362
11.090894340978362
11.090894340978362
11.090894340978362
11.090894340978362
11.090894340978362
11.090894340978362
11.090894340978362
11.090894340978362
11.090894340978362
11.090894340978362
11.090894340978362
11.090894340978362
11.090894340978362
11.090894340978362
11.090894340978362
11.090894340978362
11.090894340978362
11.090894340978362
11.090894340978362
11.090894340978362
11.090894340978362
11.090894340978362
11.090894340978362
11.090894340978362
11.090894340978362
11.090894340978362
11.090894340978362
11.090894340978362
11.090894340978362
11.090894340978362
11.090894340978362
11.090894340978362
11.090894340978362
11.044537415833206
10.92864510297032
10.870698946538875
10.453486620232479
10.082631219071239
10.082631219071239
10.082631219071239
10.082631219071239
10.082631219071239
10.082631219071239
10.082631219071239
10.082631219071239
10.082631219071239
10.082631219071239
10.082631219071239
10.082631219071239
10.082631219071239
10.082631219071239
10.082631219071239
10.082631219071239
10.082631219071239
10.082631219071239
10.082631219071239
10.082631219071239
10.082631219071239
10.082631219071239
10.082631219071239
10.082631219071239
10.082631219071239
10.082631219071239
10.082631219071239
10.082631219071239
10.082631219071239
10.082631219071239
10.082631219071239
10.082631219071239
10.082631219071239
10.082631219071239
10.082631219071239
10.082631219071239
10.082631219071239
10.082631219071239
10.082631219071239
10.082631219071239
10.082631219071239
10.082631219071239
10.082631219071239
10.082631219071239
10.082631219071239
10.082631219071239
10.082631219071239
10.082631219071239
10.082631219071239
10.082631219071239
10.082631219071239
10.082631219071239
10.082631219071239
10.082631219071239
10.082631219071239
10.082631219071239
10.082631219071239
10.082631219071239
10.082631219071239
10.082631219071239
10.082631219071239
10.082631219071239
10.082631219071239
10.082631219071239
10.082631219071239
10.082631219071239
10.082631219071239
10.082631219071239
10.082631219071239
10.082631219071239
10.082631219071239
10.082631219071239
10.082631219071239
10.082631219071239
10.082631219071239
10.082631219071239
10.082631219071239
10.082631219071239
10.082631219071239
10.082631219071239
10.082631219071239
10.082631219071239
10.082631219071239
10.198523531934127
11.090894340978362
11.090894340978362
11.090894340978362
11.032948184546918
10.511432776663924
10.082631219071239
10.082631219071239
9.58429427376082
5.713491024140368
5.284689466547683
4.473443276507469
3.0247893657213716
3.7549109367575646
4.809530983809844
5.041315609535619
5.041315609535619
5.041315609535619
5.041315609535619
5.041315609535619
5.041315609535619
5.041315609535619
5.041315609535619
5.041315609535619
5.041315609535619
5.041315609535619
5.041315609535619
4.392318657503448
4.033052487628495
4.033052487628495
4.033052487628495
4.033052487628495
4.033052487628495
4.033052487628495
4.033052487628495
3.615840161322099
3.0247893657213716
3.0247893657213716
3.0247893657213716
3.0247893657213716
3.0247893657213716
3.6737863177535433
4.033052487628495
5.145618691112218
6.049578731442743
6.049578731442743
6.049578731442743
6.304541819741096
7.057841853349867
7.057841853349867
7.057841853349867
7.475054179656263
8.06610497525699
8.06610497525699
8.06610497525699
8.06610497525699
8.06610497525699
8.06610497525699
7.475054179656263
7.057841853349867
7.405518791938531
8.06610497525699
8.06610497525699
8.06610497525699
8.06610497525699
8.06610497525699
8.06610497525699
8.06610497525699
8.06610497525699
8.06610497525699
8.06610497525699
8.06610497525699
8.06610497525699
8.06610497525699
8.06610497525699
8.06610497525699
8.06610497525699
8.06610497525699
8.06610497525699
8.06610497525699
8.06610497525699
8.06610497525699
8.06610497525699
8.06610497525699
8.06610497525699
8.06610497525699
8.06610497525699
8.06610497525699
8.239943444551322
9.074368097164115
9.074368097164115
9.074368097164115
9.074368097164115
9.074368097164115
9.074368097164115
9.074368097164115
9.074368097164115
9.074368097164115
9.074368097164115
9.074368097164115
9.074368097164115
8.564441920567408
7.069431084636156
5.446938704555726
5.041315609535619
5.041315609535619
5.041315609535619
5.041315609535619
5.041315609535619
5.041315609535619
5.041315609535619
5.041315609535619
5.041315609535619
5.041315609535619
5.041315609535619
5.041315609535619
5.041315609535619
5.041315609535619
5.041315609535619
5.041315609535619
5.041315609535619
5.354224854265416
6.976717234345846
8.06610497525699
8.06610497525699
8.06610497525699
8.06610497525699
8.06610497525699
8.06610497525699
8.06610497525699
8.06610497525699
8.06610497525699
8.06610497525699
8.06610497525699
8.06610497525699
8.06610497525699
8.06610497525699
8.06610497525699
8.06610497525699
8.205175750692456
9.074368097164115
9.074368097164115
9.074368097164115
9.074368097164115
9.074368097164115
9.074368097164115
9.074368097164115
8.912118859156072
8.06610497525699
7.741606499240905
6.466791057749139
6.049578731442743
5.713491024140368
4.6704602083743785
5.50488486098717
7.822731118244926
8.958475784301227
6.571094139325738
3.8012678619027196
3.0247893657213716
3.0247893657213716
3.7780893993301423
4.033052487628495
4.033052487628495
4.033052487628495
4.033052487628495
3.8592140183341637
3.0247893657213716
3.0247893657213716
3.0247893657213716
3.0247893657213716
3.0247893657213716
3.523126311031789
4.033052487628495
4.2764263446405595
5.70190179285408
6.049578731442743
5.31945716040655
6.629040295757182
8.877351165297204
7.301215710361931
4.403907888789736
3.7201432428986982
5.365814085551705
6.049578731442743
6.049578731442743
6.049578731442743
6.049578731442743
6.049578731442743
6.049578731442743
7.046252622063578
8.715101927289162
9.074368097164115
8.494906532849676
7.417108023224819
7.405518791938531
8.668745002144007
9.074368097164115
9.074368097164115
8.448549607704521
7.648892648950595
7.057841853349867
7.057841853349867
7.057841853349867
6.744932608620069
6.049578731442743
6.049578731442743
6.049578731442743
6.049578731442743
5.840972568289545
5.041315609535619
5.041315609535619
5.910507956007278
6.049578731442743
5.840972568289545
5.041315609535619
5.041315609535619
5.041315609535619
4.589335589370357
4.033052487628495
4.033052487628495
4.033052487628495
4.033052487628495
4.033052487628495
4.033052487628495
4.033052487628495
4.033052487628495
4.033052487628495
4.033052487628495
4.033052487628495
4.033052487628495
4.033052487628495
4.033052487628495
4.033052487628495
4.033052487628495
4.033052487628495
4.033052487628495
4.033052487628495
4.6472817458018
5.041315609535619
5.806204874430678
6.049578731442743
6.049578731442743
6.049578731442743
6.304541819741096
7.057841853349867
7.057841853349867
7.057841853349867
7.057841853349867
7.057841853349867
7.057841853349867
7.057841853349867
7.057841853349867
7.057841853349867
7.057841853349867
6.327720282313674
6.049578731442743
6.049578731442743
6.049578731442743
6.049578731442743
6.049578731442743
6.049578731442743
6.049578731442743
6.049578731442743
6.339309513599963
7.057841853349867
7.057841853349867
7.057841853349867
7.892266505962659
8.06610497525699
8.06610497525699
8.06610497525699
8.06610497525699
8.06610497525699
8.06610497525699
8.06610497525699
8.06610497525699
7.22009109135791
7.057841853349867
7.057841853349867
6.246595663309653
6.049578731442743
6.049578731442743
6.049578731442743
6.489969520321717
6.640629527043471
6.049578731442743
6.049578731442743
6.049578731442743
6.049578731442743
6.049578731442743
6.744932608620069
7.057841853349867
7.057841853349867
7.382340329365952
8.06610497525699
8.008158818825546
7.057841853349867
6.605861833184604
5.122440228539641
5.041315609535619
6.791289533765225
9.201849641313292
10.082631219071239
10.082631219071239
10.082631219071239
10.082631219071239
10.082631219071239
10.082631219071239
10.082631219071239
10.082631219071239
10.082631219071239
10.082631219071239
10.082631219071239
10.082631219071239
10.082631219071239
10.082631219071239
10.082631219071239
10.082631219071239
10.082631219071239
10.082631219071239
10.082631219071239
10.082631219071239
10.082631219071239
10.082631219071239
10.082631219071239
10.082631219071239
10.082631219071239
10.082631219071239
10.082631219071239
10.082631219071239
10.082631219071239
10.082631219071239
10.082631219071239
10.082631219071239
10.082631219071239
10.082631219071239
10.082631219071239
10.082631219071239
10.082631219071239
10.082631219071239
10.082631219071239
9.514758886043088
9.074368097164115
9.074368097164115
9.074368097164115
9.074368097164115
9.074368097164115
9.074368097164115
9.074368097164115
9.074368097164115
9.074368097164115
9.074368097164115
9.074368097164115
9.074368097164115
9.074368097164115
9.074368097164115
9.074368097164115
9.074368097164115
9.074368097164115
10.07104198778495
10.082631219071239
10.082631219071239
10.082631219071239
10.082631219071239
10.082631219071239
10.082631219071239
9.549526579901954
9.074368097164115
9.074368097164115
9.074368097164115
9.074368097164115
9.074368097164115
9.074368097164115
9.074368097164115
9.074368097164115
9.074368097164115
9.074368097164115
9.074368097164115
9.074368097164115
9.074368097164115
9.074368097164115
9.074368097164115
9.074368097164115
9.074368097164115
9.074368097164115
9.074368097164115
9.074368097164115
9.074368097164115
9.074368097164115
9.074368097164115
9.074368097164115
9.074368097164115
9.074368097164115
9.074368097164115
9.074368097164115
9.074368097164115
9.074368097164115
9.074368097164115
9.074368097164115
9.074368097164115
9.074368097164115
8.610798845712564
8.06610497525699
8.06610497525699
8.06610497525699
8.031337281398125
7.057841853349867
7.057841853349867
7.208501860071621
8.06610497525699
7.961801893680391
7.057841853349867
7.057841853349867
7.057841853349867
8.042926512684414
7.961801893680391
7.057841853349867
6.200238738164497
5.562831017418614
5.041315609535619
4.809530983809844
3.3840555355963238
3.0247893657213716
3.0247893657213716
4.033052487628495
4.033052487628495
4.2764263446405595
5.922097187293566
3.2449847601608584
0.6721754146047492
0.9039600403305248
1.0082631219071239
1.0082631219071239
2.364203182402911
6.432023363890273
8.958475784301227
8.390603451273076
4.994958684390464
2.723469352277863
2.7466478148504407
3.0247893657213716
3.0247893657213716
3.9635170999107627
3.1406816785842593
3.0247893657213716
3.0247893657213716
3.0247893657213716
3.0247893657213716
3.0247893657213716
3.0247893657213716
3.0247893657213716
3.0247893657213716
3.0247893657213716
3.0247893657213716
3.0247893657213716
3.0247893657213716
3.256573991447147
3.314520147878591
3.0247893657213716
3.0247893657213716
3.0247893657213716
3.105913984725393
4.033052487628495
4.033052487628495
3.360877073023746
3.7780893993301423
4.033052487628495
4.033052487628495
4.033052487628495
3.7085540116124096
3.0247893657213716
3.0247893657213716
3.0247893657213716
3.0247893657213716
3.0247893657213716
3.0247893657213716
3.0247893657213716
3.0247893657213716
3.9171601747656077
4.033052487628495
4.033052487628495
4.033052487628495
4.033052487628495
4.033052487628495
4.033052487628495
4.033052487628495
4.033052487628495
4.600924820656646
5.041315609535619
5.041315609535619
5.446938704555726
6.049578731442743
6.049578731442743
6.049578731442743
6.049578731442743
5.203564847543662
5.041315609535619
5.041315609535619
5.933686418579855
6.049578731442743
6.049578731442743
6.188649506878209
6.061167962729032
6.049578731442743
6.049578731442743
6.049578731442743
6.686986452188626
7.057841853349867
7.567768029946573
8.970065015587515
9.074368097164115
9.074368097164115
9.074368097164115
9.074368097164115
9.074368097164115
9.074368097164115
9.074368097164115
9.074368097164115
9.074368097164115
9.074368097164115
9.074368097164115
9.074368097164115
9.074368097164115
9.074368097164115
9.074368097164115
9.074368097164115
9.074368097164115
9.074368097164115
9.074368097164115
9.074368097164115
9.074368097164115
9.074368097164115
9.074368097164115
9.074368097164115
9.074368097164115
9.074368097164115
9.074368097164115
9.074368097164115
9.074368097164115
9.074368097164115
9.074368097164115
9.074368097164115
9.074368097164115
9.074368097164115
9.074368097164115
9.074368097164115
9.074368097164115
9.074368097164115
9.074368097164115
9.074368097164115
9.074368097164115
9.074368097164115
9.074368097164115
9.074368097164115
9.074368097164115
9.074368097164115
9.074368097164115
9.074368097164115
9.074368097164115
9.074368097164115
9.074368097164115
9.074368097164115
9.074368097164115
9.074368097164115
9.074368097164115
9.074368097164115
8.865761934010916
5.5512417861323256
1.8774554683787823
1.0082631219071239
1.0082631219071239
1.0082631219071239
1.0082631219071239
1.0082631219071239
1.842687774519916
2.0165262438142477
2.0165262438142477
2.0165262438142477
2.0165262438142477
2.8161832025681734
3.0247893657213716
3.0247893657213716
3.0247893657213716
3.0247893657213716
3.3492878417374574
5.215154078829951
7.822731118244926
9.074368097164115
9.074368097164115
9.074368097164115
9.074368097164115
9.074368097164115
9.074368097164115
9.074368097164115
9.074368097164115
9.074368097164115
9.074368097164115
9.074368097164115
9.074368097164115
9.074368097164115
9.074368097164115
9.074368097164115
9.074368097164115
9.074368097164115
9.074368097164115
9.074368097164115
9.074368097164115
9.074368097164115
9.074368097164115
9.074368097164115
9.074368097164115
9.074368097164115
9.074368097164115
9.074368097164115
9.074368097164115
9.074368097164115
8.100872669115857
8.43696037641823
9.074368097164115
9.074368097164115
9.074368097164115
9.074368097164115
9.074368097164115
9.074368097164115
9.074368097164115
9.074368097164115
9.074368097164115
9.074368097164115
9.074368097164115
9.074368097164115
9.074368097164115
9.074368097164115
8.239943444551322
4.195301725636538
2.422149338834355
3.488358617172923
7.023074159491
9.074368097164115
7.811141886958637
6.235006432023363
6.049578731442743
6.049578731442743
6.049578731442743
6.049578731442743
6.061167962729032
6.049578731442743
6.049578731442743
6.049578731442743
5.076083303394485
4.925423296672731
2.735058583564152
1.0082631219071239
1.0082631219071239
0.8460138838990809
0.0
0.0
0.7069431084636155
1.0082631219071239
3.302930916592302
7.289626479075642
8.970065015587515
9.074368097164115
9.074368097164115
9.074368097164115
9.074368097164115
9.074368097164115
9.074368097164115
9.074368097164115
9.074368097164115
9.074368097164115
9.074368097164115
9.074368097164115
9.074368097164115
9.074368097164115
9.074368097164115
9.074368097164115
9.074368097164115
9.074368097164115
8.06610497525699
8.842583471438338
8.100872669115857
8.06610497525699
6.524737214180583
5.041315609535619
6.327720282313674
7.057841853349867
7.057841853349867
7.057841853349867
6.489969520321717
6.3161310510273845
5.284689466547683
6.16547104430563
7.486643410942552
8.06610497525699
8.06610497525699
8.06610497525699
7.278037247789354
6.327720282313674
7.057841853349867
4.2764263446405595
2.8161832025681734
2.885718590285906
0.38244463244752974
0.0
0.0
0.0
0.0
0.41721232630639604
4.311194038499426
5.933686418579855
4.148944800491383
4.137355569205094
7.034663390777289
8.854172702724627
8.309478832269056
8.06610497525699
7.4402864857973965
7.057841853349867
7.057841853349867
7.057841853349867
7.057841853349867
7.057841853349867
6.501558751608005
7.034663390777289
7.057841853349867
7.057841853349867
7.057841853349867
7.057841853349867
7.057841853349867
7.057841853349867
6.385666438745117
2.364203182402911
0.37085540116124094
0.7069431084636155
1.0082631219071239
1.0082631219071239
1.0082631219071239
1.0082631219071239
1.0082631219071239
1.0082631219071239
1.0082631219071239
1.0082631219071239
1.0082631219071239
1.0082631219071239
1.0082631219071239
1.0082631219071239
1.0082631219071239
1.0082631219071239
1.0082631219071239
1.0082631219071239
1.0082631219071239
1.0082631219071239
1.0082631219071239
1.0082631219071239
1.0082631219071239
1.0082631219071239
1.0082631219071239
1.0082631219071239
1.0082631219071239
1.0082631219071239
1.0082631219071239
1.0082631219071239
1.0082631219071239
1.0082631219071239
1.0082631219071239
1.0082631219071239
1.0082631219071239
1.8542770058062048
2.6075770394149753
3.0247893657213716
3.407233998168901
5.910507956007278
7.78796342438606
8.993243478160093
9.074368097164115
9.074368097164115
9.074368097164115
9.074368097164115
9.074368097164115
8.703512696002873
8.06610497525699
8.06610497525699
8.06610497525699
8.06610497525699
