70.28994602736287
70.28994602736287
70.28994602736287
70.28994602736287
70.28994602736287
70.28994602736287
70.28994602736287
70.28994602736287
70.28994602736287
70.28994602736287
70.28994602736287
70.28994602736287
70.28994602736287
70.28994602736287
70.28994602736287
70.28994602736287
70.28994602736287
70.28994602736287
70.28994602736287
70.28994602736287
70.28994602736287
70.28994602736287
70.28994602736287
70.28994602736287
70.28994602736287
70.28994602736287
70.28994602736287
70.28994602736287
70.28994602736287
70.28994602736287
70.28994602736287
70.28994602736287
70.28994602736287
70.28994602736287
70.28994602736287
70.28994602736287
70.28994602736287
70.28994602736287
70.28994602736287
70.28994602736287
72.67478348186269
73.30237228567843
73.30237228567843
73.30237228567843
73.30237228567843
73.30237228567843
73.30237228567843
73.30237228567843
73.30237228567843
73.30237228567843
73.30237228567843
73.30237228567843
73.30237228567843
73.30237228567843
73.30237228567843
73.30237228567843
73.30237228567843
73.30237228567843
73.30237228567843
73.30237228567843
73.30237228567843
73.30237228567843
73.30237228567843
73.30237228567843
73.30237228567843
73.30237228567843
73.30237228567843
73.30237228567843
73.30237228567843
73.30237228567843
73.30237228567843
73.30237228567843
73.30237228567843
73.30237228567843
73.30237228567843
73.30237228567843
73.30237228567843
73.30237228567843
73.30237228567843
73.30237228567843
73.30237228567843
73.30237228567843
73.30237228567843
75.05962093636249
76.31479854399397
76.31479854399397
76.31479854399397
76.31479854399397
76.31479854399397
76.31479854399397
76.31479854399397
76.31479854399397
76.31479854399397
76.31479854399397
76.31479854399397
76.31479854399397
76.31479854399397
76.31479854399397
76.31479854399397
76.31479854399397
76.31479854399397
76.31479854399397
76.31479854399397
76.31479854399397
76.31479854399397
76.31479854399397
76.31479854399397
76.31479854399397
76.31479854399397
76.31479854399397
76.31479854399397
76.31479854399397
76.31479854399397
76.31479854399397
76.31479854399397
76.31479854399397
76.31479854399397
76.31479854399397
76.31479854399397
76.31479854399397
76.31479854399397
76.31479854399397
76.31479854399397
76.31479854399397
76.31479854399397
76.31479854399397
76.31479854399397
78.32308271620434
78.32308271620434
78.32308271620434
78.32308271620434
78.32308271620434
78.32308271620434
78.32308271620434
78.32308271620434
78.32308271620434
78.32308271620434
78.32308271620434
78.32308271620434
78.32308271620434
78.32308271620434
78.32308271620434
78.32308271620434
78.32308271620434
78.32308271620434
78.32308271620434
78.32308271620434
78.32308271620434
78.32308271620434
78.32308271620434
78.32308271620434
78.32308271620434
78.32308271620434
78.32308271620434
78.32308271620434
78.32308271620434
78.32308271620434
78.32308271620434
78.32308271620434
78.32308271620434
78.32308271620434
78.32308271620434
78.32308271620434
78.32308271620434
78.32308271620434
78.32308271620434
78.32308271620434
78.32308271620434
78.32308271620434
78.49043973055521
79.32722480230953
79.32722480230953
79.32722480230953
79.32722480230953
79.32722480230953
79.32722480230953
79.32722480230953
79.32722480230953
79.32722480230953
79.32722480230953
79.32722480230953
79.32722480230953
79.32722480230953
79.32722480230953
79.32722480230953
79.32722480230953
79.32722480230953
79.32722480230953
79.32722480230953
79.32722480230953
79.32722480230953
79.32722480230953
79.32722480230953
79.32722480230953
79.32722480230953
79.32722480230953
79.32722480230953
79.32722480230953
79.32722480230953
79.32722480230953
79.32722480230953
79.32722480230953
79.32722480230953
79.32722480230953
79.32722480230953
79.32722480230953
79.32722480230953
79.32722480230953
79.32722480230953
79.32722480230953
79.32722480230953
79.32722480230953
79.32722480230953
79.32722480230953
79.32722480230953
79.74561733818669
81.3355089745199
81.3355089745199
81.3355089745199
81.3355089745199
81.3355089745199
81.3355089745199
81.3355089745199
81.3355089745199
81.3355089745199
81.3355089745199
81.3355089745199
81.3355089745199
81.3355089745199
81.3355089745199
81.3355089745199
81.3355089745199
81.3355089745199
81.3355089745199
81.3355089745199
81.3355089745199
81.3355089745199
81.3355089745199
81.3355089745199
81.3355089745199
81.3355089745199
81.3355089745199
81.3355089745199
81.3355089745199
81.3355089745199
81.3355089745199
81.3355089745199
81.3355089745199
81.3355089745199
81.3355089745199
81.3355089745199
81.3355089745199
81.3355089745199
81.3355089745199
80.95895569223045
80.3313668884147
80.3313668884147
80.3313668884147
80.3313668884147
80.3313668884147
80.3313668884147
80.3313668884147
80.3313668884147
80.3313668884147
80.3313668884147
80.3313668884147
80.3313668884147
80.3313668884147
80.3313668884147
80.3313668884147
80.3313668884147
80.3313668884147
80.3313668884147
80.3313668884147
80.3313668884147
80.3313668884147
80.3313668884147
80.3313668884147
80.3313668884147
80.3313668884147
80.3313668884147
80.3313668884147
80.3313668884147
80.3313668884147
80.3313668884147
80.3313668884147
80.3313668884147
80.3313668884147
80.3313668884147
80.3313668884147
80.3313668884147
80.3313668884147
80.3313668884147
80.3313668884147
80.3313668884147
80.3313668884147
80.3313668884147
80.3313668884147
80.3313668884147
80.3313668884147
80.3313668884147
80.3313668884147
80.3313668884147
80.3313668884147
78.49043973055521
76.31479854399397
76.31479854399397
76.31479854399397
76.31479854399397
76.31479854399397
76.31479854399397
76.31479854399397
76.31479854399397
76.31479854399397
76.31479854399397
76.31479854399397
76.31479854399397
76.31479854399397
76.31479854399397
76.31479854399397
76.31479854399397
76.31479854399397
76.31479854399397
76.31479854399397
76.31479854399397
76.31479854399397
76.31479854399397
76.31479854399397
76.31479854399397
76.31479854399397
76.31479854399397
76.31479854399397
76.31479854399397
76.31479854399397
76.31479854399397
76.31479854399397
76.31479854399397
76.31479854399397
76.31479854399397
76.31479854399397
76.31479854399397
76.31479854399397
76.31479854399397
76.31479854399397
76.31479854399397
76.31479854399397
76.31479854399397
76.31479854399397
75.47801347223965
74.3065143717836
74.3065143717836
74.3065143717836
74.3065143717836
74.3065143717836
74.3065143717836
74.3065143717836
74.3065143717836
74.3065143717836
74.3065143717836
74.3065143717836
74.3065143717836
74.3065143717836
74.3065143717836
74.3065143717836
74.3065143717836
74.3065143717836
74.3065143717836
74.3065143717836
74.3065143717836
74.3065143717836
74.3065143717836
74.3065143717836
74.3065143717836
74.3065143717836
74.3065143717836
74.3065143717836
74.3065143717836
74.3065143717836
74.3065143717836
74.3065143717836
74.3065143717836
74.3065143717836
74.3065143717836
74.3065143717836
74.3065143717836
74.3065143717836
74.3065143717836
74.3065143717836
74.3065143717836
74.3065143717836
74.3065143717836
74.3065143717836
74.3065143717836
74.3065143717836
74.3065143717836
74.3065143717836
74.3065143717836
74.3065143717836
74.3065143717836
73.30237228567843
73.30237228567843
73.30237228567843
73.30237228567843
73.30237228567843
73.30237228567843
73.30237228567843
73.30237228567843
73.30237228567843
73.30237228567843
73.30237228567843
73.30237228567843
73.30237228567843
73.30237228567843
73.30237228567843
73.30237228567843
73.30237228567843
73.30237228567843
73.30237228567843
73.30237228567843
73.30237228567843
73.30237228567843
73.30237228567843
73.30237228567843
73.30237228567843
73.30237228567843
73.30237228567843
73.30237228567843
73.30237228567843
73.30237228567843
73.30237228567843
73.30237228567843
73.30237228567843
73.30237228567843
73.30237228567843
73.30237228567843
73.30237228567843
73.30237228567843
73.30237228567843
73.30237228567843
74.5575498933099
75.3106564578888
75.3106564578888
75.3106564578888
75.3106564578888
75.3106564578888
75.3106564578888
75.3106564578888
75.3106564578888
75.3106564578888
75.3106564578888
75.3106564578888
75.3106564578888
75.3106564578888
75.3106564578888
75.3106564578888
75.3106564578888
75.3106564578888
75.3106564578888
75.3106564578888
75.3106564578888
75.3106564578888
75.3106564578888
75.3106564578888
75.3106564578888
75.3106564578888
75.3106564578888
75.3106564578888
75.3106564578888
75.3106564578888
75.3106564578888
75.3106564578888
75.3106564578888
75.3106564578888
75.3106564578888
75.3106564578888
75.3106564578888
75.3106564578888
75.3106564578888
75.3106564578888
75.3106564578888
75.3106564578888
75.3106564578888
75.05962093636249
74.3065143717836
74.3065143717836
74.3065143717836
74.3065143717836
74.3065143717836
74.3065143717836
74.3065143717836
74.3065143717836
74.3065143717836
74.3065143717836
74.3065143717836
74.3065143717836
74.3065143717836
74.3065143717836
74.3065143717836
74.3065143717836
74.3065143717836
74.3065143717836
74.3065143717836
74.3065143717836
74.3065143717836
74.3065143717836
74.3065143717836
74.3065143717836
74.3065143717836
74.3065143717836
74.3065143717836
74.3065143717836
74.3065143717836
74.3065143717836
74.3065143717836
74.3065143717836
74.3065143717836
74.3065143717836
74.3065143717836
74.3065143717836
74.3065143717836
74.3065143717836
74.3065143717836
74.3065143717836
74.3065143717836
74.3065143717836
74.3065143717836
75.22697795071336
76.31479854399397
76.31479854399397
76.31479854399397
76.31479854399397
76.31479854399397
76.31479854399397
76.31479854399397
76.31479854399397
76.31479854399397
76.31479854399397
76.31479854399397
76.31479854399397
76.31479854399397
76.31479854399397
76.31479854399397
76.31479854399397
76.31479854399397
76.31479854399397
76.31479854399397
76.31479854399397
76.31479854399397
76.31479854399397
76.31479854399397
76.31479854399397
76.31479854399397
76.31479854399397
76.31479854399397
76.31479854399397
76.31479854399397
76.31479854399397
76.31479854399397
76.31479854399397
76.31479854399397
76.31479854399397
76.31479854399397
76.31479854399397
76.31479854399397
76.31479854399397
76.31479854399397
76.27295929040626
75.3106564578888
75.3106564578888
75.3106564578888
75.3106564578888
75.3106564578888
75.3106564578888
75.3106564578888
75.3106564578888
75.3106564578888
75.3106564578888
75.3106564578888
75.3106564578888
75.3106564578888
75.3106564578888
75.3106564578888
75.3106564578888
75.3106564578888
75.3106564578888
75.3106564578888
75.3106564578888
75.3106564578888
75.3106564578888
75.3106564578888
75.3106564578888
75.3106564578888
75.3106564578888
75.3106564578888
75.3106564578888
75.3106564578888
75.3106564578888
75.3106564578888
75.3106564578888
75.3106564578888
75.3106564578888
75.3106564578888
75.3106564578888
75.3106564578888
75.3106564578888
75.3106564578888
75.3106564578888
75.3106564578888
75.3106564578888
75.3106564578888
77.1515836157483
77.31894063009916
77.31894063009916
77.31894063009916
77.31894063009916
77.31894063009916
77.31894063009916
77.31894063009916
77.31894063009916
77.31894063009916
77.31894063009916
77.31894063009916
77.31894063009916
77.31894063009916
77.31894063009916
77.31894063009916
77.31894063009916
77.31894063009916
77.31894063009916
77.31894063009916
77.31894063009916
77.31894063009916
77.31894063009916
77.31894063009916
77.31894063009916
77.31894063009916
77.31894063009916
77.31894063009916
77.31894063009916
77.31894063009916
77.31894063009916
77.31894063009916
77.31894063009916
77.31894063009916
77.31894063009916
77.31894063009916
77.31894063009916
77.31894063009916
77.31894063009916
77.31894063009916
77.31894063009916
77.31894063009916
77.31894063009916
77.31894063009916
77.31894063009916
77.31894063009916
77.31894063009916
77.31894063009916
77.31894063009916
77.31894063009916
77.31894063009916
77.31894063009916
77.31894063009916
77.31894063009916
77.31894063009916
77.31894063009916
77.31894063009916
77.31894063009916
77.31894063009916
77.31894063009916
77.31894063009916
77.31894063009916
77.31894063009916
77.31894063009916
77.31894063009916
77.31894063009916
77.31894063009916
77.31894063009916
77.31894063009916
77.31894063009916
77.31894063009916
77.31894063009916
77.31894063009916
77.31894063009916
77.31894063009916
77.31894063009916
77.31894063009916
77.31894063009916
77.31894063009916
77.31894063009916
77.31894063009916
77.31894063009916
77.31894063009916
78.1975649554412
80.3313668884147
80.3313668884147
80.3313668884147
80.3313668884147
80.3313668884147
80.3313668884147
80.3313668884147
80.3313668884147
80.3313668884147
80.3313668884147
80.3313668884147
80.3313668884147
80.3313668884147
80.3313668884147
80.3313668884147
80.3313668884147
80.3313668884147
80.3313668884147
80.3313668884147
80.3313668884147
80.3313668884147
80.3313668884147
80.3313668884147
80.3313668884147
80.3313668884147
80.3313668884147
80.3313668884147
80.3313668884147
80.3313668884147
80.3313668884147
80.3313668884147
80.3313668884147
80.3313668884147
80.3313668884147
80.3313668884147
80.3313668884147
80.3313668884147
80.3313668884147
80.3313668884147
80.3313668884147
80.66608091711645
84.34793523283545
84.34793523283545
84.34793523283545
84.34793523283545
84.34793523283545
84.34793523283545
84.34793523283545
84.34793523283545
84.34793523283545
84.34793523283545
84.34793523283545
84.34793523283545
84.34793523283545
84.34793523283545
84.34793523283545
84.34793523283545
84.34793523283545
84.34793523283545
84.34793523283545
84.34793523283545
84.34793523283545
84.34793523283545
84.34793523283545
84.34793523283545
84.34793523283545
84.34793523283545
84.34793523283545
84.34793523283545
84.34793523283545
84.34793523283545
84.34793523283545
84.34793523283545
84.34793523283545
84.34793523283545
84.34793523283545
84.34793523283545
84.34793523283545
84.34793523283545
84.34793523283545
84.34793523283545
83.76218568260742
83.34379314673026
83.34379314673026
83.34379314673026
83.34379314673026
83.34379314673026
83.34379314673026
83.34379314673026
83.34379314673026
83.34379314673026
83.34379314673026
83.34379314673026
83.34379314673026
83.34379314673026
83.34379314673026
83.34379314673026
83.34379314673026
83.34379314673026
83.34379314673026
83.34379314673026
83.34379314673026
83.34379314673026
83.34379314673026
83.34379314673026
83.34379314673026
83.34379314673026
83.34379314673026
83.34379314673026
83.34379314673026
83.34379314673026
83.34379314673026
83.34379314673026
83.34379314673026
83.34379314673026
83.34379314673026
83.34379314673026
83.34379314673026
83.34379314673026
83.34379314673026
83.34379314673026
83.34379314673026
83.34379314673026
84.01322120413371
85.35207731894063
85.35207731894063
85.35207731894063
85.35207731894063
85.35207731894063
85.35207731894063
85.35207731894063
85.35207731894063
85.35207731894063
85.35207731894063
85.35207731894063
85.35207731894063
85.35207731894063
85.35207731894063
85.35207731894063
85.35207731894063
85.35207731894063
85.35207731894063
85.35207731894063
85.35207731894063
85.35207731894063
85.35207731894063
85.35207731894063
85.35207731894063
85.35207731894063
85.35207731894063
85.35207731894063
85.35207731894063
85.35207731894063
85.35207731894063
85.35207731894063
85.35207731894063
85.35207731894063
85.35207731894063
85.35207731894063
85.35207731894063
85.35207731894063
85.35207731894063
85.35207731894063
85.35207731894063
85.85414836199323
86.35621940504582
86.35621940504582
86.35621940504582
86.35621940504582
86.35621940504582
86.35621940504582
86.35621940504582
86.35621940504582
86.35621940504582
86.35621940504582
86.35621940504582
86.35621940504582
86.35621940504582
86.35621940504582
86.35621940504582
86.35621940504582
86.35621940504582
86.35621940504582
86.35621940504582
86.35621940504582
86.35621940504582
86.35621940504582
86.35621940504582
86.35621940504582
86.35621940504582
86.35621940504582
86.35621940504582
86.35621940504582
86.35621940504582
86.35621940504582
86.35621940504582
86.35621940504582
86.35621940504582
86.35621940504582
86.35621940504582
86.35621940504582
86.35621940504582
85.39391657252834
85.35207731894063
85.35207731894063
85.35207731894063
85.35207731894063
85.35207731894063
85.35207731894063
85.35207731894063
85.35207731894063
85.35207731894063
85.35207731894063
85.35207731894063
85.35207731894063
85.35207731894063
85.35207731894063
85.35207731894063
85.35207731894063
85.35207731894063
85.35207731894063
85.35207731894063
85.35207731894063
85.35207731894063
85.35207731894063
85.35207731894063
85.35207731894063
85.35207731894063
85.35207731894063
85.35207731894063
85.35207731894063
85.35207731894063
85.35207731894063
85.35207731894063
85.35207731894063
85.35207731894063
85.35207731894063
85.35207731894063
85.35207731894063
85.35207731894063
85.35207731894063
85.35207731894063
85.35207731894063
85.35207731894063
85.35207731894063
85.35207731894063
85.35207731894063
85.35207731894063
85.35207731894063
85.35207731894063
85.35207731894063
85.35207731894063
85.35207731894063
85.35207731894063
85.35207731894063
85.35207731894063
85.35207731894063
85.35207731894063
85.35207731894063
85.35207731894063
85.35207731894063
85.35207731894063
