1.0165279921689696
1.0165279921689696
1.0165279921689696
1.0165279921689696
1.0165279921689696
1.0165279921689696
1.0165279921689696
1.0165279921689696
1.0165279921689696
1.0165279921689696
1.0165279921689696
1.0165279921689696
1.0165279921689696
1.0165279921689696
1.0165279921689696
1.0165279921689696
1.0165279921689696
1.0165279921689696
1.0165279921689696
1.0165279921689696
1.0165279921689696
1.0165279921689696
1.0165279921689696
1.0165279921689696
1.0165279921689696
1.0165279921689696
1.0165279921689696
1.0165279921689696
1.0165279921689696
1.0165279921689696
1.0165279921689696
1.0165279921689696
1.0165279921689696
1.0165279921689696
1.0165279921689696
1.0165279921689696
1.0165279921689696
1.0165279921689696
1.0165279921689696
1.0165279921689696
1.0165279921689696
1.0165279921689696
1.0165279921689696
1.0165279921689696
1.0165279921689696
1.0165279921689696
1.0165279921689696
1.0165279921689696
1.0165279921689696
1.5624411731486014
2.033055984337939
2.033055984337939
2.033055984337939
2.3342494634991153
3.049583976506909
3.049583976506909
3.049583976506909
3.049583976506909
3.426075825458379
4.066111968675878
4.066111968675878
4.066111968675878
4.066111968675878
4.066111968675878
4.066111968675878
4.066111968675878
4.066111968675878
4.066111968675878
4.066111968675878
4.066111968675878
4.066111968675878
3.275479085877791
3.049583976506909
3.049583976506909
3.049583976506909
3.049583976506909
3.049583976506909
3.049583976506909
3.049583976506909
3.049583976506909
2.1648281314709537
2.033055984337939
2.033055984337939
2.033055984337939
1.6942133202816159
1.0165279921689696
1.0165279921689696
1.0165279921689696
1.0165279921689696
1.0165279921689696
1.0165279921689696
1.0165279921689696
1.0165279921689696
1.5624411731486014
2.033055984337939
2.033055984337939
2.033055984337939
2.6730921275554382
3.049583976506909
3.049583976506909
3.049583976506909
3.049583976506909
3.049583976506909
3.049583976506909
3.049583976506909
3.049583976506909
3.049583976506909
3.049583976506909
3.049583976506909
3.049583976506909
3.049583976506909
3.049583976506909
3.049583976506909
3.049583976506909
3.049583976506909
3.049583976506909
3.049583976506909
3.049583976506909
3.049583976506909
3.049583976506909
3.049583976506909
3.049583976506909
3.049583976506909
3.049583976506909
2.729565904898159
2.033055984337939
2.033055984337939
2.033055984337939
2.033055984337939
2.033055984337939
2.033055984337939
1.7318625051767629
1.0165279921689696
1.0165279921689696
1.0165279921689696
1.0165279921689696
1.0165279921689696
1.0165279921689696
1.0165279921689696
1.0165279921689696
1.0165279921689696
1.0165279921689696
1.0165279921689696
1.0165279921689696
1.0165279921689696
1.0165279921689696
1.0165279921689696
1.0165279921689696
1.0165279921689696
1.0165279921689696
1.0165279921689696
0.11294755468544106
0.0
0.0
0.0
0.0
0.0
0.0
0.0
0.0
0.0
0.5270885885320583
1.0165279921689696
1.0165279921689696
1.0165279921689696
1.9765822069952186
2.033055984337939
2.033055984337939
2.033055984337939
2.578969165317571
3.049583976506909
3.049583976506909
3.049583976506909
3.049583976506909
3.049583976506909
3.049583976506909
3.049583976506909
3.049583976506909
3.049583976506909
3.049583976506909
3.049583976506909
3.049583976506909
3.049583976506909
3.049583976506909
2.296600278603968
2.033055984337939
2.033055984337939
1.4683182109107338
1.0165279921689696
0.9412296223786755
0.0
0.0
0.0
0.0
0.0
0.0
0.47061481118933773
1.0165279921689696
1.0165279921689696
1.4871428033583074
2.033055984337939
2.033055984337939
2.353074055946689
3.049583976506909
3.049583976506909
3.049583976506909
3.049583976506909
3.049583976506909
3.049583976506909
3.049583976506909
3.049583976506909
3.049583976506909
3.049583976506909
3.049583976506909
3.049583976506909
3.049583976506909
3.049583976506909
3.049583976506909
3.049583976506909
3.049583976506909
3.049583976506909
2.8613380520311735
2.033055984337939
2.033055984337939
2.033055984337939
2.033055984337939
1.807160874967057
1.0165279921689696
1.0165279921689696
1.0165279921689696
1.0165279921689696
1.7883362825194835
2.033055984337939
2.033055984337939
2.033055984337939
2.955461014269041
3.049583976506909
3.049583976506909
3.049583976506909
3.124882346297203
4.066111968675878
4.066111968675878
4.066111968675878
4.066111968675878
4.066111968675878
3.8213922668574227
3.049583976506909
3.049583976506909
3.049583976506909
3.049583976506909
2.7483904973457323
2.033055984337939
2.033055984337939
2.202477316366101
3.049583976506909
3.049583976506909
3.049583976506909
3.049583976506909
3.049583976506909
3.049583976506909
3.7084447121719815
4.066111968675878
4.066111968675878
4.066111968675878
4.066111968675878
4.066111968675878
4.066111968675878
4.066111968675878
4.066111968675878
4.066111968675878
4.066111968675878
4.066111968675878
4.066111968675878
4.066111968675878
4.066111968675878
4.066111968675878
4.066111968675878
4.066111968675878
4.066111968675878
4.066111968675878
4.066111968675878
4.066111968675878
4.009638191333158
3.049583976506909
3.049583976506909
3.049583976506909
3.049583976506909
3.049583976506909
3.200180716087497
4.066111968675878
4.066111968675878
4.066111968675878
4.066111968675878
4.066111968675878
4.066111968675878
4.066111968675878
4.066111968675878
3.294303678325364
3.049583976506909
3.049583976506909
3.049583976506909
3.049583976506909
3.049583976506909
3.049583976506909
2.070705169233086
2.033055984337939
2.033055984337939
2.033055984337939
2.033055984337939
2.033055984337939
2.033055984337939
2.033055984337939
2.033055984337939
2.033055984337939
2.033055984337939
2.033055984337939
1.3741952486728661
0.9412296223786755
0.0
0.0
0.0
0.0
0.0
0.0
0.0
0.1882459244757351
1.0165279921689696
1.5436165807010278
2.033055984337939
2.8425134595836
3.049583976506909
3.840216859304996
4.066111968675878
4.066111968675878
4.066111968675878
4.066111968675878
4.9320432212642595
5.082639960844848
5.063815368397274
4.066111968675878
4.066111968675878
4.066111968675878
4.066111968675878
4.066111968675878
4.066111968675878
4.066111968675878
4.066111968675878
4.066111968675878
4.066111968675878
3.1625315311923496
3.049583976506909
3.049583976506909
3.049583976506909
2.52249538797485
2.033055984337939
2.033055984337939
2.033055984337939
2.033055984337939
1.5624411731486014
1.0165279921689696
1.0165279921689696
1.0165279921689696
1.0165279921689696
1.0165279921689696
1.0165279921689696
1.0165279921689696
1.0165279921689696
1.0165279921689696
1.0165279921689696
1.0165279921689696
1.0165279921689696
1.0165279921689696
1.0165279921689696
1.0165279921689696
1.0165279921689696
1.0165279921689696
1.6189149504913218
2.033055984337939
2.033055984337939
2.033055984337939
2.033055984337939
2.033055984337939
2.033055984337939
2.033055984337939
2.033055984337939
2.033055984337939
2.033055984337939
2.033055984337939
2.033055984337939
2.033055984337939
1.4118444335680131
1.0165279921689696
1.0165279921689696
1.0165279921689696
1.0165279921689696
1.0165279921689696
1.0165279921689696
1.0165279921689696
1.0165279921689696
1.0165279921689696
1.0165279921689696
1.0165279921689696
1.0165279921689696
1.0165279921689696
1.0165279921689696
1.0165279921689696
1.0165279921689696
1.0165279921689696
1.0165279921689696
1.0165279921689696
1.0165279921689696
1.0165279921689696
1.0165279921689696
1.0165279921689696
1.0165279921689696
1.0165279921689696
1.0165279921689696
1.0165279921689696
1.0165279921689696
1.0165279921689696
1.0165279921689696
1.0165279921689696
1.7506870976243365
2.033055984337939
2.033055984337939
2.033055984337939
2.033055984337939
2.955461014269041
3.049583976506909
3.049583976506909
3.651970934829261
4.066111968675878
4.066111968675878
4.066111968675878
4.066111968675878
4.066111968675878
4.066111968675878
4.066111968675878
4.066111968675878
4.066111968675878
4.066111968675878
4.066111968675878
4.066111968675878
4.066111968675878
4.066111968675878
4.066111968675878
4.066111968675878
3.4637250103535258
3.049583976506909
3.049583976506909
3.049583976506909
2.804864274688453
2.033055984337939
2.033055984337939
2.033055984337939
2.033055984337939
2.033055984337939
2.033055984337939
2.033055984337939
2.8425134595836
3.049583976506909
3.049583976506909
3.21900530853507
4.066111968675878
4.066111968675878
4.066111968675878
4.066111968675878
4.066111968675878
4.066111968675878
4.066111968675878
4.066111968675878
4.066111968675878
4.066111968675878
4.066111968675878
4.066111968675878
4.066111968675878
4.066111968675878
4.066111968675878
4.066111968675878
4.066111968675878
4.066111968675878
4.066111968675878
4.066111968675878
4.066111968675878
4.066111968675878
4.066111968675878
4.066111968675878
4.066111968675878
4.066111968675878
4.066111968675878
4.066111968675878
4.066111968675878
4.066111968675878
4.066111968675878
4.066111968675878
4.066111968675878
4.066111968675878
4.066111968675878
4.066111968675878
4.066111968675878
4.066111968675878
4.066111968675878
4.066111968675878
4.066111968675878
4.066111968675878
4.066111968675878
4.066111968675878
4.066111968675878
4.066111968675878
4.066111968675878
4.066111968675878
4.066111968675878
4.066111968675878
4.066111968675878
4.066111968675878
4.066111968675878
4.066111968675878
4.066111968675878
4.066111968675878
4.066111968675878
4.066111968675878
4.066111968675878
4.066111968675878
4.066111968675878
4.066111968675878
4.066111968675878
4.066111968675878
4.066111968675878
4.066111968675878
4.066111968675878
4.066111968675878
4.066111968675878
4.066111968675878
4.066111968675878
4.047287376228304
3.049583976506909
3.049583976506909
3.049583976506909
3.049583976506909
3.049583976506909
3.049583976506909
2.578969165317571
2.033055984337939
2.033055984337939
1.9012838372049246
1.0165279921689696
1.0165279921689696
0.7341591054553669
0.0
0.0
0.0
0.0
0.6212115507699258
1.0165279921689696
1.1294755468544107
2.033055984337939
2.1271789465758064
3.049583976506909
3.049583976506909
3.953164413990437
4.066111968675878
4.066111968675878
4.066111968675878
4.23553330070404
5.082639960844848
5.082639960844848
4.668498926998231
4.066111968675878
4.066111968675878
4.066111968675878
4.066111968675878
4.066111968675878
3.877866044200143
3.049583976506909
3.049583976506909
3.049583976506909
3.049583976506909
3.049583976506909
3.049583976506909
3.049583976506909
2.3342494634991153
2.033055984337939
2.6354429426602914
3.049583976506909
3.049583976506909
3.049583976506909
3.049583976506909
3.049583976506909
3.049583976506909
3.049583976506909
3.049583976506909
3.049583976506909
3.049583976506909
3.049583976506909
3.049583976506909
3.049583976506909
3.049583976506909
3.049583976506909
3.049583976506909
3.049583976506909
3.049583976506909
3.049583976506909
3.049583976506909
3.049583976506909
2.541319980422424
2.033055984337939
2.033055984337939
2.033055984337939
2.033055984337939
1.3930198411204398
1.0165279921689696
1.0165279921689696
1.995406799442792
2.033055984337939
2.14600353902338
3.049583976506909
3.049583976506909
3.8590414517525695
4.066111968675878
4.066111968675878
4.066111968675878
4.066111968675878
4.574375964760363
5.082639960844848
5.082639960844848
5.082639960844848
5.082639960844848
5.082639960844848
5.082639960844848
5.082639960844848
5.082639960844848
5.082639960844848
4.141410338466172
4.066111968675878
4.066111968675878
4.066111968675878
4.066111968675878
4.423779225179775
5.082639960844848
5.082639960844848
5.082639960844848
5.082639960844848
5.082639960844848
5.082639960844848
5.082639960844848
5.082639960844848
5.082639960844848
5.082639960844848
5.082639960844848
5.082639960844848
5.082639960844848
5.082639960844848
5.082639960844848
5.082639960844848
5.082639960844848
5.082639960844848
5.082639960844848
5.082639960844848
5.082639960844848
5.082639960844848
5.082639960844848
5.082639960844848
4.856744851473966
4.066111968675878
4.066111968675878
4.066111968675878
4.066111968675878
4.066111968675878
4.066111968675878
4.066111968675878
4.066111968675878
4.066111968675878
4.066111968675878
4.066111968675878
4.066111968675878
4.066111968675878
4.066111968675878
4.066111968675878
4.066111968675878
4.066111968675878
4.066111968675878
4.066111968675878
4.066111968675878
4.066111968675878
4.066111968675878
4.066111968675878
4.066111968675878
4.066111968675878
4.066111968675878
4.066111968675878
3.0872331614020556
3.049583976506909
3.049583976506909
3.049583976506909
3.049583976506909
3.049583976506909
3.049583976506909
3.049583976506909
3.049583976506909
3.049583976506909
2.955461014269041
2.033055984337939
2.033055984337939
2.033055984337939
2.033055984337939
2.033055984337939
2.033055984337939
2.033055984337939
2.033055984337939
2.033055984337939
2.033055984337939
2.070705169233086
3.049583976506909
3.049583976506909
3.049583976506909
3.764918489514702
4.066111968675878
4.066111968675878
4.066111968675878
4.066111968675878
4.066111968675878
5.026166183502127
5.082639960844848
5.082639960844848
5.082639960844848
5.082639960844848
5.082639960844848
5.082639960844848
5.082639960844848
5.082639960844848
5.082639960844848
5.082639960844848
5.082639960844848
5.082639960844848
5.082639960844848
5.082639960844848
5.082639960844848
4.197884115808892
4.066111968675878
4.273182485599187
5.082639960844848
5.082639960844848
5.082639960844848
5.082639960844848
4.442603817627348
4.066111968675878
4.066111968675878
4.066111968675878
3.8590414517525695
3.049583976506909
3.049583976506909
3.049583976506909
2.503670795527277
2.033055984337939
2.033055984337939
2.033055984337939
2.033055984337939
2.033055984337939
2.033055984337939
2.033055984337939
2.033055984337939
1.9389330221000716
1.0165279921689696
1.0165279921689696
0.24471970181845562
0.0
0.0
0.0
0.0
0.0
0.0
0.13177214713301458
1.0165279921689696
1.0165279921689696
1.223598509092278
2.033055984337939
2.033055984337939
2.033055984337939
2.503670795527277
3.049583976506909
3.049583976506909
3.049583976506909
3.049583976506909
3.049583976506909
3.049583976506909
3.049583976506909
3.049583976506909
3.049583976506909
3.049583976506909
3.049583976506909
3.049583976506909
2.8425134595836
2.033055984337939
2.033055984337939
2.033055984337939
2.296600278603968
3.049583976506909
3.049583976506909
3.049583976506909
3.049583976506909
3.990813598885584
4.066111968675878
4.066111968675878
4.066111968675878
4.066111968675878
4.743797296788524
5.082639960844848
5.082639960844848
5.082639960844848
5.082639960844848
5.082639960844848
5.082639960844848
5.082639960844848
5.082639960844848
5.082639960844848
5.082639960844848
5.082639960844848
4.084936561123452
4.066111968675878
3.9343398215428635
3.049583976506909
3.049583976506909
3.049583976506909
2.0518805767855124
2.3907232408418357
3.049583976506909
3.049583976506909
3.049583976506909
3.990813598885584
4.066111968675878
4.066111968675878
5.082639960844848
5.082639960844848
5.082639960844848
5.082639960844848
5.082639960844848
5.082639960844848
5.082639960844848
5.082639960844848
5.082639960844848
5.082639960844848
5.082639960844848
5.082639960844848
5.082639960844848
5.082639960844848
5.082639960844848
5.082639960844848
5.082639960844848
5.082639960844848
5.082639960844848
5.082639960844848
5.082639960844848
5.082639960844848
5.082639960844848
5.082639960844848
5.082639960844848
5.082639960844848
5.082639960844848
5.082639960844848
5.082639960844848
5.082639960844848
5.082639960844848
5.082639960844848
5.082639960844848
5.082639960844848
5.082639960844848
5.082639960844848
5.082639960844848
5.082639960844848
5.082639960844848
5.082639960844848
5.082639960844848
5.082639960844848
5.082639960844848
5.082639960844848
5.082639960844848
5.082639960844848
5.082639960844848
5.082639960844848
5.082639960844848
5.082639960844848
5.082639960844848
5.082639960844848
5.082639960844848
5.082639960844848
5.082639960844848
5.082639960844848
5.082639960844848
5.082639960844848
5.082639960844848
5.082639960844848
5.082639960844848
5.082639960844848
5.082639960844848
5.082639960844848
5.082639960844848
5.082639960844848
5.082639960844848
5.082639960844848
5.082639960844848
5.082639960844848
5.082639960844848
5.082639960844848
5.082639960844848
5.082639960844848
5.082639960844848
5.082639960844848
5.082639960844848
5.082639960844848
5.082639960844848
5.082639960844848
5.082639960844848
5.082639960844848
5.082639960844848
5.082639960844848
5.082639960844848
5.082639960844848
5.082639960844848
5.082639960844848
5.082639960844848
5.082639960844848
5.082639960844848
5.082639960844848
4.197884115808892
4.066111968675878
4.066111968675878
4.066111968675878
4.066111968675878
4.066111968675878
4.066111968675878
4.066111968675878
4.066111968675878
4.066111968675878
4.066111968675878
4.066111968675878
4.066111968675878
4.066111968675878
4.066111968675878
4.066111968675878
4.066111968675878
4.066111968675878
4.066111968675878
3.764918489514702
3.049583976506909
3.049583976506909
3.049583976506909
3.049583976506909
2.202477316366101
2.0142313918903656
1.0165279921689696
0.6776853281126464
0.0
0.0
0.0
0.0
0.01882459244757351
1.0165279921689696
1.0165279921689696
1.5624411731486014
2.033055984337939
2.033055984337939
2.729565904898159
3.049583976506909
3.049583976506909
3.1060577538496292
