4.02657539762432
4.02657539762432
4.02657539762432
4.02657539762432
3.4494329239648347
3.0199315482182407
3.0199315482182407
3.0199315482182407
3.0199315482182407
3.0199315482182407
3.0199315482182407
3.0199315482182407
3.0199315482182407
3.0199315482182407
3.0199315482182407
3.0199315482182407
3.0199315482182407
3.2212603180994566
4.02657539762432
4.02657539762432
4.02657539762432
4.02657539762432
4.02657539762432
4.02657539762432
4.02657539762432
4.02657539762432
4.02657539762432
4.02657539762432
4.02657539762432
4.02657539762432
4.02657539762432
4.02657539762432
4.02657539762432
4.02657539762432
4.02657539762432
4.02657539762432
4.02657539762432
4.02657539762432
4.02657539762432
4.02657539762432
4.02657539762432
4.02657539762432
4.02657539762432
4.02657539762432
4.02657539762432
4.02657539762432
4.02657539762432
4.02657539762432
4.02657539762432
4.02657539762432
3.677605529830213
3.0199315482182407
3.0199315482182407
3.0199315482182407
3.0199315482182407
3.0199315482182407
3.0199315482182407
3.0199315482182407
3.0199315482182407
3.0199315482182407
3.0199315482182407
3.0199315482182407
3.0199315482182407
3.0199315482182407
3.0199315482182407
3.3957452519965106
4.02657539762432
4.02657539762432
4.02657539762432
4.02657539762432
4.02657539762432
4.02657539762432
4.02657539762432
4.02657539762432
4.02657539762432
4.02657539762432
4.02657539762432
4.02657539762432
4.02657539762432
4.02657539762432
4.02657539762432
3.2749479900677807
3.0199315482182407
3.0199315482182407
3.0199315482182407
3.0199315482182407
3.0199315482182407
3.0199315482182407
3.0199315482182407
3.0199315482182407
3.0199315482182407
3.0199315482182407
3.0199315482182407
3.0199315482182407
3.0199315482182407
3.0199315482182407
3.0199315482182407
3.0199315482182407
3.5568082679014834
4.02657539762432
4.02657539762432
4.02657539762432
4.02657539762432
4.02657539762432
4.02657539762432
4.02657539762432
4.02657539762432
4.02657539762432
4.02657539762432
4.02657539762432
4.02657539762432
3.1809945641232136
3.0199315482182407
3.0199315482182407
2.469632910542917
2.01328769881216
2.01328769881216
2.01328769881216
2.01328769881216
2.01328769881216
2.01328769881216
2.01328769881216
2.01328769881216
2.01328769881216
2.01328769881216
2.01328769881216
2.402523320582511
3.0199315482182407
3.0199315482182407
3.0199315482182407
3.1944164821152943
4.02657539762432
4.02657539762432
4.02657539762432
4.02657539762432
4.02657539762432
4.02657539762432
4.02657539762432
4.02657539762432
4.02657539762432
4.02657539762432
3.9460438896718344
3.0199315482182407
3.0199315482182407
3.0199315482182407
3.0199315482182407
3.0199315482182407
3.0199315482182407
3.0199315482182407
3.0199315482182407
3.0199315482182407
3.0199315482182407
3.0199315482182407
3.0199315482182407
3.0199315482182407
3.0199315482182407
3.4091671699885917
4.02657539762432
4.02657539762432
4.02657539762432
4.02657539762432
4.02657539762432
4.02657539762432
4.02657539762432
4.02657539762432
4.02657539762432
4.02657539762432
4.02657539762432
4.02657539762432
3.0199315482182407
3.0199315482182407
3.0199315482182407
3.0199315482182407
2.348835648614187
2.01328769881216
2.01328769881216
2.2817260586537818
3.0199315482182407
3.0199315482182407
3.0199315482182407
3.0199315482182407
3.3420575800281864
4.02657539762432
4.02657539762432
4.02657539762432
4.02657539762432
4.02657539762432
4.02657539762432
4.02657539762432
4.02657539762432
4.02657539762432
4.02657539762432
3.5702301858935646
3.0199315482182407
3.0199315482182407
2.469632910542917
2.01328769881216
2.01328769881216
2.01328769881216
2.120663042748809
3.0199315482182407
3.0199315482182407
3.127306892154889
4.02657539762432
4.02657539762432
4.02657539762432
4.2144822495134555
5.033219247030401
5.033219247030401
5.033219247030401
5.033219247030401
5.033219247030401
5.033219247030401
5.033219247030401
5.033219247030401
5.033219247030401
5.033219247030401
5.033219247030401
5.033219247030401
5.033219247030401
5.033219247030401
5.033219247030401
5.033219247030401
4.8721562311254285
4.02657539762432
4.02657539762432
4.02657539762432
3.5568082679014834
3.0199315482182407
3.0199315482182407
3.0199315482182407
3.0199315482182407
3.0199315482182407
3.0199315482182407
3.0199315482182407
3.0199315482182407
3.0199315482182407
3.0199315482182407
3.0199315482182407
3.0199315482182407
3.5970740218777264
4.02657539762432
4.02657539762432
4.308435675458023
5.033219247030401
5.033219247030401
5.033219247030401
5.033219247030401
5.033219247030401
5.033219247030401
5.033219247030401
5.033219247030401
5.033219247030401
5.033219247030401
5.033219247030401
5.033219247030401
5.033219247030401
5.033219247030401
5.033219247030401
5.033219247030401
5.033219247030401
5.033219247030401
5.033219247030401
5.033219247030401
5.033219247030401
5.033219247030401
5.033219247030401
5.033219247030401
5.033219247030401
5.033219247030401
5.033219247030401
5.033219247030401
5.033219247030401
5.033219247030401
5.033219247030401
5.033219247030401
5.033219247030401
5.033219247030401
5.033219247030401
5.033219247030401
5.033219247030401
5.033219247030401
5.033219247030401
5.033219247030401
4.9124219851016715
4.02657539762432
4.02657539762432
4.02657539762432
4.02657539762432
4.02657539762432
4.02657539762432
3.3957452519965106
3.0199315482182407
3.0199315482182407
3.0199315482182407
3.0199315482182407
3.0199315482182407
3.0199315482182407
3.0199315482182407
3.315213744044024
4.02657539762432
4.02657539762432
4.02657539762432
4.02657539762432
4.858734313133347
5.033219247030401
5.033219247030401
5.033219247030401
5.033219247030401
5.033219247030401
5.033219247030401
5.033219247030401
5.033219247030401
5.033219247030401
5.033219247030401
5.033219247030401
5.033219247030401
5.033219247030401
5.033219247030401
5.033219247030401
5.033219247030401
5.033219247030401
5.033219247030401
5.033219247030401
5.033219247030401
5.033219247030401
5.033219247030401
5.033219247030401
5.033219247030401
5.033219247030401
5.033219247030401
5.033219247030401
4.778202805180861
4.02657539762432
4.02657539762432
4.02657539762432
4.02657539762432
3.4494329239648347
3.0199315482182407
3.0199315482182407
3.0199315482182407
3.0199315482182407
3.0199315482182407
3.0199315482182407
3.0199315482182407
3.0199315482182407
3.0199315482182407
3.0199315482182407
3.5568082679014834
4.02657539762432
4.02657539762432
4.02657539762432
4.02657539762432
4.187638413529293
5.033219247030401
5.033219247030401
5.033219247030401
5.033219247030401
5.033219247030401
5.033219247030401
5.033219247030401
5.033219247030401
5.033219247030401
5.033219247030401
5.033219247030401
5.033219247030401
5.033219247030401
5.033219247030401
5.033219247030401
5.033219247030401
5.033219247030401
5.033219247030401
5.033219247030401
5.033219247030401
5.033219247030401
5.033219247030401
5.033219247030401
5.033219247030401
5.033219247030401
5.033219247030401
5.033219247030401
5.033219247030401
5.033219247030401
5.033219247030401
5.033219247030401
5.033219247030401
5.033219247030401
5.033219247030401
5.033219247030401
5.033219247030401
5.033219247030401
5.033219247030401
5.033219247030401
5.033219247030401
5.033219247030401
5.033219247030401
5.033219247030401
5.033219247030401
5.033219247030401
5.033219247030401
5.033219247030401
5.033219247030401
5.033219247030401
5.033219247030401
5.033219247030401
5.033219247030401
4.02657539762432
4.02657539762432
4.02657539762432
4.02657539762432
4.02657539762432
4.02657539762432
4.02657539762432
4.02657539762432
4.02657539762432
4.02657539762432
4.684249379236293
5.033219247030401
5.033219247030401
5.033219247030401
5.033219247030401
5.033219247030401
5.033219247030401
5.462720622776995
6.0398630964364814
6.0398630964364814
6.0398630964364814
5.851956244547346
5.033219247030401
5.033219247030401
5.033219247030401
5.033219247030401
5.033219247030401
5.033219247030401
5.033219247030401
5.033219247030401
5.838534326555265
6.0398630964364814
6.469364472183075
7.0465069458425615
7.0465069458425615
7.0465069458425615
6.617005570095967
6.0398630964364814
5.033219247030401
4.066841151600564
3.0601973021944837
2.3756794845983493
2.01328769881216
2.01328769881216
2.9528219582578354
3.0199315482182407
3.5031205959331593
4.02657539762432
4.02657539762432
4.737937051204617
5.033219247030401
5.033219247030401
5.033219247030401
5.033219247030401
5.033219247030401
5.033219247030401
5.033219247030401
5.033219247030401
5.033219247030401
5.033219247030401
5.033219247030401
5.033219247030401
5.033219247030401
5.033219247030401
5.033219247030401
5.033219247030401
5.033219247030401
4.066841151600564
4.02657539762432
4.02657539762432
4.02657539762432
3.9863096436480774
3.0199315482182407
3.0199315482182407
3.0199315482182407
3.0199315482182407
3.0199315482182407
3.0199315482182407
3.0199315482182407
3.0199315482182407
3.0199315482182407
3.6239178578618887
4.02657539762432
4.02657539762432
4.02657539762432
4.6037178712838065
5.033219247030401
5.033219247030401
5.033219247030401
5.033219247030401
5.033219247030401
5.033219247030401
5.033219247030401
5.033219247030401
5.033219247030401
5.033219247030401
5.033219247030401
5.033219247030401
5.033219247030401
5.033219247030401
5.033219247030401
4.805046641165022
4.02657539762432
4.02657539762432
4.02657539762432
4.02657539762432
4.02657539762432
4.02657539762432
4.02657539762432
4.02657539762432
4.02657539762432
4.02657539762432
4.02657539762432
4.02657539762432
4.02657539762432
4.02657539762432
3.1809945641232136
3.0199315482182407
2.6306959264478897
2.01328769881216
2.01328769881216
2.01328769881216
2.01328769881216
2.01328769881216
2.01328769881216
2.01328769881216
2.01328769881216
2.335413730622106
3.0199315482182407
3.0199315482182407
3.1944164821152943
4.02657539762432
4.02657539762432
4.02657539762432
4.536608281323401
5.033219247030401
5.033219247030401
5.033219247030401
5.033219247030401
5.033219247030401
5.033219247030401
5.033219247030401
4.818468559157104
4.02657539762432
4.02657539762432
4.02657539762432
4.02657539762432
4.02657539762432
4.02657539762432
4.02657539762432
4.02657539762432
4.02657539762432
4.02657539762432
4.02657539762432
4.02657539762432
4.02657539762432
4.02657539762432
4.737937051204617
5.033219247030401
5.033219247030401
5.033219247030401
5.033219247030401
5.033219247030401
5.033219247030401
5.033219247030401
5.033219247030401
4.550030199315483
4.02657539762432
4.02657539762432
4.02657539762432
4.02657539762432
4.02657539762432
4.02657539762432
3.0333534662103214
3.0199315482182407
3.0199315482182407
3.0199315482182407
3.0199315482182407
3.100463056170727
4.02657539762432
4.02657539762432
4.02657539762432
4.02657539762432
4.02657539762432
4.02657539762432
4.02657539762432
4.02657539762432
4.442654855378834
5.033219247030401
5.033219247030401
5.033219247030401
5.033219247030401
5.033219247030401
4.697671297228374
4.02657539762432
4.02657539762432
4.02657539762432
4.02657539762432
4.02657539762432
4.02657539762432
4.02657539762432
3.852090463727267
3.0199315482182407
3.0199315482182407
3.0199315482182407
3.0199315482182407
3.0199315482182407
3.0199315482182407
3.0199315482182407
3.0199315482182407
3.5568082679014834
4.02657539762432
4.02657539762432
4.02657539762432
4.02657539762432
4.02657539762432
4.02657539762432
4.939265821085834
5.033219247030401
5.033219247030401
5.033219247030401
5.033219247030401
5.033219247030401
5.033219247030401
4.160794577545132
4.02657539762432
4.02657539762432
4.02657539762432
3.8252466277431045
3.0199315482182407
3.0199315482182407
3.0199315482182407
3.0199315482182407
2.2146164686933765
2.01328769881216
2.01328769881216
2.01328769881216
2.01328769881216
2.01328769881216
2.01328769881216
2.01328769881216
2.8051808603449433
3.0199315482182407
3.0199315482182407
3.0199315482182407
3.5568082679014834
4.02657539762432
4.02657539762432
4.02657539762432
4.02657539762432
4.02657539762432
4.02657539762432
5.033219247030401
4.456076773370915
4.02657539762432
4.02657539762432
4.02657539762432
4.02657539762432
4.02657539762432
4.02657539762432
3.1675726461311324
3.0199315482182407
3.0199315482182407
3.0199315482182407
3.0199315482182407
3.0199315482182407
3.0199315482182407
3.0199315482182407
3.0199315482182407
3.0199315482182407
3.0199315482182407
3.0199315482182407
3.3420575800281864
4.02657539762432
4.02657539762432
4.02657539762432
4.02657539762432
4.02657539762432
4.02657539762432
4.02657539762432
4.2547480034896985
5.033219247030401
5.033219247030401
5.033219247030401
5.033219247030401
5.033219247030401
5.033219247030401
5.033219247030401
5.033219247030401
4.0936849875847265
4.02657539762432
4.02657539762432
4.02657539762432
4.02657539762432
4.02657539762432
3.919200053687672
3.0199315482182407
3.0199315482182407
3.0199315482182407
3.0199315482182407
3.0199315482182407
3.0199315482182407
3.0199315482182407
3.0199315482182407
3.0199315482182407
3.0199315482182407
3.0199315482182407
3.0199315482182407
3.0199315482182407
3.9997315616401585
4.02657539762432
4.02657539762432
4.02657539762432
4.02657539762432
4.02657539762432
4.02657539762432
4.697671297228374
5.033219247030401
5.033219247030401
5.033219247030401
5.033219247030401
5.033219247030401
5.033219247030401
4.5634521173075635
4.02657539762432
4.02657539762432
4.02657539762432
4.02657539762432
4.02657539762432
4.02657539762432
4.02657539762432
4.02657539762432
4.02657539762432
4.02657539762432
4.02657539762432
4.02657539762432
4.02657539762432
4.02657539762432
4.02657539762432
4.02657539762432
4.02657539762432
4.02657539762432
4.02657539762432
4.02657539762432
4.02657539762432
4.02657539762432
4.02657539762432
4.02657539762432
4.1742164955372125
5.033219247030401
5.033219247030401
5.033219247030401
5.033219247030401
5.033219247030401
5.033219247030401
5.033219247030401
5.033219247030401
4.590295953291726
4.02657539762432
4.02657539762432
4.02657539762432
4.02657539762432
4.02657539762432
4.02657539762432
4.02657539762432
4.02657539762432
4.02657539762432
4.02657539762432
4.02657539762432
4.02657539762432
4.02657539762432
4.02657539762432
4.02657539762432
4.02657539762432
4.02657539762432
4.02657539762432
4.02657539762432
4.02657539762432
4.02657539762432
4.02657539762432
4.02657539762432
4.02657539762432
4.160794577545132
5.033219247030401
5.033219247030401
5.033219247030401
5.033219247030401
5.033219247030401
5.033219247030401
5.033219247030401
4.5231863633313205
4.02657539762432
4.02657539762432
4.02657539762432
4.02657539762432
4.02657539762432
3.6239178578618887
3.0199315482182407
3.0199315482182407
2.724649352392457
2.01328769881216
2.01328769881216
2.01328769881216
2.01328769881216
2.01328769881216
2.321991812630025
3.0199315482182407
3.0199315482182407
3.0199315482182407
3.811824709751024
4.02657539762432
4.02657539762432
4.14737265955305
5.033219247030401
5.033219247030401
5.033219247030401
5.033219247030401
5.355345278840347
6.0398630964364814
6.0398630964364814
5.033219247030401
5.033219247030401
5.033219247030401
5.033219247030401
4.657405543252131
4.02657539762432
4.02657539762432
4.02657539762432
4.02657539762432
3.1541507281390513
3.0199315482182407
3.0199315482182407
3.0199315482182407
3.0199315482182407
3.0199315482182407
3.0199315482182407
3.0199315482182407
3.0199315482182407
3.0199315482182407
3.0199315482182407
3.0199315482182407
3.0199315482182407
3.0199315482182407
3.677605529830213
4.02657539762432
4.02657539762432
4.02657539762432
4.02657539762432
4.02657539762432
4.02657539762432
4.02657539762432
4.02657539762432
4.939265821085834
5.033219247030401
5.033219247030401
5.033219247030401
5.033219247030401
5.033219247030401
5.033219247030401
4.348701429434266
4.02657539762432
4.02657539762432
4.02657539762432
4.02657539762432
4.02657539762432
4.02657539762432
4.02657539762432
4.02657539762432
4.02657539762432
4.02657539762432
4.02657539762432
4.02657539762432
4.02657539762432
4.02657539762432
4.02657539762432
4.02657539762432
4.02657539762432
4.02657539762432
4.02657539762432
4.02657539762432
4.02657539762432
4.02657539762432
4.02657539762432
3.301791826051943
3.0199315482182407
3.0199315482182407
3.0199315482182407
3.0199315482182407
3.0199315482182407
3.0199315482182407
3.0199315482182407
3.0199315482182407
4.02657539762432
4.02657539762432
4.02657539762432
4.02657539762432
4.02657539762432
4.02657539762432
4.939265821085834
5.033219247030401
5.033219247030401
5.033219247030401
5.033219247030401
4.442654855378834
4.02657539762432
4.02657539762432
4.02657539762432
4.02657539762432
3.2346822360915377
3.0199315482182407
3.0199315482182407
3.0199315482182407
3.0199315482182407
3.3420575800281864
4.02657539762432
4.02657539762432
4.02657539762432
4.02657539762432
4.02657539762432
4.38896718341051
5.033219247030401
5.033219247030401
5.033219247030401
5.033219247030401
5.033219247030401
5.033219247030401
5.033219247030401
5.033219247030401
4.080263069592645
4.02657539762432
4.02657539762432
4.02657539762432
4.02657539762432
4.02657539762432
4.02657539762432
4.02657539762432
4.02657539762432
4.02657539762432
4.02657539762432
4.02657539762432
4.02657539762432
4.02657539762432
4.02657539762432
4.02657539762432
4.02657539762432
4.536608281323401
5.033219247030401
5.033219247030401
5.033219247030401
5.033219247030401
5.033219247030401
5.033219247030401
5.033219247030401
5.033219247030401
4.053419233608483
4.02657539762432
4.02657539762432
4.02657539762432
4.02657539762432
4.02657539762432
4.02657539762432
4.02657539762432
4.02657539762432
4.02657539762432
4.02657539762432
4.02657539762432
4.02657539762432
4.02657539762432
4.02657539762432
4.02657539762432
4.02657539762432
4.02657539762432
4.02657539762432
4.764780887188779
