91.13476277655383
91.13476277655383
90.85549384056847
88.06280448071493
88.06280448071493
88.06280448071493
88.06280448071493
88.06280448071493
88.06280448071493
88.06280448071493
88.06280448071493
88.06280448071493
88.06280448071493
88.06280448071493
88.06280448071493
88.06280448071493
88.06280448071493
88.06280448071493
88.06280448071493
88.06280448071493
88.06280448071493
88.06280448071493
88.06280448071493
88.06280448071493
88.06280448071493
88.06280448071493
89.30399975176095
92.1587488751668
92.1587488751668
92.1587488751668
92.1587488751668
92.1587488751668
92.1587488751668
92.1587488751668
92.1587488751668
92.1587488751668
92.1587488751668
92.1587488751668
92.1587488751668
92.1587488751668
92.1587488751668
92.1587488751668
92.1587488751668
92.1587488751668
92.1587488751668
92.1587488751668
92.1587488751668
92.1587488751668
92.1587488751668
92.1587488751668
92.1587488751668
92.1587488751668
92.1587488751668
92.1587488751668
92.1587488751668
92.1587488751668
92.1587488751668
92.1587488751668
92.1587488751668
92.1587488751668
92.1587488751668
92.1587488751668
92.1587488751668
92.1587488751668
92.1587488751668
92.1587488751668
92.1587488751668
92.43801781115215
95.23070717100569
95.23070717100569
95.23070717100569
95.23070717100569
95.23070717100569
95.23070717100569
95.23070717100569
95.23070717100569
95.23070717100569
95.23070717100569
95.23070717100569
95.23070717100569
95.23070717100569
95.23070717100569
95.23070717100569
95.23070717100569
95.23070717100569
95.23070717100569
95.23070717100569
95.23070717100569
95.23070717100569
95.23070717100569
95.23070717100569
95.23070717100569
95.23070717100569
95.23070717100569
95.23070717100569
95.23070717100569
95.23070717100569
95.23070717100569
95.23070717100569
95.23070717100569
95.23070717100569
95.23070717100569
95.23070717100569
95.23070717100569
95.23070717100569
95.23070717100569
95.23070717100569
95.23070717100569
95.23070717100569
97.24764948645547
100.3506376640705
100.3506376640705
100.3506376640705
100.3506376640705
100.3506376640705
100.3506376640705
100.3506376640705
100.3506376640705
100.3506376640705
100.3506376640705
100.3506376640705
100.3506376640705
100.3506376640705
100.3506376640705
100.3506376640705
100.3506376640705
100.3506376640705
100.3506376640705
100.3506376640705
100.3506376640705
97.37176901356007
94.20672107239272
94.20672107239272
94.20672107239272
94.20672107239272
94.20672107239272
94.20672107239272
94.20672107239272
94.20672107239272
94.20672107239272
94.20672107239272
94.20672107239272
94.20672107239272
94.20672107239272
94.20672107239272
94.20672107239272
94.20672107239272
94.20672107239272
94.20672107239272
94.20672107239272
94.20672107239272
94.20672107239272
94.20672107239272
94.20672107239272
95.23070717100569
97.27867936823162
97.27867936823162
97.27867936823162
97.27867936823162
97.27867936823162
97.27867936823162
97.27867936823162
97.27867936823162
97.27867936823162
97.27867936823162
97.27867936823162
97.27867936823162
97.27867936823162
97.27867936823162
97.27867936823162
97.27867936823162
97.27867936823162
97.27867936823162
97.27867936823162
97.27867936823162
97.27867936823162
97.27867936823162
97.12352995935086
96.25469326961866
96.25469326961866
96.25469326961866
96.25469326961866
96.25469326961866
96.25469326961866
96.25469326961866
96.25469326961866
96.25469326961866
96.25469326961866
96.25469326961866
96.25469326961866
96.25469326961866
96.25469326961866
96.25469326961866
96.25469326961866
96.25469326961866
96.25469326961866
96.25469326961866
96.25469326961866
96.25469326961866
96.25469326961866
96.25469326961866
96.25469326961866
96.25469326961866
95.29276693455799
95.23070717100569
95.23070717100569
95.23070717100569
95.23070717100569
95.23070717100569
95.23070717100569
95.23070717100569
95.23070717100569
95.23070717100569
95.23070717100569
95.23070717100569
95.23070717100569
95.23070717100569
95.23070717100569
95.23070717100569
95.23070717100569
95.23070717100569
95.23070717100569
95.23070717100569
95.23070717100569
95.23070717100569
95.23070717100569
95.23070717100569
95.9754243336333
97.27867936823162
97.27867936823162
97.27867936823162
97.27867936823162
97.27867936823162
97.27867936823162
97.27867936823162
97.27867936823162
97.27867936823162
97.27867936823162
97.27867936823162
97.27867936823162
97.27867936823162
97.27867936823162
97.27867936823162
97.27867936823162
97.27867936823162
97.27867936823162
97.27867936823162
97.27867936823162
97.27867936823162
97.27867936823162
96.75117137803706
96.25469326961866
96.25469326961866
96.25469326961866
96.25469326961866
96.25469326961866
96.25469326961866
96.25469326961866
96.25469326961866
96.25469326961866
96.25469326961866
96.25469326961866
96.25469326961866
96.25469326961866
96.25469326961866
96.25469326961866
96.25469326961866
96.25469326961866
96.25469326961866
96.25469326961866
96.25469326961866
96.25469326961866
96.25469326961866
94.29981071772117
93.18273497377976
93.18273497377976
93.18273497377976
93.18273497377976
93.18273497377976
93.18273497377976
93.18273497377976
93.18273497377976
93.18273497377976
93.18273497377976
93.18273497377976
93.18273497377976
93.18273497377976
93.18273497377976
93.18273497377976
93.18273497377976
93.18273497377976
93.18273497377976
93.18273497377976
93.18273497377976
93.18273497377976
93.18273497377976
92.81037639246595
92.1587488751668
92.1587488751668
92.1587488751668
92.1587488751668
92.1587488751668
92.1587488751668
92.1587488751668
92.1587488751668
92.1587488751668
92.1587488751668
92.1587488751668
92.1587488751668
92.1587488751668
92.1587488751668
92.1587488751668
92.1587488751668
92.1587488751668
92.1587488751668
92.1587488751668
92.1587488751668
92.1587488751668
92.1587488751668
92.22080863871909
94.20672107239272
94.20672107239272
94.20672107239272
94.20672107239272
94.20672107239272
94.20672107239272
94.20672107239272
94.20672107239272
94.20672107239272
94.20672107239272
94.20672107239272
94.20672107239272
94.20672107239272
94.20672107239272
94.20672107239272
94.20672107239272
94.20672107239272
94.20672107239272
94.20672107239272
94.20672107239272
94.20672107239272
94.20672107239272
94.20672107239272
94.20672107239272
93.43097402798897
93.18273497377976
93.18273497377976
93.18273497377976
93.18273497377976
93.18273497377976
93.18273497377976
93.18273497377976
93.18273497377976
93.18273497377976
93.18273497377976
93.18273497377976
93.18273497377976
93.18273497377976
93.18273497377976
93.18273497377976
93.18273497377976
93.18273497377976
93.18273497377976
93.18273497377976
93.18273497377976
93.18273497377976
93.18273497377976
93.02758556489901
92.1587488751668
92.1587488751668
92.1587488751668
92.1587488751668
92.1587488751668
92.1587488751668
92.1587488751668
92.1587488751668
92.1587488751668
92.1587488751668
92.1587488751668
92.1587488751668
92.1587488751668
92.1587488751668
92.1587488751668
92.1587488751668
92.1587488751668
92.1587488751668
92.1587488751668
92.1587488751668
92.1587488751668
92.1587488751668
92.1587488751668
92.1587488751668
92.1587488751668
92.1587488751668
92.1587488751668
92.1587488751668
92.1587488751668
92.1587488751668
92.1587488751668
92.1587488751668
92.1587488751668
92.1587488751668
92.1587488751668
92.1587488751668
92.1587488751668
92.1587488751668
92.1587488751668
92.1587488751668
92.1587488751668
92.1587488751668
92.1587488751668
92.1587488751668
92.1587488751668
92.1587488751668
92.1587488751668
92.1587488751668
92.1587488751668
92.1587488751668
90.29695596859777
90.11077667794086
90.11077667794086
90.11077667794086
90.11077667794086
90.11077667794086
90.11077667794086
90.11077667794086
90.11077667794086
90.11077667794086
90.11077667794086
90.11077667794086
90.11077667794086
90.11077667794086
90.11077667794086
90.11077667794086
90.11077667794086
90.11077667794086
90.11077667794086
90.11077667794086
90.11077667794086
90.11077667794086
90.11077667794086
90.11077667794086
92.5311074564806
93.18273497377976
93.18273497377976
93.18273497377976
93.18273497377976
93.18273497377976
93.18273497377976
93.18273497377976
93.18273497377976
93.18273497377976
93.18273497377976
93.18273497377976
93.18273497377976
93.18273497377976
93.18273497377976
93.18273497377976
93.18273497377976
93.18273497377976
93.18273497377976
93.18273497377976
93.18273497377976
93.18273497377976
93.18273497377976
93.18273497377976
92.99655568312285
91.13476277655383
91.13476277655383
91.13476277655383
91.13476277655383
91.13476277655383
91.13476277655383
91.13476277655383
91.13476277655383
91.13476277655383
91.13476277655383
91.13476277655383
91.13476277655383
91.13476277655383
91.13476277655383
91.13476277655383
91.13476277655383
91.13476277655383
91.13476277655383
91.13476277655383
91.13476277655383
91.13476277655383
91.13476277655383
91.13476277655383
91.13476277655383
91.53815123964378
92.1587488751668
92.1587488751668
92.1587488751668
92.1587488751668
92.1587488751668
92.1587488751668
92.1587488751668
92.1587488751668
92.1587488751668
92.1587488751668
92.1587488751668
92.1587488751668
92.1587488751668
92.1587488751668
92.1587488751668
92.1587488751668
92.1587488751668
92.1587488751668
92.1587488751668
92.1587488751668
92.1587488751668
92.1587488751668
92.1587488751668
95.75821516120024
96.25469326961866
96.25469326961866
96.25469326961866
96.25469326961866
96.25469326961866
96.25469326961866
96.25469326961866
96.25469326961866
96.25469326961866
96.25469326961866
96.25469326961866
96.25469326961866
96.25469326961866
96.25469326961866
96.25469326961866
96.25469326961866
96.25469326961866
96.25469326961866
96.25469326961866
96.25469326961866
96.25469326961866
96.25469326961866
95.6030657523195
95.23070717100569
95.23070717100569
95.23070717100569
95.23070717100569
95.23070717100569
95.23070717100569
95.23070717100569
95.23070717100569
95.23070717100569
95.23070717100569
95.23070717100569
95.23070717100569
95.23070717100569
95.23070717100569
95.23070717100569
95.23070717100569
95.23070717100569
95.23070717100569
95.23070717100569
95.23070717100569
95.23070717100569
95.23070717100569
95.23070717100569
95.23070717100569
94.20672107239272
92.1587488751668
92.1587488751668
92.1587488751668
92.1587488751668
92.1587488751668
92.1587488751668
92.1587488751668
92.1587488751668
92.1587488751668
92.1587488751668
92.1587488751668
92.1587488751668
92.1587488751668
92.1587488751668
92.1587488751668
92.1587488751668
92.1587488751668
92.1587488751668
92.1587488751668
92.1587488751668
92.1587488751668
92.1587488751668
92.1587488751668
92.1587488751668
92.8414062742421
93.18273497377976
93.18273497377976
93.18273497377976
93.18273497377976
93.18273497377976
93.18273497377976
93.18273497377976
93.18273497377976
93.18273497377976
93.18273497377976
93.18273497377976
93.18273497377976
93.18273497377976
93.18273497377976
93.18273497377976
93.18273497377976
93.18273497377976
93.18273497377976
93.18273497377976
93.18273497377976
93.18273497377976
93.18273497377976
93.18273497377976
92.12771899339064
91.13476277655383
91.13476277655383
91.13476277655383
91.13476277655383
91.13476277655383
91.13476277655383
91.13476277655383
91.13476277655383
91.13476277655383
91.13476277655383
91.13476277655383
91.13476277655383
91.13476277655383
91.13476277655383
91.13476277655383
91.13476277655383
91.13476277655383
91.13476277655383
91.13476277655383
91.13476277655383
91.13476277655383
91.13476277655383
91.13476277655383
91.13476277655383
91.13476277655383
91.84845005740529
92.1587488751668
92.1587488751668
92.1587488751668
92.1587488751668
92.1587488751668
92.1587488751668
92.1587488751668
92.1587488751668
92.1587488751668
92.1587488751668
92.1587488751668
92.1587488751668
92.1587488751668
92.1587488751668
92.1587488751668
92.1587488751668
92.1587488751668
92.1587488751668
92.1587488751668
92.1587488751668
92.1587488751668
92.1587488751668
92.1587488751668
92.1587488751668
93.15170509200361
93.18273497377976
93.18273497377976
93.18273497377976
93.18273497377976
93.18273497377976
93.18273497377976
93.18273497377976
93.18273497377976
93.18273497377976
93.18273497377976
93.18273497377976
93.18273497377976
93.18273497377976
93.18273497377976
93.18273497377976
93.18273497377976
93.18273497377976
93.18273497377976
93.18273497377976
93.18273497377976
93.18273497377976
93.18273497377976
93.18273497377976
93.18273497377976
93.18273497377976
93.18273497377976
93.18273497377976
93.18273497377976
93.18273497377976
93.18273497377976
93.18273497377976
93.18273497377976
93.18273497377976
93.18273497377976
93.18273497377976
93.18273497377976
93.18273497377976
93.18273497377976
93.18273497377976
93.18273497377976
93.18273497377976
93.18273497377976
93.18273497377976
93.18273497377976
93.18273497377976
93.18273497377976
93.18273497377976
93.18273497377976
92.93449591957055
92.1587488751668
92.1587488751668
92.1587488751668
92.1587488751668
92.1587488751668
92.1587488751668
92.1587488751668
92.1587488751668
92.1587488751668
92.1587488751668
92.1587488751668
92.1587488751668
92.1587488751668
92.1587488751668
92.1587488751668
92.1587488751668
92.1587488751668
92.1587488751668
92.1587488751668
92.1587488751668
92.1587488751668
92.1587488751668
93.18273497377976
95.23070717100569
95.23070717100569
95.23070717100569
95.23070717100569
95.23070717100569
95.23070717100569
95.23070717100569
95.23070717100569
95.23070717100569
95.23070717100569
95.23070717100569
95.23070717100569
95.23070717100569
95.23070717100569
95.23070717100569
95.23070717100569
95.23070717100569
95.23070717100569
95.23070717100569
95.23070717100569
95.23070717100569
95.23070717100569
95.23070717100569
95.23070717100569
95.23070717100569
94.61010953548268
94.20672107239272
94.20672107239272
94.20672107239272
94.20672107239272
94.20672107239272
94.20672107239272
94.20672107239272
94.20672107239272
94.20672107239272
94.20672107239272
94.20672107239272
94.20672107239272
94.20672107239272
94.20672107239272
94.20672107239272
94.20672107239272
94.20672107239272
94.20672107239272
94.20672107239272
94.20672107239272
94.20672107239272
94.20672107239272
94.20672107239272
98.76811369348684
101.37462376268347
101.37462376268347
101.37462376268347
101.37462376268347
101.37462376268347
101.37462376268347
101.37462376268347
101.37462376268347
101.37462376268347
101.37462376268347
101.37462376268347
101.37462376268347
101.37462376268347
101.37462376268347
101.37462376268347
101.37462376268347
101.37462376268347
101.37462376268347
101.37462376268347
101.37462376268347
101.37462376268347
101.37462376268347
101.37462376268347
100.25754801874206
95.23070717100569
95.23070717100569
95.23070717100569
95.23070717100569
95.23070717100569
95.23070717100569
95.23070717100569
95.23070717100569
95.23070717100569
95.23070717100569
95.23070717100569
95.23070717100569
95.23070717100569
95.23070717100569
95.23070717100569
95.23070717100569
95.23070717100569
95.23070717100569
95.23070717100569
95.23070717100569
95.23070717100569
95.23070717100569
95.23070717100569
95.23070717100569
95.23070717100569
95.23070717100569
99.88518943742825
101.37462376268347
101.37462376268347
101.37462376268347
101.37462376268347
101.37462376268347
101.37462376268347
101.37462376268347
101.37462376268347
101.37462376268347
101.37462376268347
101.37462376268347
101.37462376268347
101.37462376268347
101.37462376268347
101.37462376268347
101.37462376268347
101.37462376268347
101.37462376268347
101.37462376268347
101.37462376268347
101.37462376268347
101.37462376268347
101.37462376268347
100.69196636360816
99.32665156545754
99.32665156545754
99.32665156545754
99.32665156545754
99.32665156545754
99.32665156545754
99.32665156545754
99.32665156545754
99.32665156545754
99.32665156545754
99.32665156545754
99.32665156545754
99.32665156545754
99.32665156545754
99.32665156545754
99.32665156545754
99.32665156545754
99.32665156545754
99.32665156545754
99.32665156545754
99.32665156545754
99.32665156545754
99.32665156545754
99.32665156545754
97.37176901356007
96.25469326961866
96.25469326961866
96.25469326961866
96.25469326961866
96.25469326961866
96.25469326961866
96.25469326961866
96.25469326961866
96.25469326961866
96.25469326961866
96.25469326961866
96.25469326961866
96.25469326961866
96.25469326961866
96.25469326961866
96.25469326961866
96.25469326961866
96.25469326961866
96.25469326961866
96.25469326961866
96.25469326961866
96.25469326961866
96.25469326961866
97.93030688553078
99.32665156545754
99.32665156545754
99.32665156545754
99.32665156545754
99.32665156545754
99.32665156545754
99.32665156545754
99.32665156545754
99.32665156545754
99.32665156545754
99.32665156545754
99.32665156545754
99.32665156545754
99.32665156545754
99.32665156545754
99.32665156545754
99.32665156545754
99.32665156545754
99.32665156545754
99.32665156545754
99.32665156545754
99.32665156545754
99.32665156545754
96.2857231513948
92.1587488751668
92.1587488751668
92.1587488751668
92.1587488751668
92.1587488751668
92.1587488751668
92.1587488751668
92.1587488751668
92.1587488751668
92.1587488751668
92.1587488751668
92.1587488751668
92.1587488751668
