68.26865925108261
68.26865925108261
68.26865925108261
68.26865925108261
68.26865925108261
68.26865925108261
68.26865925108261
68.26865925108261
68.26865925108261
68.26865925108261
68.26865925108261
68.26865925108261
68.26865925108261
68.26865925108261
68.26865925108261
67.9573179360901
67.24972403837988
67.24972403837988
67.24972403837988
67.24972403837988
67.24972403837988
67.24972403837988
67.24972403837988
67.24972403837988
67.24972403837988
67.24972403837988
67.24972403837988
67.24972403837988
67.24972403837988
67.24972403837988
67.24972403837988
67.24972403837988
67.24972403837988
67.24972403837988
67.24972403837988
67.24972403837988
67.24972403837988
66.85347145566216
66.23078882567717
66.23078882567717
66.23078882567717
66.23078882567717
66.23078882567717
66.23078882567717
66.23078882567717
66.23078882567717
66.23078882567717
66.23078882567717
66.23078882567717
66.23078882567717
66.23078882567717
66.23078882567717
66.23078882567717
66.23078882567717
66.23078882567717
66.23078882567717
66.23078882567717
66.23078882567717
66.23078882567717
66.23078882567717
66.23078882567717
66.23078882567717
66.23078882567717
66.23078882567717
66.23078882567717
66.23078882567717
66.23078882567717
66.23078882567717
66.23078882567717
66.23078882567717
66.23078882567717
66.23078882567717
66.23078882567717
66.23078882567717
66.23078882567717
66.23078882567717
66.23078882567717
66.23078882567717
66.23078882567717
66.23078882567717
66.23078882567717
66.23078882567717
66.23078882567717
66.23078882567717
65.52319492796694
65.21185361297444
65.21185361297444
65.21185361297444
65.21185361297444
65.21185361297444
65.21185361297444
65.21185361297444
65.21185361297444
65.21185361297444
65.21185361297444
65.21185361297444
65.21185361297444
65.21185361297444
65.21185361297444
65.21185361297444
65.21185361297444
65.21185361297444
65.21185361297444
65.21185361297444
65.21185361297444
65.21185361297444
65.21185361297444
65.21185361297444
66.11757380204352
66.23078882567717
66.23078882567717
66.23078882567717
66.23078882567717
66.23078882567717
66.23078882567717
66.23078882567717
66.23078882567717
66.23078882567717
66.23078882567717
66.23078882567717
66.23078882567717
66.23078882567717
66.23078882567717
66.23078882567717
66.23078882567717
66.23078882567717
66.23078882567717
66.23078882567717
66.23078882567717
66.23078882567717
66.23078882567717
66.23078882567717
66.23078882567717
66.23078882567717
66.23078882567717
66.23078882567717
66.23078882567717
66.23078882567717
66.23078882567717
66.23078882567717
66.23078882567717
66.23078882567717
66.23078882567717
66.23078882567717
66.23078882567717
66.23078882567717
66.23078882567717
66.23078882567717
66.23078882567717
66.23078882567717
66.23078882567717
66.23078882567717
66.23078882567717
66.23078882567717
66.23078882567717
66.23078882567717
66.23078882567717
66.23078882567717
66.23078882567717
66.23078882567717
66.23078882567717
66.23078882567717
66.23078882567717
66.23078882567717
66.23078882567717
66.23078882567717
66.23078882567717
66.23078882567717
66.23078882567717
66.23078882567717
66.23078882567717
66.23078882567717
66.23078882567717
66.23078882567717
66.23078882567717
66.23078882567717
66.23078882567717
66.23078882567717
66.23078882567717
66.23078882567717
65.74962497523421
65.21185361297444
65.21185361297444
65.21185361297444
65.21185361297444
65.21185361297444
65.21185361297444
65.21185361297444
65.21185361297444
65.21185361297444
65.21185361297444
65.21185361297444
65.21185361297444
65.21185361297444
65.21185361297444
65.21185361297444
65.21185361297444
65.21185361297444
65.21185361297444
65.21185361297444
65.21185361297444
65.21185361297444
65.21185361297444
65.21185361297444
65.55149868387535
67.24972403837988
67.24972403837988
67.24972403837988
67.24972403837988
67.24972403837988
67.24972403837988
67.24972403837988
67.24972403837988
67.24972403837988
67.24972403837988
67.24972403837988
67.24972403837988
67.24972403837988
67.24972403837988
67.24972403837988
67.24972403837988
67.24972403837988
67.24972403837988
67.24972403837988
67.24972403837988
67.24972403837988
67.24972403837988
67.24972403837988
67.24972403837988
67.24972403837988
67.24972403837988
67.24972403837988
67.24972403837988
67.24972403837988
67.24972403837988
67.24972403837988
67.24972403837988
67.24972403837988
67.24972403837988
67.24972403837988
67.24972403837988
67.24972403837988
67.24972403837988
67.24972403837988
67.24972403837988
67.24972403837988
67.24972403837988
67.24972403837988
67.24972403837988
67.24972403837988
67.24972403837988
67.19311652656307
66.23078882567717
66.23078882567717
66.23078882567717
66.23078882567717
66.23078882567717
66.23078882567717
66.23078882567717
66.23078882567717
66.23078882567717
66.23078882567717
66.23078882567717
66.23078882567717
66.23078882567717
66.23078882567717
66.23078882567717
66.23078882567717
66.23078882567717
66.23078882567717
66.23078882567717
66.23078882567717
66.23078882567717
66.23078882567717
66.23078882567717
66.23078882567717
66.23078882567717
66.23078882567717
66.23078882567717
66.23078882567717
66.23078882567717
66.23078882567717
66.23078882567717
66.23078882567717
66.23078882567717
66.23078882567717
66.23078882567717
66.23078882567717
66.23078882567717
66.23078882567717
66.23078882567717
66.23078882567717
66.23078882567717
66.23078882567717
66.23078882567717
66.23078882567717
66.23078882567717
66.23078882567717
66.23078882567717
66.23078882567717
64.58917098298944
64.19291840027171
64.19291840027171
64.19291840027171
64.19291840027171
64.19291840027171
64.19291840027171
64.19291840027171
64.19291840027171
64.19291840027171
64.19291840027171
64.19291840027171
64.19291840027171
64.19291840027171
64.19291840027171
64.19291840027171
64.19291840027171
64.19291840027171
64.19291840027171
64.19291840027171
64.19291840027171
64.19291840027171
64.19291840027171
64.19291840027171
62.72112309303444
62.15504797486626
62.15504797486626
62.15504797486626
62.15504797486626
62.15504797486626
62.15504797486626
62.15504797486626
62.15504797486626
62.15504797486626
62.15504797486626
62.15504797486626
62.15504797486626
62.15504797486626
62.15504797486626
62.15504797486626
62.15504797486626
62.15504797486626
62.15504797486626
62.15504797486626
62.15504797486626
62.15504797486626
62.15504797486626
62.15504797486626
62.15504797486626
62.15504797486626
62.15504797486626
62.15504797486626
62.15504797486626
62.15504797486626
62.15504797486626
62.15504797486626
62.15504797486626
62.15504797486626
62.15504797486626
62.15504797486626
62.15504797486626
62.15504797486626
62.15504797486626
62.15504797486626
62.15504797486626
62.15504797486626
62.15504797486626
62.15504797486626
62.15504797486626
62.15504797486626
62.15504797486626
62.15504797486626
62.04183295123262
61.136112762163535
61.136112762163535
61.136112762163535
61.136112762163535
61.136112762163535
61.136112762163535
61.136112762163535
61.136112762163535
61.136112762163535
61.136112762163535
61.136112762163535
61.136112762163535
61.136112762163535
61.136112762163535
61.136112762163535
61.136112762163535
61.136112762163535
61.136112762163535
61.136112762163535
61.136112762163535
61.136112762163535
61.136112762163535
61.136112762163535
60.25869632900285
60.117177549460806
60.117177549460806
60.117177549460806
60.117177549460806
60.117177549460806
60.117177549460806
60.117177549460806
60.117177549460806
60.117177549460806
60.117177549460806
60.117177549460806
60.117177549460806
60.117177549460806
60.117177549460806
60.117177549460806
60.117177549460806
60.117177549460806
60.117177549460806
60.117177549460806
60.117177549460806
60.117177549460806
61.81540290396535
64.19291840027171
64.19291840027171
64.19291840027171
64.19291840027171
64.19291840027171
64.19291840027171
64.19291840027171
64.19291840027171
64.19291840027171
64.19291840027171
64.19291840027171
64.19291840027171
64.19291840027171
64.19291840027171
64.19291840027171
64.19291840027171
64.19291840027171
64.19291840027171
64.19291840027171
64.19291840027171
64.19291840027171
64.19291840027171
63.42871699074467
63.173983187568986
63.173983187568986
63.173983187568986
63.173983187568986
63.173983187568986
63.173983187568986
63.173983187568986
63.173983187568986
63.173983187568986
63.173983187568986
63.173983187568986
63.173983187568986
63.173983187568986
63.173983187568986
63.173983187568986
63.173983187568986
63.173983187568986
63.173983187568986
63.173983187568986
63.173983187568986
63.173983187568986
63.173983187568986
65.55149868387535
66.23078882567717
66.23078882567717
66.23078882567717
66.23078882567717
66.23078882567717
66.23078882567717
66.23078882567717
66.23078882567717
66.23078882567717
66.23078882567717
66.23078882567717
66.23078882567717
66.23078882567717
66.23078882567717
66.23078882567717
66.23078882567717
66.23078882567717
66.23078882567717
66.23078882567717
66.23078882567717
66.23078882567717
66.23078882567717
65.43828366024171
65.21185361297444
65.21185361297444
65.21185361297444
65.21185361297444
65.21185361297444
65.21185361297444
65.21185361297444
65.21185361297444
65.21185361297444
65.21185361297444
65.21185361297444
65.21185361297444
65.21185361297444
65.21185361297444
65.21185361297444
65.21185361297444
65.21185361297444
65.21185361297444
65.21185361297444
65.21185361297444
65.21185361297444
65.21185361297444
65.21185361297444
65.21185361297444
65.21185361297444
65.21185361297444
65.21185361297444
65.21185361297444
65.21185361297444
65.21185361297444
65.21185361297444
65.21185361297444
65.21185361297444
65.21185361297444
65.21185361297444
65.21185361297444
65.21185361297444
65.21185361297444
65.21185361297444
65.21185361297444
65.21185361297444
65.21185361297444
65.21185361297444
65.21185361297444
65.21185361297444
65.21185361297444
65.21185361297444
66.20248506976876
66.23078882567717
66.23078882567717
66.23078882567717
66.23078882567717
66.23078882567717
66.23078882567717
66.23078882567717
66.23078882567717
66.23078882567717
66.23078882567717
66.23078882567717
66.23078882567717
66.23078882567717
66.23078882567717
66.23078882567717
66.23078882567717
66.23078882567717
66.23078882567717
66.23078882567717
66.23078882567717
66.23078882567717
66.23078882567717
66.23078882567717
66.23078882567717
66.23078882567717
66.23078882567717
66.23078882567717
66.23078882567717
66.23078882567717
66.23078882567717
66.23078882567717
66.23078882567717
66.23078882567717
66.23078882567717
66.23078882567717
66.23078882567717
66.23078882567717
66.23078882567717
66.23078882567717
66.23078882567717
66.23078882567717
66.23078882567717
66.23078882567717
66.23078882567717
66.23078882567717
66.23078882567717
66.23078882567717
65.26846112479126
64.19291840027171
64.19291840027171
64.19291840027171
64.19291840027171
64.19291840027171
64.19291840027171
64.19291840027171
64.19291840027171
64.19291840027171
64.19291840027171
64.19291840027171
64.19291840027171
64.19291840027171
64.19291840027171
64.19291840027171
64.19291840027171
64.19291840027171
64.19291840027171
64.19291840027171
64.19291840027171
64.19291840027171
64.19291840027171
64.19291840027171
61.730491636240124
61.136112762163535
61.136112762163535
61.136112762163535
61.136112762163535
61.136112762163535
61.136112762163535
61.136112762163535
61.136112762163535
61.136112762163535
61.136112762163535
61.136112762163535
61.136112762163535
61.136112762163535
61.136112762163535
61.136112762163535
61.136112762163535
61.136112762163535
61.136112762163535
61.136112762163535
61.136112762163535
61.136112762163535
61.136112762163535
61.136112762163535
61.136112762163535
61.136112762163535
61.136112762163535
61.136112762163535
61.136112762163535
61.136112762163535
61.136112762163535
61.136112762163535
61.136112762163535
61.136112762163535
61.136112762163535
61.136112762163535
61.136112762163535
61.136112762163535
61.136112762163535
61.136112762163535
61.136112762163535
61.136112762163535
61.136112762163535
61.136112762163535
61.136112762163535
61.136112762163535
61.136112762163535
61.136112762163535
61.07950525034671
60.117177549460806
60.117177549460806
60.117177549460806
60.117177549460806
60.117177549460806
60.117177549460806
60.117177549460806
60.117177549460806
60.117177549460806
60.117177549460806
60.117177549460806
60.117177549460806
60.117177549460806
60.117177549460806
60.117177549460806
60.117177549460806
60.117177549460806
60.117177549460806
60.117177549460806
60.117177549460806
60.117177549460806
60.117177549460806
60.117177549460806
60.117177549460806
60.117177549460806
60.117177549460806
60.117177549460806
60.117177549460806
60.117177549460806
60.117177549460806
60.117177549460806
60.117177549460806
60.117177549460806
60.117177549460806
60.117177549460806
60.117177549460806
60.117177549460806
60.117177549460806
60.117177549460806
60.117177549460806
60.117177549460806
60.117177549460806
60.117177549460806
60.117177549460806
60.117177549460806
60.117177549460806
60.117177549460806
59.21145736039172
59.098242336758084
59.098242336758084
59.098242336758084
59.098242336758084
59.098242336758084
59.098242336758084
59.098242336758084
59.098242336758084
59.098242336758084
59.098242336758084
59.098242336758084
59.098242336758084
59.098242336758084
59.098242336758084
59.098242336758084
59.098242336758084
59.098242336758084
59.098242336758084
59.098242336758084
59.098242336758084
59.098242336758084
59.098242336758084
59.098242336758084
59.098242336758084
59.098242336758084
59.098242336758084
59.098242336758084
59.098242336758084
59.098242336758084
59.098242336758084
59.098242336758084
59.098242336758084
59.098242336758084
59.098242336758084
59.098242336758084
59.098242336758084
59.098242336758084
59.098242336758084
59.098242336758084
59.098242336758084
59.098242336758084
59.098242336758084
59.098242336758084
59.098242336758084
59.098242336758084
61.07950525034671
61.136112762163535
61.136112762163535
61.136112762163535
61.136112762163535
61.136112762163535
61.136112762163535
61.136112762163535
61.136112762163535
61.136112762163535
61.136112762163535
61.136112762163535
61.136112762163535
61.136112762163535
61.136112762163535
61.136112762163535
61.136112762163535
61.136112762163535
61.136112762163535
61.136112762163535
61.136112762163535
61.136112762163535
61.136112762163535
62.04183295123262
63.173983187568986
63.173983187568986
63.173983187568986
63.173983187568986
63.173983187568986
63.173983187568986
63.173983187568986
63.173983187568986
63.173983187568986
63.173983187568986
63.173983187568986
63.173983187568986
63.173983187568986
63.173983187568986
63.173983187568986
63.173983187568986
63.173983187568986
63.173983187568986
63.173983187568986
63.173983187568986
63.173983187568986
63.45702074665308
64.19291840027171
64.19291840027171
64.19291840027171
64.19291840027171
64.19291840027171
64.19291840027171
64.19291840027171
64.19291840027171
64.19291840027171
64.19291840027171
64.19291840027171
64.19291840027171
64.19291840027171
64.19291840027171
64.19291840027171
64.19291840027171
64.19291840027171
64.19291840027171
64.19291840027171
64.19291840027171
64.19291840027171
64.19291840027171
63.90988084118762
63.173983187568986
63.173983187568986
63.173983187568986
63.173983187568986
63.173983187568986
63.173983187568986
63.173983187568986
63.173983187568986
63.173983187568986
63.173983187568986
63.173983187568986
63.173983187568986
63.173983187568986
63.173983187568986
63.173983187568986
63.173983187568986
63.173983187568986
63.173983187568986
63.173983187568986
63.173983187568986
63.173983187568986
63.173983187568986
63.173983187568986
63.42871699074467
64.19291840027171
64.19291840027171
64.19291840027171
64.19291840027171
64.19291840027171
64.19291840027171
64.19291840027171
64.19291840027171
64.19291840027171
64.19291840027171
64.19291840027171
64.19291840027171
64.19291840027171
64.19291840027171
64.19291840027171
64.19291840027171
64.19291840027171
64.19291840027171
64.19291840027171
64.19291840027171
64.19291840027171
64.19291840027171
63.68345079392035
62.15504797486626
62.15504797486626
62.15504797486626
62.15504797486626
62.15504797486626
62.15504797486626
62.15504797486626
62.15504797486626
62.15504797486626
62.15504797486626
62.15504797486626
62.15504797486626
62.15504797486626
62.15504797486626
62.15504797486626
62.15504797486626
62.15504797486626
62.15504797486626
62.15504797486626
62.15504797486626
62.15504797486626
62.15504797486626
62.15504797486626
62.15504797486626
62.15504797486626
62.15504797486626
62.15504797486626
62.15504797486626
62.15504797486626
62.15504797486626
62.15504797486626
62.15504797486626
62.15504797486626
62.15504797486626
62.15504797486626
62.15504797486626
62.15504797486626
62.15504797486626
62.15504797486626
62.15504797486626
62.15504797486626
62.15504797486626
62.15504797486626
61.136112762163535
60.117177549460806
60.117177549460806
60.117177549460806
60.117177549460806
60.117177549460806
60.117177549460806
60.117177549460806
60.117177549460806
60.117177549460806
60.117177549460806
60.117177549460806
60.117177549460806
60.117177549460806
60.117177549460806
60.117177549460806
60.117177549460806
60.117177549460806
60.117177549460806
60.117177549460806
60.117177549460806
60.117177549460806
60.117177549460806
60.65494891172058
61.136112762163535
61.136112762163535
61.136112762163535
61.136112762163535
61.136112762163535
61.136112762163535
61.136112762163535
61.136112762163535
61.136112762163535
61.136112762163535
61.136112762163535
61.136112762163535
61.136112762163535
61.136112762163535
61.136112762163535
61.136112762163535
61.136112762163535
61.136112762163535
61.136112762163535
61.136112762163535
61.136112762163535
61.136112762163535
