5.092020077107732
5.092020077107732
5.092020077107732
5.092020077107732
5.092020077107732
5.092020077107732
5.092020077107732
5.092020077107732
5.092020077107732
5.092020077107732
5.092020077107732
5.092020077107732
5.092020077107732
5.092020077107732
5.092020077107732
5.092020077107732
5.092020077107732
5.092020077107732
5.092020077107732
5.092020077107732
5.092020077107732
5.092020077107732
5.092020077107732
5.092020077107732
5.092020077107732
5.092020077107732
5.092020077107732
5.092020077107732
5.092020077107732
5.092020077107732
5.092020077107732
5.092020077107732
5.092020077107732
5.092020077107732
5.092020077107732
5.092020077107732
5.092020077107732
5.092020077107732
5.092020077107732
5.092020077107732
5.092020077107732
5.092020077107732
5.092020077107732
5.092020077107732
5.092020077107732
5.092020077107732
5.092020077107732
5.092020077107732
5.092020077107732
5.092020077107732
5.092020077107732
5.092020077107732
5.092020077107732
5.092020077107732
5.092020077107732
5.092020077107732
5.092020077107732
5.092020077107732
5.092020077107732
5.092020077107732
5.092020077107732
5.092020077107732
5.092020077107732
5.092020077107732
5.092020077107732
5.092020077107732
5.092020077107732
5.092020077107732
5.092020077107732
5.092020077107732
5.092020077107732
5.092020077107732
5.092020077107732
5.092020077107732
5.092020077107732
5.092020077107732
5.092020077107732
5.092020077107732
5.092020077107732
5.092020077107732
5.092020077107732
5.092020077107732
5.092020077107732
5.092020077107732
5.092020077107732
5.092020077107732
5.092020077107732
5.092020077107732
5.092020077107732
5.50423122620693
5.431488082248248
5.407240367595354
5.286001794330884
5.455735796901142
5.479983511554036
6.037680948570597
5.6254697994714
5.50423122620693
5.552726655512718
5.673965228777188
6.110424092529279
6.110424092529279
6.110424092529279
6.110424092529279
6.110424092529279
6.110424092529279
6.110424092529279
5.38299265294246
5.092020077107732
5.092020077107732
5.092020077107732
5.092020077107732
5.358744938289567
6.110424092529279
6.110424092529279
6.110424092529279
6.110424092529279
5.9164423753061275
5.1162677917606265
5.092020077107732
5.092020077107732
5.092020077107732
5.092020077107732
5.092020077107732
5.092020077107732
5.092020077107732
5.092020077107732
5.092020077107732
5.092020077107732
5.092020077107732
5.092020077107732
5.092020077107732
5.092020077107732
5.092020077107732
5.092020077107732
5.092020077107732
5.092020077107732
5.092020077107732
5.092020077107732
5.092020077107732
5.092020077107732
5.092020077107732
5.092020077107732
5.092020077107732
5.092020077107732
5.092020077107732
5.092020077107732
5.092020077107732
5.092020077107732
5.092020077107732
5.092020077107732
5.092020077107732
5.092020077107732
5.092020077107732
5.092020077107732
5.092020077107732
5.092020077107732
5.092020077107732
5.092020077107732
4.34034092286802
4.073616061686186
4.073616061686186
4.073616061686186
4.073616061686186
4.073616061686186
4.073616061686186
4.073616061686186
4.073616061686186
4.073616061686186
4.073616061686186
4.073616061686186
4.073616061686186
4.073616061686186
4.073616061686186
4.073616061686186
4.073616061686186
4.073616061686186
4.073616061686186
4.073616061686186
4.073616061686186
4.073616061686186
4.073616061686186
4.073616061686186
4.073616061686186
4.073616061686186
4.073616061686186
4.073616061686186
4.073616061686186
4.073616061686186
4.073616061686186
4.073616061686186
4.073616061686186
4.073616061686186
4.073616061686186
4.073616061686186
4.073616061686186
4.073616061686186
4.073616061686186
4.073616061686186
4.073616061686186
4.073616061686186
4.073616061686186
4.073616061686186
4.073616061686186
4.073616061686186
4.073616061686186
4.073616061686186
4.073616061686186
4.073616061686186
4.073616061686186
4.073616061686186
4.073616061686186
4.073616061686186
4.073616061686186
4.073616061686186
4.073616061686186
4.073616061686186
4.073616061686186
4.073616061686186
4.073616061686186
4.073616061686186
4.073616061686186
4.073616061686186
4.073616061686186
4.073616061686186
4.073616061686186
4.073616061686186
4.073616061686186
4.073616061686186
4.073616061686186
4.073616061686186
4.073616061686186
4.073616061686186
4.073616061686186
4.073616061686186
4.073616061686186
4.073616061686186
4.073616061686186
4.073616061686186
4.073616061686186
4.655561213355641
5.092020077107732
5.092020077107732
5.092020077107732
5.092020077107732
4.607065784049853
4.073616061686186
4.073616061686186
4.073616061686186
4.073616061686186
4.073616061686186
4.073616061686186
4.073616061686186
4.073616061686186
4.073616061686186
4.073616061686186
4.073616061686186
4.073616061686186
4.073616061686186
4.073616061686186
4.073616061686186
4.073616061686186
4.073616061686186
4.073616061686186
4.073616061686186
4.073616061686186
4.073616061686186
4.073616061686186
4.073616061686186
4.073616061686186
4.073616061686186
4.073616061686186
4.073616061686186
4.073616061686186
4.073616061686186
4.073616061686186
4.073616061686186
4.073616061686186
4.073616061686186
4.073616061686186
4.073616061686186
4.073616061686186
4.073616061686186
4.073616061686186
4.073616061686186
4.073616061686186
4.073616061686186
4.073616061686186
4.073616061686186
4.073616061686186
4.073616061686186
4.073616061686186
4.073616061686186
4.073616061686186
4.073616061686186
4.073616061686186
4.073616061686186
4.073616061686186
4.073616061686186
4.073616061686186
4.073616061686186
4.073616061686186
4.073616061686186
4.073616061686186
4.073616061686186
4.073616061686186
4.073616061686186
4.073616061686186
4.073616061686186
4.073616061686186
4.073616061686186
4.073616061686186
4.073616061686186
4.073616061686186
4.073616061686186
4.073616061686186
4.073616061686186
4.922286074537475
4.607065784049853
4.073616061686186
4.073616061686186
4.073616061686186
4.073616061686186
4.073616061686186
4.073616061686186
4.073616061686186
4.073616061686186
4.073616061686186
4.073616061686186
4.073616061686186
4.073616061686186
4.073616061686186
4.073616061686186
4.607065784049853
5.092020077107732
5.092020077107732
4.073616061686186
4.073616061686186
4.073616061686186
4.073616061686186
4.073616061686186
4.073616061686186
4.970781503843263
5.092020077107732
5.092020077107732
5.092020077107732
5.092020077107732
5.092020077107732
5.092020077107732
5.092020077107732
5.092020077107732
5.092020077107732
5.092020077107732
5.092020077107732
5.092020077107732
5.092020077107732
5.092020077107732
5.092020077107732
5.092020077107732
5.092020077107732
5.092020077107732
5.092020077107732
5.092020077107732
5.092020077107732
5.092020077107732
5.092020077107732
5.092020077107732
5.092020077107732
5.092020077107732
5.092020077107732
5.092020077107732
5.431488082248248
6.110424092529279
6.110424092529279
6.110424092529279
6.110424092529279
6.110424092529279
5.795203802041658
5.092020077107732
5.092020077107732
5.019276933149051
4.122111490991974
4.922286074537475
5.092020077107732
5.092020077107732
5.092020077107732
5.092020077107732
5.092020077107732
5.092020077107732
5.092020077107732
5.092020077107732
5.092020077107732
5.092020077107732
5.092020077107732
5.092020077107732
5.092020077107732
5.092020077107732
5.092020077107732
5.092020077107732
5.092020077107732
4.607065784049853
4.122111490991974
4.170606920297762
4.073616061686186
4.073616061686186
4.073616061686186
4.073616061686186
4.073616061686186
4.073616061686186
4.073616061686186
4.073616061686186
4.073616061686186
4.073616061686186
4.073616061686186
4.073616061686186
4.073616061686186
4.073616061686186
4.073616061686186
4.073616061686186
4.073616061686186
4.073616061686186
4.073616061686186
4.073616061686186
4.073616061686186
4.073616061686186
4.073616061686186
4.073616061686186
4.073616061686186
4.073616061686186
4.073616061686186
4.073616061686186
4.073616061686186
4.073616061686186
4.073616061686186
4.073616061686186
4.073616061686186
4.073616061686186
4.073616061686186
4.073616061686186
4.073616061686186
4.073616061686186
4.073616061686186
4.073616061686186
4.073616061686186
4.073616061686186
4.073616061686186
4.073616061686186
4.073616061686186
4.073616061686186
4.073616061686186
4.073616061686186
4.073616061686186
4.073616061686186
4.073616061686186
4.073616061686186
4.073616061686186
4.073616061686186
4.073616061686186
4.073616061686186
4.073616061686186
4.073616061686186
4.073616061686186
4.073616061686186
4.073616061686186
4.073616061686186
4.073616061686186
4.073616061686186
4.073616061686186
4.073616061686186
4.073616061686186
4.073616061686186
4.073616061686186
4.073616061686186
4.073616061686186
4.073616061686186
4.073616061686186
4.073616061686186
4.073616061686186
4.073616061686186
4.073616061686186
4.073616061686186
4.073616061686186
4.073616061686186
4.073616061686186
4.073616061686186
4.073616061686186
4.073616061686186
4.073616061686186
4.073616061686186
4.073616061686186
4.073616061686186
4.073616061686186
4.073616061686186
4.073616061686186
4.073616061686186
4.073616061686186
4.073616061686186
4.073616061686186
4.073616061686186
4.073616061686186
4.073616061686186
4.073616061686186
4.073616061686186
4.073616061686186
4.073616061686186
4.073616061686186
4.073616061686186
4.073616061686186
4.073616061686186
4.073616061686186
4.073616061686186
4.073616061686186
4.073616061686186
4.073616061686186
4.073616061686186
4.073616061686186
4.073616061686186
4.073616061686186
4.073616061686186
4.073616061686186
4.073616061686186
4.073616061686186
4.073616061686186
4.073616061686186
4.073616061686186
4.073616061686186
4.073616061686186
4.073616061686186
4.073616061686186
4.073616061686186
4.073616061686186
4.073616061686186
4.073616061686186
4.073616061686186
4.073616061686186
4.073616061686186
4.073616061686186
4.073616061686186
4.073616061686186
4.073616061686186
4.073616061686186
4.073616061686186
4.073616061686186
4.073616061686186
4.073616061686186
4.073616061686186
4.073616061686186
4.073616061686186
4.073616061686186
4.073616061686186
4.073616061686186
4.073616061686186
4.073616061686186
4.073616061686186
4.073616061686186
4.073616061686186
4.073616061686186
4.073616061686186
4.073616061686186
4.073616061686186
4.073616061686186
4.073616061686186
4.073616061686186
4.073616061686186
4.073616061686186
4.073616061686186
4.073616061686186
4.073616061686186
4.073616061686186
4.073616061686186
4.073616061686186
4.073616061686186
4.073616061686186
4.073616061686186
4.073616061686186
4.073616061686186
4.073616061686186
4.073616061686186
4.073616061686186
4.073616061686186
4.073616061686186
4.073616061686186
4.073616061686186
4.073616061686186
4.073616061686186
4.073616061686186
4.073616061686186
4.073616061686186
4.073616061686186
4.073616061686186
4.073616061686186
4.073616061686186
4.073616061686186
4.073616061686186
4.073616061686186
4.073616061686186
4.073616061686186
4.073616061686186
4.073616061686186
4.073616061686186
4.073616061686186
4.073616061686186
4.073616061686186
4.073616061686186
4.073616061686186
4.073616061686186
4.073616061686186
4.073616061686186
4.073616061686186
4.073616061686186
4.073616061686186
4.073616061686186
4.073616061686186
4.073616061686186
4.073616061686186
4.073616061686186
4.073616061686186
4.073616061686186
4.073616061686186
4.073616061686186
4.073616061686186
4.073616061686186
4.073616061686186
4.073616061686186
4.073616061686186
4.073616061686186
4.073616061686186
4.073616061686186
4.073616061686186
4.073616061686186
4.073616061686186
4.073616061686186
4.073616061686186
4.073616061686186
4.073616061686186
4.073616061686186
4.073616061686186
4.073616061686186
4.073616061686186
4.073616061686186
4.073616061686186
4.073616061686186
4.073616061686186
4.073616061686186
4.073616061686186
4.073616061686186
4.073616061686186
4.073616061686186
4.073616061686186
4.073616061686186
4.073616061686186
4.073616061686186
4.073616061686186
4.073616061686186
4.073616061686186
4.073616061686186
4.073616061686186
4.073616061686186
4.073616061686186
4.073616061686186
4.073616061686186
4.073616061686186
4.073616061686186
4.073616061686186
4.073616061686186
4.073616061686186
4.073616061686186
4.073616061686186
4.073616061686186
4.073616061686186
4.073616061686186
4.073616061686186
4.073616061686186
4.073616061686186
4.073616061686186
4.073616061686186
4.073616061686186
4.073616061686186
4.073616061686186
4.073616061686186
4.073616061686186
4.073616061686186
4.291845493562231
5.092020077107732
4.849542930578793
4.170606920297762
4.073616061686186
4.073616061686186
4.073616061686186
4.073616061686186
4.073616061686186
4.073616061686186
4.073616061686186
4.073616061686186
4.146359205644868
4.073616061686186
4.073616061686186
4.073616061686186
4.122111490991974
4.09786377633908
4.073616061686186
4.073616061686186
4.073616061686186
4.073616061686186
4.073616061686186
4.073616061686186
4.073616061686186
4.073616061686186
4.073616061686186
4.073616061686186
4.073616061686186
4.073616061686186
4.073616061686186
4.073616061686186
4.073616061686186
4.073616061686186
4.073616061686186
4.073616061686186
4.073616061686186
4.09786377633908
4.364588637520914
5.092020077107732
5.092020077107732
5.092020077107732
5.092020077107732
5.092020077107732
5.092020077107732
5.092020077107732
5.092020077107732
5.092020077107732
5.092020077107732
5.092020077107732
5.092020077107732
5.092020077107732
5.092020077107732
5.092020077107732
5.092020077107732
5.092020077107732
5.092020077107732
5.092020077107732
5.092020077107732
5.092020077107732
5.092020077107732
5.092020077107732
5.092020077107732
5.092020077107732
5.092020077107732
5.092020077107732
4.485827210785383
4.170606920297762
4.122111490991974
4.09786377633908
4.122111490991974
4.073616061686186
4.073616061686186
4.073616061686186
4.073616061686186
4.073616061686186
4.073616061686186
4.073616061686186
4.073616061686186
4.073616061686186
4.073616061686186
4.09786377633908
4.58281806939696
4.946533789190369
4.073616061686186
4.09786377633908
4.122111490991974
5.092020077107732
5.092020077107732
5.092020077107732
5.092020077107732
5.092020077107732
5.092020077107732
4.995029218496157
4.122111490991974
4.073616061686186
4.073616061686186
4.073616061686186
4.073616061686186
4.073616061686186
4.073616061686186
4.073616061686186
4.073616061686186
4.073616061686186
4.073616061686186
4.073616061686186
4.073616061686186
4.073616061686186
4.073616061686186
4.073616061686186
4.073616061686186
4.073616061686186
4.073616061686186
4.073616061686186
4.073616061686186
4.073616061686186
4.073616061686186
4.073616061686186
4.073616061686186
4.073616061686186
4.073616061686186
4.073616061686186
4.073616061686186
4.073616061686186
4.073616061686186
4.073616061686186
4.073616061686186
4.073616061686186
4.073616061686186
4.073616061686186
4.073616061686186
4.073616061686186
4.073616061686186
4.073616061686186
4.073616061686186
4.073616061686186
4.073616061686186
4.073616061686186
4.073616061686186
4.073616061686186
4.073616061686186
4.073616061686186
4.073616061686186
4.073616061686186
4.073616061686186
4.073616061686186
4.073616061686186
4.073616061686186
4.073616061686186
4.073616061686186
4.073616061686186
4.073616061686186
4.073616061686186
4.073616061686186
4.073616061686186
4.073616061686186
4.073616061686186
4.073616061686186
4.073616061686186
4.073616061686186
4.073616061686186
4.073616061686186
4.073616061686186
4.073616061686186
4.073616061686186
4.073616061686186
4.073616061686186
4.073616061686186
4.073616061686186
4.073616061686186
4.073616061686186
4.073616061686186
4.073616061686186
4.073616061686186
4.073616061686186
4.073616061686186
4.073616061686186
4.073616061686186
4.073616061686186
4.073616061686186
4.073616061686186
4.073616061686186
4.073616061686186
4.073616061686186
4.073616061686186
4.073616061686186
4.073616061686186
4.073616061686186
4.073616061686186
4.073616061686186
4.073616061686186
4.073616061686186
4.073616061686186
4.073616061686186
4.073616061686186
4.073616061686186
4.073616061686186
4.073616061686186
4.073616061686186
4.073616061686186
4.073616061686186
4.073616061686186
4.073616061686186
4.073616061686186
4.073616061686186
4.073616061686186
4.073616061686186
4.073616061686186
4.073616061686186
4.073616061686186
4.073616061686186
4.073616061686186
4.073616061686186
4.073616061686186
4.073616061686186
4.073616061686186
4.073616061686186
4.073616061686186
4.073616061686186
4.073616061686186
4.073616061686186
4.073616061686186
4.073616061686186
4.073616061686186
4.073616061686186
4.073616061686186
4.073616061686186
4.073616061686186
4.073616061686186
4.073616061686186
4.073616061686186
4.073616061686186
4.073616061686186
4.073616061686186
4.073616061686186
4.073616061686186
4.073616061686186
4.073616061686186
4.073616061686186
4.073616061686186
4.073616061686186
4.073616061686186
4.073616061686186
4.073616061686186
4.073616061686186
4.073616061686186
4.073616061686186
4.073616061686186
4.073616061686186
4.073616061686186
4.073616061686186
4.073616061686186
4.073616061686186
4.073616061686186
4.073616061686186
4.073616061686186
4.073616061686186
4.073616061686186
4.073616061686186
4.073616061686186
4.073616061686186
4.073616061686186
4.073616061686186
4.073616061686186
4.073616061686186
4.073616061686186
4.073616061686186
4.073616061686186
4.073616061686186
4.073616061686186
4.073616061686186
4.073616061686186
4.073616061686186
4.073616061686186
4.073616061686186
4.073616061686186
4.073616061686186
