97.46184472461846
97.46184472461846
97.46184472461846
97.46184472461846
97.46184472461846
97.46184472461846
97.46184472461846
97.46184472461846
97.46184472461846
97.46184472461846
97.7936297279363
101.60915726609159
101.60915726609159
101.60915726609159
101.60915726609159
101.60915726609159
101.60915726609159
101.60915726609159
101.60915726609159
101.60915726609159
101.60915726609159
101.60915726609159
101.60915726609159
101.60915726609159
101.60915726609159
101.60915726609159
101.60915726609159
101.60915726609159
101.60915726609159
101.60915726609159
101.60915726609159
101.60915726609159
101.60915726609159
101.60915726609159
101.60915726609159
101.60915726609159
101.60915726609159
101.60915726609159
101.60915726609159
101.60915726609159
99.12076974120771
96.42501658925018
96.42501658925018
96.42501658925018
96.42501658925018
96.42501658925018
96.42501658925018
96.42501658925018
96.42501658925018
96.42501658925018
96.42501658925018
96.42501658925018
96.42501658925018
96.42501658925018
96.42501658925018
96.42501658925018
96.42501658925018
96.42501658925018
96.42501658925018
96.42501658925018
96.42501658925018
96.42501658925018
96.42501658925018
96.42501658925018
96.42501658925018
96.42501658925018
96.42501658925018
96.42501658925018
96.42501658925018
96.42501658925018
97.42037159920372
98.49867285998674
98.49867285998674
98.49867285998674
98.49867285998674
98.49867285998674
98.49867285998674
98.49867285998674
98.49867285998674
98.49867285998674
98.49867285998674
98.49867285998674
98.49867285998674
98.49867285998674
98.49867285998674
98.49867285998674
98.49867285998674
98.49867285998674
98.49867285998674
98.49867285998674
98.49867285998674
98.49867285998674
98.49867285998674
98.49867285998674
98.49867285998674
98.49867285998674
98.49867285998674
98.49867285998674
98.49867285998674
98.49867285998674
98.49867285998674
98.49867285998674
101.60915726609159
101.60915726609159
101.60915726609159
101.60915726609159
101.60915726609159
101.60915726609159
101.60915726609159
101.60915726609159
101.60915726609159
101.60915726609159
101.60915726609159
101.60915726609159
101.60915726609159
101.60915726609159
101.60915726609159
101.60915726609159
101.60915726609159
101.60915726609159
101.60915726609159
101.60915726609159
101.60915726609159
101.60915726609159
101.60915726609159
101.60915726609159
101.60915726609159
101.60915726609159
101.60915726609159
101.60915726609159
100.53085600530856
99.53550099535502
99.53550099535502
99.53550099535502
99.53550099535502
99.53550099535502
99.53550099535502
99.53550099535502
99.53550099535502
99.53550099535502
99.53550099535502
99.53550099535502
99.53550099535502
99.53550099535502
99.53550099535502
99.53550099535502
99.53550099535502
99.53550099535502
99.53550099535502
99.53550099535502
99.53550099535502
99.53550099535502
99.53550099535502
99.53550099535502
99.53550099535502
99.53550099535502
99.53550099535502
99.53550099535502
99.53550099535502
99.53550099535502
102.27272727272728
102.64598540145987
102.64598540145987
102.64598540145987
102.64598540145987
102.64598540145987
102.64598540145987
102.64598540145987
102.64598540145987
102.64598540145987
102.64598540145987
102.64598540145987
102.64598540145987
102.64598540145987
102.64598540145987
102.64598540145987
102.64598540145987
102.64598540145987
102.64598540145987
102.64598540145987
102.64598540145987
102.64598540145987
102.64598540145987
102.64598540145987
102.64598540145987
102.64598540145987
102.64598540145987
102.64598540145987
102.64598540145987
102.314200398142
100.5723291307233
100.5723291307233
100.5723291307233
100.5723291307233
100.5723291307233
100.5723291307233
100.5723291307233
100.5723291307233
100.5723291307233
100.5723291307233
100.5723291307233
100.5723291307233
100.5723291307233
100.5723291307233
100.5723291307233
100.5723291307233
100.5723291307233
100.5723291307233
100.5723291307233
100.5723291307233
100.5723291307233
100.5723291307233
100.5723291307233
100.5723291307233
100.5723291307233
100.5723291307233
100.5723291307233
100.5723291307233
100.5723291307233
100.5723291307233
100.5723291307233
102.14830789648309
102.64598540145987
102.64598540145987
102.64598540145987
102.64598540145987
102.64598540145987
102.64598540145987
102.64598540145987
102.64598540145987
102.64598540145987
102.64598540145987
102.64598540145987
102.64598540145987
102.64598540145987
102.64598540145987
102.64598540145987
102.64598540145987
102.64598540145987
102.64598540145987
102.64598540145987
102.64598540145987
102.64598540145987
102.64598540145987
102.64598540145987
102.64598540145987
102.64598540145987
102.64598540145987
102.64598540145987
102.64598540145987
102.64598540145987
102.64598540145987
102.64598540145987
100.73822163238222
100.5723291307233
100.5723291307233
100.5723291307233
100.5723291307233
100.5723291307233
100.5723291307233
100.5723291307233
100.5723291307233
100.5723291307233
100.5723291307233
100.5723291307233
100.5723291307233
100.5723291307233
100.5723291307233
100.5723291307233
100.5723291307233
100.5723291307233
100.5723291307233
100.5723291307233
100.5723291307233
100.5723291307233
100.5723291307233
100.5723291307233
100.5723291307233
100.5723291307233
100.5723291307233
100.5723291307233
100.5723291307233
100.5723291307233
100.5723291307233
100.32349037823491
99.53550099535502
99.53550099535502
99.53550099535502
99.53550099535502
99.53550099535502
99.53550099535502
99.53550099535502
99.53550099535502
99.53550099535502
99.53550099535502
99.53550099535502
99.53550099535502
99.53550099535502
99.53550099535502
99.53550099535502
99.53550099535502
99.53550099535502
99.53550099535502
99.53550099535502
99.53550099535502
99.53550099535502
99.53550099535502
99.53550099535502
99.53550099535502
99.53550099535502
99.53550099535502
99.53550099535502
99.53550099535502
99.53550099535502
99.53550099535502
99.53550099535502
99.53550099535502
100.15759787657599
100.5723291307233
100.5723291307233
100.5723291307233
100.5723291307233
100.5723291307233
100.5723291307233
100.5723291307233
100.5723291307233
100.5723291307233
100.5723291307233
100.5723291307233
100.5723291307233
100.5723291307233
100.5723291307233
100.5723291307233
100.5723291307233
100.5723291307233
100.5723291307233
100.5723291307233
100.5723291307233
100.5723291307233
100.5723291307233
100.5723291307233
100.5723291307233
100.5723291307233
100.5723291307233
100.5723291307233
100.5723291307233
100.5723291307233
100.5723291307233
100.5723291307233
100.5723291307233
100.5723291307233
100.5723291307233
100.5723291307233
100.5723291307233
100.5723291307233
100.5723291307233
100.5723291307233
100.5723291307233
100.5723291307233
100.5723291307233
100.5723291307233
100.5723291307233
100.5723291307233
100.5723291307233
100.5723291307233
100.5723291307233
100.5723291307233
100.5723291307233
100.5723291307233
100.5723291307233
100.5723291307233
100.5723291307233
100.5723291307233
100.5723291307233
100.5723291307233
100.5723291307233
100.5723291307233
100.5723291307233
100.5723291307233
100.5723291307233
100.5723291307233
100.15759787657599
99.53550099535502
99.53550099535502
99.53550099535502
99.53550099535502
99.53550099535502
99.53550099535502
99.53550099535502
99.53550099535502
99.53550099535502
99.53550099535502
99.53550099535502
99.53550099535502
99.53550099535502
99.53550099535502
99.53550099535502
99.53550099535502
99.53550099535502
99.53550099535502
99.53550099535502
99.53550099535502
99.53550099535502
99.53550099535502
99.53550099535502
99.53550099535502
99.53550099535502
99.53550099535502
99.53550099535502
99.53550099535502
99.53550099535502
99.53550099535502
99.53550099535502
101.19442601194427
103.68281353682815
103.68281353682815
103.68281353682815
103.68281353682815
103.68281353682815
103.68281353682815
103.68281353682815
103.68281353682815
103.68281353682815
103.68281353682815
103.68281353682815
103.68281353682815
103.68281353682815
103.68281353682815
103.68281353682815
103.68281353682815
103.68281353682815
103.68281353682815
103.68281353682815
103.68281353682815
103.68281353682815
103.68281353682815
103.68281353682815
103.68281353682815
103.68281353682815
103.68281353682815
103.68281353682815
103.68281353682815
103.68281353682815
103.68281353682815
103.68281353682815
103.68281353682815
103.51692103516922
99.53550099535502
99.53550099535502
99.53550099535502
99.53550099535502
99.53550099535502
99.53550099535502
99.53550099535502
99.53550099535502
99.53550099535502
99.53550099535502
99.53550099535502
99.53550099535502
99.53550099535502
99.53550099535502
99.53550099535502
99.53550099535502
99.53550099535502
99.53550099535502
99.53550099535502
99.53550099535502
99.53550099535502
99.53550099535502
99.53550099535502
99.53550099535502
99.53550099535502
99.53550099535502
99.53550099535502
99.53550099535502
99.53550099535502
99.53550099535502
99.53550099535502
99.53550099535502
99.53550099535502
99.45255474452556
98.49867285998674
98.49867285998674
98.49867285998674
98.49867285998674
98.49867285998674
98.49867285998674
98.49867285998674
98.49867285998674
98.49867285998674
98.49867285998674
98.49867285998674
98.49867285998674
98.49867285998674
98.49867285998674
98.49867285998674
98.49867285998674
98.49867285998674
98.49867285998674
98.49867285998674
98.49867285998674
98.49867285998674
98.49867285998674
98.49867285998674
98.49867285998674
98.49867285998674
98.49867285998674
98.49867285998674
98.49867285998674
98.49867285998674
98.49867285998674
98.49867285998674
98.49867285998674
98.49867285998674
98.49867285998674
98.49867285998674
98.49867285998674
98.49867285998674
98.49867285998674
98.49867285998674
98.49867285998674
98.49867285998674
98.49867285998674
98.49867285998674
98.49867285998674
98.49867285998674
98.49867285998674
98.49867285998674
98.49867285998674
98.49867285998674
98.49867285998674
98.49867285998674
98.49867285998674
98.49867285998674
98.49867285998674
98.49867285998674
98.49867285998674
98.49867285998674
98.49867285998674
98.49867285998674
98.49867285998674
98.49867285998674
98.49867285998674
98.49867285998674
98.49867285998674
98.49867285998674
98.49867285998674
98.49867285998674
105.46615792966159
106.79329794293298
106.79329794293298
106.79329794293298
106.79329794293298
106.79329794293298
106.79329794293298
106.79329794293298
106.79329794293298
106.79329794293298
106.79329794293298
106.79329794293298
106.79329794293298
106.79329794293298
106.79329794293298
106.79329794293298
106.79329794293298
106.79329794293298
106.79329794293298
106.79329794293298
106.79329794293298
106.79329794293298
106.79329794293298
106.79329794293298
106.79329794293298
106.79329794293298
106.79329794293298
106.79329794293298
106.79329794293298
106.79329794293298
106.79329794293298
106.79329794293298
103.68281353682815
101.60915726609159
101.60915726609159
101.60915726609159
101.60915726609159
101.60915726609159
101.60915726609159
101.60915726609159
101.60915726609159
101.60915726609159
101.60915726609159
101.60915726609159
101.60915726609159
101.60915726609159
101.60915726609159
101.60915726609159
101.60915726609159
101.60915726609159
101.60915726609159
101.60915726609159
101.60915726609159
101.60915726609159
101.60915726609159
101.60915726609159
101.60915726609159
101.60915726609159
101.60915726609159
101.60915726609159
101.60915726609159
101.60915726609159
101.60915726609159
101.60915726609159
101.56768414067685
100.5723291307233
100.5723291307233
100.5723291307233
100.5723291307233
100.5723291307233
100.5723291307233
100.5723291307233
100.5723291307233
100.5723291307233
100.5723291307233
100.5723291307233
100.5723291307233
100.5723291307233
100.5723291307233
100.5723291307233
100.5723291307233
100.5723291307233
100.5723291307233
100.5723291307233
100.5723291307233
100.5723291307233
100.5723291307233
100.5723291307233
100.5723291307233
100.5723291307233
100.5723291307233
100.5723291307233
100.5723291307233
100.5723291307233
100.5723291307233
100.5723291307233
100.5723291307233
103.68281353682815
105.7564698075647
105.7564698075647
105.7564698075647
105.7564698075647
105.7564698075647
105.7564698075647
105.7564698075647
105.7564698075647
105.7564698075647
105.7564698075647
105.7564698075647
105.7564698075647
105.7564698075647
105.7564698075647
105.7564698075647
105.7564698075647
105.7564698075647
105.7564698075647
105.7564698075647
105.7564698075647
105.7564698075647
105.7564698075647
105.7564698075647
105.7564698075647
105.7564698075647
105.7564698075647
105.7564698075647
105.7564698075647
105.7564698075647
105.7564698075647
105.7564698075647
105.7564698075647
105.7564698075647
105.7564698075647
105.7564698075647
105.7564698075647
105.7564698075647
105.7564698075647
105.7564698075647
105.7564698075647
105.7564698075647
105.7564698075647
105.7564698075647
105.7564698075647
105.7564698075647
105.7564698075647
105.7564698075647
105.7564698075647
105.7564698075647
105.7564698075647
105.7564698075647
105.7564698075647
105.7564698075647
105.7564698075647
105.7564698075647
105.7564698075647
105.7564698075647
105.7564698075647
105.7564698075647
105.7564698075647
105.7564698075647
105.7564698075647
105.7564698075647
100.24054412740544
98.49867285998674
98.49867285998674
98.49867285998674
98.49867285998674
98.49867285998674
98.49867285998674
98.49867285998674
98.49867285998674
98.49867285998674
98.49867285998674
98.49867285998674
98.49867285998674
98.49867285998674
98.49867285998674
98.49867285998674
98.49867285998674
98.49867285998674
98.49867285998674
98.49867285998674
98.49867285998674
98.49867285998674
98.49867285998674
98.49867285998674
98.49867285998674
98.49867285998674
98.49867285998674
98.49867285998674
98.49867285998674
98.49867285998674
98.49867285998674
98.49867285998674
98.49867285998674
98.49867285998674
100.82116788321169
102.64598540145987
102.64598540145987
102.64598540145987
102.64598540145987
102.64598540145987
102.64598540145987
102.64598540145987
102.64598540145987
102.64598540145987
102.64598540145987
102.64598540145987
102.64598540145987
102.64598540145987
102.64598540145987
102.64598540145987
102.64598540145987
102.64598540145987
102.64598540145987
102.64598540145987
102.64598540145987
102.64598540145987
102.64598540145987
102.64598540145987
102.64598540145987
102.64598540145987
102.64598540145987
102.64598540145987
102.64598540145987
102.64598540145987
102.64598540145987
102.64598540145987
104.96848042468481
106.79329794293298
106.79329794293298
106.79329794293298
106.79329794293298
106.79329794293298
106.79329794293298
106.79329794293298
106.79329794293298
106.79329794293298
106.79329794293298
106.79329794293298
106.79329794293298
106.79329794293298
106.79329794293298
106.79329794293298
106.79329794293298
106.79329794293298
106.79329794293298
106.79329794293298
106.79329794293298
106.79329794293298
106.79329794293298
106.79329794293298
106.79329794293298
106.79329794293298
106.79329794293298
106.79329794293298
106.79329794293298
106.79329794293298
106.79329794293298
106.79329794293298
106.79329794293298
106.79329794293298
106.79329794293298
107.04213669542138
107.83012607830126
107.83012607830126
107.83012607830126
107.83012607830126
107.83012607830126
107.83012607830126
107.83012607830126
107.83012607830126
107.83012607830126
107.83012607830126
107.83012607830126
107.83012607830126
107.83012607830126
107.83012607830126
107.83012607830126
107.83012607830126
107.83012607830126
107.83012607830126
107.83012607830126
107.83012607830126
107.83012607830126
107.83012607830126
107.83012607830126
107.83012607830126
107.83012607830126
107.83012607830126
107.83012607830126
107.83012607830126
107.83012607830126
107.83012607830126
107.83012607830126
107.83012607830126
107.83012607830126
107.83012607830126
108.49369608493697
108.86695421366954
108.86695421366954
108.86695421366954
108.86695421366954
108.86695421366954
108.86695421366954
108.86695421366954
108.86695421366954
108.86695421366954
108.86695421366954
108.86695421366954
108.86695421366954
108.86695421366954
108.86695421366954
108.86695421366954
108.86695421366954
108.86695421366954
108.86695421366954
108.86695421366954
108.86695421366954
108.86695421366954
108.86695421366954
108.86695421366954
108.86695421366954
108.86695421366954
108.86695421366954
108.86695421366954
108.86695421366954
108.86695421366954
108.86695421366954
108.86695421366954
108.86695421366954
103.64134041141341
99.53550099535502
99.53550099535502
99.53550099535502
99.53550099535502
99.53550099535502
99.53550099535502
99.53550099535502
99.53550099535502
99.53550099535502
99.53550099535502
99.53550099535502
99.53550099535502
99.53550099535502
99.53550099535502
99.53550099535502
99.53550099535502
99.53550099535502
99.53550099535502
99.53550099535502
99.53550099535502
99.53550099535502
99.53550099535502
99.53550099535502
99.53550099535502
99.53550099535502
99.53550099535502
99.53550099535502
99.53550099535502
99.53550099535502
99.53550099535502
99.53550099535502
99.53550099535502
99.53550099535502
99.53550099535502
103.51692103516922
103.68281353682815
103.68281353682815
103.68281353682815
103.68281353682815
103.68281353682815
103.68281353682815
103.68281353682815
103.68281353682815
103.68281353682815
103.68281353682815
103.68281353682815
103.68281353682815
103.68281353682815
