70.26987706408671
70.26987706408671
70.26987706408671
70.26987706408671
70.26987706408671
70.26987706408671
70.26987706408671
70.26987706408671
70.26987706408671
70.26987706408671
70.26987706408671
70.26987706408671
70.26987706408671
70.39111563735118
71.28828107950825
71.28828107950825
71.28828107950825
71.28828107950825
71.28828107950825
71.28828107950825
71.28828107950825
71.28828107950825
71.28828107950825
71.28828107950825
71.28828107950825
71.28828107950825
71.28828107950825
71.28828107950825
71.28828107950825
71.28828107950825
71.28828107950825
71.28828107950825
71.28828107950825
71.65199679930167
72.3066850949298
72.3066850949298
72.3066850949298
72.3066850949298
72.3066850949298
72.3066850949298
72.3066850949298
72.3066850949298
72.3066850949298
72.3066850949298
72.3066850949298
72.3066850949298
72.3066850949298
72.3066850949298
72.3066850949298
72.3066850949298
72.3066850949298
72.3066850949298
72.3066850949298
72.3066850949298
72.3066850949298
72.3066850949298
72.3066850949298
72.3066850949298
72.3066850949298
72.3066850949298
72.3066850949298
72.3066850949298
72.3066850949298
72.3066850949298
72.3066850949298
72.3066850949298
72.3066850949298
72.3066850949298
72.3066850949298
72.3066850949298
72.3066850949298
72.3066850949298
72.3066850949298
35.644140539754126
35.644140539754126
35.644140539754126
35.644140539754126
35.644140539754126
35.644140539754126
35.644140539754126
35.644140539754126
35.644140539754126
35.644140539754126
35.644140539754126
35.644140539754126
35.644140539754126
35.644140539754126
35.644140539754126
35.644140539754126
35.644140539754126
35.644140539754126
35.644140539754126
35.644140539754126
64.49892097669795
70.26987706408671
70.26987706408671
70.26987706408671
70.26987706408671
70.26987706408671
70.26987706408671
70.26987706408671
70.26987706408671
70.26987706408671
70.26987706408671
70.26987706408671
70.26987706408671
70.26987706408671
70.26987706408671
70.26987706408671
70.26987706408671
70.26987706408671
70.26987706408671
70.26987706408671
70.26987706408671
70.26987706408671
70.26987706408671
70.26987706408671
70.26987706408671
70.26987706408671
70.26987706408671
70.26987706408671
70.26987706408671
70.26987706408671
70.26987706408671
70.26987706408671
70.26987706408671
70.26987706408671
70.26987706408671
70.26987706408671
70.26987706408671
70.26987706408671
70.26987706408671
70.26987706408671
70.26987706408671
70.26987706408671
70.26987706408671
70.26987706408671
70.26987706408671
70.26987706408671
70.26987706408671
70.26987706408671
70.26987706408671
70.26987706408671
70.26987706408671
70.26987706408671
70.26987706408671
70.26987706408671
70.26987706408671
70.26987706408671
70.26987706408671
70.26987706408671
70.26987706408671
74.27074998181422
75.36189714119445
75.36189714119445
75.36189714119445
75.36189714119445
75.36189714119445
75.36189714119445
75.36189714119445
75.36189714119445
75.36189714119445
75.36189714119445
75.36189714119445
75.36189714119445
75.36189714119445
75.36189714119445
75.36189714119445
75.36189714119445
75.36189714119445
75.36189714119445
75.36189714119445
72.16119880701244
71.28828107950825
71.28828107950825
71.28828107950825
71.28828107950825
71.28828107950825
71.28828107950825
71.28828107950825
71.28828107950825
71.28828107950825
71.28828107950825
71.28828107950825
71.28828107950825
71.28828107950825
71.28828107950825
71.28828107950825
71.28828107950825
71.28828107950825
73.22809825173978
76.38030115661599
76.38030115661599
76.38030115661599
76.38030115661599
76.38030115661599
76.38030115661599
76.38030115661599
76.38030115661599
76.38030115661599
76.38030115661599
76.38030115661599
76.38030115661599
76.38030115661599
76.38030115661599
76.38030115661599
76.38030115661599
76.38030115661599
76.38030115661599
76.01658543682258
73.32508911035136
73.32508911035136
73.32508911035136
73.32508911035136
73.32508911035136
73.32508911035136
73.32508911035136
73.32508911035136
73.32508911035136
73.32508911035136
73.32508911035136
73.32508911035136
73.32508911035136
73.32508911035136
73.32508911035136
73.32508911035136
73.32508911035136
73.32508911035136
73.32508911035136
73.32508911035136
73.32508911035136
73.32508911035136
73.32508911035136
73.32508911035136
73.32508911035136
73.32508911035136
73.32508911035136
73.32508911035136
73.32508911035136
73.32508911035136
73.32508911035136
73.32508911035136
73.32508911035136
73.32508911035136
73.32508911035136
73.32508911035136
73.32508911035136
76.59853058849204
78.41710918745908
78.41710918745908
78.41710918745908
78.41710918745908
78.41710918745908
78.41710918745908
78.41710918745908
78.41710918745908
78.41710918745908
78.41710918745908
78.41710918745908
78.41710918745908
78.41710918745908
78.41710918745908
78.41710918745908
78.41710918745908
78.41710918745908
78.27162289954173
76.38030115661599
76.38030115661599
76.38030115661599
76.38030115661599
76.38030115661599
76.38030115661599
76.38030115661599
76.38030115661599
76.38030115661599
76.38030115661599
76.38030115661599
76.38030115661599
76.38030115661599
76.38030115661599
76.38030115661599
76.38030115661599
76.38030115661599
76.38030115661599
76.38030115661599
73.59181397153318
71.28828107950825
71.28828107950825
71.28828107950825
71.28828107950825
71.28828107950825
71.28828107950825
71.28828107950825
71.28828107950825
71.28828107950825
71.28828107950825
71.28828107950825
71.28828107950825
71.28828107950825
71.28828107950825
71.28828107950825
71.28828107950825
71.28828107950825
72.3066850949298
77.39870517203754
77.39870517203754
77.39870517203754
77.39870517203754
77.39870517203754
77.39870517203754
77.39870517203754
77.39870517203754
77.39870517203754
77.39870517203754
77.39870517203754
77.39870517203754
77.39870517203754
77.39870517203754
77.39870517203754
77.39870517203754
77.39870517203754
77.39870517203754
77.39870517203754
77.39870517203754
69.63943648311147
69.25147304866516
69.25147304866516
69.25147304866516
69.25147304866516
69.25147304866516
69.25147304866516
69.25147304866516
69.25147304866516
69.25147304866516
69.25147304866516
69.25147304866516
69.25147304866516
69.25147304866516
69.25147304866516
69.25147304866516
69.25147304866516
69.25147304866516
69.25147304866516
69.25147304866516
69.25147304866516
69.25147304866516
69.25147304866516
69.25147304866516
69.25147304866516
69.25147304866516
69.25147304866516
69.25147304866516
69.25147304866516
69.25147304866516
69.25147304866516
69.25147304866516
69.25147304866516
69.25147304866516
69.25147304866516
69.25147304866516
69.25147304866516
69.25147304866516
69.25147304866516
69.25147304866516
69.25147304866516
68.88775732887176
66.19626100240052
66.19626100240052
66.19626100240052
66.19626100240052
66.19626100240052
66.19626100240052
66.19626100240052
66.19626100240052
66.19626100240052
66.19626100240052
66.19626100240052
66.19626100240052
66.19626100240052
66.19626100240052
66.19626100240052
66.19626100240052
66.19626100240052
66.19626100240052
66.19626100240052
66.19626100240052
68.74227104095439
69.25147304866516
69.25147304866516
69.25147304866516
69.25147304866516
69.25147304866516
69.25147304866516
69.25147304866516
69.25147304866516
69.25147304866516
69.25147304866516
69.25147304866516
69.25147304866516
69.25147304866516
69.25147304866516
69.25147304866516
69.25147304866516
69.25147304866516
69.25147304866516
69.25147304866516
68.96050047283043
68.23306903324362
68.23306903324362
68.23306903324362
68.23306903324362
68.23306903324362
68.23306903324362
68.23306903324362
68.23306903324362
68.23306903324362
68.23306903324362
68.23306903324362
68.23306903324362
68.23306903324362
68.23306903324362
68.23306903324362
68.23306903324362
68.23306903324362
68.23306903324362
68.23306903324362
68.23306903324362
68.93625275817755
69.25147304866516
69.25147304866516
69.25147304866516
69.25147304866516
69.25147304866516
69.25147304866516
69.25147304866516
69.25147304866516
69.25147304866516
69.25147304866516
69.25147304866516
69.25147304866516
69.25147304866516
69.25147304866516
69.25147304866516
69.25147304866516
69.25147304866516
69.25147304866516
69.54244562449989
71.28828107950825
71.28828107950825
71.28828107950825
71.28828107950825
71.28828107950825
71.28828107950825
71.28828107950825
71.28828107950825
71.28828107950825
71.28828107950825
71.28828107950825
71.28828107950825
71.28828107950825
71.28828107950825
71.28828107950825
71.28828107950825
71.28828107950825
71.28828107950825
71.28828107950825
71.28828107950825
71.28828107950825
71.28828107950825
71.28828107950825
71.28828107950825
71.28828107950825
71.28828107950825
71.28828107950825
71.28828107950825
71.28828107950825
71.28828107950825
71.28828107950825
71.28828107950825
71.28828107950825
71.28828107950825
71.28828107950825
71.28828107950825
71.28828107950825
71.28828107950825
71.28828107950825
73.97977740597949
74.3434931257729
74.3434931257729
74.3434931257729
74.3434931257729
74.3434931257729
74.3434931257729
74.3434931257729
74.3434931257729
74.3434931257729
74.3434931257729
74.3434931257729
74.3434931257729
74.3434931257729
74.3434931257729
74.3434931257729
74.3434931257729
74.3434931257729
74.3434931257729
73.61606168618607
72.3066850949298
72.3066850949298
72.3066850949298
72.3066850949298
72.3066850949298
72.3066850949298
72.3066850949298
72.3066850949298
72.3066850949298
72.3066850949298
72.3066850949298
72.3066850949298
72.3066850949298
72.3066850949298
72.3066850949298
72.3066850949298
72.3066850949298
72.3066850949298
73.85853883271501
74.3434931257729
74.3434931257729
74.3434931257729
74.3434931257729
74.3434931257729
74.3434931257729
74.3434931257729
74.3434931257729
74.3434931257729
74.3434931257729
74.3434931257729
74.3434931257729
74.3434931257729
74.3434931257729
74.3434931257729
74.3434931257729
74.3434931257729
74.39198855507868
76.38030115661599
76.38030115661599
76.38030115661599
76.38030115661599
76.38030115661599
76.38030115661599
76.38030115661599
76.38030115661599
76.38030115661599
76.38030115661599
76.38030115661599
76.38030115661599
76.38030115661599
76.38030115661599
76.38030115661599
76.38030115661599
76.38030115661599
76.38030115661599
76.04083315147547
74.3434931257729
74.3434931257729
74.3434931257729
74.3434931257729
74.3434931257729
74.3434931257729
74.3434931257729
74.3434931257729
74.3434931257729
74.3434931257729
74.3434931257729
74.3434931257729
74.3434931257729
74.3434931257729
74.3434931257729
74.3434931257729
74.3434931257729
74.3434931257729
74.3434931257729
74.3434931257729
74.3434931257729
74.3434931257729
74.3434931257729
74.3434931257729
74.3434931257729
74.3434931257729
74.3434931257729
74.3434931257729
74.3434931257729
74.3434931257729
74.3434931257729
74.3434931257729
74.3434931257729
74.3434931257729
74.3434931257729
74.3434931257729
74.3434931257729
74.3434931257729
72.93712567590505
72.3066850949298
72.3066850949298
72.3066850949298
72.3066850949298
72.3066850949298
72.3066850949298
72.3066850949298
72.3066850949298
72.3066850949298
72.3066850949298
72.3066850949298
72.3066850949298
72.3066850949298
72.3066850949298
72.3066850949298
72.3066850949298
72.3066850949298
72.3066850949298
73.1311073931282
74.3434931257729
74.3434931257729
74.3434931257729
74.3434931257729
74.3434931257729
74.3434931257729
74.3434931257729
74.3434931257729
74.3434931257729
74.3434931257729
74.3434931257729
74.3434931257729
74.3434931257729
74.3434931257729
74.3434931257729
74.3434931257729
74.3434931257729
74.3434931257729
74.3434931257729
72.69464852937611
70.26987706408671
70.26987706408671
70.26987706408671
70.26987706408671
70.26987706408671
70.26987706408671
70.26987706408671
70.26987706408671
70.26987706408671
70.26987706408671
70.26987706408671
70.26987706408671
70.26987706408671
70.26987706408671
70.26987706408671
70.26987706408671
70.26987706408671
70.26987706408671
70.63359278388012
73.32508911035136
73.32508911035136
73.32508911035136
73.32508911035136
73.32508911035136
73.32508911035136
73.32508911035136
73.32508911035136
73.32508911035136
73.32508911035136
73.32508911035136
73.32508911035136
73.32508911035136
73.32508911035136
73.32508911035136
73.32508911035136
73.32508911035136
75.62862200237628
78.41710918745908
78.41710918745908
78.41710918745908
78.41710918745908
78.41710918745908
78.41710918745908
78.41710918745908
78.41710918745908
78.41710918745908
78.41710918745908
78.41710918745908
78.41710918745908
78.41710918745908
78.41710918745908
78.41710918745908
78.41710918745908
78.41710918745908
78.41710918745908
76.62277830314493
76.38030115661599
76.38030115661599
76.38030115661599
76.38030115661599
76.38030115661599
76.38030115661599
76.38030115661599
76.38030115661599
76.38030115661599
76.38030115661599
76.38030115661599
76.38030115661599
76.38030115661599
76.38030115661599
76.38030115661599
76.38030115661599
76.38030115661599
77.32596202807885
77.39870517203754
77.39870517203754
77.39870517203754
77.39870517203754
77.39870517203754
77.39870517203754
77.39870517203754
77.39870517203754
77.39870517203754
77.39870517203754
77.39870517203754
77.39870517203754
77.39870517203754
77.39870517203754
77.39870517203754
77.39870517203754
77.39870517203754
77.39870517203754
76.88950316432677
74.3434931257729
74.3434931257729
74.3434931257729
74.3434931257729
74.3434931257729
74.3434931257729
74.3434931257729
74.3434931257729
74.3434931257729
74.3434931257729
74.3434931257729
74.3434931257729
74.3434931257729
74.3434931257729
74.3434931257729
74.3434931257729
74.3434931257729
74.3434931257729
74.3434931257729
70.85182221575617
70.26987706408671
70.26987706408671
70.26987706408671
70.26987706408671
70.26987706408671
70.26987706408671
70.26987706408671
70.26987706408671
70.26987706408671
70.26987706408671
70.26987706408671
70.26987706408671
70.26987706408671
70.26987706408671
70.26987706408671
70.26987706408671
70.26987706408671
70.26987706408671
73.17960282243399
75.36189714119445
75.36189714119445
75.36189714119445
75.36189714119445
75.36189714119445
75.36189714119445
75.36189714119445
75.36189714119445
75.36189714119445
75.36189714119445
75.36189714119445
75.36189714119445
75.36189714119445
75.36189714119445
75.36189714119445
75.36189714119445
75.36189714119445
75.36189714119445
74.3434931257729
73.32508911035136
73.32508911035136
73.32508911035136
73.32508911035136
73.32508911035136
73.32508911035136
73.32508911035136
73.32508911035136
73.32508911035136
73.32508911035136
73.32508911035136
73.32508911035136
73.32508911035136
73.32508911035136
73.32508911035136
73.32508911035136
73.32508911035136
73.68880483014476
76.38030115661599
76.38030115661599
76.38030115661599
76.38030115661599
76.38030115661599
76.38030115661599
76.38030115661599
76.38030115661599
76.38030115661599
76.38030115661599
76.38030115661599
76.38030115661599
76.38030115661599
76.38030115661599
76.38030115661599
76.38030115661599
76.38030115661599
76.38030115661599
77.20472345481438
77.39870517203754
77.39870517203754
77.39870517203754
77.39870517203754
77.39870517203754
77.39870517203754
77.39870517203754
77.39870517203754
77.39870517203754
77.39870517203754
77.39870517203754
77.39870517203754
77.39870517203754
77.39870517203754
77.39870517203754
77.39870517203754
77.39870517203754
77.39870517203754
74.85269513348366
74.3434931257729
74.3434931257729
74.3434931257729
74.3434931257729
74.3434931257729
74.3434931257729
74.3434931257729
74.3434931257729
74.3434931257729
74.3434931257729
74.3434931257729
74.3434931257729
74.3434931257729
74.3434931257729
74.3434931257729
74.3434931257729
74.3434931257729
76.01658543682258
77.39870517203754
77.39870517203754
77.39870517203754
77.39870517203754
77.39870517203754
77.39870517203754
77.39870517203754
77.39870517203754
77.39870517203754
77.39870517203754
77.39870517203754
77.39870517203754
77.39870517203754
77.39870517203754
77.39870517203754
77.39870517203754
77.39870517203754
77.39870517203754
77.39870517203754
77.39870517203754
77.39870517203754
77.39870517203754
77.39870517203754
77.39870517203754
77.39870517203754
77.39870517203754
77.39870517203754
77.39870517203754
77.39870517203754
77.39870517203754
77.39870517203754
77.39870517203754
77.39870517203754
77.39870517203754
77.39870517203754
77.39870517203754
76.23481486869862
75.36189714119445
75.36189714119445
75.36189714119445
75.36189714119445
75.36189714119445
75.36189714119445
75.36189714119445
75.36189714119445
75.36189714119445
75.36189714119445
75.36189714119445
75.36189714119445
75.36189714119445
75.36189714119445
75.36189714119445
75.36189714119445
75.36189714119445
75.36189714119445
75.1436677093184
72.3066850949298
72.3066850949298
72.3066850949298
72.3066850949298
72.3066850949298
72.3066850949298
72.3066850949298
72.3066850949298
72.3066850949298
72.3066850949298
72.3066850949298
72.3066850949298
72.3066850949298
72.3066850949298
72.3066850949298
72.3066850949298
72.3066850949298
72.3066850949298
72.3066850949298
74.3434931257729
74.3434931257729
74.3434931257729
74.3434931257729
74.3434931257729
74.3434931257729
74.3434931257729
74.3434931257729
74.3434931257729
74.3434931257729
74.3434931257729
74.3434931257729
74.3434931257729
74.3434931257729
74.3434931257729
74.3434931257729
74.3434931257729
74.3434931257729
74.3434931257729
