74.46016381236039
74.46016381236039
74.46016381236039
74.46016381236039
74.46016381236039
74.46016381236039
74.46016381236039
74.46016381236039
73.42599487052205
73.42599487052205
73.42599487052205
73.42599487052205
73.42599487052205
73.42599487052205
73.42599487052205
73.42599487052205
73.42599487052205
73.42599487052205
73.42599487052205
73.42599487052205
73.42599487052205
73.42599487052205
73.42599487052205
73.42599487052205
73.42599487052205
73.42599487052205
73.42599487052205
73.42599487052205
73.42599487052205
73.42599487052205
73.42599487052205
73.42599487052205
73.42599487052205
73.42599487052205
73.42599487052205
73.42599487052205
73.42599487052205
73.42599487052205
73.42599487052205
73.42599487052205
74.99793166211633
75.49433275419872
75.49433275419872
75.49433275419872
75.49433275419872
75.49433275419872
75.49433275419872
75.49433275419872
75.49433275419872
75.49433275419872
75.49433275419872
75.49433275419872
75.49433275419872
75.49433275419872
75.49433275419872
75.49433275419872
75.49433275419872
75.49433275419872
75.49433275419872
75.49433275419872
75.49433275419872
75.49433275419872
75.49433275419872
75.49433275419872
75.49433275419872
75.49433275419872
75.49433275419872
75.49433275419872
75.49433275419872
75.49433275419872
75.49433275419872
75.49433275419872
75.49433275419872
75.49433275419872
75.49433275419872
75.49433275419872
75.49433275419872
75.49433275419872
75.49433275419872
75.49433275419872
75.49433275419872
75.49433275419872
75.49433275419872
75.49433275419872
75.49433275419872
75.49433275419872
75.49433275419872
75.49433275419872
75.49433275419872
75.49433275419872
75.49433275419872
75.49433275419872
75.49433275419872
75.49433275419872
75.49433275419872
75.49433275419872
75.49433275419872
75.49433275419872
75.49433275419872
75.49433275419872
75.49433275419872
76.15620087697526
76.52850169603707
76.52850169603707
76.52850169603707
76.52850169603707
76.52850169603707
76.52850169603707
76.52850169603707
76.52850169603707
76.52850169603707
76.52850169603707
76.52850169603707
76.52850169603707
76.52850169603707
76.52850169603707
76.52850169603707
76.52850169603707
76.52850169603707
76.52850169603707
76.52850169603707
76.52850169603707
76.52850169603707
76.52850169603707
76.52850169603707
76.52850169603707
76.52850169603707
76.52850169603707
76.52850169603707
76.52850169603707
76.52850169603707
76.52850169603707
76.52850169603707
75.03929841978986
74.46016381236039
74.46016381236039
74.46016381236039
74.46016381236039
74.46016381236039
74.46016381236039
74.46016381236039
74.46016381236039
74.46016381236039
74.46016381236039
74.46016381236039
74.46016381236039
74.46016381236039
74.46016381236039
74.46016381236039
74.46016381236039
74.46016381236039
74.46016381236039
74.46016381236039
74.46016381236039
74.46016381236039
74.46016381236039
74.46016381236039
74.46016381236039
74.46016381236039
74.46016381236039
74.46016381236039
74.46016381236039
74.46016381236039
74.46016381236039
74.46016381236039
75.28749896583106
75.49433275419872
75.49433275419872
75.49433275419872
75.49433275419872
75.49433275419872
75.49433275419872
75.49433275419872
75.49433275419872
75.49433275419872
75.49433275419872
75.49433275419872
75.49433275419872
75.49433275419872
75.49433275419872
75.49433275419872
75.49433275419872
75.49433275419872
75.49433275419872
75.49433275419872
75.49433275419872
75.49433275419872
75.49433275419872
75.49433275419872
75.49433275419872
75.49433275419872
75.49433275419872
75.49433275419872
75.49433275419872
75.49433275419872
75.49433275419872
77.60403739554894
78.59683957971374
78.59683957971374
78.59683957971374
78.59683957971374
78.59683957971374
78.59683957971374
78.59683957971374
78.59683957971374
78.59683957971374
78.59683957971374
78.59683957971374
78.59683957971374
78.59683957971374
78.59683957971374
78.59683957971374
78.59683957971374
78.59683957971374
78.59683957971374
78.59683957971374
78.59683957971374
78.59683957971374
78.59683957971374
78.59683957971374
78.59683957971374
78.59683957971374
78.59683957971374
78.59683957971374
78.59683957971374
78.59683957971374
78.59683957971374
78.59683957971374
77.10763630346653
76.52850169603707
76.52850169603707
76.52850169603707
76.52850169603707
76.52850169603707
76.52850169603707
76.52850169603707
76.52850169603707
76.52850169603707
76.52850169603707
76.52850169603707
76.52850169603707
76.52850169603707
76.52850169603707
76.52850169603707
76.52850169603707
76.52850169603707
76.52850169603707
76.52850169603707
76.52850169603707
76.52850169603707
76.52850169603707
76.52850169603707
76.52850169603707
76.52850169603707
76.52850169603707
76.52850169603707
76.52850169603707
76.23893439232234
75.49433275419872
75.49433275419872
75.49433275419872
75.49433275419872
75.49433275419872
75.49433275419872
75.49433275419872
75.49433275419872
75.49433275419872
75.49433275419872
75.49433275419872
75.49433275419872
75.49433275419872
75.49433275419872
75.49433275419872
75.49433275419872
75.49433275419872
75.49433275419872
75.49433275419872
75.49433275419872
75.49433275419872
75.49433275419872
75.49433275419872
75.49433275419872
75.49433275419872
75.49433275419872
75.49433275419872
75.49433275419872
75.49433275419872
75.49433275419872
74.7083643584016
74.46016381236039
74.46016381236039
74.46016381236039
74.46016381236039
74.46016381236039
74.46016381236039
74.46016381236039
74.46016381236039
74.46016381236039
74.46016381236039
74.46016381236039
74.46016381236039
74.46016381236039
74.46016381236039
74.46016381236039
74.46016381236039
74.46016381236039
74.46016381236039
74.46016381236039
74.46016381236039
74.46016381236039
74.46016381236039
74.46016381236039
74.46016381236039
74.46016381236039
74.46016381236039
74.46016381236039
74.46016381236039
74.46016381236039
74.46016381236039
75.20476545048399
75.49433275419872
75.49433275419872
75.49433275419872
75.49433275419872
75.49433275419872
75.49433275419872
75.49433275419872
75.49433275419872
75.49433275419872
75.49433275419872
75.49433275419872
75.49433275419872
75.49433275419872
75.49433275419872
75.49433275419872
75.49433275419872
75.49433275419872
75.49433275419872
75.49433275419872
75.49433275419872
75.49433275419872
75.49433275419872
75.49433275419872
75.49433275419872
75.49433275419872
75.49433275419872
75.49433275419872
75.49433275419872
75.49433275419872
75.65979978489287
76.52850169603707
76.52850169603707
76.52850169603707
76.52850169603707
76.52850169603707
76.52850169603707
76.52850169603707
76.52850169603707
76.52850169603707
76.52850169603707
76.52850169603707
76.52850169603707
76.52850169603707
76.52850169603707
76.52850169603707
76.52850169603707
76.52850169603707
76.52850169603707
76.52850169603707
76.52850169603707
76.52850169603707
76.52850169603707
76.52850169603707
76.52850169603707
76.52850169603707
76.52850169603707
76.52850169603707
76.52850169603707
76.52850169603707
76.52850169603707
76.52850169603707
76.52850169603707
76.52850169603707
76.52850169603707
76.52850169603707
76.52850169603707
76.52850169603707
76.52850169603707
76.52850169603707
76.52850169603707
76.52850169603707
76.52850169603707
76.52850169603707
76.52850169603707
76.52850169603707
76.52850169603707
76.52850169603707
76.52850169603707
76.52850169603707
76.52850169603707
76.52850169603707
76.52850169603707
76.52850169603707
76.52850169603707
76.52850169603707
76.52850169603707
76.52850169603707
76.52850169603707
76.52850169603707
76.52850169603707
76.52850169603707
76.52850169603707
76.52850169603707
76.52850169603707
76.52850169603707
75.65979978489287
75.49433275419872
75.49433275419872
75.49433275419872
75.49433275419872
75.49433275419872
75.49433275419872
75.49433275419872
75.49433275419872
75.49433275419872
75.49433275419872
75.49433275419872
75.49433275419872
75.49433275419872
75.49433275419872
75.49433275419872
75.49433275419872
75.49433275419872
75.49433275419872
75.49433275419872
75.49433275419872
75.49433275419872
75.49433275419872
75.49433275419872
75.49433275419872
75.49433275419872
75.49433275419872
75.49433275419872
75.49433275419872
75.49433275419872
75.49433275419872
76.0734673616282
77.5626706378754
77.5626706378754
77.5626706378754
77.5626706378754
77.5626706378754
77.5626706378754
77.5626706378754
77.5626706378754
77.5626706378754
77.5626706378754
77.5626706378754
77.5626706378754
77.5626706378754
77.5626706378754
77.5626706378754
77.5626706378754
77.5626706378754
77.5626706378754
77.5626706378754
77.5626706378754
77.5626706378754
77.5626706378754
77.5626706378754
77.5626706378754
77.5626706378754
77.5626706378754
77.5626706378754
77.5626706378754
77.5626706378754
77.5626706378754
77.5626706378754
77.5626706378754
77.5626706378754
76.19756763464879
74.46016381236039
74.46016381236039
74.46016381236039
74.46016381236039
74.46016381236039
74.46016381236039
74.46016381236039
74.46016381236039
74.46016381236039
74.46016381236039
74.46016381236039
74.46016381236039
74.46016381236039
74.46016381236039
74.46016381236039
74.46016381236039
74.46016381236039
74.46016381236039
74.46016381236039
74.46016381236039
74.46016381236039
74.46016381236039
74.46016381236039
74.46016381236039
74.46016381236039
74.46016381236039
74.46016381236039
74.46016381236039
74.46016381236039
74.46016381236039
74.46016381236039
74.46016381236039
74.46016381236039
74.46016381236039
74.50153057003392
75.49433275419872
75.49433275419872
75.49433275419872
75.49433275419872
75.49433275419872
75.49433275419872
75.49433275419872
75.49433275419872
75.49433275419872
75.49433275419872
75.49433275419872
75.49433275419872
75.49433275419872
75.49433275419872
75.49433275419872
75.49433275419872
75.49433275419872
75.49433275419872
75.49433275419872
75.49433275419872
75.49433275419872
75.49433275419872
75.49433275419872
75.49433275419872
75.49433275419872
75.49433275419872
75.49433275419872
75.49433275419872
75.49433275419872
75.49433275419872
75.49433275419872
75.49433275419872
75.49433275419872
75.49433275419872
75.49433275419872
75.49433275419872
75.49433275419872
75.49433275419872
75.49433275419872
75.49433275419872
75.49433275419872
75.49433275419872
75.49433275419872
75.49433275419872
75.49433275419872
75.49433275419872
75.49433275419872
75.49433275419872
75.49433275419872
75.49433275419872
75.49433275419872
75.49433275419872
75.49433275419872
75.49433275419872
75.49433275419872
75.49433275419872
75.49433275419872
75.49433275419872
75.49433275419872
75.49433275419872
75.49433275419872
75.49433275419872
75.49433275419872
75.49433275419872
75.49433275419872
74.62563084305452
72.39182592868372
72.39182592868372
72.39182592868372
72.39182592868372
72.39182592868372
72.39182592868372
72.39182592868372
72.39182592868372
72.39182592868372
72.39182592868372
72.39182592868372
72.39182592868372
72.39182592868372
72.39182592868372
72.39182592868372
72.39182592868372
72.39182592868372
72.39182592868372
72.39182592868372
72.39182592868372
72.39182592868372
72.39182592868372
72.39182592868372
72.39182592868372
72.39182592868372
72.39182592868372
72.39182592868372
72.39182592868372
72.39182592868372
72.39182592868372
72.39182592868372
72.47455944403077
74.46016381236039
74.46016381236039
74.46016381236039
74.46016381236039
74.46016381236039
74.46016381236039
74.46016381236039
74.46016381236039
74.46016381236039
74.46016381236039
74.46016381236039
74.46016381236039
74.46016381236039
74.46016381236039
74.46016381236039
74.46016381236039
74.46016381236039
74.46016381236039
74.46016381236039
74.46016381236039
74.46016381236039
74.46016381236039
74.46016381236039
74.46016381236039
74.46016381236039
74.46016381236039
74.46016381236039
74.46016381236039
74.46016381236039
74.46016381236039
74.46016381236039
74.46016381236039
74.46016381236039
72.59865971705138
71.35765698684537
71.35765698684537
71.35765698684537
71.35765698684537
71.35765698684537
71.35765698684537
71.35765698684537
71.35765698684537
71.35765698684537
71.35765698684537
71.35765698684537
71.35765698684537
71.35765698684537
71.35765698684537
71.35765698684537
71.35765698684537
71.35765698684537
71.35765698684537
71.35765698684537
71.35765698684537
71.35765698684537
71.35765698684537
71.35765698684537
71.35765698684537
71.35765698684537
71.35765698684537
71.35765698684537
71.35765698684537
71.35765698684537
71.35765698684537
71.35765698684537
71.35765698684537
71.35765698684537
72.92959377843965
73.42599487052205
73.42599487052205
73.42599487052205
73.42599487052205
73.42599487052205
73.42599487052205
73.42599487052205
73.42599487052205
73.42599487052205
73.42599487052205
73.42599487052205
73.42599487052205
73.42599487052205
73.42599487052205
73.42599487052205
73.42599487052205
73.42599487052205
73.42599487052205
73.42599487052205
73.42599487052205
73.42599487052205
73.42599487052205
73.42599487052205
73.42599487052205
73.42599487052205
73.42599487052205
73.42599487052205
73.42599487052205
73.42599487052205
73.42599487052205
73.42599487052205
73.42599487052205
74.46016381236039
74.46016381236039
74.46016381236039
74.46016381236039
74.46016381236039
74.46016381236039
74.46016381236039
74.46016381236039
74.46016381236039
74.46016381236039
74.46016381236039
74.46016381236039
74.46016381236039
74.46016381236039
74.46016381236039
74.46016381236039
74.46016381236039
74.46016381236039
74.46016381236039
74.46016381236039
74.46016381236039
74.46016381236039
74.46016381236039
74.46016381236039
74.46016381236039
74.46016381236039
74.46016381236039
74.46016381236039
74.46016381236039
74.46016381236039
74.46016381236039
74.46016381236039
74.46016381236039
74.46016381236039
74.46016381236039
74.46016381236039
74.46016381236039
73.71556217423678
72.39182592868372
72.39182592868372
72.39182592868372
72.39182592868372
72.39182592868372
72.39182592868372
72.39182592868372
72.39182592868372
72.39182592868372
72.39182592868372
72.39182592868372
72.39182592868372
72.39182592868372
72.39182592868372
72.39182592868372
72.39182592868372
72.39182592868372
72.39182592868372
72.39182592868372
72.39182592868372
72.39182592868372
72.39182592868372
72.39182592868372
72.39182592868372
72.39182592868372
72.39182592868372
72.39182592868372
72.39182592868372
72.39182592868372
72.39182592868372
72.39182592868372
72.39182592868372
72.39182592868372
75.12203193513693
75.49433275419872
75.49433275419872
75.49433275419872
75.49433275419872
75.49433275419872
75.49433275419872
75.49433275419872
75.49433275419872
75.49433275419872
75.49433275419872
75.49433275419872
75.49433275419872
75.49433275419872
75.49433275419872
75.49433275419872
75.49433275419872
75.49433275419872
75.49433275419872
75.49433275419872
75.49433275419872
75.49433275419872
75.49433275419872
75.49433275419872
75.49433275419872
75.49433275419872
75.49433275419872
75.49433275419872
75.49433275419872
75.49433275419872
75.49433275419872
75.49433275419872
75.49433275419872
75.49433275419872
75.49433275419872
74.95656490444279
74.46016381236039
74.46016381236039
74.46016381236039
74.46016381236039
74.46016381236039
74.46016381236039
74.46016381236039
74.46016381236039
74.46016381236039
74.46016381236039
74.46016381236039
74.46016381236039
74.46016381236039
74.46016381236039
74.46016381236039
74.46016381236039
74.46016381236039
74.46016381236039
74.46016381236039
74.46016381236039
74.46016381236039
74.46016381236039
74.46016381236039
74.46016381236039
74.46016381236039
74.46016381236039
74.46016381236039
74.46016381236039
74.46016381236039
74.46016381236039
74.46016381236039
74.46016381236039
73.96376272027798
73.42599487052205
73.42599487052205
73.42599487052205
73.42599487052205
73.42599487052205
73.42599487052205
73.42599487052205
73.42599487052205
73.42599487052205
73.42599487052205
73.42599487052205
73.42599487052205
73.42599487052205
73.42599487052205
73.42599487052205
73.42599487052205
73.42599487052205
73.42599487052205
73.42599487052205
73.42599487052205
73.42599487052205
73.42599487052205
73.42599487052205
73.42599487052205
73.42599487052205
73.42599487052205
73.42599487052205
73.42599487052205
73.42599487052205
73.42599487052205
73.42599487052205
73.42599487052205
73.42599487052205
73.42599487052205
73.42599487052205
73.42599487052205
73.42599487052205
72.64002647472492
72.39182592868372
72.39182592868372
72.39182592868372
72.39182592868372
72.39182592868372
72.39182592868372
72.39182592868372
72.39182592868372
72.39182592868372
72.39182592868372
72.39182592868372
72.39182592868372
72.39182592868372
72.39182592868372
72.39182592868372
72.39182592868372
72.39182592868372
72.39182592868372
72.39182592868372
72.39182592868372
72.39182592868372
72.39182592868372
72.39182592868372
72.39182592868372
72.39182592868372
72.39182592868372
72.39182592868372
72.39182592868372
72.39182592868372
72.39182592868372
72.39182592868372
72.39182592868372
72.68139323239845
73.42599487052205
73.42599487052205
73.42599487052205
73.42599487052205
