69.20202526731264
69.20202526731264
69.20202526731264
69.20202526731264
69.20202526731264
69.20202526731264
69.20202526731264
69.62260793607143
70.20495316973745
70.20495316973745
70.20495316973745
70.20495316973745
70.20495316973745
70.20495316973745
70.20495316973745
70.20495316973745
70.20495316973745
70.31818696517252
71.20788107216228
71.20788107216228
71.20788107216228
71.20788107216228
71.20788107216228
71.20788107216228
71.20788107216228
71.20788107216228
71.20788107216228
71.20788107216228
72.17845646160565
72.2108089745871
72.2108089745871
72.2108089745871
72.2108089745871
72.2108089745871
72.2108089745871
72.2108089745871
72.2108089745871
72.2108089745871
72.53433410440155
73.21373687701193
73.21373687701193
73.21373687701193
73.21373687701193
73.21373687701193
73.21373687701193
73.21373687701193
73.21373687701193
73.21373687701193
73.21373687701193
72.46962907843866
72.2108089745871
72.2108089745871
72.2108089745871
72.2108089745871
72.2108089745871
72.2108089745871
72.2108089745871
72.2108089745871
72.2108089745871
72.2108089745871
72.2108089745871
72.2108089745871
72.2108089745871
72.2108089745871
72.2108089745871
72.2108089745871
72.2108089745871
72.2108089745871
72.2108089745871
72.2108089745871
72.2108089745871
72.2108089745871
72.2108089745871
72.2108089745871
72.2108089745871
72.2108089745871
72.2108089745871
72.2108089745871
72.2108089745871
72.2108089745871
72.2108089745871
72.2108089745871
71.11082353321794
70.20495316973745
70.20495316973745
70.20495316973745
70.20495316973745
70.20495316973745
70.20495316973745
70.20495316973745
70.20495316973745
70.20495316973745
70.20495316973745
69.49319788414564
69.20202526731264
69.20202526731264
69.20202526731264
69.20202526731264
69.20202526731264
69.20202526731264
69.20202526731264
69.20202526731264
69.20202526731264
69.20202526731264
69.20202526731264
68.36085992979504
68.19909736488782
68.19909736488782
68.19909736488782
68.19909736488782
68.19909736488782
68.19909736488782
68.19909736488782
68.19909736488782
68.19909736488782
68.19909736488782
67.30940325789805
67.19616946246299
67.19616946246299
67.19616946246299
67.19616946246299
67.19616946246299
67.19616946246299
67.19616946246299
67.19616946246299
67.19616946246299
67.19616946246299
67.19616946246299
67.19616946246299
67.19616946246299
67.19616946246299
67.19616946246299
67.19616946246299
67.19616946246299
67.19616946246299
67.19616946246299
67.19616946246299
66.90499684562998
66.19324156003817
66.19324156003817
66.19324156003817
66.19324156003817
66.19324156003817
66.19324156003817
66.19324156003817
66.19324156003817
66.19324156003817
66.19324156003817
65.80501140426082
64.18738575518853
64.18738575518853
64.18738575518853
64.18738575518853
64.18738575518853
64.18738575518853
64.18738575518853
64.18738575518853
64.18738575518853
64.18738575518853
64.18738575518853
64.18738575518853
64.18738575518853
64.18738575518853
64.18738575518853
64.18738575518853
64.18738575518853
64.18738575518853
64.18738575518853
64.18738575518853
64.18738575518853
64.64032093692877
65.19031365761336
65.19031365761336
65.19031365761336
65.19031365761336
65.19031365761336
65.19031365761336
65.19031365761336
65.19031365761336
65.19031365761336
65.06090360568757
64.18738575518853
64.18738575518853
64.18738575518853
64.18738575518853
64.18738575518853
64.18738575518853
64.18738575518853
64.18738575518853
64.18738575518853
64.18738575518853
64.18738575518853
64.18738575518853
64.18738575518853
64.18738575518853
64.18738575518853
64.18738575518853
64.18738575518853
64.18738575518853
64.18738575518853
64.18738575518853
64.38150083307721
65.19031365761336
65.19031365761336
65.19031365761336
65.19031365761336
65.19031365761336
65.19031365761336
65.19031365761336
65.19031365761336
65.19031365761336
64.34914832009576
64.18738575518853
64.18738575518853
64.18738575518853
64.18738575518853
64.18738575518853
64.18738575518853
64.18738575518853
64.18738575518853
64.18738575518853
64.18738575518853
64.18738575518853
64.18738575518853
64.18738575518853
64.18738575518853
64.18738575518853
64.18738575518853
64.18738575518853
64.18738575518853
64.18738575518853
64.18738575518853
64.18738575518853
64.18738575518853
64.18738575518853
64.18738575518853
64.18738575518853
64.18738575518853
64.18738575518853
64.28444329413287
65.19031365761336
65.19031365761336
65.19031365761336
65.19031365761336
65.19031365761336
65.19031365761336
65.19031365761336
65.19031365761336
65.19031365761336
64.76973098885456
64.18738575518853
64.18738575518853
64.18738575518853
64.18738575518853
64.18738575518853
64.18738575518853
64.18738575518853
64.18738575518853
64.18738575518853
64.88296478428961
65.19031365761336
65.19031365761336
65.19031365761336
65.19031365761336
65.19031365761336
65.19031365761336
65.19031365761336
65.19031365761336
65.19031365761336
65.19031365761336
65.19031365761336
65.19031365761336
65.19031365761336
65.19031365761336
65.19031365761336
65.19031365761336
65.19031365761336
65.19031365761336
64.31679580711432
64.18738575518853
64.18738575518853
64.18738575518853
64.18738575518853
64.18738575518853
64.18738575518853
64.18738575518853
64.18738575518853
64.3006195506236
65.19031365761336
65.19031365761336
65.19031365761336
65.19031365761336
65.19031365761336
65.19031365761336
65.19031365761336
65.19031365761336
65.19031365761336
64.72120221938239
64.18738575518853
64.18738575518853
64.18738575518853
64.18738575518853
64.18738575518853
64.18738575518853
64.18738575518853
64.18738575518853
64.18738575518853
65.83736391724227
66.19324156003817
66.19324156003817
66.19324156003817
66.19324156003817
66.19324156003817
66.19324156003817
66.19324156003817
66.19324156003817
66.08000776460311
65.19031365761336
65.19031365761336
65.19031365761336
65.19031365761336
65.19031365761336
65.19031365761336
65.19031365761336
65.19031365761336
65.19031365761336
65.19031365761336
65.19031365761336
65.19031365761336
65.19031365761336
65.19031365761336
65.19031365761336
65.19031365761336
65.19031365761336
65.19031365761336
65.10943237515974
64.18738575518853
64.18738575518853
64.18738575518853
64.18738575518853
64.18738575518853
64.18738575518853
64.18738575518853
64.18738575518853
64.18738575518853
64.91531729727106
65.19031365761336
65.19031365761336
65.19031365761336
65.19031365761336
65.19031365761336
65.19031365761336
65.19031365761336
65.19031365761336
65.31972370953913
66.19324156003817
66.19324156003817
66.19324156003817
66.19324156003817
66.19324156003817
66.19324156003817
66.19324156003817
66.19324156003817
66.19324156003817
68.06968731296203
70.20495316973745
70.20495316973745
70.20495316973745
70.20495316973745
70.20495316973745
70.20495316973745
70.20495316973745
70.20495316973745
71.61228748443035
73.21373687701193
73.21373687701193
73.21373687701193
73.21373687701193
73.21373687701193
73.21373687701193
73.21373687701193
73.21373687701193
73.21373687701193
73.21373687701193
73.21373687701193
73.21373687701193
73.21373687701193
73.21373687701193
73.21373687701193
73.21373687701193
73.21373687701193
73.21373687701193
73.47255698086349
74.21666477943674
74.21666477943674
74.21666477943674
74.21666477943674
74.21666477943674
74.21666477943674
74.21666477943674
74.21666477943674
74.21666477943674
74.21666477943674
74.21666477943674
74.21666477943674
74.21666477943674
74.21666477943674
74.21666477943674
74.21666477943674
74.21666477943674
74.21666477943674
74.26519354890891
75.21959268186156
75.21959268186156
75.21959268186156
75.21959268186156
75.21959268186156
75.21959268186156
75.21959268186156
75.21959268186156
75.21959268186156
75.09018262993578
73.21373687701193
73.21373687701193
73.21373687701193
73.21373687701193
73.21373687701193
73.21373687701193
73.21373687701193
73.21373687701193
73.21373687701193
73.21373687701193
73.21373687701193
73.21373687701193
73.21373687701193
73.21373687701193
73.21373687701193
73.21373687701193
73.21373687701193
73.21373687701193
73.21373687701193
71.7902263058283
71.20788107216228
71.20788107216228
71.20788107216228
71.20788107216228
71.20788107216228
71.20788107216228
71.20788107216228
71.20788107216228
71.40199615005095
72.2108089745871
72.2108089745871
72.2108089745871
72.2108089745871
72.2108089745871
72.2108089745871
72.2108089745871
72.2108089745871
72.51815784791083
73.21373687701193
73.21373687701193
73.21373687701193
73.21373687701193
73.21373687701193
73.21373687701193
73.21373687701193
73.21373687701193
73.21373687701193
74.00637344505733
74.21666477943674
74.21666477943674
74.21666477943674
74.21666477943674
74.21666477943674
74.21666477943674
74.21666477943674
74.21666477943674
74.21666477943674
76.0931105323606
76.22252058428639
76.22252058428639
76.22252058428639
76.22252058428639
76.22252058428639
76.22252058428639
76.22252058428639
76.22252058428639
76.22252058428639
77.16074346074831
78.22837638913602
78.22837638913602
78.22837638913602
78.22837638913602
78.22837638913602
78.22837638913602
78.22837638913602
78.22837638913602
78.22837638913602
78.22837638913602
78.22837638913602
78.22837638913602
78.22837638913602
78.22837638913602
78.22837638913602
78.22837638913602
78.22837638913602
78.22837638913602
78.22837638913602
78.22837638913602
77.2254484867112
77.2254484867112
77.2254484867112
77.2254484867112
77.2254484867112
77.2254484867112
77.2254484867112
77.2254484867112
77.2254484867112
77.2254484867112
77.5813261295071
78.22837638913602
78.22837638913602
78.22837638913602
78.22837638913602
78.22837638913602
78.22837638913602
78.22837638913602
78.22837638913602
78.22837638913602
78.22837638913602
77.09603843478541
76.22252058428639
76.22252058428639
76.22252058428639
76.22252058428639
76.22252058428639
76.22252058428639
76.22252058428639
76.22252058428639
76.22252058428639
75.99605299341626
75.21959268186156
75.21959268186156
75.21959268186156
75.21959268186156
75.21959268186156
75.21959268186156
75.21959268186156
75.21959268186156
75.21959268186156
75.21959268186156
75.21959268186156
75.21959268186156
75.21959268186156
75.21959268186156
75.21959268186156
75.21959268186156
75.21959268186156
75.21959268186156
75.21959268186156
75.21959268186156
76.48134068813795
78.22837638913602
78.22837638913602
78.22837638913602
78.22837638913602
78.22837638913602
78.22837638913602
78.22837638913602
78.22837638913602
79.1989517785794
82.2400879988353
82.2400879988353
82.2400879988353
82.2400879988353
82.2400879988353
82.2400879988353
82.2400879988353
82.2400879988353
82.2400879988353
82.2400879988353
82.2400879988353
82.2400879988353
82.2400879988353
82.2400879988353
82.2400879988353
82.2400879988353
82.2400879988353
82.2400879988353
82.4503793332147
83.24301590126012
83.24301590126012
83.24301590126012
83.24301590126012
83.24301590126012
83.24301590126012
83.24301590126012
83.24301590126012
83.24301590126012
83.93859493036122
84.24594380368495
84.24594380368495
84.24594380368495
84.24594380368495
84.24594380368495
84.24594380368495
84.24594380368495
84.24594380368495
84.24594380368495
84.24594380368495
84.24594380368495
84.24594380368495
84.24594380368495
84.24594380368495
84.24594380368495
84.24594380368495
84.24594380368495
84.24594380368495
84.24594380368495
84.24594380368495
84.24594380368495
84.24594380368495
84.24594380368495
84.24594380368495
84.24594380368495
84.24594380368495
84.24594380368495
84.24594380368495
84.24594380368495
84.24594380368495
84.24594380368495
84.24594380368495
83.2268396447694
81.23716009641049
81.23716009641049
81.23716009641049
81.23716009641049
81.23716009641049
81.23716009641049
81.23716009641049
81.23716009641049
81.23716009641049
81.23716009641049
81.23716009641049
82.17538297287241
82.2400879988353
82.2400879988353
82.2400879988353
82.2400879988353
82.2400879988353
82.2400879988353
82.2400879988353
82.2400879988353
82.2400879988353
82.2400879988353
80.88128245361457
80.23423219398566
80.23423219398566
80.23423219398566
80.23423219398566
80.23423219398566
80.23423219398566
80.23423219398566
80.23423219398566
80.23423219398566
80.23423219398566
80.23423219398566
81.04304501852181
81.23716009641049
81.23716009641049
81.23716009641049
81.23716009641049
81.23716009641049
81.23716009641049
81.23716009641049
81.23716009641049
81.23716009641049
81.23716009641049
80.23423219398566
80.23423219398566
80.23423219398566
80.23423219398566
80.23423219398566
80.23423219398566
80.23423219398566
80.23423219398566
80.23423219398566
80.23423219398566
80.23423219398566
79.70041572979181
79.23130429156085
79.23130429156085
79.23130429156085
79.23130429156085
79.23130429156085
79.23130429156085
79.23130429156085
79.23130429156085
79.23130429156085
79.21512803507012
78.22837638913602
78.22837638913602
78.22837638913602
78.22837638913602
78.22837638913602
78.22837638913602
78.22837638913602
78.22837638913602
78.22837638913602
78.22837638913602
78.22837638913602
78.22837638913602
78.22837638913602
78.22837638913602
78.22837638913602
78.22837638913602
78.22837638913602
78.22837638913602
78.22837638913602
78.22837638913602
78.22837638913602
80.16952716802277
80.23423219398566
80.23423219398566
80.23423219398566
80.23423219398566
80.23423219398566
80.23423219398566
80.23423219398566
80.23423219398566
80.23423219398566
80.67099111923518
83.24301590126012
83.24301590126012
83.24301590126012
83.24301590126012
83.24301590126012
83.24301590126012
83.24301590126012
83.24301590126012
83.24301590126012
83.24301590126012
83.24301590126012
83.24301590126012
83.24301590126012
84.10035749526844
84.24594380368495
84.24594380368495
84.24594380368495
84.24594380368495
84.24594380368495
84.24594380368495
84.24594380368495
84.24594380368495
84.24594380368495
84.48858765104579
89.26058331580906
89.26058331580906
89.26058331580906
89.26058331580906
89.26058331580906
89.26058331580906
89.26058331580906
89.26058331580906
93.95169769811869
94.27522282793315
94.27522282793315
94.27522282793315
94.27522282793315
94.27522282793315
94.27522282793315
94.27522282793315
94.27522282793315
94.27522282793315
94.27522282793315
94.27522282793315
94.27522282793315
94.27522282793315
94.27522282793315
94.27522282793315
94.27522282793315
94.27522282793315
94.27522282793315
94.27522282793315
94.27522282793315
94.27522282793315
94.27522282793315
93.20758989954544
91.26643912065869
91.26643912065869
91.26643912065869
91.26643912065869
91.26643912065869
91.26643912065869
91.26643912065869
91.26643912065869
91.26643912065869
91.26643912065869
91.26643912065869
89.56793218913279
88.25765541338423
88.25765541338423
88.25765541338423
88.25765541338423
88.25765541338423
88.25765541338423
88.25765541338423
88.25765541338423
88.25765541338423
88.25765541338423
88.25765541338423
88.25765541338423
88.25765541338423
88.25765541338423
88.25765541338423
88.25765541338423
88.25765541338423
88.25765541338423
88.25765541338423
88.25765541338423
88.25765541338423
88.25765541338423
88.25765541338423
87.33560879341303
87.25472751095941
87.25472751095941
87.25472751095941
87.25472751095941
87.25472751095941
87.25472751095941
87.25472751095941
87.25472751095941
87.25472751095941
87.25472751095941
87.25472751095941
90.26351121823387
90.26351121823387
90.26351121823387
90.26351121823387
90.26351121823387
90.26351121823387
90.26351121823387
90.26351121823387
90.26351121823387
90.26351121823387
90.39292127015966
92.26936702308352
92.26936702308352
92.26936702308352
92.26936702308352
92.26936702308352
92.26936702308352
92.26936702308352
92.26936702308352
92.26936702308352
92.26936702308352
92.26936702308352
92.26936702308352
92.26936702308352
92.26936702308352
92.26936702308352
92.26936702308352
92.26936702308352
92.26936702308352
92.26936702308352
92.26936702308352
92.26936702308352
92.26936702308352
92.26936702308352
92.26936702308352
92.26936702308352
92.26936702308352
92.26936702308352
92.26936702308352
92.26936702308352
92.26936702308352
92.26936702308352
92.26936702308352
92.26936702308352
92.81935974376809
93.27229492550833
93.27229492550833
93.27229492550833
93.27229492550833
93.27229492550833
93.27229492550833
93.27229492550833
93.27229492550833
93.27229492550833
93.27229492550833
94.24287031495172
95.27815073035798
95.27815073035798
95.27815073035798
95.27815073035798
95.27815073035798
95.27815073035798
95.27815073035798
95.27815073035798
95.27815073035798
95.27815073035798
95.27815073035798
91.78407932836183
91.26643912065869
91.26643912065869
91.26643912065869
91.26643912065869
91.26643912065869
91.26643912065869
91.26643912065869
91.26643912065869
91.26643912065869
91.26643912065869
91.26643912065869
93.78993513321147
94.27522282793315
94.27522282793315
94.27522282793315
94.27522282793315
94.27522282793315
94.27522282793315
94.27522282793315
94.27522282793315
94.27522282793315
94.27522282793315
94.27522282793315
94.27522282793315
94.27522282793315
94.27522282793315
94.27522282793315
94.27522282793315
94.27522282793315
94.27522282793315
94.27522282793315
94.27522282793315
94.27522282793315
94.27522282793315
94.79286303563629
95.27815073035798
95.27815073035798
95.27815073035798
95.27815073035798
95.27815073035798
95.27815073035798
95.27815073035798
95.27815073035798
95.27815073035798
95.27815073035798
94.17816528898882
93.27229492550833
93.27229492550833
93.27229492550833
93.27229492550833
93.27229492550833
93.27229492550833
93.27229492550833
93.27229492550833
93.27229492550833
93.27229492550833
93.27229492550833
93.27229492550833
93.27229492550833
93.27229492550833
93.27229492550833
93.27229492550833
93.27229492550833
93.27229492550833
93.27229492550833
93.27229492550833
93.27229492550833
93.27229492550833
93.27229492550833
93.27229492550833
93.27229492550833
93.27229492550833
93.27229492550833
93.27229492550833
93.27229492550833
93.27229492550833
93.27229492550833
