-7.09330423259802
-7.09330423259802
-7.09330423259802
-7.09330423259802
-7.09330423259802
-7.09330423259802
-7.09330423259802
-7.09330423259802
-7.09330423259802
-7.09330423259802
-7.09330423259802
-7.09330423259802
-7.09330423259802
-7.09330423259802
-7.09330423259802
-7.09330423259802
-7.09330423259802
-7.09330423259802
-7.09330423259802
-7.09330423259802
-7.09330423259802
-7.09330423259802
-7.09330423259802
-7.09330423259802
-7.09330423259802
-7.09330423259802
-7.09330423259802
-7.09330423259802
-7.09330423259802
-7.09330423259802
-7.09330423259802
-7.09330423259802
-7.09330423259802
-7.09330423259802
-7.09330423259802
-7.09330423259802
-7.09330423259802
-7.09330423259802
-7.09330423259802
-7.09330423259802
-7.09330423259802
-7.09330423259802
-7.09330423259802
-7.09330423259802
-7.872788214202198
-8.106633408683452
-8.106633408683452
-8.106633408683452
-8.106633408683452
-8.106633408683452
-8.106633408683452
-8.106633408683452
-8.106633408683452
-8.106633408683452
-8.106633408683452
-8.106633408683452
-8.106633408683452
-8.106633408683452
-8.106633408683452
-8.106633408683452
-8.106633408683452
-8.106633408683452
-8.106633408683452
-8.106633408683452
-8.106633408683452
-8.106633408683452
-8.106633408683452
-8.106633408683452
-8.106633408683452
-8.106633408683452
-8.106633408683452
-8.106633408683452
-8.106633408683452
-8.106633408683452
-8.106633408683452
-8.106633408683452
-8.106633408683452
-8.106633408683452
-8.106633408683452
-8.106633408683452
-8.106633408683452
-8.106633408683452
-8.106633408683452
-8.106633408683452
-8.106633408683452
-8.106633408683452
-8.106633408683452
-8.106633408683452
-8.106633408683452
-8.106633408683452
-8.106633408683452
-8.106633408683452
-8.106633408683452
-8.106633408683452
-8.106633408683452
-8.106633408683452
-8.106633408683452
-8.106633408683452
-8.106633408683452
-8.106633408683452
-7.911762413282407
-7.09330423259802
-7.09330423259802
-7.09330423259802
-7.09330423259802
-7.09330423259802
-7.09330423259802
-7.09330423259802
-7.09330423259802
-7.09330423259802
-7.09330423259802
-7.09330423259802
-7.09330423259802
-7.09330423259802
-7.09330423259802
-7.09330423259802
-7.09330423259802
-7.09330423259802
-7.09330423259802
-7.09330423259802
-7.09330423259802
-7.09330423259802
-7.09330423259802
-7.09330423259802
-7.09330423259802
-7.09330423259802
-7.09330423259802
-7.09330423259802
-7.09330423259802
-7.09330423259802
-7.09330423259802
-7.09330423259802
-7.09330423259802
-7.09330423259802
-7.09330423259802
-7.09330423259802
-7.09330423259802
-7.09330423259802
-7.09330423259802
-7.09330423259802
-7.09330423259802
-7.09330423259802
-7.09330423259802
-7.09330423259802
-7.09330423259802
-7.09330423259802
-7.09330423259802
-7.09330423259802
-7.09330423259802
-7.09330423259802
-7.09330423259802
-7.09330423259802
-7.09330423259802
-7.09330423259802
-7.210226829838646
-8.106633408683452
-8.106633408683452
-8.106633408683452
-8.106633408683452
-8.106633408683452
-8.106633408683452
-8.106633408683452
-8.106633408683452
-8.106633408683452
-8.106633408683452
-8.106633408683452
-8.106633408683452
-8.106633408683452
-8.106633408683452
-8.106633408683452
-8.106633408683452
-8.106633408683452
-8.106633408683452
-8.106633408683452
-8.106633408683452
-8.106633408683452
-8.106633408683452
-8.106633408683452
-8.106633408683452
-8.106633408683452
-8.106633408683452
-8.106633408683452
-8.106633408683452
-8.106633408683452
-8.106633408683452
-8.106633408683452
-8.106633408683452
-8.106633408683452
-8.106633408683452
-8.106633408683452
-8.106633408683452
-8.106633408683452
-8.106633408683452
-8.106633408683452
-8.106633408683452
-8.106633408683452
-8.106633408683452
-8.106633408683452
-8.106633408683452
-8.106633408683452
-8.106633408683452
-8.106633408683452
-8.106633408683452
-8.106633408683452
-8.106633408683452
-8.106633408683452
-8.106633408683452
-8.106633408683452
-8.106633408683452
-8.106633408683452
-8.106633408683452
-8.106633408683452
-8.106633408683452
-8.106633408683452
-8.106633408683452
-8.106633408683452
-8.106633408683452
-8.106633408683452
-8.106633408683452
-7.79483981604178
-7.09330423259802
-7.09330423259802
-7.09330423259802
-7.09330423259802
-7.09330423259802
-7.09330423259802
-7.09330423259802
-7.09330423259802
-7.09330423259802
-7.09330423259802
-7.09330423259802
-7.09330423259802
-7.09330423259802
-7.09330423259802
-7.09330423259802
-7.09330423259802
-7.09330423259802
-6.469717047314678
-6.0799750565125885
-6.0799750565125885
-6.0799750565125885
-6.0799750565125885
-6.0799750565125885
-6.0799750565125885
-6.0799750565125885
-6.0799750565125885
-6.0799750565125885
-6.0799750565125885
-6.0799750565125885
-6.0799750565125885
-6.0799750565125885
-6.0799750565125885
-6.0799750565125885
-6.7425364408761395
-7.09330423259802
-7.09330423259802
-7.09330423259802
-7.09330423259802
-7.09330423259802
-7.09330423259802
-7.09330423259802
-7.09330423259802
-7.09330423259802
-7.09330423259802
-7.09330423259802
-7.09330423259802
-7.09330423259802
-7.09330423259802
-7.09330423259802
-7.09330423259802
-7.09330423259802
-7.09330423259802
-7.09330423259802
-7.09330423259802
-7.09330423259802
-7.09330423259802
-7.09330423259802
-7.09330423259802
-7.09330423259802
-7.09330423259802
-7.09330423259802
-7.09330423259802
-7.09330423259802
-7.09330423259802
-7.09330423259802
-7.09330423259802
-7.288175227999064
-8.028685010523033
-8.106633408683452
-8.106633408683452
-8.106633408683452
-8.106633408683452
-8.106633408683452
-7.483046223400109
-7.09330423259802
-7.09330423259802
-7.09330423259802
-7.09330423259802
-7.09330423259802
-7.09330423259802
-7.09330423259802
-7.09330423259802
-7.09330423259802
-7.09330423259802
-7.09330423259802
-7.09330423259802
-7.09330423259802
-7.09330423259802
-7.09330423259802
-7.09330423259802
-7.09330423259802
-7.09330423259802
-7.09330423259802
-7.09330423259802
-7.09330423259802
-7.09330423259802
-7.09330423259802
-7.09330423259802
-7.09330423259802
-7.09330423259802
-7.09330423259802
-7.09330423259802
-7.09330423259802
-7.09330423259802
-7.09330423259802
-7.599968820640735
-8.106633408683452
-8.106633408683452
-8.106633408683452
-8.106633408683452
-8.106633408683452
-8.106633408683452
-8.106633408683452
-8.106633408683452
-8.106633408683452
-8.106633408683452
-8.106633408683452
-8.106633408683452
-8.106633408683452
-8.106633408683452
-8.106633408683452
-8.106633408683452
-8.106633408683452
-8.106633408683452
-7.638943019720944
-7.09330423259802
-7.09330423259802
-7.09330423259802
-7.09330423259802
-7.09330423259802
-7.09330423259802
-7.09330423259802
-7.09330423259802
-7.09330423259802
-7.09330423259802
-7.09330423259802
-7.09330423259802
-7.09330423259802
-7.09330423259802
-7.09330423259802
-7.09330423259802
-7.09330423259802
-6.625613843635513
-6.0799750565125885
-6.0799750565125885
-6.0799750565125885
-6.0799750565125885
-6.0799750565125885
-6.0799750565125885
-6.0799750565125885
-6.0799750565125885
-6.0799750565125885
-6.0799750565125885
-6.0799750565125885
-6.0799750565125885
-6.3138202509938415
-7.09330423259802
-7.09330423259802
-7.09330423259802
-7.09330423259802
-7.09330423259802
-7.09330423259802
-7.09330423259802
-7.09330423259802
-7.09330423259802
-7.09330423259802
-7.09330423259802
-7.09330423259802
-7.09330423259802
-7.09330423259802
-7.09330423259802
-7.09330423259802
-7.09330423259802
-7.09330423259802
-7.09330423259802
-7.09330423259802
-7.09330423259802
-7.09330423259802
-7.09330423259802
-7.09330423259802
-7.09330423259802
-7.09330423259802
-7.09330423259802
-7.09330423259802
-7.09330423259802
-7.09330423259802
-7.09330423259802
-7.09330423259802
-7.09330423259802
-7.09330423259802
-7.09330423259802
-7.09330423259802
-7.09330423259802
-7.09330423259802
-7.09330423259802
-7.09330423259802
-7.09330423259802
-7.09330423259802
-7.09330423259802
-7.09330423259802
-7.09330423259802
-7.09330423259802
-7.09330423259802
-7.09330423259802
-7.09330423259802
-7.09330423259802
-7.09330423259802
-7.09330423259802
-7.09330423259802
-7.09330423259802
-7.09330423259802
-7.09330423259802
-7.09330423259802
-7.09330423259802
-7.09330423259802
-7.09330423259802
-7.09330423259802
-7.09330423259802
-7.09330423259802
-7.09330423259802
-7.09330423259802
-7.09330423259802
-7.09330423259802
-7.09330423259802
-7.09330423259802
-7.09330423259802
-7.09330423259802
-7.09330423259802
-7.09330423259802
-7.09330423259802
-7.09330423259802
-7.09330423259802
-7.09330423259802
-7.09330423259802
-7.09330423259802
-7.09330423259802
-7.09330423259802
-7.09330423259802
-7.09330423259802
-7.09330423259802
-7.09330423259802
-7.09330423259802
-7.09330423259802
-7.09330423259802
-7.09330423259802
-7.09330423259802
-7.09330423259802
-7.09330423259802
-7.09330423259802
-7.09330423259802
-7.09330423259802
-7.09330423259802
-7.09330423259802
-7.09330423259802
-7.09330423259802
-7.09330423259802
-7.09330423259802
-7.09330423259802
-7.09330423259802
-7.09330423259802
-7.09330423259802
-7.09330423259802
-7.09330423259802
-7.09330423259802
-7.09330423259802
-7.09330423259802
-7.09330423259802
-7.09330423259802
-7.09330423259802
-7.09330423259802
-7.09330423259802
-7.09330423259802
-7.09330423259802
-7.09330423259802
-7.09330423259802
-7.09330423259802
-7.09330423259802
-7.09330423259802
-7.09330423259802
-7.09330423259802
-7.09330423259802
-7.09330423259802
-7.09330423259802
-7.09330423259802
-7.09330423259802
-7.09330423259802
-7.09330423259802
-7.09330423259802
-7.09330423259802
-7.09330423259802
-7.09330423259802
-7.09330423259802
-7.09330423259802
-7.09330423259802
-7.09330423259802
-7.09330423259802
-7.09330423259802
-7.09330423259802
-7.09330423259802
-7.09330423259802
-7.09330423259802
-7.09330423259802
-7.09330423259802
-7.09330423259802
-7.09330423259802
-7.09330423259802
-7.09330423259802
-7.09330423259802
-7.09330423259802
-7.09330423259802
-7.09330423259802
-7.09330423259802
-7.09330423259802
-7.09330423259802
-7.09330423259802
-7.09330423259802
-7.09330423259802
-7.09330423259802
-7.09330423259802
-7.09330423259802
-7.09330423259802
-7.09330423259802
-7.09330423259802
-7.09330423259802
-7.09330423259802
-7.09330423259802
-7.09330423259802
-7.09330423259802
-7.09330423259802
-7.09330423259802
-7.09330423259802
-7.09330423259802
-7.09330423259802
-7.09330423259802
-7.09330423259802
-7.09330423259802
-7.09330423259802
-7.09330423259802
-7.09330423259802
-7.09330423259802
-7.09330423259802
-7.09330423259802
-7.09330423259802
-7.09330423259802
-7.09330423259802
-7.09330423259802
-7.09330423259802
-7.09330423259802
-7.09330423259802
-7.09330423259802
-7.09330423259802
-7.09330423259802
-7.09330423259802
-7.09330423259802
-7.09330423259802
-7.09330423259802
-7.09330423259802
-7.09330423259802
-7.09330423259802
-7.09330423259802
-7.09330423259802
-7.09330423259802
-7.09330423259802
-7.09330423259802
-7.09330423259802
-7.09330423259802
-7.09330423259802
-7.09330423259802
-7.09330423259802
-7.09330423259802
-7.09330423259802
-7.09330423259802
-7.09330423259802
-7.09330423259802
-7.09330423259802
-7.09330423259802
-7.09330423259802
-7.09330423259802
-7.09330423259802
-7.09330423259802
-7.09330423259802
-7.09330423259802
-7.09330423259802
-7.09330423259802
-7.09330423259802
-7.09330423259802
-7.09330423259802
-7.09330423259802
-7.09330423259802
-7.09330423259802
-7.09330423259802
-7.09330423259802
-7.09330423259802
-7.09330423259802
-7.09330423259802
-7.09330423259802
-7.09330423259802
-7.09330423259802
-7.09330423259802
-7.09330423259802
-7.09330423259802
-7.09330423259802
-7.09330423259802
-7.09330423259802
-7.09330423259802
-7.09330423259802
-7.09330423259802
-7.09330423259802
-7.09330423259802
-7.09330423259802
-7.09330423259802
-7.09330423259802
-7.09330423259802
-7.09330423259802
-7.09330423259802
-7.09330423259802
-7.09330423259802
-7.09330423259802
-7.09330423259802
-7.09330423259802
-7.09330423259802
-7.677917218801153
-8.106633408683452
-8.106633408683452
-8.106633408683452
-8.106633408683452
-8.106633408683452
-7.989710811442825
-7.09330423259802
-7.09330423259802
-7.09330423259802
-7.09330423259802
-7.09330423259802
-7.09330423259802
-7.09330423259802
-7.09330423259802
-7.09330423259802
-7.09330423259802
-7.09330423259802
-7.09330423259802
-7.09330423259802
-7.09330423259802
-7.09330423259802
-7.09330423259802
-7.09330423259802
-7.09330423259802
-7.09330423259802
-7.09330423259802
-7.09330423259802
-7.09330423259802
-7.09330423259802
-7.09330423259802
-7.09330423259802
-7.09330423259802
-7.09330423259802
-7.09330423259802
-7.09330423259802
-7.09330423259802
-7.09330423259802
-7.09330423259802
-7.09330423259802
-7.09330423259802
-7.09330423259802
-7.09330423259802
-7.09330423259802
-7.09330423259802
-7.09330423259802
-7.09330423259802
-7.09330423259802
-7.09330423259802
-7.09330423259802
-7.09330423259802
-7.09330423259802
-7.09330423259802
-7.09330423259802
-7.09330423259802
-7.09330423259802
-7.09330423259802
-7.09330423259802
-7.09330423259802
-7.09330423259802
-7.09330423259802
-7.09330423259802
-7.09330423259802
-7.09330423259802
-7.09330423259802
-7.09330423259802
-7.09330423259802
-7.09330423259802
-7.09330423259802
-7.09330423259802
-7.09330423259802
-7.09330423259802
-7.09330423259802
-7.09330423259802
-7.09330423259802
-7.09330423259802
-7.09330423259802
-7.09330423259802
-7.09330423259802
-7.09330423259802
-7.09330423259802
-7.09330423259802
-7.09330423259802
-7.09330423259802
-7.09330423259802
-7.09330423259802
-7.09330423259802
-7.09330423259802
-7.09330423259802
-7.09330423259802
-7.09330423259802
-7.09330423259802
-7.09330423259802
-7.09330423259802
-7.09330423259802
-7.09330423259802
-7.09330423259802
-7.09330423259802
-7.09330423259802
-7.09330423259802
-7.09330423259802
-7.09330423259802
-7.09330423259802
-7.09330423259802
-7.09330423259802
-7.09330423259802
-7.09330423259802
-7.09330423259802
-7.09330423259802
-7.09330423259802
-7.09330423259802
-7.09330423259802
-7.09330423259802
-7.09330423259802
-7.09330423259802
-7.09330423259802
-7.09330423259802
-7.09330423259802
-7.09330423259802
-7.09330423259802
-7.09330423259802
-7.09330423259802
-7.09330423259802
-7.09330423259802
-7.09330423259802
-7.09330423259802
-7.09330423259802
-7.09330423259802
-7.79483981604178
-8.106633408683452
-8.106633408683452
-8.106633408683452
-8.106633408683452
-7.560994621560527
-7.09330423259802
-7.09330423259802
-7.09330423259802
-7.09330423259802
-7.09330423259802
-7.09330423259802
-7.09330423259802
-7.09330423259802
-7.09330423259802
-7.09330423259802
-7.09330423259802
-7.09330423259802
-7.09330423259802
-7.09330423259802
-7.09330423259802
-7.09330423259802
-7.09330423259802
-7.09330423259802
-7.09330423259802
-7.09330423259802
-6.0799750565125885
-6.0799750565125885
-6.0799750565125885
-6.0799750565125885
-6.0799750565125885
-6.0799750565125885
-6.0799750565125885
-6.0799750565125885
-6.0799750565125885
-6.0799750565125885
-6.0799750565125885
-6.0799750565125885
-6.0799750565125885
-6.0799750565125885
-6.0799750565125885
-6.0799750565125885
-6.0799750565125885
-6.0799750565125885
-6.235871852833424
-7.09330423259802
-7.09330423259802
-7.09330423259802
-7.09330423259802
-7.09330423259802
-7.09330423259802
-7.09330423259802
-7.09330423259802
-7.09330423259802
-7.09330423259802
-7.09330423259802
-7.09330423259802
-7.09330423259802
-7.09330423259802
-7.09330423259802
-7.09330423259802
-7.09330423259802
-7.09330423259802
-7.09330423259802
-7.09330423259802
-7.09330423259802
-7.09330423259802
-7.09330423259802
-7.09330423259802
-7.09330423259802
-7.09330423259802
-7.09330423259802
-7.09330423259802
-7.09330423259802
-7.09330423259802
-7.09330423259802
-7.09330423259802
-7.09330423259802
-7.989710811442825
-8.106633408683452
-8.106633408683452
-8.106633408683452
-8.106633408683452
-8.106633408683452
-8.106633408683452
-8.106633408683452
-9.042014186608466
-9.119962584768883
-9.119962584768883
-9.119962584768883
-9.119962584768883
-9.119962584768883
-9.119962584768883
-9.119962584768883
-9.821498168212642
-10.133291760854314
-10.133291760854314
-10.133291760854314
-10.133291760854314
-10.133291760854314
-10.133291760854314
-10.133291760854314
-10.133291760854314
-10.133291760854314
-10.133291760854314
-10.133291760854314
-10.133291760854314
-10.133291760854314
-10.133291760854314
-10.133291760854314
-9.353807779250136
-9.119962584768883
-9.119962584768883
-9.119962584768883
-9.119962584768883
-9.119962584768883
-9.119962584768883
-9.119962584768883
-9.119962584768883
-9.119962584768883
-9.119962584768883
-9.119962584768883
-9.119962584768883
-9.119962584768883
-9.119962584768883
-8.925091589367838
-8.106633408683452
-8.106633408683452
-8.106633408683452
-8.106633408683452
-8.106633408683452
-8.106633408683452
-8.106633408683452
-8.106633408683452
-8.106633408683452
-8.106633408683452
-8.106633408683452
-8.106633408683452
-8.106633408683452
-7.210226829838646
-7.09330423259802
-7.09330423259802
-7.09330423259802
-7.09330423259802
-7.09330423259802
-7.09330423259802
-7.09330423259802
-7.09330423259802
-7.09330423259802
-7.09330423259802
-6.157923454673006
-6.0799750565125885
-6.0799750565125885
-6.0799750565125885
-6.0799750565125885
-5.183568477667784
-5.066645880427157
-5.066645880427157
-5.066645880427157
-5.066645880427157
-5.066645880427157
-5.066645880427157
-5.261516875828201
-6.0799750565125885
-6.0799750565125885
-6.0799750565125885
-6.0799750565125885
-6.0799750565125885
-6.0799750565125885
-6.0799750565125885
-7.015355834437602
-7.09330423259802
-7.09330423259802
-7.09330423259802
-7.09330423259802
-7.09330423259802
-7.09330423259802
-7.09330423259802
-7.09330423259802
-7.09330423259802
-7.09330423259802
