80.02074498916988
76.02428384026358
74.07181427133224
73.49217486805576
73.21760883492479
73.52268220507031
78.0987827572531
105.21980536318983
112.14497086549314
108.17901705360138
97.83702980566825
88.83736538637541
83.83416211598889
82.70539064645047
83.3155373867415
84.56633820433814
88.34924799414259
90.91186430336495
85.39003630373104
78.67842216052959
75.20058574087066
73.94978492327404
73.49217486805576
73.76674090118672
87.34250587266237
106.71466487690289
108.63662710881965
113.30424967204611
97.95905915372646
87.70859391683699
83.22401537569785
82.52234662436315
83.59010341987248
88.28823332011348
90.36273223710302
91.6440403917142
88.7153360383172
82.5528539613777
78.25131944232587
76.23783519936543
75.01754171878336
74.25485829341956
77.76320205009304
89.08142408249184
113.45678635711887
114.5855578266573
112.75511760578418
106.28756215869916
93.53549528661642
85.69510967387656
84.04771347509075
84.32227950822171
86.82388114341498
90.02715152994294
91.61353305469964
91.24744501052503
86.76286646938588
79.47161292290795
77.48863601696208
76.5124012324964
75.50565911101619
75.87174715519082
87.43402788370602
112.63308825772597
115.04316788187558
112.87714695384238
105.15879068916074
94.14564202690747
88.41026266817168
86.57982244729857
87.28149119863326
87.58656456877878
88.77635071234631
93.13889990542725
91.15592299948136
85.75612434790567
81.54611183989749
80.081759663199
79.07501754171878
78.52588547545685
78.31233411635498
79.41059824887884
82.52234662436315
103.96900454559321
114.18896244546812
114.24997711949723
107.90445102047042
92.83382653528173
89.87461484487018
88.593306690259
88.7153360383172
90.45425424814667
92.3457091430489
93.62701729766007
92.22367979499069
85.72561701089111
81.6681411879557
80.081759663199
79.47161292290795
79.07501754171878
78.52588547545685
79.04451020470422
80.14277433722809
98.81326459013391
114.95164587083192
114.5855578266573
108.81967113090697
99.3318893193813
94.38970072302388
92.62027517617986
91.85759175081606
92.62027517617986
92.62027517617986
92.86433387229627
93.29143659050001
88.92888739741908
83.68162543091613
81.82067787302846
80.84444308856278
80.53936971841728
80.3258183593154
79.53262759693706
79.68516428200981
82.12575124317398
85.14597760761463
110.55858934073643
115.01266054486102
109.49083254522712
100.033558070716
95.54897952957685
93.81006131974739
93.62701729766007
94.45071539705297
94.51173007108208
94.51173007108208
94.11513468989291
91.30845968455412
86.33576375118216
83.04097135361053
81.45458982885383
80.53936971841728
80.53936971841728
80.53936971841728
80.38683303334452
79.71567161902436
78.0987827572531
77.8547240611367
86.97641782848774
113.8228744012935
117.6973062021416
114.5855578266573
105.86045944049543
97.56246377253728
94.45071539705297
93.01687055736903
92.92534854632538
93.62701729766007
94.08462735287836
94.63375941914029
93.01687055736903
90.21019555203026
85.664602336862
83.65111809390157
82.58336129839225
82.5528539613777
82.5528539613777
82.5528539613777
82.09524390615942
80.66139906647548
81.08850178467921
86.48830043625492
111.32127276610024
114.0059184233808
113.7618597272644
111.16873608102748
96.9828243692608
92.71179718722352
92.406723817078
92.62027517617986
92.5897678391653
94.02361267884925
94.63375941914029
92.98636322035449
88.16620397205527
84.41380151926538
82.73589798346501
82.5528539613777
82.64437597242136
82.5528539613777
82.4918392873486
81.08850178467921
80.66139906647548
92.77281186125262
113.48729369413343
115.37874858903565
114.03642576039536
111.32127276610024
105.4943713963208
99.94203605967235
97.34891241343541
95.97608224778058
95.88456023673693
96.1591262698679
96.52521431404251
96.43369230299886
93.41346593855822
88.68482870130265
85.32902162970194
83.9561914640471
82.85792733152323
82.5528539613777
82.5528539613777
81.75966319899935
80.72241374050458
78.98349553067511
78.25131944232587
79.59364227096616
97.19637572836267
107.47734830226668
106.8366942249611
104.85371731901522
100.1555874187742
97.19637572836267
94.7557887671985
93.53549528661642
92.62027517617986
92.62027517617986
91.67454772872875
89.96613685591383
86.51880777326946
83.74264010494522
81.48509716586838
80.53936971841728
79.62414960798071
78.7394368345587
77.9767534091949
77.51914335397662
76.57341590652551
74.80399035968149
72.85152079075017
74.34638030446321
90.60679093321943
99.82000671161413
99.66747002654137
98.53869855700295
96.46419964001342
93.53549528661642
90.75932761829219
88.98990207144817
88.593306690259
88.593306690259
88.34924799414259
87.86113060190975
85.35952896671648
82.30879526526128
80.35632569632996
79.01400286768967
77.67168003904938
77.0310259617438
76.54290856951096
76.26834253637999
75.23109307788522
74.49891698953597
75.20058574087066
78.89197351963146
92.62027517617986
95.6405015406205
94.84731077824216
93.59650996064552
90.78983495530674
88.50178467921535
87.58656456877878
87.52554989474967
87.58656456877878
87.09844717654595
86.33576375118216
85.08496293358552
82.12575124317398
79.5631349339516
77.67168003904938
76.5124012324964
76.5124012324964
76.3293572104091
75.71921047011806
74.98703438176881
73.79724823820128
73.49217486805576
75.01754171878336
89.38649745263734
97.47094176149363
96.83028768418804
96.64724366210072
95.73202355166417
92.10165044693248
90.14918087800115
88.7153360383172
87.92214527593886
87.58656456877878
87.58656456877878
87.18996918758961
83.80365477897433
81.30205314378107
78.64791482351505
76.90899661368559
75.78022514414715
75.50565911101619
75.29210775191433
74.83449769669605
74.19384361939045
73.00405747582293
71.50919796210988
71.47869062509533
76.02428384026358
91.97962109887428
96.64724366210072
96.09811159583879
94.38970072302388
92.92534854632538
90.66780560724854
88.86787272338997
88.34924799414259
87.58656456877878
87.58656456877878
87.58656456877878
87.31199853564782
84.7188748894109
81.75966319899935
79.25806156380608
77.58015802800573
76.63443058055462
76.5124012324964
76.48189389548186
75.6887031331035
75.38362976295798
74.04130693431769
72.88202812776471
73.21760883492479
82.36980993929039
95.48796485554774
96.37267762896975
95.73202355166417
94.78629610421305
92.62027517617986
90.27121022605935
88.13569663504072
87.34250587266237
87.58656456877878
87.49504255773513
87.58656456877878
87.34250587266237
84.65786021538179
80.17328167424265
78.55639281247139
77.58015802800573
77.42762134293297
76.5124012324964
76.5124012324964
76.02428384026358
74.65145367460873
73.49217486805576
74.83449769669605
87.40352054669147
96.12861893285334
97.71500045761005
97.50144909850817
96.37267762896975
95.18289148540222
93.84056865676195
92.52875316513621
91.18643033649592
90.60679093321943
90.60679093321943
90.48476158516122
87.15946185057506
84.32227950822171
81.48509716586838
79.4411055858934
77.73269471307849
76.90899661368559
76.5124012324964
76.5124012324964
75.81073248116171
74.80399035968149
73.58369687909942
73.94978492327404
79.83770096708257
95.03035480032946
97.65398578358094
97.6234784465664
96.55572165105707
94.78629610421305
92.22367979499069
90.78983495530674
89.66106348576832
89.60004881173921
89.60004881173921
89.4170047896519
86.67134445834222
83.68162543091613
81.08850178467921
79.10552487873333
78.52588547545685
78.00726074620945
77.51914335397662
76.81747460264192
76.5124012324964
75.20058574087066
74.83449769669605
75.50565911101619
78.52588547545685
91.94911376185972
97.65398578358094
96.31166295494066
94.66426675615484
92.406723817078
90.39323957411757
88.92888739741908
88.593306690259
88.593306690259
88.593306690259
88.07468196101162
85.05445559657096
82.00372189511576
79.80719363006803
79.10552487873333
78.49537813844229
77.42762134293297
76.5124012324964
76.48189389548186
75.65819579608895
76.48189389548186
83.62061075688702
95.60999420360595
96.9828243692608
96.25064828091155
95.33542817047498
93.41346593855822
91.30845968455412
89.96613685591383
88.86787272338997
88.593306690259
88.593306690259
88.13569663504072
85.5425729888038
82.40031727630495
80.2037890112572
78.83095884560235
78.28182677934042
77.51914335397662
76.81747460264192
76.5124012324964
75.87174715519082
76.5124012324964
80.966472436621
94.78629610421305
97.65398578358094
96.64724366210072
95.97608224778058
94.96934012630037
93.74904664571828
92.55926050215076
91.55251838067055
90.60679093321943
90.60679093321943
90.02715152994294
87.1289545135605
85.45105097776015
84.65786021538179
81.39357515482473
79.07501754171878
78.52588547545685
78.40385612739863
77.51914335397662
76.5124012324964
75.50565911101619
76.35986454742364
87.9526526129534
96.9828243692608
97.65398578358094
97.0438390432899
95.70151621464962
94.84731077824216
93.65752463467463
92.5897678391653
91.7660697397724
90.72882028127763
90.60679093321943
90.51526892217578
88.44077000518624
85.14597760761463
82.21727325421763
80.14277433722809
79.31907623783519
78.49537813844229
78.03776808322401
77.2750846578602
76.5124012324964
76.26834253637999
74.95652704475425
73.64471155312852
74.80399035968149
86.15271972909484
96.79978034717348
97.25739040239176
96.46419964001342
95.36593550748954
94.11513468989291
92.68128985020897
91.58302571768509
90.60679093321943
90.54577625919032
90.39323957411757
88.92888739741908
86.91540315445864
84.0782208121053
82.06473656914487
80.3258183593154
79.53262759693706
78.58690014948594
78.52588547545685
77.61066536502028
76.42087922145275
75.32261508892888
75.50565911101619
77.94624607218036
91.85759175081606
96.31166295494066
95.76253088867871
94.96934012630037
93.65752463467463
92.01012843588882
90.9423716403795
89.50852680069556
88.62381402727355
88.593306690259
88.41026266817168
85.60358766283291
83.98669880106165
80.9054577625919
79.01400286768967
77.61066536502028
76.54290856951096
76.23783519936543
75.50565911101619
75.10906372982701
74.19384361939045
72.60746209463375
70.92955855883339
70.47194850361511
74.28536563043411
90.75932761829219
95.60999420360595
95.09136947435857
94.0541200158638
92.52875316513621
91.33896702156868
89.99664419292839
88.593306690259
87.58656456877878
87.58656456877878
87.55605723176423
85.39003630373104
82.94944934256688
79.5631349339516
77.30559199487476
75.6276884590744
75.07855639281246
74.49891698953597
74.46840965252143
73.49217486805576
73.49217486805576
72.08883736538637
70.74651453674608
69.4652063821349
69.80078708929497
81.18002379572286
94.0541200158638
94.63375941914029
93.90158333079104
92.65078251319441
90.97287897739406
88.80685804936086
87.18996918758961
86.57982244729857
86.39677842521125
86.1832270661094
86.33576375118216
83.59010341987248
81.21053113273742
77.94624607218036
75.90225449220537
74.59043900057964
74.25485829341956
73.49217486805576
73.49217486805576
73.12608682388114
71.8752860062845
70.71600719973152
69.55672839317855
71.90579334329905
86.06119771805118
93.81006131974739
93.62701729766007
92.95585588333994
91.0033863144086
88.34924799414259
85.32902162970194
83.55959608285792
83.49858140882881
83.55959608285792
83.55959608285792
83.40705939778516
81.51560450288294
79.22755422679154
78.43436346441318
75.96326916623447
73.79724823820128
73.49217486805576
73.49217486805576
72.97355013880838
72.72949144269197
71.90579334329905
70.44144116660055
69.64825040422221
70.47194850361511
77.67168003904938
95.03035480032946
96.00658958479514
94.96934012630037
93.16940724244179
89.96613685591383
86.94591049147319
85.35952896671648
84.56633820433814
84.56633820433814
84.59684554135269
84.47481619329447
83.07147869062509
80.3258183593154
77.0310259617438
75.41413709997254
74.49891698953597
74.07181427133224
73.49217486805576
73.4616675310412
72.54644742060465
71.72274932121175
71.47869062509533
72.48543274657554
79.04451020470422
93.35245126452911
95.5184721925623
94.63375941914029
93.87107599377649
91.18643033649592
88.28823332011348
86.12221239208029
85.5425729888038
85.48155831477469
84.56633820433814
84.26126483419262
81.94270722108666
78.86146618261691
75.90225449220537
74.49891698953597
73.61420421611396
73.37014551999755
72.48543274657554
72.48543274657554
71.93630068031361
70.86854388480428
70.47194850361511
70.47194850361511
71.47869062509533
86.48830043625492
95.88456023673693
95.21339882241678
93.90158333079104
91.15592299948136
88.7153360383172
86.88489581744409
86.33576375118216
85.69510967387656
85.84764635894932
86.15271972909484
83.89517679001798
81.18002379572286
78.0987827572531
75.87174715519082
74.68196101162329
73.88877024924494
73.67521889014307
73.49217486805576
72.82101345373562
72.24137405045913
70.96006589584795
69.4652063821349
69.77027975228042
83.28503004972696
96.95231703224624
98.32514719790109
97.40992708746452
96.73876567314439
95.57948686659141
91.94911376185972
89.26446810457914
87.98315994996796
87.58656456877878
87.58656456877878
87.37301320967691
86.24424174013849
84.2002501601635
80.84444308856278
78.25131944232587
76.63443058055462
75.71921047011806
75.44464443698709
74.83449769669605
74.68196101162329
73.70572622715763
72.79050611672106
72.24137405045913
74.43790231550688
90.33222490008846
98.99630861222123
98.14210317581377
97.01333170627535
95.42695018151865
92.43723115409254
89.81360017084108
88.31874065712803
87.49504255773513
87.55605723176423
87.52554989474967
87.34250587266237
86.33576375118216
84.29177217120717
80.84444308856278
78.34284145336953
77.18356264681655
76.5124012324964
75.59718112205985
75.44464443698709
74.40739497849232
73.88877024924494
75.01754171878336
81.54611183989749
95.88456023673693
96.64724366210072
96.64724366210072
95.73202355166417
92.49824582812165
89.4170047896519
87.58656456877878
87.0069251655023
86.57982244729857
86.57982244729857
86.57982244729857
84.38329418225082
81.63763385094114
78.89197351963146
78.00726074620945
76.5124012324964
75.50565911101619
75.50565911101619
74.95652704475425
74.49891698953597
73.61420421611396
73.4616675310412
75.44464443698709
90.97287897739406
98.17261051282833
97.7455077946246
96.79978034717348
95.06086213734402
92.98636322035449
91.33896702156868
89.96613685591383
89.60004881173921
88.80685804936086
88.593306690259
88.07468196101162
86.09170505506573
83.34604472375605
80.50886238140272
79.16653955276243
78.34284145336953
77.51914335397662
77.48863601696208
76.54290856951096
76.4513865584673
75.35312242594343
75.07855639281246
82.4918392873486
92.62027517617986
96.9828243692608
97.8675371426828
97.0438390432899
95.60999420360595
93.90158333079104
92.52875316513621
91.46099636962688
90.60679093321943
90.60679093321943
90.11867354098659
90.30171756307391
85.78663168492021
82.70539064645047
80.41734037035906
79.04451020470422
78.15979743128221
76.81747460264192
76.57341590652551
75.81073248116171
74.80399035968149
73.18710149791023
71.35666127703712
70.47194850361511
74.31587296744867
84.9019189114982
96.52521431404251
96.61673632508618
95.6405015406205
95.5184721925623
94.54223740809664
93.44397327557276
92.31520180603434
91.33896702156868
90.60679093321943
90.02715152994294
88.95939473443362
87.15946185057506
84.62735287836723
81.45458982885383
79.95973031514079
78.58690014948594
78.03776808322401
77.51914335397662
77.153055309802
76.57341590652551
75.50565911101619
74.34638030446321
73.49217486805576
73.85826291223039
84.96293358552731
94.35919338600932
96.3421702919552
95.67100887763506
94.93883278928581
94.51173007108208
93.19991457945635
90.60679093321943
89.96613685591383
90.57628359620487
90.0576588669575
89.5390341377101
87.0069251655023
84.44430885627993
81.69864852497025
79.99023765215533
78.95298819366057
78.64791482351505
78.22081210531132
77.42762134293297
76.35986454742364
75.01754171878336
73.98029226028859
76.02428384026358
89.14243875652093
94.63375941914029
94.35919338600932
93.53549528661642
92.25418713200524
89.5390341377101
87.49504255773513
85.90866103297843
85.57308032581835
85.57308032581835
85.60358766283291
85.57308032581835
84.44430885627993
81.57661917691203
78.55639281247139
76.48189389548186
75.50565911101619
75.01754171878336
74.49891698953597
74.49891698953597
74.1023216083468
73.49217486805576
72.5159400835901
73.55318954208487
84.81039690045455
97.95905915372646
98.66072790506115
98.5692058940175
96.9828243692608
94.42020806003843
92.89484120931083
92.62027517617986
92.62027517617986
92.62027517617986
92.31520180603434
91.0033863144086
84.93242624851275
82.6138686354068
81.7291558619848
81.30205314378107
81.18002379572286
80.99697977363554
79.4411055858934
77.8547240611367
75.99377650324902
74.34638030446321
75.38362976295798
79.83770096708257
94.87781811525672
98.53869855700295
97.53195643552273
96.06760425882423
93.81006131974739
91.94911376185972
90.08816620397205
89.47801946368101
88.593306690259
88.593306690259
88.593306690259
88.34924799414259
85.5425729888038
82.30879526526128
79.5631349339516
77.45812867994752
76.17682052533634
75.6276884590744
74.98703438176881
74.46840965252143
74.07181427133224
75.10906372982701
81.18002379572286
95.73202355166417
97.59297110955184
96.52521431404251
94.7557887671985
92.4677384911071
90.45425424814667
88.62381402727355
87.58656456877878
87.58656456877878
87.40352054669147
86.76286646938588
84.38329418225082
81.63763385094114
78.46487080142774
76.05479117727813
74.89551237072516
73.82775557521583
73.21760883492479
72.48543274657554
73.1565941608957
76.60392324354007
92.28469446901978
97.71500045761005
97.0438390432899
96.03709692180969
