-9.319181982914833
-9.319181982914833
-9.319181982914833
-9.319181982914833
-9.319181982914833
-9.319181982914833
-9.319181982914833
-9.319181982914833
-9.319181982914833
-9.319181982914833
-9.319181982914833
-9.319181982914833
-9.319181982914833
-9.319181982914833
-9.319181982914833
-9.319181982914833
-8.749676417292259
-8.283717318146518
-8.283717318146518
-8.283717318146518
-8.283717318146518
-8.283717318146518
-8.283717318146518
-8.283717318146518
-8.283717318146518
-8.283717318146518
-8.283717318146518
-8.283717318146518
-8.283717318146518
-8.283717318146518
-8.180170851669686
-7.248252653378203
-7.248252653378203
-7.248252653378203
-7.248252653378203
-7.248252653378203
-7.248252653378203
-7.248252653378203
-7.248252653378203
-7.248252653378203
-7.248252653378203
-7.248252653378203
-7.248252653378203
-7.248252653378203
-7.248252653378203
-7.248252653378203
-7.248252653378203
-6.419880921563551
-6.212787988609889
-6.212787988609889
-6.212787988609889
-6.212787988609889
-6.212787988609889
-6.212787988609889
-6.212787988609889
-6.212787988609889
-6.212787988609889
-6.212787988609889
-6.212787988609889
-5.850375355940978
-5.1773233238415735
-5.1773233238415735
-5.1773233238415735
-5.1773233238415735
-5.022003624126326
-4.141858659073259
-4.141858659073259
-4.141858659073259
-4.141858659073259
-3.88299249288118
-3.1063939943049443
-3.1063939943049443
-3.1063939943049443
-3.1063939943049443
-2.4333419622055397
-2.0709293295366296
-2.0709293295366296
-2.0709293295366296
-2.0709293295366296
-1.1907843644835618
-1.0354646647683148
-1.0354646647683148
-1.0354646647683148
-1.0354646647683148
-0.7248252653378203
0.0
0.0
0.0
0.0
0.0
0.0
0.0
0.0
0.0
0.0
0.0
0.0
0.0
0.0
0.0
0.0
0.0
1.0354646647683148
1.0354646647683148
1.0354646647683148
1.0354646647683148
1.0354646647683148
1.0354646647683148
1.0354646647683148
1.0354646647683148
0.9319181982914833
0.0
0.0
0.0
0.0
0.0
0.0
0.0
0.0
0.0
0.0
0.0
0.0
0.0
0.0
0.0
0.0
-0.8283717318146517
-1.0354646647683148
-1.0354646647683148
-1.0354646647683148
-1.0354646647683148
-1.7085166968677192
-2.0709293295366296
-2.0709293295366296
-2.0709293295366296
-2.0709293295366296
-2.0709293295366296
-2.8475278281128653
-3.1063939943049443
-3.1063939943049443
-3.1063939943049443
-3.1063939943049443
-3.365260160497023
-4.141858659073259
-4.141858659073259
-4.141858659073259
-4.141858659073259
-4.141858659073259
-4.711364224695832
-5.1773233238415735
-5.1773233238415735
-5.1773233238415735
-5.1773233238415735
-5.1773233238415735
-5.1773233238415735
-5.1773233238415735
-5.1773233238415735
-5.902148589179394
-6.212787988609889
-6.212787988609889
-6.212787988609889
-6.212787988609889
-6.212787988609889
-6.212787988609889
-6.212787988609889
-6.212787988609889
-6.212787988609889
-6.212787988609889
-6.212787988609889
-6.212787988609889
-6.212787988609889
-6.212787988609889
-6.212787988609889
-6.212787988609889
-6.212787988609889
-5.1773233238415735
-5.1773233238415735
-5.1773233238415735
-5.1773233238415735
-5.1773233238415735
-4.659590991457416
-4.141858659073259
-4.141858659073259
-4.141858659073259
-3.934765726119596
-3.1063939943049443
-3.1063939943049443
-3.1063939943049443
-2.6922081283976182
-2.0709293295366296
-2.0709293295366296
-2.0709293295366296
-1.2943308309603934
-1.0354646647683148
-1.0354646647683148
-1.0354646647683148
-0.10354646647683147
0.0
0.0
0.0
0.0
0.0
0.0
0.0
0.0
0.0
0.0
0.0
0.0
0.0
0.0
0.0
0.0
0.0
0.0
0.0
0.0
0.0
0.0
0.0
0.0
0.0
0.0
0.0
0.0
0.0
0.0
0.0
0.0
0.0
0.0
0.0
0.0
0.0
0.0
0.0
0.0
0.0
0.0
0.0
0.0
0.0
0.0
0.0
0.0
0.0
0.0
0.0
0.0
0.0
0.0
0.0
0.0
0.0
0.0
0.0
0.41418586590732587
1.0354646647683148
1.0354646647683148
1.0354646647683148
1.0354646647683148
1.0354646647683148
1.0354646647683148
1.0354646647683148
1.0354646647683148
1.0354646647683148
1.5014237639140564
2.0709293295366296
2.0709293295366296
2.0709293295366296
2.0709293295366296
2.0709293295366296
2.0709293295366296
2.0709293295366296
2.0709293295366296
2.0709293295366296
2.0709293295366296
2.0709293295366296
2.2262490292518766
3.1063939943049443
3.1063939943049443
3.1063939943049443
3.1063939943049443
3.1063939943049443
3.1063939943049443
3.1063939943049443
3.1063939943049443
3.1063939943049443
3.1063939943049443
3.1063939943049443
3.1063939943049443
3.1063939943049443
3.1063939943049443
3.1063939943049443
3.1063939943049443
3.1063939943049443
3.1063939943049443
3.1063939943049443
3.1063939943049443
3.1063939943049443
3.1063939943049443
3.1063939943049443
3.1063939943049443
3.1063939943049443
3.1063939943049443
2.8475278281128653
2.0709293295366296
2.0709293295366296
2.0709293295366296
2.0709293295366296
2.0709293295366296
2.0709293295366296
2.0709293295366296
2.0709293295366296
2.0709293295366296
2.0709293295366296
2.0709293295366296
2.0709293295366296
2.0709293295366296
2.0709293295366296
2.0709293295366296
1.4496505306756406
1.0354646647683148
1.0354646647683148
1.0354646647683148
1.0354646647683148
1.0354646647683148
1.0354646647683148
1.0354646647683148
1.0354646647683148
1.0354646647683148
1.0354646647683148
1.0354646647683148
0.46595909914574163
0.0
0.0
0.0
0.0
0.0
0.0
0.0
0.0
0.0
0.0
0.0
0.0
0.0
0.0
0.0
0.0
0.0
0.0
-0.5177323323841574
-1.0354646647683148
-1.0354646647683148
-1.0354646647683148
-1.0354646647683148
-1.0354646647683148
-1.0354646647683148
-1.0354646647683148
-1.8120631633445508
-2.0709293295366296
-2.0709293295366296
-2.0709293295366296
-2.0709293295366296
-2.0709293295366296
-2.0709293295366296
-2.6404348951592027
-3.1063939943049443
-3.1063939943049443
-3.1063939943049443
-3.1063939943049443
-3.1063939943049443
-3.313486927258607
-4.141858659073259
-4.141858659073259
-4.141858659073259
-4.141858659073259
-4.141858659073259
-4.141858659073259
-4.141858659073259
-4.141858659073259
-4.141858659073259
-4.141858659073259
-4.141858659073259
-4.141858659073259
-4.141858659073259
-4.193631892311674
-5.1773233238415735
-5.1773233238415735
-5.1773233238415735
-5.1773233238415735
-5.1773233238415735
-5.1773233238415735
-5.1773233238415735
-5.1773233238415735
-5.1773233238415735
-5.1773233238415735
-5.1773233238415735
-5.1773233238415735
-5.280869790318405
-6.212787988609889
-6.212787988609889
-6.212787988609889
-6.212787988609889
-6.212787988609889
-6.212787988609889
-6.212787988609889
-6.212787988609889
-6.212787988609889
-6.212787988609889
-6.212787988609889
-6.834066787470877
-7.248252653378203
-7.248252653378203
-7.248252653378203
-7.248252653378203
-7.248252653378203
-7.248252653378203
-7.248252653378203
-7.248252653378203
-7.248252653378203
-7.248252653378203
-7.248252653378203
-7.248252653378203
-7.248252653378203
-7.248252653378203
-7.248252653378203
-7.248252653378203
-7.248252653378203
-7.248252653378203
-7.248252653378203
-7.248252653378203
-7.248252653378203
-7.248252653378203
-7.248252653378203
-7.248252653378203
-7.248252653378203
-7.248252653378203
-7.248252653378203
-7.248252653378203
-7.248252653378203
-7.248252653378203
-7.248252653378203
-7.248252653378203
-7.248252653378203
-7.248252653378203
-7.248252653378203
-7.248252653378203
-6.471654154801967
-6.212787988609889
-6.212787988609889
-6.212787988609889
-6.212787988609889
-6.212787988609889
-6.005695055656226
-5.1773233238415735
-5.1773233238415735
-5.1773233238415735
-5.1773233238415735
-4.452498058503753
-4.141858659073259
-4.141858659073259
-4.141858659073259
-3.2099404607817754
-3.1063939943049443
-3.1063939943049443
-2.6404348951592027
-2.0709293295366296
-2.0709293295366296
-2.0709293295366296
-1.139011131245146
-1.0354646647683148
-1.0354646647683148
-1.0354646647683148
-0.1553196997152472
0.0
0.0
0.0
0.0
0.0
0.0
0.0
0.0
0.0
0.0
0.0
0.0
0.0
0.0
0.0
0.0
0.0
0.0
0.0
0.0
0.0
0.0
0.0
0.0
0.0
0.0
0.0
0.0
0.0
0.0
0.0
0.0
0.0
0.0
0.0
0.0
0.0
0.0
0.0
0.0
0.0
0.0
0.0
0.0
0.0
0.0
0.0
0.0
0.0
0.0
0.0
0.0
0.0
0.0
0.0
0.0
0.0
0.0
0.0
0.0
0.0
0.0
0.0
0.0
0.0
0.0
0.0
0.0
0.0
0.0
0.0
0.0
0.0
0.0
0.0
0.0
0.0
0.0
0.0
0.0
0.0
0.0
0.0
0.0
0.0
0.0
0.0
0.0
0.0
0.0
0.0
0.0
0.0
0.0
0.0
0.0
0.0
0.0
0.0
0.0
0.0
0.0
0.0
0.0
0.0
0.0
0.0
0.0
0.0
0.0
0.0
0.0
0.0
0.0
0.0
0.0
0.0
0.0
0.0
0.0
0.0
0.0
0.0
-0.36241263266891016
-1.0354646647683148
-1.0354646647683148
-1.0354646647683148
-1.0354646647683148
-1.0354646647683148
-1.0354646647683148
-1.0354646647683148
-2.0709293295366296
-2.0709293295366296
-2.0709293295366296
-2.0709293295366296
-2.0709293295366296
-2.0709293295366296
-2.0709293295366296
-2.0709293295366296
-2.8993010613512813
-3.1063939943049443
-3.1063939943049443
-3.1063939943049443
-3.1063939943049443
-3.1063939943049443
-3.1063939943049443
-3.1063939943049443
-3.1063939943049443
-3.1063939943049443
-3.1063939943049443
-4.038312192596427
-4.141858659073259
-4.141858659073259
-4.141858659073259
-4.141858659073259
-4.141858659073259
-4.141858659073259
-4.141858659073259
-4.141858659073259
-4.141858659073259
-4.141858659073259
-4.711364224695832
-5.1773233238415735
-5.1773233238415735
-5.1773233238415735
-5.1773233238415735
-5.1773233238415735
-5.1773233238415735
-5.1773233238415735
-5.1773233238415735
-5.1773233238415735
-5.1773233238415735
-5.1773233238415735
-5.1773233238415735
-5.1773233238415735
-5.1773233238415735
-5.1773233238415735
-5.1773233238415735
-5.1773233238415735
-5.1773233238415735
-5.1773233238415735
-5.1773233238415735
-5.1773233238415735
-5.1773233238415735
-5.1773233238415735
-5.1773233238415735
-5.1773233238415735
-5.1773233238415735
-5.1773233238415735
-5.1773233238415735
-5.1773233238415735
-5.1773233238415735
-5.1773233238415735
-4.193631892311674
-4.141858659073259
-4.141858659073259
-4.141858659073259
-4.141858659073259
-4.141858659073259
-3.727672793165933
-3.1063939943049443
-3.1063939943049443
-3.1063939943049443
-2.8993010613512813
-2.0709293295366296
-2.0709293295366296
-2.0709293295366296
-2.0709293295366296
-1.0354646647683148
-1.0354646647683148
-1.0354646647683148
-1.0354646647683148
-1.0354646647683148
-0.3106393994304944
0.0
0.0
0.0
0.0
0.0
0.0
0.0
0.0
0.0
0.0
-0.20709293295366293
-1.0354646647683148
-1.0354646647683148
-1.0354646647683148
-1.0354646647683148
-1.0354646647683148
-1.1907843644835618
-2.0709293295366296
-2.0709293295366296
-2.0709293295366296
-2.0709293295366296
-2.122702562775045
-3.1063939943049443
-3.1063939943049443
-3.1063939943049443
-3.1063939943049443
-3.727672793165933
-4.141858659073259
-4.141858659073259
-4.141858659073259
-4.141858659073259
-4.711364224695832
-5.1773233238415735
-5.1773233238415735
-5.1773233238415735
-5.1773233238415735
-5.1773233238415735
-5.4361894900336525
-6.212787988609889
-6.212787988609889
-6.212787988609889
-6.212787988609889
-6.212787988609889
-6.212787988609889
-6.212787988609889
-6.212787988609889
-6.885840020709293
-7.248252653378203
-7.248252653378203
-7.248252653378203
-7.248252653378203
-7.248252653378203
-7.248252653378203
-7.248252653378203
-7.248252653378203
-7.248252653378203
-7.248252653378203
-7.248252653378203
-7.248252653378203
-7.248252653378203
-7.248252653378203
-7.248252653378203
-7.248252653378203
-7.248252653378203
-7.248252653378203
-7.248252653378203
-7.248252653378203
-7.248252653378203
-7.248252653378203
-7.248252653378203
-7.248252653378203
-7.248252653378203
-7.248252653378203
-7.248252653378203
-7.248252653378203
-7.248252653378203
-7.248252653378203
-7.248252653378203
-7.248252653378203
-7.248252653378203
-7.144706186901372
-6.212787988609889
-6.212787988609889
-6.212787988609889
-6.212787988609889
-6.212787988609889
-6.212787988609889
-6.212787988609889
-6.212787988609889
-6.212787988609889
-5.4361894900336525
-5.1773233238415735
-5.1773233238415735
-5.1773233238415735
-5.1773233238415735
-4.659590991457416
-4.141858659073259
-4.141858659073259
-4.141858659073259
-4.141858659073259
-3.1063939943049443
-3.1063939943049443
-3.1063939943049443
-3.1063939943049443
-2.2262490292518766
-2.0709293295366296
-2.0709293295366296
-2.0709293295366296
-1.6049702303908877
-1.0354646647683148
-1.0354646647683148
-1.0354646647683148
-1.0354646647683148
-0.983691431529899
0.0
0.0
0.0
0.0
0.0
0.0
0.0
0.0
0.0
0.0
0.0
0.0
0.0
0.0
0.0
0.0
0.0
0.0
0.0
0.0
0.0
0.0
0.0
0.0
0.0
0.0
0.0
0.0
-0.36241263266891016
-1.0354646647683148
-1.0354646647683148
-1.0354646647683148
-2.0709293295366296
-2.0709293295366296
-2.0709293295366296
-3.002847527828113
-3.1063939943049443
-3.1063939943049443
-3.52057986021227
-4.141858659073259
-4.141858659073259
-4.141858659073259
-4.452498058503753
-5.1773233238415735
-5.1773233238415735
-5.1773233238415735
-5.1773233238415735
-5.1773233238415735
-5.850375355940978
-6.212787988609889
-6.212787988609889
-6.212787988609889
-6.212787988609889
-6.212787988609889
-6.212787988609889
-6.212787988609889
-6.212787988609889
-7.196479420139787
-7.248252653378203
-7.248252653378203
-7.248252653378203
-7.248252653378203
-7.248252653378203
-7.248252653378203
-7.248252653378203
-7.248252653378203
-7.248252653378203
-7.248252653378203
-7.248252653378203
-7.248252653378203
-7.248252653378203
-7.248252653378203
-7.248252653378203
-7.248252653378203
-7.248252653378203
-7.248252653378203
-7.248252653378203
-7.248252653378203
-7.248252653378203
-7.248252653378203
-7.248252653378203
-7.248252653378203
-7.248252653378203
-7.248252653378203
-7.248252653378203
-7.248252653378203
-7.248252653378203
-7.248252653378203
-7.248252653378203
-7.248252653378203
-7.248252653378203
-7.248252653378203
-7.248252653378203
-7.248252653378203
-7.248252653378203
-7.248252653378203
-7.248252653378203
-7.248252653378203
-7.248252653378203
-7.248252653378203
-7.248252653378203
-7.248252653378203
-7.248252653378203
-7.248252653378203
-7.248252653378203
-7.248252653378203
-7.248252653378203
-7.248252653378203
-7.248252653378203
-7.248252653378203
-7.248252653378203
-7.248252653378203
-7.248252653378203
-7.248252653378203
