85.21560574948666
85.21560574948666
85.21560574948666
85.21560574948666
85.21560574948666
85.21560574948666
85.21560574948666
85.21560574948666
85.21560574948666
85.21560574948666
85.21560574948666
85.21560574948666
85.21560574948666
85.21560574948666
85.21560574948666
85.21560574948666
85.21560574948666
85.21560574948666
85.21560574948666
85.21560574948666
85.21560574948666
85.21560574948666
85.21560574948666
85.21560574948666
85.21560574948666
85.21560574948666
85.21560574948666
85.21560574948666
85.21560574948666
85.21560574948666
85.21560574948666
85.21560574948666
85.21560574948666
85.21560574948666
85.21560574948666
85.21560574948666
85.21560574948666
85.21560574948666
85.21560574948666
85.21560574948666
85.21560574948666
85.21560574948666
85.21560574948666
85.21560574948666
85.21560574948666
86.66505616620366
89.3223819301848
89.3223819301848
89.3223819301848
89.3223819301848
89.3223819301848
89.3223819301848
89.3223819301848
89.3223819301848
89.3223819301848
89.3223819301848
89.3223819301848
89.3223819301848
89.3223819301848
89.3223819301848
89.3223819301848
89.3223819301848
89.3223819301848
89.3223819301848
89.3223819301848
89.3223819301848
89.3223819301848
89.3223819301848
89.3223819301848
89.3223819301848
89.3223819301848
89.3223819301848
89.3223819301848
89.3223819301848
89.3223819301848
89.3223819301848
89.3223819301848
89.3223819301848
89.3223819301848
89.3223819301848
89.3223819301848
89.3223819301848
89.3223819301848
89.3223819301848
89.3223819301848
89.14120062809518
88.29568788501027
88.29568788501027
88.29568788501027
88.29568788501027
88.29568788501027
88.29568788501027
88.29568788501027
88.29568788501027
88.29568788501027
88.29568788501027
88.29568788501027
88.29568788501027
88.29568788501027
88.29568788501027
88.29568788501027
88.29568788501027
88.29568788501027
88.29568788501027
88.29568788501027
88.29568788501027
88.29568788501027
88.29568788501027
88.29568788501027
88.29568788501027
88.29568788501027
88.29568788501027
88.29568788501027
88.29568788501027
88.29568788501027
88.29568788501027
88.29568788501027
88.29568788501027
88.29568788501027
88.29568788501027
88.29568788501027
88.29568788501027
88.29568788501027
88.29568788501027
88.29568788501027
88.29568788501027
88.29568788501027
86.96702500301969
86.24229979466119
86.24229979466119
86.24229979466119
86.24229979466119
86.24229979466119
86.24229979466119
86.24229979466119
86.24229979466119
86.24229979466119
86.24229979466119
86.24229979466119
86.24229979466119
86.24229979466119
86.24229979466119
86.24229979466119
86.24229979466119
86.24229979466119
86.24229979466119
86.24229979466119
86.24229979466119
86.24229979466119
86.24229979466119
86.24229979466119
86.24229979466119
86.24229979466119
86.24229979466119
86.24229979466119
86.24229979466119
86.24229979466119
86.24229979466119
86.24229979466119
86.24229979466119
86.24229979466119
86.24229979466119
86.24229979466119
86.24229979466119
86.24229979466119
86.24229979466119
86.24229979466119
86.24229979466119
86.24229979466119
86.24229979466119
86.24229979466119
82.86024882232154
82.13552361396304
82.13552361396304
82.13552361396304
82.13552361396304
82.13552361396304
82.13552361396304
82.13552361396304
82.13552361396304
82.13552361396304
82.13552361396304
82.13552361396304
82.13552361396304
82.13552361396304
82.13552361396304
82.13552361396304
82.13552361396304
82.13552361396304
82.13552361396304
82.13552361396304
82.13552361396304
82.13552361396304
82.13552361396304
82.13552361396304
82.13552361396304
82.13552361396304
82.13552361396304
82.13552361396304
82.13552361396304
82.13552361396304
82.13552361396304
82.13552361396304
82.13552361396304
82.13552361396304
82.13552361396304
82.13552361396304
82.13552361396304
82.13552361396304
82.13552361396304
82.13552361396304
82.13552361396304
82.13552361396304
82.13552361396304
82.13552361396304
82.13552361396304
82.13552361396304
82.13552361396304
82.13552361396304
82.13552361396304
82.13552361396304
82.13552361396304
82.13552361396304
82.13552361396304
82.13552361396304
82.13552361396304
82.13552361396304
82.13552361396304
82.13552361396304
82.13552361396304
82.13552361396304
82.13552361396304
82.13552361396304
82.13552361396304
82.13552361396304
82.13552361396304
82.13552361396304
82.13552361396304
82.13552361396304
82.13552361396304
82.13552361396304
82.13552361396304
82.13552361396304
82.13552361396304
82.13552361396304
82.13552361396304
82.13552361396304
82.13552361396304
82.13552361396304
82.13552361396304
83.16221765913758
83.16221765913758
83.16221765913758
83.16221765913758
83.16221765913758
83.16221765913758
83.16221765913758
83.16221765913758
83.16221765913758
83.16221765913758
83.16221765913758
83.16221765913758
83.16221765913758
83.16221765913758
83.16221765913758
83.16221765913758
83.16221765913758
83.16221765913758
83.16221765913758
83.16221765913758
83.16221765913758
83.16221765913758
83.16221765913758
83.16221765913758
83.16221765913758
83.16221765913758
83.16221765913758
83.16221765913758
83.16221765913758
83.16221765913758
83.16221765913758
83.16221765913758
83.16221765913758
83.16221765913758
83.16221765913758
83.16221765913758
83.16221765913758
82.98103635704796
82.13552361396304
82.13552361396304
82.13552361396304
82.13552361396304
82.13552361396304
82.13552361396304
82.13552361396304
82.13552361396304
82.13552361396304
82.13552361396304
82.13552361396304
82.13552361396304
82.13552361396304
82.13552361396304
82.13552361396304
82.13552361396304
82.13552361396304
82.13552361396304
82.13552361396304
82.13552361396304
82.13552361396304
82.13552361396304
82.13552361396304
82.13552361396304
82.13552361396304
82.13552361396304
82.13552361396304
82.13552361396304
82.13552361396304
82.13552361396304
82.13552361396304
82.13552361396304
82.13552361396304
82.13552361396304
82.13552361396304
82.13552361396304
82.13552361396304
82.13552361396304
82.13552361396304
82.13552361396304
82.13552361396304
82.13552361396304
82.13552361396304
82.13552361396304
82.13552361396304
82.13552361396304
82.13552361396304
82.13552361396304
82.13552361396304
82.13552361396304
82.13552361396304
82.13552361396304
82.13552361396304
82.13552361396304
82.13552361396304
82.13552361396304
82.13552361396304
82.13552361396304
82.13552361396304
82.13552361396304
82.13552361396304
82.13552361396304
82.13552361396304
82.13552361396304
82.13552361396304
82.13552361396304
82.13552361396304
82.13552361396304
82.13552361396304
82.13552361396304
82.13552361396304
82.13552361396304
82.13552361396304
82.13552361396304
82.13552361396304
82.13552361396304
82.13552361396304
82.13552361396304
82.13552361396304
82.13552361396304
82.13552361396304
82.13552361396304
82.13552361396304
82.13552361396304
82.13552361396304
82.13552361396304
82.13552361396304
82.13552361396304
82.13552361396304
82.13552361396304
82.13552361396304
82.13552361396304
82.13552361396304
82.13552361396304
82.13552361396304
82.13552361396304
82.13552361396304
82.13552361396304
82.13552361396304
82.13552361396304
82.13552361396304
82.13552361396304
82.13552361396304
82.13552361396304
82.13552361396304
82.13552361396304
82.13552361396304
82.13552361396304
82.13552361396304
82.13552361396304
82.13552361396304
82.13552361396304
82.13552361396304
82.13552361396304
82.13552361396304
86.24229979466119
86.24229979466119
86.24229979466119
86.24229979466119
86.24229979466119
86.24229979466119
86.24229979466119
86.24229979466119
86.24229979466119
86.24229979466119
86.24229979466119
86.24229979466119
86.24229979466119
86.24229979466119
86.24229979466119
86.24229979466119
86.24229979466119
86.24229979466119
86.24229979466119
86.24229979466119
86.24229979466119
86.24229979466119
86.24229979466119
86.24229979466119
86.24229979466119
86.24229979466119
86.24229979466119
86.24229979466119
86.24229979466119
86.24229979466119
86.24229979466119
86.24229979466119
86.24229979466119
86.24229979466119
86.24229979466119
86.24229979466119
86.24229979466119
89.3223819301848
89.3223819301848
89.3223819301848
89.3223819301848
89.3223819301848
89.3223819301848
89.3223819301848
89.3223819301848
89.3223819301848
89.3223819301848
89.3223819301848
89.3223819301848
89.3223819301848
89.3223819301848
89.3223819301848
89.3223819301848
89.3223819301848
89.3223819301848
89.3223819301848
89.3223819301848
89.3223819301848
89.3223819301848
89.3223819301848
89.3223819301848
89.3223819301848
89.3223819301848
89.3223819301848
89.3223819301848
89.3223819301848
89.3223819301848
89.3223819301848
89.3223819301848
89.3223819301848
89.3223819301848
89.3223819301848
89.44316946491122
90.34907597535934
90.34907597535934
90.34907597535934
90.34907597535934
90.34907597535934
90.34907597535934
90.34907597535934
90.34907597535934
90.34907597535934
90.34907597535934
90.34907597535934
90.34907597535934
90.34907597535934
90.34907597535934
90.34907597535934
90.34907597535934
90.34907597535934
90.34907597535934
90.34907597535934
90.34907597535934
90.34907597535934
90.34907597535934
90.34907597535934
90.34907597535934
90.34907597535934
90.34907597535934
90.34907597535934
90.34907597535934
90.34907597535934
90.34907597535934
90.34907597535934
90.34907597535934
90.34907597535934
90.34907597535934
90.34907597535934
90.34907597535934
90.34907597535934
90.34907597535934
90.34907597535934
90.34907597535934
90.34907597535934
90.34907597535934
90.34907597535934
90.34907597535934
90.34907597535934
90.34907597535934
90.34907597535934
90.34907597535934
90.34907597535934
90.34907597535934
90.34907597535934
90.34907597535934
90.34907597535934
90.34907597535934
90.34907597535934
90.34907597535934
90.34907597535934
90.34907597535934
90.34907597535934
90.34907597535934
90.34907597535934
90.34907597535934
90.34907597535934
90.34907597535934
90.34907597535934
90.34907597535934
90.34907597535934
90.34907597535934
90.34907597535934
90.34907597535934
90.34907597535934
90.34907597535934
90.34907597535934
90.34907597535934
90.34907597535934
90.34907597535934
90.34907597535934
90.34907597535934
89.14120062809518
88.29568788501027
88.29568788501027
88.29568788501027
88.29568788501027
88.29568788501027
88.29568788501027
88.29568788501027
88.29568788501027
88.29568788501027
88.29568788501027
88.29568788501027
88.29568788501027
88.29568788501027
88.29568788501027
88.29568788501027
88.29568788501027
88.29568788501027
88.29568788501027
88.29568788501027
88.29568788501027
88.29568788501027
88.29568788501027
88.29568788501027
88.29568788501027
88.29568788501027
88.29568788501027
88.29568788501027
88.29568788501027
88.29568788501027
88.29568788501027
88.29568788501027
88.29568788501027
88.29568788501027
88.29568788501027
88.29568788501027
88.29568788501027
88.29568788501027
88.29568788501027
88.29568788501027
88.29568788501027
88.29568788501027
88.29568788501027
88.29568788501027
88.29568788501027
88.29568788501027
88.29568788501027
88.29568788501027
88.29568788501027
88.29568788501027
88.29568788501027
88.29568788501027
88.29568788501027
88.29568788501027
88.29568788501027
88.29568788501027
88.29568788501027
88.29568788501027
88.29568788501027
88.29568788501027
88.29568788501027
88.29568788501027
88.29568788501027
88.29568788501027
88.29568788501027
88.29568788501027
88.29568788501027
88.29568788501027
88.29568788501027
88.29568788501027
88.29568788501027
88.29568788501027
88.29568788501027
88.29568788501027
88.29568788501027
88.29568788501027
88.29568788501027
88.29568788501027
88.29568788501027
88.29568788501027
88.29568788501027
88.29568788501027
88.29568788501027
88.29568788501027
88.29568788501027
88.29568788501027
88.29568788501027
88.29568788501027
88.29568788501027
88.29568788501027
88.29568788501027
88.29568788501027
88.29568788501027
88.29568788501027
88.29568788501027
88.29568788501027
88.29568788501027
88.29568788501027
88.29568788501027
88.29568788501027
88.29568788501027
88.29568788501027
88.29568788501027
88.29568788501027
88.29568788501027
88.29568788501027
88.29568788501027
88.29568788501027
88.29568788501027
88.29568788501027
88.29568788501027
88.29568788501027
88.29568788501027
88.29568788501027
88.29568788501027
87.69175021137819
87.26899383983573
87.26899383983573
87.26899383983573
87.26899383983573
87.26899383983573
87.26899383983573
87.26899383983573
87.26899383983573
87.26899383983573
87.26899383983573
87.26899383983573
87.26899383983573
87.26899383983573
87.26899383983573
87.26899383983573
87.26899383983573
87.26899383983573
87.26899383983573
87.26899383983573
87.26899383983573
87.26899383983573
87.26899383983573
87.26899383983573
87.26899383983573
87.26899383983573
87.26899383983573
87.26899383983573
87.26899383983573
87.26899383983573
87.26899383983573
87.26899383983573
87.26899383983573
87.26899383983573
87.26899383983573
87.26899383983573
87.26899383983573
87.26899383983573
87.26899383983573
87.26899383983573
87.26899383983573
84.18891170431212
84.18891170431212
84.18891170431212
84.18891170431212
84.18891170431212
84.18891170431212
84.18891170431212
84.18891170431212
84.18891170431212
84.18891170431212
84.18891170431212
84.18891170431212
84.18891170431212
84.18891170431212
84.18891170431212
84.18891170431212
84.18891170431212
84.18891170431212
84.18891170431212
84.18891170431212
84.18891170431212
84.18891170431212
84.18891170431212
84.18891170431212
84.18891170431212
84.18891170431212
84.18891170431212
84.18891170431212
84.18891170431212
84.18891170431212
84.18891170431212
84.18891170431212
84.18891170431212
84.18891170431212
84.18891170431212
84.18891170431212
84.18891170431212
84.18891170431212
84.18891170431212
84.18891170431212
84.18891170431212
84.18891170431212
84.18891170431212
82.73946128759512
82.13552361396304
82.13552361396304
82.13552361396304
82.13552361396304
82.13552361396304
82.13552361396304
82.13552361396304
82.13552361396304
82.13552361396304
82.13552361396304
82.13552361396304
82.13552361396304
82.13552361396304
82.13552361396304
82.13552361396304
82.13552361396304
82.13552361396304
82.13552361396304
82.13552361396304
82.13552361396304
82.13552361396304
82.13552361396304
82.13552361396304
82.13552361396304
82.13552361396304
82.13552361396304
82.13552361396304
82.13552361396304
82.13552361396304
82.13552361396304
82.13552361396304
82.13552361396304
82.13552361396304
82.13552361396304
82.13552361396304
82.13552361396304
82.13552361396304
82.13552361396304
81.77316100978379
80.08213552361397
80.08213552361397
80.08213552361397
80.08213552361397
80.08213552361397
80.08213552361397
80.08213552361397
80.08213552361397
80.08213552361397
80.08213552361397
80.08213552361397
80.08213552361397
80.08213552361397
80.08213552361397
80.08213552361397
80.08213552361397
80.08213552361397
80.08213552361397
80.08213552361397
80.08213552361397
80.08213552361397
80.08213552361397
80.08213552361397
80.08213552361397
80.08213552361397
80.08213552361397
80.08213552361397
80.08213552361397
80.08213552361397
80.08213552361397
80.08213552361397
80.08213552361397
80.08213552361397
80.08213552361397
80.08213552361397
80.08213552361397
80.08213552361397
80.08213552361397
80.08213552361397
80.08213552361397
79.90095422152434
79.05544147843942
79.05544147843942
79.05544147843942
79.05544147843942
79.05544147843942
79.05544147843942
79.05544147843942
79.05544147843942
79.05544147843942
79.05544147843942
79.05544147843942
79.05544147843942
79.05544147843942
79.05544147843942
79.05544147843942
79.05544147843942
79.05544147843942
79.05544147843942
79.05544147843942
79.05544147843942
79.05544147843942
79.05544147843942
79.05544147843942
79.05544147843942
79.05544147843942
79.05544147843942
79.05544147843942
79.05544147843942
79.05544147843942
79.05544147843942
79.05544147843942
79.05544147843942
79.05544147843942
79.05544147843942
79.05544147843942
79.05544147843942
79.05544147843942
79.05544147843942
79.05544147843942
79.05544147843942
79.71977291943472
80.08213552361397
80.08213552361397
80.08213552361397
80.08213552361397
80.08213552361397
80.08213552361397
80.08213552361397
80.08213552361397
80.08213552361397
80.08213552361397
80.08213552361397
80.08213552361397
80.08213552361397
80.08213552361397
80.08213552361397
80.08213552361397
80.08213552361397
80.08213552361397
80.08213552361397
80.08213552361397
80.08213552361397
80.08213552361397
80.08213552361397
80.08213552361397
80.08213552361397
80.08213552361397
80.08213552361397
80.08213552361397
80.08213552361397
80.08213552361397
80.08213552361397
80.08213552361397
80.08213552361397
80.08213552361397
80.08213552361397
80.08213552361397
80.08213552361397
80.08213552361397
80.08213552361397
80.08213552361397
81.10882956878851
81.10882956878851
81.10882956878851
81.10882956878851
