134.45508672016567
133.8855811545431
133.05720942272845
133.2125291224437
145.32746570023298
167.69350245922857
178.51410820605744
178.77297437224954
177.16800414185866
175.3041677452757
175.0453015790836
168.98783329018897
162.98213823453273
157.80481491069116
156.1998446803003
153.92182241780998
152.93813098628007
152.16153248770385
151.43670722236604
151.3849339891276
150.14237639140563
150.3494693243593
150.6601087237898
150.14237639140563
147.19130209681595
143.92958840279576
141.28915350763654
138.5451721460005
136.78488221589438
135.2316852187419
135.12813875226507
134.61040641988092
134.61040641988092
134.61040641988092
134.61040641988092
134.5586331866425
133.73026145482785
133.2125291224437
132.12529122443695
130.77918716023814
130.05436189490032
130.6238674605229
138.4933989127621
160.44524980585035
176.23608594356716
177.58219000776597
175.92544654413666
174.3204763137458
171.00698938648716
165.5190266632151
159.46155837432048
155.73388558115454
153.92182241780998
152.42039865389592
150.9707481232203
150.14237639140563
150.14237639140563
150.14237639140563
150.14237639140563
150.09060315816723
150.14237639140563
148.95159202692207
146.31115713176288
143.67072223660367
142.22107170592804
139.78772974372248
137.66502718094745
136.68133574941754
136.68133574941754
136.2153766502718
135.28345845198032
135.2316852187419
135.28345845198032
134.81749935283457
135.49055138493398
134.86927258607298
133.73026145482785
133.41962205539735
134.5586331866425
134.97281905254982
138.4933989127621
158.89205280869788
173.75097074812322
174.16515661403054
171.31762878591766
165.57079989645354
159.9275174734662
155.73388558115454
152.93813098628007
150.76365519026663
149.62464405902148
149.0551384933989
149.26223142635257
149.21045819311416
149.10691172663732
149.0551384933989
149.21045819311416
149.00336526016048
149.31400465959098
149.10691172663732
146.1040641988092
144.03313486927257
141.1338338079213
139.63241004400723
138.5451721460005
137.613253947709
137.40616101475536
136.68133574941754
136.68133574941754
136.68133574941754
136.68133574941754
136.68133574941754
139.01113124514626
153.76650271809473
168.7807403572353
171.88713435154025
170.90344292001035
169.4537923893347
166.39917162826816
160.13461040641988
154.75019414962463
149.83173699197513
146.3629303650013
143.82604193631892
143.04944343774267
143.67072223660367
143.92958840279576
143.92958840279576
144.39554750194148
144.44732073517991
143.92958840279576
144.70618690137198
144.44732073517991
140.97851410820604
138.75226507895417
136.62956251617913
134.76572611959617
133.67848822158942
132.74657002329795
132.5394770903443
131.8664250582449
132.02174475796014
132.5394770903443
132.9018897230132
141.59979290706704
162.46440590214857
174.0616101475537
173.75097074812322
172.92259901630857
171.31762878591766
167.74527569246698
163.24100440072482
159.66865130727413
157.75304167745276
155.9409785141082
153.87004918457157
152.88635775304166
152.10975925446544
151.90266632151176
151.48848045560445
151.12606782293554
150.14237639140563
150.14237639140563
149.41755112606782
144.03313486927257
141.59979290706704
138.95935801190782
136.78488221589438
135.17991198550348
134.04090085425835
132.6430235568211
131.9181982914833
131.50401242557598
131.50401242557598
131.9181982914833
141.1856070411597
162.30908620243332
172.4048666839244
173.02614548278538
171.88713435154025
170.64457675381826
168.15946155837432
165.62257312969194
162.77504530157907
160.8076624385193
159.35801190784363
158.06368107688323
156.09629821382345
154.85374061610148
153.92182241780998
153.24877038571057
153.24877038571057
153.24877038571057
153.24877038571057
150.14237639140563
146.98420916386226
144.44732073517991
142.842350504789
141.39269997411338
139.78772974372248
137.8203468806627
137.09552161532486
136.37069634998704
135.64587108464923
134.92104581931142
134.50685995340407
134.97281905254982
137.5097074812322
141.28915350763654
159.66865130727413
170.7998964535335
172.0942272844939
173.80274398136163
170.64457675381826
167.123996893606
163.8622831995858
161.37716800414185
159.2544654413668
157.9601346104064
155.83743204763135
154.69842091638623
153.92182241780998
153.61118301837948
153.55940978514107
153.55940978514107
153.24877038571057
153.24877038571057
150.91897488998188
146.57002329795495
144.34377426870307
141.8068858400207
139.73595651048407
138.44162567952367
137.71680041418585
136.94020191560963
136.5260160497023
135.74941755112607
135.64587108464923
135.64587108464923
136.73310898265595
148.3820864612995
167.02045042712916
173.64742428164638
173.28501164897747
172.92259901630857
170.59280352057985
166.39917162826816
162.46440590214857
160.13461040641988
158.78850634222107
156.87289671239967
155.47501941496245
153.71472948485632
152.6274915868496
152.10975925446544
152.0062127879886
151.79911985503495
152.057986021227
151.7473466217965
151.17784105617395
148.3820864612995
144.24022780222623
142.22107170592804
140.1501423763914
138.75226507895417
136.8884286823712
136.26714988351023
135.33523168521873
134.45508672016567
134.50685995340407
134.29976702045042
138.1309862800932
141.08206057468288
157.75304167745276
170.6963499870567
170.7998964535335
170.54103028734144
170.3857105876262
168.41832772456638
165.2083872637846
161.894900336526
159.04737250841313
156.5622573129692
153.92182241780998
151.79911985503495
150.3494693243593
150.14237639140563
150.14237639140563
150.14237639140563
150.14237639140563
149.00336526016048
146.31115713176288
144.13668133574942
141.34092674087495
139.78772974372248
137.613253947709
135.5423246181724
134.40331348692726
133.05720942272845
132.5394770903443
132.5394770903443
133.10898265596686
134.76572611959617
140.97851410820604
159.8757442402278
167.74527569246698
167.74527569246698
170.54103028734144
170.3857105876262
165.72611959616876
162.46440590214857
159.15091897488998
156.51048407973076
153.50763655190266
151.7473466217965
149.52109759254463
148.74449909396841
148.12322029510742
148.12322029510742
148.12322029510742
148.071447061869
148.071447061869
147.60548796272326
144.03313486927257
141.59979290706704
139.11467771162307
137.2508413150401
135.8529640176029
134.45508672016567
133.5749417551126
133.10898265596686
132.48770385710586
132.5394770903443
133.2125291224437
139.11467771162307
158.52964017602898
171.0587626197256
172.30132021744757
171.3694020191561
170.17861765467254
168.57364742428163
165.8296660626456
162.30908620243332
160.28993010613513
158.16722754336007
154.59487444990938
152.0062127879886
150.29769609112088
148.84804556044523
148.12322029510742
148.22676676158426
148.071447061869
148.071447061869
148.071447061869
144.60264043489514
140.87496764172923
138.28630597980842
136.26714988351023
134.14444732073517
132.69479679005954
131.9181982914833
131.08982655966864
130.36500129433082
129.43308309603933
128.86357753041676
129.74372249546983
133.98912762101992
134.61040641988092
134.61040641988092
148.48563292777632
165.98498576236085
167.74527569246698
167.58995599275173
165.05306756406935
161.8431271032876
159.35801190784363
158.06368107688323
156.665803779446
154.33600828371732
152.21330572094226
151.43670722236604
150.14237639140563
150.09060315816723
149.46932435930623
149.10691172663732
149.21045819311416
145.37923893347138
142.4799378721201
139.42531711105357
137.1472948485633
134.76572611959617
133.16075588920526
132.38415739062904
131.50401242557598
130.77918716023814
130.57209422728448
129.74372249546983
128.81180429717836
127.51747346621795
127.36215376650271
130.77918716023814
132.8501164897748
141.54801967382863
161.99844680300285
168.7807403572353
168.41832772456638
167.38286305979807
164.94952109759254
161.273621537665
158.32254724307532
155.6821123479161
153.55940978514107
151.9544395547502
149.67641729225988
148.33031322806107
148.071447061869
148.071447061869
147.60548796272326
146.98420916386226
146.6735697644318
144.49909396841832
140.61610147553714
137.8721201139011
135.64587108464923
134.19622055397357
132.17706445767539
130.15790836137717
129.38130986280092
128.9671239968936
128.397618431271
127.87988609888687
127.41392699974112
127.15506083354904
126.17136940201915
125.49831736991975
124.46285270515143
125.55009060315815
135.07636551902667
158.01190784364482
168.83251359047372
170.23039088791094
168.83251359047372
166.91690396065232
164.94952109759254
161.894900336526
156.6140305462076
152.6274915868496
149.0551384933989
148.0196738286306
146.4664768314781
144.39554750194148
142.99767020450426
142.89412373802742
142.89412373802742
143.30830960393476
143.1529899042195
143.1529899042195
139.99482267667614
137.2508413150401
134.97281905254982
132.5912503235827
130.72741392699973
129.3295366295625
129.018897230132
128.13875226507895
127.36215376650271
127.36215376650271
127.36215376650271
127.36215376650271
126.27491586849598
125.39477090344292
125.18767797048925
124.25575977219776
125.032358270774
125.29122443696608
133.16075588920526
155.3196997152472
162.5679523686254
167.123996893606
164.38001553196997
158.52964017602898
152.57571835361117
148.17499352834582
145.17214600051773
142.22107170592804
140.20191560962982
139.52886357753042
138.75226507895417
139.26999741133832
139.78772974372248
139.37354387781517
139.78772974372248
139.78772974372248
139.78772974372248
139.21822417809992
137.71680041418585
137.71680041418585
137.2508413150401
135.12813875226507
129.89904219518507
128.13875226507895
126.74087496764172
126.32668910173439
125.39477090344292
125.29122443696608
125.96427646906548
130.9345068599534
135.64587108464923
151.2813875226508
165.4154801967383
167.43463629303648
166.70981102769866
164.1729225990163
158.99559927517473
155.06083354905513
150.09060315816723
145.22391923375613
141.65156614030545
138.90758477866942
137.71680041418585
137.5097074812322
137.4579342479938
137.71680041418585
137.71680041418585
137.71680041418585
137.71680041418585
137.40616101475536
136.2153766502718
134.247993787212
133.00543618949
131.40046595909914
129.58840279575458
128.19052549831736
127.10328760031064
126.32668910173439
125.44654413668133
125.29122443696608
125.29122443696608
126.27491586849598
132.74657002329795
141.65156614030545
164.5353352316852
173.64742428164638
173.12969194926222
172.92259901630857
172.0942272844939
170.54103028734144
156.1998446803003
151.59202692208126
148.43385969453792
145.84519803261713
143.67072223660367
142.89412373802742
142.89412373802742
142.94589697126585
142.89412373802742
142.94589697126585
142.89412373802742
142.89412373802742
141.4962464405902
140.09836914315298
137.2508413150401
133.8855811545431
132.38415739062904
130.31322806109242
128.6564845974631
127.46570023297954
126.37846233497281
125.653637069635
125.29122443696608
125.3429976702045
129.74372249546983
141.1338338079213
162.82681853481748
171.57649495210975
171.110535852964
168.98783329018897
168.88428682371213
167.74527569246698
163.24100440072482
149.31400465959098
145.68987833290188
142.89412373802742
140.1501423763914
138.64871861247735
138.59694537923892
138.75226507895417
138.75226507895417
139.21822417809992
139.68418327724567
139.78772974372248
139.63241004400723
138.5451721460005
136.68133574941754
134.247993787212
130.46854776080767
128.24229873155576
125.96427646906548
125.29122443696608
124.10044007248251
123.22029510742945
122.7025627750453
122.90965570799895
123.22029510742945
126.53378203468806
146.6735697644318
164.8459746311157
167.84882215894382
166.1920786953145
164.27646906549313
160.8594356717577
153.04167745275691
142.32461817240485
135.59409785141082
131.19337302614548
129.07067046337042
127.05151436707222
126.32668910173439
127.10328760031064
127.36215376650271
127.46570023297954
127.6727931659332
127.36215376650271
127.87988609888687
126.89619466735697
124.82526533782034
121.87419104323064
119.64794201397876
117.36991975148847
115.86849598757442
113.90111312451462
113.1762878591768
112.14082319440848
111.98550349469323
111.8819570282164
116.28268185348175
121.14936577789283
137.2508413150401
154.28423505047888
156.3551643800155
157.02821641211492
156.5622573129692
150.14237639140563
147.7090344292001
139.73595651048407
132.02174475796014
126.48200880144964
122.49546984209164
120.16567434636292
120.01035464664767
120.11390111312451
120.16567434636292
120.32099404607817
121.30468547760807
121.92596427646906
122.23660367589954
123.22029510742945
121.71887134351539
119.49262231426351
116.38622831995858
113.59047372508412
111.77841056173958
110.79471913020967
109.65570799896453
108.67201656743462
107.74009836914314
107.68832513590473
107.68832513590473
109.03442920010355
118.61247734921045
137.30261454827854
152.83458451980326
154.49132798343257
155.3196997152472
154.59487444990938
151.6438001553197
146.82888946414704
139.01113124514626
131.03805332643023
125.3429976702045
121.46000517732331
120.11390111312451
120.89049961170075
121.35645871084648
122.18483044266114
122.18483044266114
124.51462593838984
125.86073000258865
126.32668910173439
126.22314263525756
124.46285270515143
122.34015014237639
118.66425058244887
115.86849598757442
113.79756665803778
112.39968936060056
111.83018379497798
110.84649236344809
110.79471913020967
110.84649236344809
112.50323582707739
120.47631374579342
142.68703080507376
156.3551643800155
158.52964017602898
157.5977219777375
157.287082578307
155.83743204763135
153.71472948485632
149.0551384933989
141.59979290706704
134.247993787212
129.2777633963241
126.43023556821123
126.11959616878073
126.27491586849598
126.79264820088014
127.82811286564845
129.79549572870826
130.46854776080767
130.57209422728448
130.41677452756923
128.2940719647942
124.35930623867459
121.30468547760807
119.49262231426351
117.57701268444214
116.33445508672015
115.40253688842867
114.93657778928294
114.93657778928294
114.62593838985244
115.71317628785917
125.032358270774
127.36215376650271
142.1175252394512
159.97929070670463
163.08568470100957
163.29277763396323
162.46440590214857
159.9275174734662
154.43955475019413
147.3983950297696
141.70333937354386
137.1990680818017
135.28345845198032
134.61040641988092
135.59409785141082
135.69764431788764
136.68133574941754
136.68133574941754
137.40616101475536
137.71680041418585
137.8721201139011
136.5260160497023
133.8855811545431
130.15790836137717
129.43308309603933
126.79264820088014
124.77349210458192
123.47916127362153
122.49546984209164
121.35645871084648
121.14936577789283
120.32099404607817
120.57986021227025
125.39477090344292
125.75718353611182
143.46362930365
163.29277763396323
168.47010095780482
167.74527569246698
166.8651307274139
164.27646906549313
158.06368107688323
149.15868495987573
144.39554750194148
141.54801967382863
139.78772974372248
139.78772974372248
139.78772974372248
139.78772974372248
139.78772974372248
139.78772974372248
139.78772974372248
139.78772974372248
139.52886357753042
137.71680041418585
134.50685995340407
132.2806109241522
129.17421692984726
126.68910173440331
124.87703857105875
123.27206834066787
122.18483044266114
121.56355164380015
120.68340667874708
120.11390111312451
120.32099404607817
125.29122443696608
125.29122443696608
144.75796013461039
162.2573129691949
164.69065493140045
163.34455086720163
161.73958063681076
157.07998964535335
149.93528345845198
144.18845456898782
139.32177064457673
136.11183018379498
134.61040641988092
134.61040641988092
135.12813875226507
134.61040641988092
135.02459228578823
135.80119078436448
136.68133574941754
136.68133574941754
136.31892311674864
134.66217965311932
131.40046595909914
128.2940719647942
125.3429976702045
123.78980067305203
122.85788247476054
122.18483044266114
121.46000517732331
121.14936577789283
121.14936577789283
121.14936577789283
121.20113901113123
124.72171887134351
130.46854776080767
130.46854776080767
161.273621537665
164.1729225990163
160.44524980585035
155.9927517473466
149.77996375873673
144.39554750194148
140.46078177582189
138.90758477866942
137.9238933471395
138.59694537923892
138.28630597980842
138.75226507895417
138.75226507895417
138.95935801190782
139.26999741133832
136.94020191560963
136.00828371731814
134.45508672016567
131.6075588920528
128.50116489774786
126.68910173440331
125.29122443696608
124.25575977219776
123.6862542065752
123.0132021744758
122.59901630856847
123.11674864095262
123.53093450685995
137.40616101475536
158.42609370955216
168.83251359047372
170.23039088791094
169.4537923893347
168.05591509189748
166.4509448615066
163.75873673310898
160.5487962723272
157.39062904478385
154.75019414962463
151.12606782293554
149.72819052549832
148.64095262749157
148.071447061869
148.071447061869
148.071447061869
148.071447061869
147.3983950297696
143.56717577012682
140.35723530934507
136.2153766502718
133.2125291224437
131.19337302614548
129.89904219518507
128.397618431271
127.82811286564845
127.36215376650271
126.68910173440331
126.06782293554231
126.17136940201915
127.46570023297954
132.9536629562516
151.59202692208126
159.46155837432048
163.13745793424798
168.7807403572353
167.38286305979807
166.4509448615066
165.31193373026144
163.08568470100957
161.1700750711882
159.30623867460523
156.9764431788765
154.80196738286304
153.19699715247216
152.057986021227
151.17784105617395
151.0225213564587
150.29769609112088
150.19414962464404
150.14237639140563
149.36577789282939
144.24022780222623
139.1664509448615
136.06005695055654
