80.53936971841728
80.53936971841728
80.53936971841728
80.53936971841728
80.53936971841728
80.53936971841728
80.53936971841728
72.72949144269197
72.48543274657554
72.48543274657554
72.48543274657554
72.48543274657554
72.48543274657554
72.48543274657554
72.48543274657554
72.48543274657554
72.48543274657554
72.48543274657554
72.48543274657554
72.48543274657554
72.48543274657554
72.48543274657554
72.48543274657554
72.48543274657554
73.1565941608957
73.49217486805576
73.49217486805576
73.49217486805576
73.49217486805576
73.49217486805576
73.49217486805576
73.49217486805576
73.49217486805576
73.49217486805576
73.49217486805576
73.49217486805576
73.49217486805576
73.49217486805576
73.49217486805576
73.49217486805576
73.49217486805576
73.49217486805576
73.49217486805576
73.49217486805576
73.49217486805576
73.49217486805576
73.49217486805576
73.49217486805576
73.49217486805576
73.49217486805576
73.49217486805576
73.49217486805576
73.49217486805576
73.49217486805576
73.49217486805576
73.49217486805576
73.49217486805576
73.49217486805576
73.49217486805576
73.49217486805576
73.49217486805576
73.49217486805576
74.40739497849232
75.50565911101619
75.50565911101619
75.50565911101619
75.50565911101619
75.50565911101619
75.50565911101619
75.50565911101619
75.50565911101619
75.50565911101619
75.50565911101619
75.50565911101619
75.50565911101619
75.50565911101619
75.50565911101619
75.50565911101619
75.50565911101619
75.50565911101619
75.50565911101619
75.50565911101619
75.74971780713261
77.51914335397662
77.51914335397662
77.51914335397662
77.51914335397662
77.51914335397662
77.51914335397662
77.51914335397662
77.51914335397662
77.51914335397662
77.51914335397662
77.51914335397662
77.51914335397662
77.51914335397662
77.51914335397662
77.51914335397662
77.51914335397662
77.51914335397662
77.51914335397662
77.51914335397662
77.51914335397662
78.40385612739863
78.52588547545685
78.52588547545685
78.52588547545685
78.52588547545685
78.52588547545685
78.52588547545685
78.52588547545685
78.52588547545685
78.52588547545685
78.52588547545685
78.52588547545685
78.52588547545685
78.52588547545685
78.52588547545685
78.52588547545685
78.52588547545685
78.52588547545685
78.52588547545685
78.52588547545685
78.52588547545685
78.64791482351505
79.53262759693706
79.53262759693706
79.53262759693706
79.53262759693706
79.53262759693706
79.53262759693706
79.53262759693706
79.53262759693706
79.53262759693706
79.53262759693706
79.53262759693706
79.53262759693706
79.53262759693706
79.53262759693706
79.53262759693706
79.53262759693706
79.53262759693706
79.53262759693706
79.53262759693706
79.53262759693706
79.53262759693706
79.53262759693706
78.67842216052959
77.51914335397662
77.51914335397662
77.51914335397662
77.51914335397662
77.51914335397662
77.51914335397662
77.51914335397662
77.51914335397662
77.51914335397662
77.51914335397662
77.51914335397662
77.51914335397662
77.51914335397662
77.51914335397662
77.51914335397662
77.51914335397662
77.51914335397662
77.51914335397662
77.51914335397662
77.51914335397662
77.51914335397662
77.51914335397662
78.25131944232587
80.53936971841728
80.53936971841728
80.53936971841728
80.53936971841728
80.53936971841728
80.53936971841728
80.53936971841728
80.53936971841728
80.53936971841728
80.53936971841728
80.53936971841728
80.53936971841728
80.53936971841728
80.53936971841728
80.53936971841728
80.53936971841728
80.53936971841728
80.53936971841728
80.53936971841728
80.53936971841728
80.53936971841728
80.53936971841728
80.53936971841728
80.53936971841728
80.53936971841728
80.53936971841728
80.53936971841728
80.53936971841728
80.53936971841728
80.53936971841728
80.53936971841728
80.53936971841728
80.53936971841728
80.53936971841728
80.53936971841728
80.53936971841728
80.53936971841728
80.53936971841728
80.53936971841728
80.53936971841728
80.53936971841728
80.53936971841728
80.53936971841728
80.53936971841728
80.53936971841728
80.53936971841728
78.15979743128221
77.51914335397662
77.51914335397662
77.51914335397662
77.51914335397662
77.51914335397662
77.51914335397662
77.51914335397662
77.51914335397662
77.51914335397662
77.51914335397662
77.51914335397662
77.51914335397662
77.51914335397662
77.51914335397662
77.51914335397662
77.51914335397662
77.51914335397662
77.51914335397662
77.51914335397662
77.51914335397662
77.51914335397662
77.51914335397662
77.51914335397662
74.16333628237591
72.48543274657554
72.48543274657554
72.48543274657554
72.48543274657554
72.48543274657554
72.48543274657554
72.48543274657554
72.48543274657554
72.48543274657554
72.48543274657554
72.48543274657554
72.48543274657554
72.48543274657554
79.53262759693706
79.53262759693706
79.53262759693706
79.53262759693706
79.53262759693706
79.53262759693706
79.53262759693706
79.53262759693706
79.53262759693706
78.92248085664602
74.49891698953597
74.49891698953597
74.49891698953597
74.49891698953597
74.49891698953597
74.49891698953597
74.49891698953597
74.49891698953597
74.49891698953597
74.49891698953597
74.49891698953597
74.49891698953597
74.49891698953597
74.49891698953597
74.49891698953597
74.49891698953597
74.49891698953597
74.49891698953597
74.49891698953597
74.49891698953597
74.49891698953597
74.49891698953597
74.49891698953597
73.55318954208487
73.49217486805576
73.49217486805576
73.49217486805576
73.49217486805576
73.49217486805576
73.49217486805576
73.49217486805576
73.49217486805576
73.49217486805576
73.49217486805576
73.49217486805576
73.49217486805576
73.49217486805576
73.49217486805576
73.49217486805576
73.49217486805576
73.49217486805576
73.49217486805576
73.49217486805576
73.49217486805576
73.49217486805576
73.49217486805576
73.49217486805576
73.12608682388114
71.47869062509533
71.47869062509533
71.47869062509533
71.47869062509533
71.47869062509533
71.47869062509533
71.47869062509533
71.47869062509533
71.47869062509533
71.47869062509533
71.47869062509533
71.47869062509533
71.47869062509533
71.47869062509533
71.47869062509533
71.47869062509533
71.47869062509533
71.47869062509533
71.47869062509533
71.47869062509533
71.47869062509533
71.47869062509533
71.47869062509533
71.47869062509533
72.27188138747368
72.48543274657554
72.48543274657554
72.48543274657554
72.48543274657554
72.48543274657554
72.48543274657554
72.48543274657554
72.48543274657554
72.48543274657554
72.48543274657554
72.48543274657554
72.48543274657554
72.48543274657554
72.48543274657554
72.48543274657554
72.48543274657554
72.48543274657554
72.48543274657554
72.48543274657554
72.48543274657554
72.48543274657554
72.48543274657554
72.48543274657554
73.4616675310412
73.49217486805576
73.49217486805576
73.49217486805576
73.49217486805576
73.49217486805576
73.49217486805576
73.49217486805576
73.49217486805576
73.49217486805576
73.49217486805576
73.49217486805576
73.49217486805576
73.49217486805576
73.49217486805576
73.49217486805576
73.49217486805576
73.49217486805576
73.49217486805576
73.49217486805576
73.49217486805576
73.49217486805576
73.49217486805576
73.49217486805576
73.49217486805576
73.49217486805576
73.49217486805576
73.49217486805576
73.49217486805576
73.49217486805576
73.49217486805576
73.49217486805576
73.49217486805576
73.49217486805576
73.49217486805576
73.49217486805576
73.49217486805576
73.49217486805576
73.49217486805576
73.49217486805576
73.49217486805576
73.49217486805576
73.49217486805576
73.49217486805576
73.49217486805576
73.49217486805576
73.49217486805576
73.49217486805576
73.67521889014307
74.49891698953597
74.49891698953597
74.49891698953597
74.49891698953597
74.49891698953597
74.49891698953597
74.49891698953597
74.49891698953597
74.49891698953597
74.49891698953597
74.49891698953597
74.49891698953597
74.49891698953597
74.49891698953597
74.49891698953597
74.49891698953597
74.49891698953597
74.49891698953597
74.49891698953597
74.49891698953597
74.49891698953597
75.17007840385612
75.50565911101619
75.50565911101619
75.50565911101619
75.50565911101619
75.50565911101619
75.50565911101619
75.50565911101619
75.50565911101619
75.50565911101619
75.50565911101619
75.50565911101619
75.50565911101619
75.50565911101619
75.50565911101619
75.50565911101619
75.50565911101619
75.50565911101619
75.50565911101619
75.50565911101619
75.50565911101619
75.50565911101619
75.50565911101619
75.50565911101619
75.50565911101619
75.50565911101619
75.50565911101619
75.50565911101619
75.50565911101619
75.50565911101619
75.50565911101619
75.50565911101619
75.50565911101619
75.50565911101619
75.50565911101619
75.50565911101619
75.50565911101619
75.50565911101619
75.50565911101619
75.50565911101619
75.50565911101619
75.50565911101619
75.50565911101619
75.50565911101619
75.50565911101619
75.50565911101619
75.50565911101619
75.50565911101619
75.50565911101619
75.50565911101619
75.50565911101619
75.50565911101619
75.50565911101619
75.50565911101619
75.50565911101619
75.50565911101619
75.50565911101619
75.50565911101619
75.50565911101619
75.50565911101619
75.50565911101619
75.50565911101619
75.50565911101619
75.50565911101619
75.50565911101619
75.50565911101619
75.50565911101619
75.50565911101619
75.50565911101619
75.50565911101619
74.04130693431769
73.49217486805576
73.49217486805576
73.49217486805576
73.49217486805576
73.49217486805576
73.49217486805576
73.49217486805576
73.49217486805576
73.49217486805576
73.49217486805576
73.49217486805576
73.49217486805576
73.49217486805576
73.49217486805576
73.49217486805576
73.49217486805576
73.49217486805576
73.49217486805576
73.49217486805576
73.49217486805576
73.49217486805576
73.49217486805576
73.58369687909942
74.49891698953597
74.49891698953597
74.49891698953597
74.49891698953597
74.49891698953597
74.49891698953597
74.49891698953597
74.49891698953597
74.49891698953597
74.49891698953597
74.49891698953597
74.49891698953597
74.49891698953597
74.49891698953597
74.49891698953597
74.49891698953597
74.49891698953597
74.49891698953597
74.49891698953597
74.49891698953597
74.49891698953597
74.49891698953597
74.49891698953597
74.49891698953597
73.88877024924494
70.47194850361511
70.47194850361511
70.47194850361511
70.47194850361511
70.47194850361511
70.47194850361511
70.47194850361511
70.47194850361511
70.47194850361511
70.47194850361511
70.47194850361511
70.47194850361511
70.47194850361511
70.47194850361511
70.47194850361511
70.47194850361511
70.47194850361511
70.47194850361511
70.47194850361511
70.47194850361511
70.47194850361511
70.47194850361511
70.47194850361511
70.47194850361511
70.47194850361511
69.86180176332407
69.4652063821349
69.4652063821349
69.4652063821349
69.4652063821349
69.4652063821349
69.4652063821349
69.4652063821349
69.4652063821349
69.4652063821349
69.4652063821349
69.4652063821349
69.4652063821349
69.4652063821349
69.4652063821349
69.4652063821349
69.4652063821349
69.4652063821349
69.4652063821349
69.4652063821349
69.4652063821349
69.4652063821349
69.4652063821349
69.4652063821349
69.4652063821349
69.4652063821349
69.4652063821349
69.4652063821349
69.4652063821349
69.4652063821349
69.4652063821349
69.4652063821349
69.4652063821349
69.4652063821349
69.4652063821349
69.4652063821349
69.4652063821349
69.4652063821349
69.4652063821349
69.4652063821349
69.4652063821349
69.4652063821349
69.4652063821349
69.4652063821349
69.4652063821349
69.4652063821349
69.4652063821349
69.4652063821349
69.4652063821349
69.4652063821349
69.4652063821349
69.4652063821349
69.4652063821349
69.4652063821349
69.4652063821349
69.4652063821349
69.4652063821349
69.4652063821349
69.4652063821349
69.4652063821349
69.4652063821349
69.4652063821349
69.4652063821349
69.4652063821349
69.4652063821349
69.4652063821349
69.4652063821349
69.4652063821349
69.4652063821349
69.4652063821349
69.4652063821349
69.4652063821349
69.4652063821349
69.4652063821349
70.50245584062966
71.47869062509533
71.47869062509533
71.47869062509533
71.47869062509533
71.47869062509533
71.47869062509533
71.47869062509533
71.47869062509533
71.47869062509533
71.47869062509533
71.47869062509533
71.47869062509533
71.47869062509533
71.47869062509533
71.47869062509533
71.47869062509533
71.47869062509533
71.47869062509533
71.47869062509533
71.47869062509533
71.47869062509533
71.47869062509533
71.47869062509533
71.47869062509533
70.65499252570243
70.47194850361511
70.47194850361511
70.47194850361511
70.47194850361511
70.47194850361511
70.47194850361511
70.47194850361511
70.47194850361511
70.47194850361511
70.47194850361511
70.47194850361511
70.47194850361511
70.47194850361511
70.47194850361511
70.47194850361511
70.47194850361511
70.47194850361511
70.47194850361511
70.47194850361511
70.47194850361511
70.47194850361511
70.47194850361511
70.47194850361511
69.77027975228042
69.4652063821349
69.4652063821349
69.4652063821349
69.4652063821349
69.4652063821349
69.4652063821349
69.4652063821349
69.4652063821349
69.4652063821349
69.4652063821349
69.4652063821349
69.4652063821349
69.4652063821349
69.4652063821349
69.4652063821349
69.4652063821349
69.4652063821349
69.4652063821349
69.4652063821349
69.4652063821349
69.4652063821349
69.4652063821349
69.4652063821349
69.95332377436773
71.47869062509533
71.47869062509533
71.47869062509533
71.47869062509533
71.47869062509533
71.47869062509533
71.47869062509533
71.47869062509533
71.47869062509533
71.47869062509533
71.47869062509533
71.47869062509533
71.47869062509533
71.47869062509533
71.47869062509533
71.47869062509533
71.47869062509533
71.47869062509533
71.47869062509533
71.47869062509533
71.47869062509533
71.47869062509533
71.47869062509533
72.45492540956099
73.49217486805576
73.49217486805576
73.49217486805576
73.49217486805576
73.49217486805576
73.49217486805576
73.49217486805576
73.49217486805576
73.49217486805576
73.49217486805576
73.49217486805576
73.49217486805576
73.49217486805576
73.49217486805576
73.49217486805576
73.49217486805576
73.49217486805576
73.49217486805576
73.49217486805576
73.49217486805576
73.49217486805576
73.49217486805576
73.49217486805576
72.5159400835901
72.48543274657554
72.48543274657554
72.48543274657554
72.48543274657554
72.48543274657554
72.48543274657554
72.48543274657554
72.48543274657554
72.48543274657554
72.48543274657554
72.48543274657554
72.48543274657554
72.48543274657554
72.48543274657554
72.48543274657554
72.48543274657554
72.48543274657554
72.48543274657554
72.48543274657554
72.48543274657554
72.48543274657554
72.48543274657554
73.82775557521583
74.49891698953597
74.49891698953597
74.49891698953597
74.49891698953597
74.49891698953597
74.49891698953597
74.49891698953597
74.49891698953597
74.49891698953597
74.49891698953597
74.49891698953597
74.49891698953597
74.49891698953597
74.49891698953597
74.49891698953597
74.49891698953597
74.49891698953597
74.49891698953597
74.49891698953597
74.49891698953597
74.49891698953597
74.49891698953597
74.49891698953597
74.49891698953597
74.49891698953597
72.30238872448824
70.47194850361511
70.47194850361511
70.47194850361511
70.47194850361511
70.47194850361511
70.47194850361511
70.47194850361511
70.47194850361511
70.47194850361511
70.47194850361511
70.47194850361511
70.47194850361511
70.47194850361511
70.47194850361511
70.47194850361511
70.47194850361511
70.47194850361511
70.47194850361511
70.47194850361511
70.47194850361511
70.47194850361511
70.47194850361511
70.47194850361511
70.47194850361511
73.03456481283747
73.49217486805576
73.49217486805576
73.49217486805576
73.49217486805576
73.49217486805576
73.49217486805576
73.49217486805576
73.49217486805576
73.49217486805576
73.49217486805576
73.49217486805576
73.49217486805576
73.49217486805576
73.49217486805576
73.49217486805576
73.49217486805576
73.49217486805576
73.49217486805576
73.49217486805576
73.49217486805576
73.49217486805576
73.49217486805576
73.49217486805576
73.49217486805576
73.49217486805576
73.49217486805576
73.49217486805576
73.49217486805576
73.49217486805576
73.49217486805576
73.49217486805576
73.49217486805576
73.49217486805576
73.49217486805576
73.49217486805576
73.49217486805576
73.49217486805576
73.49217486805576
73.49217486805576
73.49217486805576
73.49217486805576
73.49217486805576
73.49217486805576
73.49217486805576
73.49217486805576
73.49217486805576
73.49217486805576
72.79050611672106
72.48543274657554
72.48543274657554
72.48543274657554
72.48543274657554
72.48543274657554
72.48543274657554
72.48543274657554
72.48543274657554
72.48543274657554
72.48543274657554
72.48543274657554
72.48543274657554
72.48543274657554
72.48543274657554
72.48543274657554
72.48543274657554
72.48543274657554
72.48543274657554
72.48543274657554
72.48543274657554
72.48543274657554
72.48543274657554
72.85152079075017
73.49217486805576
73.49217486805576
73.49217486805576
73.49217486805576
73.49217486805576
73.49217486805576
73.49217486805576
73.49217486805576
73.49217486805576
73.49217486805576
73.49217486805576
73.49217486805576
73.49217486805576
73.49217486805576
73.49217486805576
73.49217486805576
73.49217486805576
73.49217486805576
73.49217486805576
73.49217486805576
73.49217486805576
73.49217486805576
73.49217486805576
73.49217486805576
73.49217486805576
73.49217486805576
73.49217486805576
73.49217486805576
73.49217486805576
73.49217486805576
73.49217486805576
73.49217486805576
73.49217486805576
73.49217486805576
73.49217486805576
73.49217486805576
73.49217486805576
73.49217486805576
73.49217486805576
73.49217486805576
73.49217486805576
73.49217486805576
73.49217486805576
73.24811617193934
72.48543274657554
72.48543274657554
72.48543274657554
72.48543274657554
