104.48160893376001
104.44143914947176
104.44143914947176
104.44143914947176
104.44143914947176
104.44143914947176
104.44143914947176
104.44143914947176
104.44143914947176
105.44568375667822
105.44568375667822
105.44568375667822
105.44568375667822
105.44568375667822
105.44568375667822
105.44568375667822
105.44568375667822
105.8473815995608
107.45417297109114
107.45417297109114
107.45417297109114
107.45417297109114
107.45417297109114
107.45417297109114
107.45417297109114
107.45417297109114
107.93621038255023
109.46266218550406
109.46266218550406
109.46266218550406
109.46266218550406
109.46266218550406
109.46266218550406
109.46266218550406
109.46266218550406
109.46266218550406
109.46266218550406
109.46266218550406
109.46266218550406
109.46266218550406
109.46266218550406
109.46266218550406
109.46266218550406
109.46266218550406
109.46266218550406
109.2216434797745
108.4584175782976
108.4584175782976
108.4584175782976
108.4584175782976
108.4584175782976
108.4584175782976
108.4584175782976
108.4584175782976
108.4584175782976
107.03908520011247
106.44992836388468
106.44992836388468
106.44992836388468
106.44992836388468
106.44992836388468
106.44992836388468
106.44992836388468
106.44992836388468
106.87840606295943
108.4584175782976
108.4584175782976
108.4584175782976
108.4584175782976
108.4584175782976
108.4584175782976
108.4584175782976
108.4584175782976
108.4584175782976
108.5521470749702
109.46266218550406
109.46266218550406
109.46266218550406
109.46266218550406
109.46266218550406
109.46266218550406
109.46266218550406
109.46266218550406
109.46266218550406
108.8467254930841
108.4584175782976
108.4584175782976
108.4584175782976
108.4584175782976
108.4584175782976
108.4584175782976
108.4584175782976
108.4584175782976
108.4584175782976
108.4584175782976
108.4584175782976
108.4584175782976
108.4584175782976
108.4584175782976
108.4584175782976
108.4584175782976
108.4584175782976
108.4584175782976
108.4584175782976
108.4584175782976
108.4584175782976
108.4584175782976
108.4584175782976
108.4584175782976
108.4584175782976
108.4584175782976
108.4584175782976
108.4584175782976
108.4584175782976
105.44568375667822
105.44568375667822
105.44568375667822
105.44568375667822
105.44568375667822
105.44568375667822
105.44568375667822
105.44568375667822
105.44568375667822
105.76704203098429
107.45417297109114
107.45417297109114
107.45417297109114
107.45417297109114
107.45417297109114
107.45417297109114
107.45417297109114
107.45417297109114
107.45417297109114
107.4809528272833
108.4584175782976
108.4584175782976
108.4584175782976
108.4584175782976
108.4584175782976
108.4584175782976
108.4584175782976
108.4584175782976
108.4584175782976
108.4584175782976
108.4584175782976
108.4584175782976
108.4584175782976
108.4584175782976
108.4584175782976
108.4584175782976
108.4584175782976
108.4584175782976
108.65926649973889
109.46266218550406
109.46266218550406
109.46266218550406
109.46266218550406
109.46266218550406
109.46266218550406
109.46266218550406
109.46266218550406
109.46266218550406
109.46266218550406
109.46266218550406
109.46266218550406
109.46266218550406
109.46266218550406
109.46266218550406
109.46266218550406
109.46266218550406
109.46266218550406
109.46266218550406
110.06520894982793
110.46690679271052
110.46690679271052
110.46690679271052
110.46690679271052
110.46690679271052
110.46690679271052
110.46690679271052
110.46690679271052
110.46690679271052
108.6458765716428
108.4584175782976
108.4584175782976
108.4584175782976
108.4584175782976
108.4584175782976
108.4584175782976
108.4584175782976
108.4584175782976
108.23078880066413
107.45417297109114
107.45417297109114
107.45417297109114
107.45417297109114
107.45417297109114
107.45417297109114
107.45417297109114
107.45417297109114
107.45417297109114
108.81994563689192
109.46266218550406
109.46266218550406
109.46266218550406
109.46266218550406
109.46266218550406
109.46266218550406
109.46266218550406
109.46266218550406
109.46266218550406
109.46266218550406
109.46266218550406
109.46266218550406
109.46266218550406
109.46266218550406
109.46266218550406
109.46266218550406
109.46266218550406
109.46266218550406
109.26181326406277
108.4584175782976
108.4584175782976
108.4584175782976
108.4584175782976
108.4584175782976
108.4584175782976
108.4584175782976
108.4584175782976
108.4584175782976
107.25332404964985
106.44992836388468
106.44992836388468
106.44992836388468
106.44992836388468
106.44992836388468
106.44992836388468
106.44992836388468
106.44992836388468
106.44992836388468
106.44992836388468
106.44992836388468
106.44992836388468
106.44992836388468
106.44992836388468
106.44992836388468
106.44992836388468
106.44992836388468
106.44992836388468
107.19976433726549
108.4584175782976
108.4584175782976
108.4584175782976
108.4584175782976
108.4584175782976
108.4584175782976
108.4584175782976
108.4584175782976
108.4584175782976
107.93621038255023
107.45417297109114
107.45417297109114
107.45417297109114
107.45417297109114
107.45417297109114
107.45417297109114
107.45417297109114
107.45417297109114
107.45417297109114
106.40975857959641
105.44568375667822
105.44568375667822
105.44568375667822
105.44568375667822
105.44568375667822
105.44568375667822
105.44568375667822
105.44568375667822
105.44568375667822
106.11518016148253
106.44992836388468
106.44992836388468
106.44992836388468
106.44992836388468
106.44992836388468
106.44992836388468
106.44992836388468
106.44992836388468
107.02569527201638
107.45417297109114
107.45417297109114
107.45417297109114
107.45417297109114
107.45417297109114
107.45417297109114
107.45417297109114
107.45417297109114
107.54790246776373
108.4584175782976
108.4584175782976
108.4584175782976
108.4584175782976
108.4584175782976
108.4584175782976
108.4584175782976
108.4584175782976
108.4584175782976
107.9763801668385
106.44992836388468
106.44992836388468
106.44992836388468
106.44992836388468
106.44992836388468
106.44992836388468
106.44992836388468
106.44992836388468
106.44992836388468
106.44992836388468
106.44992836388468
106.44992836388468
106.44992836388468
106.44992836388468
106.44992836388468
106.44992836388468
106.44992836388468
106.44992836388468
108.4584175782976
109.46266218550406
109.46266218550406
109.46266218550406
109.46266218550406
109.46266218550406
109.46266218550406
109.46266218550406
109.46266218550406
109.00740463023712
107.45417297109114
107.45417297109114
107.45417297109114
107.45417297109114
107.45417297109114
107.45417297109114
107.45417297109114
107.45417297109114
107.45417297109114
107.38722333061071
106.44992836388468
106.44992836388468
106.44992836388468
106.44992836388468
106.44992836388468
106.44992836388468
106.44992836388468
106.44992836388468
106.44992836388468
106.811456422479
107.45417297109114
107.45417297109114
107.45417297109114
107.45417297109114
107.45417297109114
107.45417297109114
107.45417297109114
107.45417297109114
106.65077728532597
104.44143914947176
104.44143914947176
104.44143914947176
104.44143914947176
104.44143914947176
104.44143914947176
104.44143914947176
104.44143914947176
104.44143914947176
104.45482907756784
105.44568375667822
105.44568375667822
105.44568375667822
105.44568375667822
105.44568375667822
105.44568375667822
105.44568375667822
105.44568375667822
105.44568375667822
105.03059598569955
104.44143914947176
104.44143914947176
104.44143914947176
104.44143914947176
104.44143914947176
104.44143914947176
104.44143914947176
104.44143914947176
104.64228807091305
107.45417297109114
107.45417297109114
107.45417297109114
107.45417297109114
107.45417297109114
107.45417297109114
107.45417297109114
107.45417297109114
107.45417297109114
105.20466505094866
104.44143914947176
104.44143914947176
104.44143914947176
104.44143914947176
104.44143914947176
104.44143914947176
104.44143914947176
104.44143914947176
104.44143914947176
105.91433124004124
106.44992836388468
106.44992836388468
106.44992836388468
106.44992836388468
106.44992836388468
106.44992836388468
106.44992836388468
106.44992836388468
105.37873411619779
104.44143914947176
104.44143914947176
104.44143914947176
104.44143914947176
104.44143914947176
104.44143914947176
104.44143914947176
104.44143914947176
104.60211828662479
107.45417297109114
107.45417297109114
107.45417297109114
107.45417297109114
107.45417297109114
107.45417297109114
107.45417297109114
107.45417297109114
107.45417297109114
106.6106075010377
106.44992836388468
106.44992836388468
106.44992836388468
106.44992836388468
106.44992836388468
106.44992836388468
106.44992836388468
106.44992836388468
106.44992836388468
105.7536521028882
105.44568375667822
105.44568375667822
105.44568375667822
105.44568375667822
105.44568375667822
105.44568375667822
105.44568375667822
105.44568375667822
105.33856433190952
104.44143914947176
104.44143914947176
104.44143914947176
104.44143914947176
104.44143914947176
104.44143914947176
104.44143914947176
104.44143914947176
104.44143914947176
104.44143914947176
104.44143914947176
104.44143914947176
104.44143914947176
104.44143914947176
104.44143914947176
104.44143914947176
104.44143914947176
104.44143914947176
104.44143914947176
103.65143339180267
103.4371945422653
103.4371945422653
103.4371945422653
103.4371945422653
103.4371945422653
103.4371945422653
103.4371945422653
103.4371945422653
103.4371945422653
105.80721181527254
106.44992836388468
106.44992836388468
106.44992836388468
106.44992836388468
106.44992836388468
106.44992836388468
106.44992836388468
106.44992836388468
104.2004204437422
102.43294993505884
102.43294993505884
102.43294993505884
102.43294993505884
102.43294993505884
102.43294993505884
102.43294993505884
102.43294993505884
102.62040892840405
104.44143914947176
104.44143914947176
104.44143914947176
104.44143914947176
104.44143914947176
104.44143914947176
104.44143914947176
104.44143914947176
104.44143914947176
105.72687224669602
106.44992836388468
106.44992836388468
106.44992836388468
106.44992836388468
106.44992836388468
106.44992836388468
106.44992836388468
106.44992836388468
106.74450678199857
107.45417297109114
107.45417297109114
107.45417297109114
107.45417297109114
107.45417297109114
107.45417297109114
107.45417297109114
107.45417297109114
107.45417297109114
106.3294190110199
105.44568375667822
105.44568375667822
105.44568375667822
105.44568375667822
105.44568375667822
105.44568375667822
105.44568375667822
105.44568375667822
104.50838878995219
103.4371945422653
103.4371945422653
103.4371945422653
103.4371945422653
103.4371945422653
103.4371945422653
103.4371945422653
103.4371945422653
103.4371945422653
104.82974706425826
105.44568375667822
105.44568375667822
105.44568375667822
105.44568375667822
105.44568375667822
105.44568375667822
105.44568375667822
105.44568375667822
105.566193109543
106.44992836388468
106.44992836388468
106.44992836388468
106.44992836388468
106.44992836388468
106.44992836388468
106.44992836388468
106.44992836388468
106.44992836388468
106.44992836388468
106.44992836388468
106.44992836388468
106.44992836388468
106.44992836388468
106.44992836388468
106.44992836388468
106.44992836388468
106.44992836388468
106.11518016148253
105.44568375667822
105.44568375667822
105.44568375667822
105.44568375667822
105.44568375667822
105.44568375667822
105.44568375667822
105.44568375667822
105.63314275002342
107.45417297109114
107.45417297109114
107.45417297109114
107.45417297109114
107.45417297109114
107.45417297109114
107.45417297109114
107.45417297109114
107.45417297109114
107.9629902387424
109.46266218550406
109.46266218550406
109.46266218550406
109.46266218550406
109.46266218550406
109.46266218550406
109.46266218550406
109.46266218550406
108.61909671545062
106.44992836388468
106.44992836388468
106.44992836388468
106.44992836388468
106.44992836388468
106.44992836388468
106.44992836388468
106.44992836388468
106.44992836388468
107.84248088587763
108.4584175782976
108.4584175782976
108.4584175782976
108.4584175782976
108.4584175782976
108.4584175782976
108.4584175782976
108.4584175782976
108.81994563689192
109.46266218550406
109.46266218550406
109.46266218550406
109.46266218550406
109.46266218550406
109.46266218550406
109.46266218550406
109.46266218550406
109.46266218550406
108.8467254930841
108.4584175782976
108.4584175782976
108.4584175782976
108.4584175782976
108.4584175782976
108.4584175782976
108.4584175782976
108.4584175782976
107.89604059826198
106.44992836388468
106.44992836388468
106.44992836388468
106.44992836388468
106.44992836388468
106.44992836388468
106.44992836388468
106.44992836388468
106.44992836388468
106.98552548772813
108.4584175782976
108.4584175782976
108.4584175782976
108.4584175782976
108.4584175782976
108.4584175782976
108.4584175782976
108.4584175782976
108.4584175782976
108.4584175782976
108.4584175782976
108.4584175782976
108.4584175782976
108.4584175782976
108.4584175782976
108.4584175782976
108.4584175782976
108.4584175782976
105.44568375667822
105.44568375667822
105.44568375667822
105.44568375667822
105.44568375667822
105.44568375667822
105.44568375667822
105.44568375667822
105.44568375667822
105.70009239050385
106.44992836388468
106.44992836388468
106.44992836388468
106.44992836388468
106.44992836388468
106.44992836388468
106.44992836388468
106.44992836388468
106.44992836388468
106.44992836388468
106.44992836388468
106.44992836388468
106.44992836388468
106.44992836388468
106.44992836388468
106.44992836388468
106.44992836388468
106.44992836388468
106.0482305210021
105.44568375667822
105.44568375667822
105.44568375667822
105.44568375667822
105.44568375667822
105.44568375667822
105.44568375667822
105.44568375667822
105.44568375667822
106.30263915482773
106.44992836388468
106.44992836388468
106.44992836388468
106.44992836388468
106.44992836388468
106.44992836388468
106.44992836388468
106.44992836388468
106.44992836388468
106.44992836388468
106.44992836388468
106.44992836388468
106.44992836388468
106.44992836388468
106.44992836388468
106.44992836388468
106.44992836388468
105.86077152765688
104.44143914947176
104.44143914947176
104.44143914947176
104.44143914947176
104.44143914947176
104.44143914947176
104.44143914947176
104.44143914947176
104.44143914947176
104.44143914947176
104.44143914947176
104.44143914947176
104.44143914947176
104.44143914947176
104.44143914947176
104.44143914947176
104.44143914947176
104.44143914947176
105.20466505094866
105.44568375667822
105.44568375667822
105.44568375667822
105.44568375667822
105.44568375667822
105.44568375667822
105.44568375667822
105.44568375667822
105.44568375667822
105.44568375667822
105.44568375667822
105.44568375667822
105.44568375667822
105.44568375667822
105.44568375667822
105.44568375667822
105.44568375667822
105.44568375667822
105.44568375667822
105.44568375667822
105.44568375667822
105.44568375667822
105.44568375667822
105.44568375667822
105.44568375667822
105.44568375667822
104.4012693651835
103.4371945422653
103.4371945422653
103.4371945422653
103.4371945422653
103.4371945422653
103.4371945422653
103.4371945422653
103.4371945422653
104.72262763948956
106.44992836388468
106.44992836388468
106.44992836388468
106.44992836388468
106.44992836388468
106.44992836388468
106.44992836388468
106.44992836388468
106.35619886721207
105.44568375667822
105.44568375667822
105.44568375667822
105.44568375667822
105.44568375667822
105.44568375667822
105.44568375667822
105.44568375667822
105.44568375667822
106.06162044909817
106.44992836388468
106.44992836388468
106.44992836388468
106.44992836388468
106.44992836388468
106.44992836388468
106.44992836388468
106.44992836388468
106.44992836388468
106.44992836388468
106.44992836388468
106.44992836388468
106.44992836388468
106.44992836388468
106.44992836388468
106.44992836388468
106.44992836388468
107.85587081397372
109.46266218550406
109.46266218550406
109.46266218550406
109.46266218550406
109.46266218550406
109.46266218550406
109.46266218550406
109.46266218550406
109.2216434797745
108.4584175782976
108.4584175782976
108.4584175782976
108.4584175782976
108.4584175782976
108.4584175782976
108.4584175782976
108.4584175782976
108.4584175782976
106.85162620676726
106.44992836388468
106.44992836388468
106.44992836388468
106.44992836388468
106.44992836388468
106.44992836388468
106.44992836388468
106.44992836388468
106.89179599105552
107.45417297109114
107.45417297109114
107.45417297109114
107.45417297109114
107.45417297109114
107.45417297109114
107.45417297109114
107.45417297109114
107.45417297109114
107.45417297109114
107.45417297109114
107.45417297109114
107.45417297109114
107.45417297109114
107.45417297109114
107.45417297109114
107.45417297109114
107.45417297109114
108.23078880066413
108.4584175782976
108.4584175782976
108.4584175782976
108.4584175782976
108.4584175782976
108.4584175782976
108.4584175782976
108.4584175782976
108.4584175782976
107.80231110158937
107.45417297109114
107.45417297109114
107.45417297109114
107.45417297109114
107.45417297109114
107.45417297109114
107.45417297109114
107.45417297109114
106.6239974291338
105.44568375667822
105.44568375667822
105.44568375667822
105.44568375667822
105.44568375667822
105.44568375667822
105.44568375667822
105.44568375667822
105.44568375667822
105.52602332525473
108.4584175782976
108.4584175782976
108.4584175782976
108.4584175782976
108.4584175782976
108.4584175782976
108.4584175782976
108.4584175782976
108.4584175782976
107.9629902387424
107.45417297109114
107.45417297109114
107.45417297109114
107.45417297109114
107.45417297109114
107.45417297109114
107.45417297109114
107.45417297109114
107.45417297109114
107.02569527201638
106.44992836388468
106.44992836388468
106.44992836388468
106.44992836388468
106.44992836388468
106.44992836388468
106.44992836388468
106.44992836388468
106.07501037719426
105.44568375667822
105.44568375667822
105.44568375667822
105.44568375667822
105.44568375667822
105.44568375667822
105.44568375667822
105.44568375667822
105.44568375667822
107.21315426536158
107.45417297109114
107.45417297109114
107.45417297109114
107.45417297109114
107.45417297109114
107.45417297109114
107.45417297109114
107.45417297109114
107.45417297109114
107.45417297109114
107.45417297109114
107.45417297109114
107.45417297109114
107.45417297109114
107.45417297109114
107.45417297109114
107.45417297109114
107.45417297109114
107.45417297109114
107.45417297109114
107.45417297109114
107.45417297109114
107.45417297109114
107.45417297109114
107.45417297109114
107.45417297109114
107.45417297109114
107.45417297109114
106.50348807626902
106.44992836388468
106.44992836388468
106.44992836388468
106.44992836388468
106.44992836388468
106.44992836388468
106.44992836388468
106.44992836388468
107.09264491249681
109.46266218550406
