54.642044017202124
54.642044017202124
54.642044017202124
54.642044017202124
54.642044017202124
54.642044017202124
54.642044017202124
54.642044017202124
54.642044017202124
54.642044017202124
54.642044017202124
54.642044017202124
54.642044017202124
54.642044017202124
54.642044017202124
54.642044017202124
54.642044017202124
55.08474576271187
55.65393372122439
55.65393372122439
55.65393372122439
55.65393372122439
55.65393372122439
55.65393372122439
55.65393372122439
55.65393372122439
55.65393372122439
55.65393372122439
55.65393372122439
55.65393372122439
55.65393372122439
55.65393372122439
55.65393372122439
55.65393372122439
55.65393372122439
55.65393372122439
55.65393372122439
55.65393372122439
55.65393372122439
55.65393372122439
55.65393372122439
55.65393372122439
55.65393372122439
55.65393372122439
55.65393372122439
57.424740703263346
57.67771312926891
57.67771312926891
57.67771312926891
57.67771312926891
57.67771312926891
57.67771312926891
57.67771312926891
57.67771312926891
57.67771312926891
57.67771312926891
57.67771312926891
57.67771312926891
57.67771312926891
57.67771312926891
57.67771312926891
57.67771312926891
57.67771312926891
57.67771312926891
57.67771312926891
57.67771312926891
57.67771312926891
57.67771312926891
57.67771312926891
57.67771312926891
57.67771312926891
57.67771312926891
57.67771312926891
57.67771312926891
58.499873513787
58.689602833291175
58.689602833291175
58.689602833291175
58.689602833291175
58.689602833291175
58.689602833291175
58.689602833291175
58.689602833291175
58.689602833291175
58.689602833291175
58.689602833291175
58.689602833291175
58.689602833291175
58.689602833291175
58.689602833291175
58.689602833291175
58.689602833291175
58.689602833291175
58.689602833291175
58.689602833291175
58.689602833291175
58.689602833291175
58.689602833291175
58.689602833291175
58.689602833291175
58.689602833291175
61.25094864659752
61.72527194535796
61.72527194535796
61.72527194535796
61.72527194535796
61.72527194535796
61.72527194535796
61.72527194535796
61.72527194535796
61.72527194535796
61.72527194535796
61.72527194535796
61.72527194535796
61.72527194535796
61.72527194535796
61.72527194535796
61.72527194535796
61.72527194535796
61.72527194535796
61.72527194535796
61.72527194535796
61.72527194535796
61.72527194535796
61.72527194535796
61.72527194535796
61.72527194535796
61.72527194535796
61.72527194535796
61.37743485960031
60.713382241335694
60.713382241335694
60.713382241335694
60.713382241335694
60.713382241335694
60.713382241335694
60.713382241335694
60.713382241335694
60.713382241335694
60.713382241335694
60.713382241335694
60.713382241335694
60.713382241335694
60.713382241335694
60.713382241335694
60.713382241335694
60.713382241335694
60.713382241335694
60.713382241335694
60.713382241335694
60.713382241335694
60.713382241335694
60.713382241335694
60.713382241335694
60.713382241335694
60.713382241335694
60.713382241335694
60.713382241335694
60.713382241335694
60.713382241335694
60.713382241335694
59.00581836579813
58.689602833291175
58.689602833291175
58.689602833291175
58.689602833291175
58.689602833291175
58.689602833291175
58.689602833291175
58.689602833291175
58.689602833291175
58.689602833291175
58.689602833291175
58.689602833291175
58.689602833291175
58.689602833291175
58.689602833291175
58.689602833291175
58.689602833291175
58.689602833291175
58.689602833291175
58.689602833291175
58.689602833291175
58.689602833291175
58.689602833291175
58.689602833291175
58.689602833291175
58.689602833291175
58.689602833291175
58.689602833291175
58.689602833291175
58.689602833291175
58.689602833291175
58.689602833291175
58.689602833291175
58.689602833291175
58.689602833291175
58.689602833291175
58.689602833291175
58.689602833291175
58.689602833291175
58.689602833291175
58.689602833291175
58.689602833291175
58.689602833291175
58.689602833291175
58.689602833291175
58.689602833291175
58.689602833291175
58.689602833291175
58.689602833291175
58.689602833291175
58.689602833291175
58.689602833291175
58.689602833291175
58.689602833291175
58.689602833291175
58.689602833291175
58.689602833291175
58.689602833291175
58.689602833291175
58.689602833291175
58.689602833291175
59.06906147229952
62.73716164938022
62.73716164938022
62.73716164938022
62.73716164938022
62.73716164938022
62.73716164938022
62.73716164938022
62.73716164938022
62.73716164938022
62.73716164938022
62.73716164938022
62.73716164938022
62.73716164938022
62.73716164938022
62.73716164938022
62.73716164938022
62.73716164938022
62.73716164938022
62.73716164938022
62.73716164938022
62.73716164938022
62.73716164938022
62.73716164938022
62.73716164938022
62.73716164938022
62.73716164938022
62.73716164938022
62.73716164938022
62.10473058436631
60.713382241335694
60.713382241335694
60.713382241335694
60.713382241335694
60.713382241335694
60.713382241335694
60.713382241335694
60.713382241335694
60.713382241335694
60.713382241335694
60.713382241335694
60.713382241335694
60.713382241335694
60.713382241335694
60.713382241335694
60.713382241335694
60.713382241335694
60.713382241335694
60.713382241335694
60.713382241335694
60.713382241335694
60.713382241335694
60.713382241335694
60.713382241335694
60.713382241335694
60.713382241335694
60.713382241335694
60.713382241335694
60.713382241335694
60.713382241335694
60.713382241335694
60.713382241335694
61.02959777384265
61.72527194535796
61.72527194535796
61.72527194535796
61.72527194535796
61.72527194535796
61.72527194535796
61.72527194535796
61.72527194535796
61.72527194535796
61.72527194535796
61.72527194535796
61.72527194535796
61.72527194535796
61.72527194535796
61.72527194535796
61.72527194535796
61.72527194535796
61.72527194535796
61.72527194535796
61.72527194535796
61.72527194535796
61.72527194535796
61.72527194535796
61.72527194535796
61.72527194535796
61.72527194535796
61.72527194535796
61.72527194535796
61.72527194535796
61.72527194535796
61.72527194535796
61.72527194535796
61.72527194535796
61.72527194535796
61.72527194535796
61.72527194535796
61.72527194535796
61.72527194535796
61.72527194535796
61.72527194535796
61.72527194535796
61.72527194535796
61.72527194535796
61.72527194535796
61.72527194535796
61.72527194535796
61.72527194535796
61.72527194535796
61.72527194535796
61.72527194535796
61.72527194535796
61.72527194535796
61.72527194535796
61.72527194535796
61.72527194535796
61.72527194535796
61.72527194535796
61.72527194535796
61.72527194535796
61.72527194535796
61.72527194535796
61.72527194535796
62.35770301037187
63.74905135340248
63.74905135340248
63.74905135340248
63.74905135340248
63.74905135340248
63.74905135340248
63.74905135340248
63.74905135340248
63.74905135340248
63.74905135340248
63.74905135340248
63.74905135340248
63.74905135340248
63.74905135340248
63.74905135340248
63.74905135340248
63.74905135340248
63.74905135340248
63.74905135340248
63.74905135340248
63.74905135340248
63.74905135340248
63.74905135340248
63.74905135340248
63.74905135340248
63.74905135340248
63.74905135340248
63.74905135340248
63.74905135340248
63.74905135340248
63.74905135340248
63.74905135340248
64.31823931191501
65.77283076144701
65.77283076144701
65.77283076144701
65.77283076144701
65.77283076144701
65.77283076144701
65.77283076144701
65.77283076144701
65.77283076144701
65.77283076144701
65.77283076144701
65.77283076144701
65.77283076144701
65.77283076144701
65.77283076144701
65.77283076144701
65.77283076144701
65.77283076144701
65.77283076144701
65.77283076144701
65.77283076144701
65.77283076144701
65.77283076144701
65.77283076144701
65.77283076144701
65.77283076144701
65.77283076144701
65.77283076144701
65.77283076144701
65.77283076144701
65.77283076144701
65.77283076144701
65.77283076144701
64.79256261067543
64.76094105742474
64.76094105742474
64.76094105742474
64.76094105742474
64.76094105742474
64.76094105742474
64.76094105742474
64.76094105742474
64.76094105742474
64.76094105742474
64.76094105742474
64.76094105742474
64.76094105742474
64.76094105742474
64.76094105742474
64.76094105742474
64.76094105742474
64.76094105742474
64.76094105742474
64.76094105742474
64.76094105742474
64.76094105742474
64.76094105742474
64.76094105742474
64.76094105742474
64.76094105742474
64.76094105742474
64.76094105742474
64.76094105742474
64.85580571717684
67.79661016949153
67.79661016949153
67.79661016949153
67.79661016949153
67.79661016949153
67.79661016949153
67.79661016949153
67.79661016949153
67.79661016949153
67.79661016949153
67.79661016949153
67.79661016949153
67.79661016949153
67.79661016949153
67.79661016949153
67.79661016949153
67.79661016949153
67.79661016949153
67.79661016949153
67.79661016949153
67.79661016949153
67.79661016949153
67.79661016949153
67.79661016949153
67.79661016949153
67.79661016949153
67.79661016949153
67.79661016949153
67.79661016949153
67.79661016949153
67.79661016949153
67.57525929673666
66.78472046546926
66.78472046546926
66.78472046546926
66.78472046546926
66.78472046546926
66.78472046546926
66.78472046546926
66.78472046546926
66.78472046546926
66.78472046546926
66.78472046546926
66.78472046546926
66.78472046546926
66.78472046546926
66.78472046546926
66.78472046546926
66.78472046546926
66.78472046546926
66.78472046546926
66.78472046546926
66.78472046546926
66.78472046546926
66.78472046546926
66.78472046546926
66.78472046546926
66.78472046546926
66.78472046546926
66.78472046546926
66.78472046546926
66.78472046546926
67.73336706299014
69.82038957753605
69.82038957753605
69.82038957753605
69.82038957753605
69.82038957753605
69.82038957753605
69.82038957753605
69.82038957753605
69.82038957753605
69.82038957753605
69.82038957753605
69.82038957753605
69.82038957753605
69.82038957753605
69.82038957753605
69.82038957753605
69.82038957753605
69.82038957753605
69.82038957753605
69.82038957753605
69.82038957753605
69.82038957753605
69.82038957753605
69.82038957753605
69.82038957753605
69.82038957753605
69.82038957753605
69.82038957753605
69.82038957753605
69.82038957753605
69.82038957753605
69.82038957753605
69.82038957753605
69.82038957753605
68.49228434100684
67.79661016949153
67.79661016949153
67.79661016949153
67.79661016949153
67.79661016949153
67.79661016949153
67.79661016949153
67.79661016949153
67.79661016949153
67.79661016949153
67.79661016949153
67.79661016949153
67.79661016949153
67.79661016949153
67.79661016949153
67.79661016949153
67.79661016949153
67.79661016949153
67.79661016949153
67.79661016949153
67.79661016949153
67.79661016949153
67.79661016949153
67.79661016949153
67.79661016949153
67.79661016949153
67.79661016949153
67.79661016949153
67.79661016949153
67.79661016949153
67.79661016949153
67.79661016949153
67.79661016949153
67.79661016949153
67.79661016949153
66.4685049329623
64.76094105742474
64.76094105742474
64.76094105742474
64.76094105742474
64.76094105742474
64.76094105742474
64.76094105742474
64.76094105742474
64.76094105742474
64.76094105742474
64.76094105742474
64.76094105742474
64.76094105742474
64.76094105742474
64.76094105742474
64.76094105742474
64.76094105742474
64.76094105742474
64.76094105742474
64.76094105742474
64.76094105742474
64.76094105742474
64.76094105742474
64.76094105742474
64.76094105742474
64.76094105742474
64.76094105742474
64.76094105742474
64.76094105742474
64.76094105742474
64.76094105742474
65.39337212243866
66.78472046546926
66.78472046546926
66.78472046546926
66.78472046546926
66.78472046546926
66.78472046546926
66.78472046546926
66.78472046546926
66.78472046546926
66.78472046546926
66.78472046546926
66.78472046546926
66.78472046546926
66.78472046546926
66.78472046546926
66.78472046546926
66.78472046546926
66.78472046546926
66.78472046546926
66.78472046546926
66.78472046546926
66.78472046546926
66.78472046546926
66.78472046546926
66.78472046546926
66.78472046546926
66.78472046546926
66.78472046546926
66.78472046546926
66.78472046546926
66.78472046546926
66.78472046546926
66.78472046546926
66.78472046546926
66.5949911459651
65.77283076144701
65.77283076144701
65.77283076144701
65.77283076144701
65.77283076144701
65.77283076144701
65.77283076144701
65.77283076144701
65.77283076144701
65.77283076144701
65.77283076144701
65.77283076144701
65.77283076144701
65.77283076144701
65.77283076144701
65.77283076144701
65.77283076144701
65.77283076144701
65.77283076144701
65.77283076144701
65.77283076144701
65.77283076144701
65.77283076144701
65.77283076144701
65.77283076144701
65.77283076144701
65.77283076144701
65.77283076144701
65.77283076144701
65.77283076144701
65.77283076144701
65.77283076144701
65.77283076144701
65.77283076144701
67.03769289147483
67.79661016949153
67.79661016949153
67.79661016949153
67.79661016949153
67.79661016949153
67.79661016949153
67.79661016949153
67.79661016949153
67.79661016949153
67.79661016949153
67.79661016949153
67.79661016949153
67.79661016949153
67.79661016949153
67.79661016949153
67.79661016949153
67.79661016949153
67.79661016949153
67.79661016949153
67.79661016949153
67.79661016949153
67.79661016949153
67.79661016949153
67.79661016949153
67.79661016949153
67.79661016949153
67.79661016949153
67.79661016949153
67.79661016949153
67.79661016949153
67.79661016949153
67.79661016949153
67.79661016949153
65.77283076144701
65.77283076144701
65.77283076144701
65.77283076144701
65.77283076144701
65.77283076144701
65.77283076144701
65.77283076144701
65.77283076144701
65.77283076144701
65.77283076144701
65.77283076144701
65.77283076144701
65.77283076144701
65.77283076144701
65.77283076144701
65.77283076144701
65.77283076144701
65.77283076144701
65.77283076144701
65.77283076144701
65.77283076144701
65.77283076144701
65.77283076144701
65.77283076144701
65.77283076144701
65.77283076144701
65.77283076144701
65.77283076144701
65.77283076144701
65.77283076144701
65.77283076144701
65.77283076144701
65.77283076144701
65.77283076144701
65.77283076144701
65.77283076144701
65.77283076144701
65.77283076144701
65.77283076144701
65.77283076144701
65.77283076144701
65.77283076144701
65.77283076144701
65.77283076144701
65.77283076144701
65.77283076144701
65.77283076144701
65.77283076144701
65.77283076144701
65.77283076144701
65.77283076144701
65.77283076144701
65.77283076144701
65.77283076144701
65.77283076144701
65.77283076144701
65.77283076144701
65.77283076144701
65.77283076144701
65.77283076144701
65.77283076144701
65.77283076144701
65.77283076144701
65.77283076144701
65.77283076144701
65.77283076144701
65.77283076144701
65.77283076144701
65.77283076144701
65.77283076144701
65.77283076144701
65.77283076144701
65.77283076144701
65.77283076144701
65.77283076144701
65.77283076144701
65.77283076144701
65.77283076144701
65.77283076144701
65.77283076144701
65.77283076144701
65.77283076144701
65.77283076144701
65.77283076144701
65.77283076144701
65.77283076144701
65.77283076144701
65.77283076144701
65.77283076144701
65.77283076144701
65.77283076144701
65.77283076144701
65.77283076144701
65.77283076144701
65.77283076144701
65.77283076144701
65.77283076144701
65.77283076144701
65.77283076144701
65.77283076144701
65.77283076144701
65.77283076144701
67.51201619023527
70.83227928155831
70.83227928155831
70.83227928155831
70.83227928155831
70.83227928155831
70.83227928155831
70.83227928155831
70.83227928155831
70.83227928155831
70.83227928155831
70.83227928155831
70.83227928155831
70.83227928155831
70.83227928155831
70.83227928155831
70.83227928155831
70.83227928155831
70.83227928155831
70.83227928155831
70.83227928155831
70.83227928155831
70.83227928155831
70.83227928155831
70.83227928155831
70.83227928155831
70.83227928155831
70.83227928155831
70.83227928155831
70.83227928155831
70.83227928155831
70.83227928155831
70.83227928155831
70.83227928155831
70.83227928155831
70.83227928155831
70.83227928155831
64.76094105742474
64.76094105742474
64.76094105742474
64.76094105742474
64.76094105742474
64.76094105742474
64.76094105742474
64.76094105742474
64.76094105742474
64.76094105742474
64.76094105742474
64.76094105742474
64.76094105742474
64.76094105742474
64.76094105742474
64.76094105742474
64.76094105742474
64.76094105742474
64.76094105742474
64.76094105742474
64.76094105742474
64.76094105742474
64.76094105742474
64.76094105742474
64.76094105742474
64.76094105742474
64.76094105742474
64.76094105742474
64.76094105742474
64.76094105742474
64.76094105742474
64.76094105742474
64.76094105742474
66.94282823172274
67.79661016949153
67.79661016949153
67.79661016949153
67.79661016949153
67.79661016949153
67.79661016949153
67.79661016949153
67.79661016949153
67.79661016949153
67.79661016949153
67.79661016949153
67.79661016949153
67.79661016949153
67.79661016949153
67.79661016949153
67.79661016949153
67.79661016949153
67.79661016949153
67.79661016949153
67.79661016949153
67.79661016949153
67.79661016949153
67.79661016949153
67.79661016949153
67.79661016949153
67.79661016949153
67.79661016949153
67.79661016949153
67.79661016949153
67.79661016949153
67.79661016949153
67.79661016949153
68.17606880849988
71.84416898558058
71.84416898558058
71.84416898558058
71.84416898558058
71.84416898558058
71.84416898558058
71.84416898558058
71.84416898558058
71.84416898558058
71.84416898558058
71.84416898558058
71.84416898558058
71.84416898558058
71.84416898558058
71.84416898558058
71.84416898558058
71.84416898558058
71.84416898558058
71.84416898558058
71.84416898558058
71.84416898558058
71.84416898558058
71.84416898558058
71.84416898558058
71.84416898558058
71.84416898558058
71.84416898558058
71.84416898558058
71.84416898558058
71.84416898558058
69.4725524917784
68.8084998735138
68.8084998735138
68.8084998735138
68.8084998735138
68.8084998735138
