6.045786758383491
6.045786758383491
6.045786758383491
6.045786758383491
6.045786758383491
6.045786758383491
6.045786758383491
6.045786758383491
6.045786758383491
6.045786758383491
6.045786758383491
6.045786758383491
6.045786758383491
6.045786758383491
6.045786758383491
6.045786758383491
6.045786758383491
6.045786758383491
6.045786758383491
6.045786758383491
6.045786758383491
6.045786758383491
6.045786758383491
6.045786758383491
6.045786758383491
6.045786758383491
6.045786758383491
6.045786758383491
6.045786758383491
6.045786758383491
6.045786758383491
6.045786758383491
6.045786758383491
6.045786758383491
6.045786758383491
6.045786758383491
6.045786758383491
6.045786758383491
6.045786758383491
5.723344797936371
0.0
0.0
0.0
0.0
1.5315993121238176
3.0228933791917454
3.0228933791917454
3.0228933791917454
3.0228933791917454
3.0228933791917454
3.0228933791917454
3.0228933791917454
3.0228933791917454
3.0228933791917454
3.0228933791917454
3.0228933791917454
3.0228933791917454
3.0228933791917454
3.0228933791917454
3.0228933791917454
3.0228933791917454
3.0228933791917454
3.0228933791917454
3.0228933791917454
3.0228933791917454
3.0228933791917454
3.0228933791917454
3.0228933791917454
3.0228933791917454
3.0228933791917454
3.0228933791917454
3.0228933791917454
3.0228933791917454
3.0228933791917454
3.0228933791917454
3.0228933791917454
3.0228933791917454
3.0228933791917454
3.0228933791917454
3.0228933791917454
3.0228933791917454
3.0228933791917454
3.0228933791917454
3.0228933791917454
3.0228933791917454
3.0228933791917454
3.0228933791917454
3.0228933791917454
3.0228933791917454
3.0228933791917454
3.0228933791917454
3.0228933791917454
3.0228933791917454
3.0228933791917454
3.0228933791917454
3.0228933791917454
3.0228933791917454
3.0228933791917454
3.0228933791917454
3.0228933791917454
3.0228933791917454
3.0228933791917454
3.0228933791917454
3.0228933791917454
3.0228933791917454
3.0228933791917454
3.0228933791917454
3.0228933791917454
3.0228933791917454
3.0228933791917454
3.0228933791917454
3.0228933791917454
3.0228933791917454
3.0228933791917454
3.0228933791917454
3.0228933791917454
3.0228933791917454
3.0228933791917454
3.0228933791917454
3.0228933791917454
3.0228933791917454
3.0228933791917454
3.0228933791917454
3.0228933791917454
3.0228933791917454
3.0228933791917454
3.0228933791917454
3.0228933791917454
3.0228933791917454
3.0228933791917454
3.0228933791917454
3.0228933791917454
3.0228933791917454
3.0228933791917454
3.0228933791917454
3.0228933791917454
3.0228933791917454
3.0228933791917454
3.0228933791917454
3.0228933791917454
3.0228933791917454
3.0228933791917454
3.0228933791917454
3.0228933791917454
3.0228933791917454
3.0228933791917454
3.0228933791917454
3.0228933791917454
3.0228933791917454
3.0228933791917454
3.0228933791917454
3.0228933791917454
3.0228933791917454
3.0228933791917454
3.0228933791917454
3.0228933791917454
3.0228933791917454
3.0228933791917454
3.0228933791917454
3.0228933791917454
3.0228933791917454
3.0228933791917454
3.0228933791917454
3.0228933791917454
3.0228933791917454
3.0228933791917454
3.0228933791917454
3.0228933791917454
3.0228933791917454
3.0228933791917454
3.0228933791917454
3.0228933791917454
3.0228933791917454
3.0228933791917454
3.0228933791917454
3.0228933791917454
3.0228933791917454
3.0228933791917454
3.0228933791917454
3.0228933791917454
3.0228933791917454
3.0228933791917454
3.0228933791917454
3.0228933791917454
3.0228933791917454
3.0228933791917454
3.0228933791917454
3.0228933791917454
3.0228933791917454
3.0228933791917454
3.0228933791917454
3.0228933791917454
3.0228933791917454
3.0228933791917454
3.0228933791917454
3.0228933791917454
3.0228933791917454
3.0228933791917454
3.0228933791917454
3.0228933791917454
3.0228933791917454
3.0228933791917454
3.0228933791917454
3.0228933791917454
3.0228933791917454
3.0228933791917454
3.0228933791917454
3.0228933791917454
3.0228933791917454
3.0228933791917454
3.0228933791917454
3.0228933791917454
3.0228933791917454
3.0228933791917454
3.0228933791917454
3.0228933791917454
3.0228933791917454
3.0228933791917454
3.0228933791917454
3.0228933791917454
3.0228933791917454
3.0228933791917454
3.0228933791917454
3.0228933791917454
3.0228933791917454
3.0228933791917454
3.0228933791917454
3.0228933791917454
3.0228933791917454
3.0228933791917454
3.0228933791917454
3.0228933791917454
3.0228933791917454
3.0228933791917454
3.0228933791917454
3.0228933791917454
3.0228933791917454
3.0228933791917454
3.0228933791917454
3.0228933791917454
3.0228933791917454
2.378009458297506
3.0228933791917454
3.0228933791917454
3.0228933791917454
3.0228933791917454
3.0228933791917454
3.0228933791917454
3.0228933791917454
3.0228933791917454
3.0228933791917454
3.0228933791917454
3.0228933791917454
3.0228933791917454
3.0228933791917454
3.0228933791917454
3.0228933791917454
3.0228933791917454
3.0228933791917454
3.0228933791917454
3.0228933791917454
3.0228933791917454
3.0228933791917454
3.0228933791917454
3.0228933791917454
3.0228933791917454
3.0228933791917454
3.0228933791917454
3.0228933791917454
3.0228933791917454
3.0228933791917454
3.0228933791917454
3.0228933791917454
3.0228933791917454
3.0228933791917454
3.0228933791917454
3.0228933791917454
3.0228933791917454
3.0228933791917454
3.0228933791917454
3.0228933791917454
5.387467755803955
19.14499140154772
19.14499140154772
19.14499140154772
19.14499140154772
19.14499140154772
19.14499140154772
19.14499140154772
19.14499140154772
19.14499140154772
19.14499140154772
19.14499140154772
19.14499140154772
19.14499140154772
19.14499140154772
19.14499140154772
19.14499140154772
19.14499140154772
19.14499140154772
19.14499140154772
19.14499140154772
19.14499140154772
19.14499140154772
19.14499140154772
19.14499140154772
19.14499140154772
19.14499140154772
19.14499140154772
19.14499140154772
19.14499140154772
19.14499140154772
19.14499140154772
19.14499140154772
19.14499140154772
19.14499140154772
19.14499140154772
19.14499140154772
19.14499140154772
19.14499140154772
19.14499140154772
19.14499140154772
19.14499140154772
19.14499140154772
19.14499140154772
19.14499140154772
19.14499140154772
19.14499140154772
19.14499140154772
19.14499140154772
19.14499140154772
19.14499140154772
19.14499140154772
19.14499140154772
19.14499140154772
19.14499140154772
19.14499140154772
19.14499140154772
19.14499140154772
19.14499140154772
19.14499140154772
19.14499140154772
19.14499140154772
19.14499140154772
19.14499140154772
19.14499140154772
19.14499140154772
19.14499140154772
19.14499140154772
19.14499140154772
19.14499140154772
19.14499140154772
19.14499140154772
19.14499140154772
19.14499140154772
19.14499140154772
19.14499140154772
19.14499140154772
19.14499140154772
19.14499140154772
19.14499140154772
19.14499140154772
19.14499140154772
19.14499140154772
19.14499140154772
19.14499140154772
19.14499140154772
19.14499140154772
19.14499140154772
19.14499140154772
19.14499140154772
19.14499140154772
19.14499140154772
19.14499140154772
19.14499140154772
19.14499140154772
19.14499140154772
19.14499140154772
19.14499140154772
19.14499140154772
19.14499140154772
19.14499140154772
19.14499140154772
19.14499140154772
19.14499140154772
19.14499140154772
19.14499140154772
19.14499140154772
19.14499140154772
19.14499140154772
19.14499140154772
19.14499140154772
19.14499140154772
19.14499140154772
19.14499140154772
19.14499140154772
19.14499140154772
19.14499140154772
19.14499140154772
19.14499140154772
19.14499140154772
19.14499140154772
19.14499140154772
19.14499140154772
19.14499140154772
19.14499140154772
19.14499140154772
19.14499140154772
19.14499140154772
19.14499140154772
19.14499140154772
19.14499140154772
19.14499140154772
19.14499140154772
19.14499140154772
19.14499140154772
19.14499140154772
19.14499140154772
19.14499140154772
19.14499140154772
19.14499140154772
19.14499140154772
19.14499140154772
19.14499140154772
19.14499140154772
19.14499140154772
19.14499140154772
19.14499140154772
19.14499140154772
19.14499140154772
19.14499140154772
19.14499140154772
19.14499140154772
19.14499140154772
19.14499140154772
19.14499140154772
19.14499140154772
19.14499140154772
19.14499140154772
19.14499140154772
19.14499140154772
19.14499140154772
19.14499140154772
19.14499140154772
19.14499140154772
19.14499140154772
19.14499140154772
19.14499140154772
19.14499140154772
19.14499140154772
19.14499140154772
19.14499140154772
19.14499140154772
19.14499140154772
19.14499140154772
19.14499140154772
19.14499140154772
19.14499140154772
19.14499140154772
19.14499140154772
19.14499140154772
19.14499140154772
19.14499140154772
19.14499140154772
19.14499140154772
19.14499140154772
19.14499140154772
19.14499140154772
19.14499140154772
19.14499140154772
19.14499140154772
19.14499140154772
19.14499140154772
19.14499140154772
19.14499140154772
19.14499140154772
19.14499140154772
19.14499140154772
19.14499140154772
19.14499140154772
19.14499140154772
19.14499140154772
19.14499140154772
19.14499140154772
19.14499140154772
19.14499140154772
19.14499140154772
19.14499140154772
19.14499140154772
19.14499140154772
19.14499140154772
19.14499140154772
19.14499140154772
19.14499140154772
19.14499140154772
19.14499140154772
19.14499140154772
19.14499140154772
19.14499140154772
19.14499140154772
19.14499140154772
19.14499140154772
19.14499140154772
19.14499140154772
19.14499140154772
19.14499140154772
19.14499140154772
19.14499140154772
19.14499140154772
19.14499140154772
19.14499140154772
19.14499140154772
19.14499140154772
19.14499140154772
19.14499140154772
19.14499140154772
19.14499140154772
19.14499140154772
19.14499140154772
19.14499140154772
19.14499140154772
19.14499140154772
19.14499140154772
19.14499140154772
18.594153052450558
18.137360275150474
18.137360275150474
18.137360275150474
18.137360275150474
18.137360275150474
18.137360275150474
18.137360275150474
18.137360275150474
18.137360275150474
18.137360275150474
18.137360275150474
18.137360275150474
18.137360275150474
18.137360275150474
18.137360275150474
18.137360275150474
18.137360275150474
18.137360275150474
18.137360275150474
18.137360275150474
18.137360275150474
18.137360275150474
18.137360275150474
18.137360275150474
18.137360275150474
18.137360275150474
18.137360275150474
18.137360275150474
18.137360275150474
18.137360275150474
18.137360275150474
18.137360275150474
18.137360275150474
18.137360275150474
18.137360275150474
18.137360275150474
18.137360275150474
18.956900257953567
19.14499140154772
19.14499140154772
19.14499140154772
19.14499140154772
19.14499140154772
19.14499140154772
19.14499140154772
19.14499140154772
19.14499140154772
19.14499140154772
19.14499140154772
19.14499140154772
19.14499140154772
19.14499140154772
19.14499140154772
19.14499140154772
19.14499140154772
19.14499140154772
19.14499140154772
19.14499140154772
19.14499140154772
19.14499140154772
19.14499140154772
19.14499140154772
19.14499140154772
19.14499140154772
19.14499140154772
19.14499140154772
19.14499140154772
19.14499140154772
19.14499140154772
19.14499140154772
19.14499140154772
19.14499140154772
19.14499140154772
19.14499140154772
19.14499140154772
19.14499140154772
19.14499140154772
19.14499140154772
19.14499140154772
19.14499140154772
19.14499140154772
19.14499140154772
19.14499140154772
19.14499140154772
19.14499140154772
19.14499140154772
19.14499140154772
19.14499140154772
19.14499140154772
19.14499140154772
19.14499140154772
19.14499140154772
19.14499140154772
19.14499140154772
19.14499140154772
19.14499140154772
19.14499140154772
19.14499140154772
19.14499140154772
19.14499140154772
19.14499140154772
19.14499140154772
19.14499140154772
19.14499140154772
19.14499140154772
19.14499140154772
19.14499140154772
19.14499140154772
19.14499140154772
19.14499140154772
19.14499140154772
19.14499140154772
19.14499140154772
19.14499140154772
19.14499140154772
19.14499140154772
19.14499140154772
19.14499140154772
19.14499140154772
19.14499140154772
19.14499140154772
19.14499140154772
19.14499140154772
19.14499140154772
19.14499140154772
19.14499140154772
19.14499140154772
19.14499140154772
19.14499140154772
19.14499140154772
19.14499140154772
19.14499140154772
19.14499140154772
19.14499140154772
19.14499140154772
19.14499140154772
19.14499140154772
19.14499140154772
19.14499140154772
19.14499140154772
19.14499140154772
19.14499140154772
19.14499140154772
19.14499140154772
19.14499140154772
19.14499140154772
19.14499140154772
19.14499140154772
19.14499140154772
19.14499140154772
19.14499140154772
19.14499140154772
19.14499140154772
19.14499140154772
19.14499140154772
19.14499140154772
19.14499140154772
19.14499140154772
19.14499140154772
19.14499140154772
19.14499140154772
19.14499140154772
19.14499140154772
19.14499140154772
19.14499140154772
19.14499140154772
19.14499140154772
19.14499140154772
19.14499140154772
19.14499140154772
19.14499140154772
19.14499140154772
19.14499140154772
19.14499140154772
16.323624247635426
13.09920464316423
13.09920464316423
13.09920464316423
13.09920464316423
13.09920464316423
13.09920464316423
13.09920464316423
13.09920464316423
13.09920464316423
13.09920464316423
13.09920464316423
13.09920464316423
13.09920464316423
13.09920464316423
13.09920464316423
13.09920464316423
13.09920464316423
13.09920464316423
13.09920464316423
13.09920464316423
13.09920464316423
13.09920464316423
13.09920464316423
13.09920464316423
13.09920464316423
13.09920464316423
13.09920464316423
13.09920464316423
13.09920464316423
13.09920464316423
13.09920464316423
13.09920464316423
13.09920464316423
13.09920464316423
13.09920464316423
13.09920464316423
13.09920464316423
13.09920464316423
13.09920464316423
13.09920464316423
13.09920464316423
13.09920464316423
13.09920464316423
13.09920464316423
13.09920464316423
13.09920464316423
13.502257093723129
16.122098022355974
16.122098022355974
16.122098022355974
16.122098022355974
16.122098022355974
16.122098022355974
16.122098022355974
16.122098022355974
16.122098022355974
16.122098022355974
16.122098022355974
16.122098022355974
16.122098022355974
16.122098022355974
16.122098022355974
16.122098022355974
16.122098022355974
16.122098022355974
16.122098022355974
16.122098022355974
16.122098022355974
16.122098022355974
16.122098022355974
16.122098022355974
16.122098022355974
16.122098022355974
16.122098022355974
16.122098022355974
16.122098022355974
16.122098022355974
16.122098022355974
16.122098022355974
16.122098022355974
16.122098022355974
16.122098022355974
16.122098022355974
16.122098022355974
16.122098022355974
16.122098022355974
16.122098022355974
17.976139294926913
19.14499140154772
19.14499140154772
19.14499140154772
19.14499140154772
19.14499140154772
19.14499140154772
19.14499140154772
19.14499140154772
19.14499140154772
19.14499140154772
19.14499140154772
19.14499140154772
19.14499140154772
19.14499140154772
19.14499140154772
19.14499140154772
19.14499140154772
19.14499140154772
19.14499140154772
19.14499140154772
19.14499140154772
19.14499140154772
19.14499140154772
19.14499140154772
19.14499140154772
19.14499140154772
19.14499140154772
19.14499140154772
19.14499140154772
19.14499140154772
19.14499140154772
19.14499140154772
19.14499140154772
19.14499140154772
19.14499140154772
19.14499140154772
19.14499140154772
19.14499140154772
19.14499140154772
19.14499140154772
19.14499140154772
19.14499140154772
19.14499140154772
19.14499140154772
19.14499140154772
19.14499140154772
19.14499140154772
19.14499140154772
19.14499140154772
19.14499140154772
19.14499140154772
19.14499140154772
19.14499140154772
19.14499140154772
19.14499140154772
19.14499140154772
19.14499140154772
19.14499140154772
19.14499140154772
19.14499140154772
19.14499140154772
19.14499140154772
19.14499140154772
19.14499140154772
19.14499140154772
19.14499140154772
19.14499140154772
19.14499140154772
19.14499140154772
19.14499140154772
19.14499140154772
19.14499140154772
19.14499140154772
19.14499140154772
19.14499140154772
19.14499140154772
19.14499140154772
19.14499140154772
19.601784178847808
20.15262252794497
20.15262252794497
20.15262252794497
20.15262252794497
20.15262252794497
20.15262252794497
20.15262252794497
20.15262252794497
20.15262252794497
20.15262252794497
20.15262252794497
20.15262252794497
20.15262252794497
20.15262252794497
20.15262252794497
20.15262252794497
20.15262252794497
20.15262252794497
20.15262252794497
20.15262252794497
20.15262252794497
20.15262252794497
20.15262252794497
20.15262252794497
20.15262252794497
20.15262252794497
20.15262252794497
20.15262252794497
20.15262252794497
20.15262252794497
20.15262252794497
20.15262252794497
20.15262252794497
20.15262252794497
20.15262252794497
20.15262252794497
20.15262252794497
20.15262252794497
20.15262252794497
19.722699914015475
19.14499140154772
19.14499140154772
19.14499140154772
19.14499140154772
19.14499140154772
19.14499140154772
19.14499140154772
19.14499140154772
19.14499140154772
19.14499140154772
19.14499140154772
19.14499140154772
19.14499140154772
19.14499140154772
19.14499140154772
19.14499140154772
19.14499140154772
19.14499140154772
19.14499140154772
19.14499140154772
19.14499140154772
19.14499140154772
19.14499140154772
19.14499140154772
19.14499140154772
19.14499140154772
19.14499140154772
19.14499140154772
19.14499140154772
19.14499140154772
19.14499140154772
19.14499140154772
19.14499140154772
19.14499140154772
19.14499140154772
19.14499140154772
19.14499140154772
19.14499140154772
19.14499140154772
19.14499140154772
19.14499140154772
19.14499140154772
18.406061908856405
18.137360275150474
18.137360275150474
18.137360275150474
18.137360275150474
18.137360275150474
18.137360275150474
18.137360275150474
18.137360275150474
18.137360275150474
18.137360275150474
18.137360275150474
18.137360275150474
18.137360275150474
18.137360275150474
18.137360275150474
18.137360275150474
18.137360275150474
18.137360275150474
18.137360275150474
18.137360275150474
18.137360275150474
18.137360275150474
18.137360275150474
18.137360275150474
18.137360275150474
18.137360275150474
18.137360275150474
18.137360275150474
18.137360275150474
