19.297239741174543
19.297239741174543
19.297239741174543
19.297239741174543
19.297239741174543
19.297239741174543
2.2278646899827996
0.0
0.0
0.0
0.0
0.0
0.0
0.0
0.0
0.0
0.0
0.0
0.0
0.0
0.0
0.0
0.0
0.0
0.0
0.0
0.0
0.0
0.0
0.0
0.0
0.0
0.0
0.0
0.0
0.0
0.0
0.0
0.0
0.0
0.0
0.0
0.0
0.0
0.0
0.0
0.0
0.0
0.0
0.0
0.0
0.0
0.0
0.0
0.0
0.0
0.0
0.0
0.0
0.0
0.0
0.0
0.0
0.0
0.0
0.0
0.0
0.0
0.0
0.0
0.0
0.0
0.0
0.0
0.0
0.0
0.0
0.26210172823327055
4.0625767876156935
4.0625767876156935
4.0625767876156935
4.0625767876156935
4.0625767876156935
4.0625767876156935
4.0625767876156935
4.0625767876156935
4.0625767876156935
4.0625767876156935
4.0625767876156935
4.0625767876156935
4.0625767876156935
4.0625767876156935
4.0625767876156935
4.0625767876156935
4.0625767876156935
4.0625767876156935
4.0625767876156935
4.0625767876156935
4.0625767876156935
4.0625767876156935
4.0625767876156935
4.0625767876156935
4.0625767876156935
4.0625767876156935
4.0625767876156935
4.0625767876156935
4.0625767876156935
4.0625767876156935
4.0625767876156935
4.0625767876156935
4.0625767876156935
4.0625767876156935
4.0625767876156935
4.0625767876156935
4.0625767876156935
4.0625767876156935
4.0625767876156935
4.0625767876156935
4.0625767876156935
4.0625767876156935
4.0625767876156935
7.256941600458678
17.265951347366695
17.265951347366695
17.265951347366695
17.265951347366695
17.265951347366695
17.265951347366695
17.265951347366695
17.265951347366695
17.265951347366695
17.265951347366695
17.265951347366695
17.265951347366695
17.265951347366695
17.265951347366695
17.265951347366695
17.265951347366695
17.265951347366695
17.265951347366695
17.265951347366695
17.265951347366695
17.265951347366695
17.265951347366695
17.265951347366695
17.265951347366695
17.265951347366695
17.265951347366695
17.265951347366695
17.265951347366695
17.265951347366695
17.265951347366695
17.265951347366695
17.265951347366695
17.265951347366695
17.265951347366695
17.265951347366695
17.265951347366695
17.265951347366695
17.265951347366695
17.265951347366695
17.265951347366695
17.265951347366695
17.265951347366695
17.265951347366695
17.265951347366695
17.265951347366695
17.265951347366695
17.265951347366695
17.265951347366695
17.790154803833236
19.297239741174543
19.297239741174543
19.297239741174543
19.297239741174543
19.297239741174543
19.297239741174543
19.297239741174543
19.297239741174543
19.297239741174543
19.297239741174543
19.297239741174543
19.297239741174543
19.297239741174543
19.297239741174543
19.297239741174543
19.297239741174543
19.297239741174543
19.297239741174543
19.297239741174543
19.297239741174543
19.297239741174543
19.297239741174543
19.297239741174543
19.297239741174543
19.297239741174543
19.297239741174543
19.297239741174543
19.297239741174543
19.297239741174543
19.297239741174543
19.297239741174543
19.297239741174543
19.297239741174543
19.297239741174543
19.297239741174543
19.297239741174543
19.297239741174543
19.297239741174543
19.297239741174543
19.297239741174543
19.297239741174543
19.297239741174543
19.297239741174543
19.297239741174543
19.297239741174543
19.297239741174543
19.297239741174543
19.297239741174543
19.297239741174543
19.297239741174543
19.297239741174543
19.297239741174543
19.297239741174543
19.297239741174543
19.297239741174543
19.297239741174543
19.297239741174543
19.297239741174543
19.297239741174543
19.297239741174543
19.297239741174543
19.297239741174543
19.297239741174543
19.297239741174543
19.297239741174543
19.297239741174543
19.297239741174543
19.297239741174543
19.297239741174543
19.297239741174543
19.297239741174543
19.297239741174543
19.297239741174543
19.297239741174543
19.297239741174543
19.297239741174543
19.297239741174543
19.297239741174543
19.297239741174543
19.297239741174543
19.297239741174543
19.297239741174543
19.297239741174543
19.297239741174543
19.297239741174543
19.297239741174543
19.297239741174543
19.297239741174543
19.297239741174543
19.297239741174543
19.297239741174543
19.297239741174543
19.297239741174543
19.297239741174543
19.297239741174543
19.297239741174543
19.297239741174543
19.297239741174543
19.297239741174543
18.969612580882956
18.28159554427062
18.28159554427062
18.28159554427062
18.28159554427062
18.28159554427062
18.28159554427062
18.28159554427062
18.28159554427062
18.28159554427062
18.28159554427062
18.28159554427062
18.28159554427062
18.28159554427062
18.28159554427062
18.28159554427062
18.28159554427062
18.28159554427062
18.28159554427062
18.28159554427062
18.28159554427062
18.28159554427062
18.28159554427062
18.28159554427062
18.28159554427062
18.28159554427062
18.28159554427062
18.28159554427062
18.28159554427062
18.28159554427062
18.28159554427062
18.28159554427062
18.28159554427062
18.28159554427062
18.28159554427062
18.28159554427062
18.28159554427062
18.28159554427062
18.28159554427062
18.28159554427062
18.28159554427062
18.28159554427062
18.28159554427062
18.28159554427062
18.28159554427062
18.28159554427062
18.28159554427062
18.28159554427062
18.28159554427062
18.28159554427062
18.28159554427062
18.28159554427062
18.28159554427062
18.28159554427062
17.642722581702024
17.265951347366695
17.265951347366695
17.265951347366695
17.265951347366695
17.265951347366695
17.265951347366695
17.265951347366695
17.265951347366695
17.265951347366695
17.265951347366695
17.265951347366695
17.265951347366695
17.265951347366695
17.265951347366695
17.265951347366695
17.265951347366695
17.265951347366695
17.265951347366695
17.265951347366695
17.265951347366695
17.265951347366695
17.265951347366695
17.265951347366695
17.265951347366695
17.265951347366695
17.265951347366695
17.265951347366695
17.265951347366695
17.265951347366695
17.265951347366695
17.265951347366695
17.265951347366695
17.265951347366695
17.265951347366695
17.265951347366695
17.265951347366695
17.265951347366695
17.265951347366695
17.265951347366695
17.265951347366695
17.265951347366695
17.265951347366695
17.265951347366695
17.265951347366695
17.265951347366695
17.265951347366695
17.265951347366695
17.265951347366695
17.265951347366695
17.265951347366695
17.49529035957081
18.28159554427062
18.28159554427062
18.28159554427062
18.28159554427062
18.28159554427062
18.28159554427062
18.28159554427062
18.28159554427062
18.28159554427062
18.28159554427062
18.28159554427062
18.28159554427062
18.28159554427062
18.28159554427062
18.28159554427062
18.28159554427062
18.28159554427062
18.28159554427062
18.28159554427062
18.28159554427062
18.28159554427062
18.28159554427062
18.28159554427062
18.28159554427062
18.28159554427062
18.28159554427062
18.28159554427062
18.28159554427062
18.28159554427062
18.28159554427062
18.28159554427062
18.28159554427062
18.28159554427062
18.28159554427062
18.28159554427062
18.28159554427062
18.28159554427062
18.28159554427062
18.28159554427062
18.28159554427062
18.28159554427062
18.28159554427062
18.28159554427062
18.28159554427062
18.28159554427062
18.28159554427062
18.28159554427062
18.28159554427062
18.28159554427062
18.28159554427062
18.28159554427062
18.28159554427062
18.28159554427062
17.93758702596445
17.265951347366695
17.265951347366695
17.265951347366695
17.265951347366695
17.265951347366695
17.265951347366695
17.265951347366695
17.265951347366695
17.265951347366695
17.265951347366695
17.265951347366695
17.265951347366695
17.265951347366695
17.265951347366695
17.265951347366695
17.265951347366695
17.265951347366695
17.265951347366695
17.265951347366695
17.265951347366695
17.265951347366695
17.265951347366695
17.265951347366695
17.265951347366695
17.265951347366695
17.265951347366695
17.265951347366695
17.265951347366695
17.265951347366695
17.265951347366695
17.265951347366695
17.265951347366695
17.265951347366695
17.265951347366695
17.265951347366695
17.265951347366695
17.265951347366695
17.265951347366695
17.265951347366695
17.265951347366695
17.265951347366695
17.265951347366695
17.265951347366695
17.265951347366695
17.265951347366695
17.265951347366695
17.265951347366695
17.265951347366695
17.6591039397166
19.297239741174543
19.297239741174543
19.297239741174543
19.297239741174543
19.297239741174543
19.297239741174543
19.297239741174543
19.297239741174543
19.297239741174543
19.297239741174543
19.297239741174543
19.297239741174543
19.297239741174543
19.297239741174543
19.297239741174543
19.297239741174543
19.297239741174543
19.297239741174543
19.297239741174543
19.297239741174543
19.297239741174543
19.297239741174543
19.297239741174543
19.297239741174543
19.297239741174543
19.297239741174543
19.297239741174543
19.297239741174543
19.297239741174543
19.297239741174543
19.297239741174543
19.297239741174543
19.297239741174543
19.297239741174543
19.297239741174543
19.297239741174543
19.297239741174543
19.297239741174543
19.297239741174543
19.297239741174543
19.297239741174543
19.297239741174543
19.297239741174543
19.297239741174543
19.297239741174543
19.297239741174543
19.297239741174543
19.297239741174543
19.297239741174543
19.297239741174543
19.297239741174543
19.297239741174543
19.297239741174543
19.297239741174543
19.297239741174543
19.297239741174543
19.297239741174543
19.297239741174543
19.297239741174543
19.297239741174543
19.297239741174543
19.297239741174543
19.297239741174543
19.297239741174543
19.297239741174543
19.297239741174543
19.297239741174543
19.297239741174543
19.297239741174543
19.297239741174543
19.297239741174543
19.297239741174543
19.297239741174543
19.297239741174543
19.297239741174543
19.297239741174543
19.297239741174543
19.297239741174543
19.297239741174543
19.297239741174543
19.297239741174543
19.297239741174543
19.297239741174543
19.297239741174543
19.297239741174543
19.297239741174543
19.297239741174543
19.297239741174543
19.297239741174543
19.297239741174543
19.297239741174543
19.297239741174543
19.297239741174543
19.297239741174543
19.297239741174543
19.297239741174543
19.297239741174543
19.297239741174543
19.297239741174543
19.297239741174543
19.297239741174543
19.297239741174543
19.297239741174543
19.297239741174543
19.297239741174543
19.297239741174543
19.297239741174543
19.297239741174543
19.297239741174543
19.297239741174543
19.297239741174543
19.297239741174543
19.297239741174543
19.297239741174543
19.297239741174543
19.297239741174543
19.297239741174543
19.297239741174543
19.297239741174543
14.481120484888196
13.203374559751003
13.203374559751003
13.203374559751003
13.203374559751003
13.203374559751003
13.203374559751003
13.203374559751003
13.203374559751003
13.203374559751003
13.203374559751003
13.203374559751003
13.203374559751003
13.203374559751003
13.203374559751003
13.203374559751003
13.203374559751003
13.203374559751003
13.203374559751003
13.203374559751003
13.203374559751003
13.203374559751003
13.203374559751003
13.203374559751003
13.203374559751003
13.203374559751003
13.203374559751003
13.203374559751003
13.203374559751003
13.203374559751003
13.203374559751003
13.203374559751003
13.203374559751003
13.203374559751003
13.203374559751003
13.203374559751003
13.203374559751003
13.203374559751003
13.203374559751003
13.203374559751003
13.203374559751003
13.203374559751003
13.203374559751003
13.203374559751003
13.203374559751003
13.203374559751003
13.203374559751003
13.203374559751003
16.250307150462774
19.297239741174543
19.297239741174543
19.297239741174543
19.297239741174543
19.297239741174543
19.297239741174543
19.297239741174543
19.297239741174543
19.297239741174543
19.297239741174543
19.297239741174543
19.297239741174543
19.297239741174543
19.297239741174543
19.297239741174543
19.297239741174543
19.297239741174543
19.297239741174543
19.297239741174543
19.297239741174543
19.297239741174543
19.297239741174543
19.297239741174543
19.297239741174543
19.297239741174543
19.297239741174543
19.297239741174543
19.297239741174543
19.297239741174543
19.297239741174543
19.297239741174543
19.297239741174543
19.297239741174543
19.297239741174543
19.297239741174543
19.297239741174543
19.297239741174543
19.297239741174543
19.297239741174543
19.297239741174543
19.297239741174543
19.297239741174543
19.297239741174543
19.297239741174543
19.297239741174543
19.297239741174543
19.297239741174543
19.297239741174543
19.297239741174543
19.297239741174543
19.297239741174543
19.297239741174543
19.297239741174543
19.297239741174543
19.297239741174543
19.297239741174543
19.297239741174543
19.297239741174543
19.297239741174543
19.297239741174543
19.297239741174543
19.297239741174543
19.297239741174543
15.77524776803997
14.219018756654926
14.219018756654926
14.219018756654926
14.219018756654926
14.219018756654926
14.219018756654926
14.219018756654926
14.219018756654926
14.219018756654926
14.219018756654926
14.219018756654926
14.219018756654926
14.219018756654926
14.219018756654926
14.219018756654926
14.219018756654926
14.219018756654926
14.219018756654926
14.219018756654926
14.219018756654926
14.219018756654926
14.219018756654926
14.219018756654926
14.219018756654926
14.219018756654926
14.219018756654926
14.219018756654926
14.219018756654926
14.219018756654926
14.219018756654926
14.219018756654926
14.219018756654926
14.219018756654926
14.219018756654926
14.219018756654926
14.219018756654926
14.219018756654926
14.219018756654926
14.219018756654926
14.219018756654926
14.219018756654926
14.219018756654926
14.219018756654926
14.219018756654926
14.219018756654926
14.219018756654926
14.219018756654926
14.219018756654926
14.219018756654926
14.219018756654926
14.219018756654926
14.219018756654926
14.219018756654926
14.219018756654926
14.219018756654926
14.219018756654926
14.219018756654926
15.627815545908755
16.250307150462774
16.250307150462774
16.250307150462774
16.250307150462774
16.250307150462774
16.250307150462774
16.250307150462774
16.250307150462774
16.250307150462774
16.250307150462774
16.250307150462774
16.250307150462774
16.250307150462774
16.250307150462774
16.250307150462774
16.250307150462774
16.250307150462774
16.250307150462774
16.250307150462774
16.250307150462774
16.250307150462774
16.250307150462774
16.250307150462774
16.250307150462774
16.250307150462774
16.250307150462774
16.250307150462774
16.250307150462774
16.250307150462774
16.250307150462774
16.250307150462774
16.250307150462774
16.250307150462774
16.250307150462774
16.250307150462774
16.250307150462774
16.250307150462774
16.250307150462774
16.250307150462774
16.250307150462774
16.250307150462774
16.250307150462774
16.250307150462774
16.250307150462774
16.250307150462774
16.250307150462774
16.250307150462774
16.250307150462774
16.250307150462774
16.250307150462774
16.250307150462774
16.250307150462774
16.250307150462774
16.250307150462774
16.250307150462774
16.250307150462774
16.250307150462774
16.250307150462774
16.250307150462774
16.250307150462774
16.250307150462774
16.250307150462774
16.250307150462774
16.250307150462774
16.250307150462774
16.250307150462774
14.841510361208943
14.219018756654926
14.219018756654926
14.219018756654926
14.219018756654926
14.219018756654926
14.219018756654926
14.219018756654926
14.219018756654926
14.219018756654926
14.219018756654926
14.219018756654926
14.219018756654926
14.219018756654926
14.219018756654926
14.219018756654926
14.219018756654926
14.219018756654926
14.219018756654926
14.219018756654926
14.219018756654926
14.219018756654926
14.219018756654926
14.219018756654926
14.219018756654926
14.219018756654926
14.219018756654926
14.219018756654926
14.219018756654926
14.219018756654926
14.219018756654926
14.219018756654926
14.219018756654926
14.219018756654926
14.219018756654926
14.219018756654926
14.219018756654926
14.219018756654926
14.219018756654926
14.219018756654926
14.219018756654926
14.219018756654926
14.219018756654926
14.219018756654926
14.219018756654926
14.219018756654926
14.219018756654926
14.219018756654926
14.219018756654926
14.219018756654926
14.219018756654926
14.219018756654926
14.219018756654926
14.219018756654926
14.219018756654926
14.219018756654926
14.219018756654926
14.219018756654926
14.219018756654926
14.219018756654926
14.219018756654926
14.219018756654926
14.219018756654926
14.219018756654926
14.219018756654926
14.219018756654926
14.219018756654926
14.219018756654926
14.219018756654926
14.219018756654926
14.219018756654926
14.219018756654926
14.219018756654926
14.219018756654926
14.219018756654926
14.219018756654926
14.219018756654926
14.219018756654926
14.219018756654926
14.219018756654926
14.219018756654926
13.973298386436236
11.172086165943156
11.172086165943156
11.172086165943156
11.172086165943156
11.172086165943156
11.172086165943156
11.172086165943156
11.172086165943156
11.172086165943156
11.172086165943156
11.172086165943156
11.172086165943156
11.172086165943156
11.172086165943156
11.172086165943156
11.172086165943156
11.172086165943156
11.172086165943156
11.172086165943156
11.172086165943156
11.172086165943156
11.172086165943156
11.172086165943156
11.172086165943156
11.172086165943156
11.172086165943156
11.172086165943156
11.172086165943156
11.172086165943156
11.172086165943156
11.172086165943156
11.172086165943156
11.172086165943156
11.172086165943156
11.172086165943156
11.172086165943156
11.172086165943156
11.172086165943156
11.172086165943156
11.172086165943156
11.172086165943156
11.172086165943156
11.172086165943156
11.172086165943156
11.172086165943156
11.172086165943156
11.172086165943156
11.172086165943156
11.172086165943156
11.172086165943156
18.166926038168565
