79.22024735850601
79.22024735850601
82.21803587517405
82.26717994921779
82.26717994921779
82.26717994921779
82.26717994921779
82.26717994921779
82.26717994921779
82.26717994921779
82.26717994921779
82.26717994921779
80.7437136538619
79.22024735850601
79.22024735850601
79.22024735850601
79.22024735850601
79.22024735850601
79.22024735850601
79.22024735850601
79.22024735850601
79.10557785240397
78.2046031616021
78.2046031616021
78.2046031616021
78.2046031616021
78.2046031616021
78.2046031616021
78.2046031616021
78.2046031616021
78.2046031616021
78.2046031616021
78.2046031616021
78.2046031616021
78.2046031616021
78.2046031616021
78.2046031616021
78.2046031616021
78.2046031616021
78.2046031616021
78.2046031616021
78.2046031616021
78.2046031616021
78.2046031616021
78.2046031616021
78.2046031616021
78.2046031616021
78.2046031616021
78.2046031616021
78.2046031616021
78.2046031616021
78.2046031616021
74.27307723810304
72.11073798017856
72.11073798017856
72.11073798017856
72.11073798017856
72.11073798017856
72.11073798017856
72.11073798017856
72.11073798017856
72.11073798017856
72.11073798017856
70.4070767466623
63.98558440494717
63.98558440494717
63.98558440494717
63.98558440494717
63.98558440494717
63.98558440494717
63.98558440494717
63.98558440494717
63.98558440494717
63.98558440494717
65.09951674993857
68.04816119256286
68.04816119256286
68.04816119256286
68.04816119256286
68.04816119256286
68.04816119256286
68.04816119256286
68.04816119256286
68.04816119256286
68.04816119256286
68.04816119256286
68.04816119256286
68.04816119256286
68.04816119256286
68.04816119256286
68.04816119256286
68.04816119256286
68.04816119256286
68.04816119256286
68.04816119256286
70.06306822835613
71.09509378327463
71.09509378327463
71.09509378327463
71.09509378327463
71.09509378327463
71.09509378327463
71.09509378327463
71.09509378327463
71.78311081988697
77.18895896469817
77.18895896469817
77.18895896469817
77.18895896469817
77.18895896469817
77.18895896469817
77.18895896469817
77.18895896469817
77.18895896469817
77.18895896469817
77.46744205094602
78.2046031616021
78.2046031616021
78.2046031616021
78.2046031616021
78.2046031616021
78.2046031616021
78.2046031616021
78.2046031616021
78.2046031616021
78.2046031616021
78.00802686542714
75.15767057089032
75.15767057089032
75.15767057089032
75.15767057089032
75.15767057089032
75.15767057089032
75.15767057089032
75.15767057089032
75.15767057089032
79.22024735850601
79.22024735850601
79.22024735850601
79.22024735850601
79.22024735850601
79.22024735850601
79.22024735850601
79.22024735850601
79.22024735850601
79.22024735850601
76.00950118764845
75.15767057089032
75.15767057089032
75.15767057089032
75.15767057089032
75.15767057089032
75.15767057089032
75.15767057089032
75.15767057089032
76.18969612580882
78.2046031616021
78.2046031616021
78.2046031616021
78.2046031616021
78.2046031616021
78.2046031616021
78.2046031616021
78.2046031616021
78.2046031616021
78.54861167990826
79.22024735850601
79.22024735850601
79.22024735850601
79.22024735850601
79.22024735850601
79.22024735850601
79.22024735850601
79.22024735850601
79.22024735850601
78.18822180358751
76.17331476779425
76.17331476779425
76.17331476779425
76.17331476779425
76.17331476779425
76.17331476779425
76.17331476779425
76.17331476779425
76.30436563191088
78.2046031616021
78.2046031616021
78.2046031616021
78.2046031616021
78.2046031616021
78.2046031616021
78.2046031616021
78.2046031616021
78.2046031616021
81.05495945613892
81.25153575231387
81.25153575231387
81.25153575231387
81.25153575231387
81.25153575231387
81.25153575231387
81.25153575231387
81.25153575231387
83.38111229420919
86.32975673683349
86.32975673683349
86.32975673683349
86.32975673683349
86.32975673683349
86.32975673683349
86.32975673683349
86.32975673683349
86.32975673683349
86.32975673683349
84.7243836514047
84.29846834302563
84.29846834302563
84.29846834302563
84.29846834302563
84.29846834302563
84.29846834302563
84.29846834302563
84.29846834302563
84.29846834302563
84.29846834302563
84.29846834302563
84.29846834302563
84.29846834302563
84.29846834302563
84.29846834302563
84.29846834302563
84.29846834302563
84.29846834302563
84.29846834302563
83.34834957818003
82.26717994921779
82.26717994921779
82.26717994921779
82.26717994921779
82.26717994921779
82.26717994921779
82.26717994921779
82.26717994921779
82.26717994921779
86.93586698337292
87.34540093373741
87.34540093373741
87.34540093373741
87.34540093373741
87.34540093373741
87.34540093373741
87.34540093373741
87.34540093373741
87.34540093373741
86.72290932918338
85.31411253992955
85.31411253992955
85.31411253992955
85.31411253992955
85.31411253992955
85.31411253992955
85.31411253992955
85.31411253992955
85.31411253992955
85.60897698419198
86.32975673683349
86.32975673683349
86.32975673683349
86.32975673683349
86.32975673683349
86.32975673683349
86.32975673683349
86.32975673683349
86.32975673683349
86.32975673683349
77.4838234089606
76.17331476779425
76.17331476779425
76.17331476779425
76.17331476779425
76.17331476779425
76.17331476779425
76.17331476779425
76.17331476779425
76.17331476779425
76.17331476779425
69.06380538946678
69.06380538946678
69.06380538946678
69.06380538946678
69.06380538946678
69.06380538946678
69.06380538946678
69.06380538946678
69.06380538946678
71.22614464739127
73.12638217708248
73.12638217708248
73.12638217708248
73.12638217708248
73.12638217708248
73.12638217708248
73.12638217708248
73.12638217708248
73.12638217708248
72.25817020230977
72.11073798017856
72.11073798017856
72.11073798017856
72.11073798017856
72.11073798017856
72.11073798017856
72.11073798017856
72.11073798017856
72.11073798017856
72.65132279465968
73.12638217708248
73.12638217708248
73.12638217708248
73.12638217708248
73.12638217708248
73.12638217708248
73.12638217708248
73.12638217708248
73.12638217708248
71.9960684740765
70.07944958637071
70.07944958637071
70.07944958637071
70.07944958637071
70.07944958637071
70.07944958637071
70.07944958637071
70.07944958637071
70.07944958637071
69.3750511917438
69.06380538946678
69.06380538946678
69.06380538946678
69.06380538946678
69.06380538946678
69.06380538946678
69.06380538946678
69.06380538946678
70.04668687034155
72.11073798017856
72.11073798017856
72.11073798017856
72.11073798017856
72.11073798017856
72.11073798017856
72.11073798017856
72.11073798017856
72.11073798017856
71.78311081988697
71.09509378327463
71.09509378327463
71.09509378327463
71.09509378327463
71.09509378327463
71.09509378327463
71.09509378327463
71.09509378327463
71.09509378327463
71.09509378327463
71.09509378327463
71.09509378327463
71.09509378327463
71.09509378327463
71.09509378327463
71.09509378327463
71.09509378327463
71.09509378327463
69.62077156196248
66.01687279875502
66.01687279875502
66.01687279875502
66.01687279875502
66.01687279875502
66.01687279875502
66.01687279875502
66.01687279875502
66.01687279875502
64.44426242935539
63.98558440494717
63.98558440494717
63.98558440494717
63.98558440494717
63.98558440494717
63.98558440494717
63.98558440494717
63.98558440494717
65.72200835449259
66.01687279875502
66.01687279875502
66.01687279875502
66.01687279875502
66.01687279875502
66.01687279875502
66.01687279875502
66.01687279875502
66.01687279875502
66.01687279875502
66.01687279875502
66.01687279875502
66.01687279875502
66.01687279875502
66.01687279875502
66.01687279875502
66.01687279875502
66.54107625522155
70.07944958637071
70.07944958637071
70.07944958637071
70.07944958637071
70.07944958637071
70.07944958637071
70.07944958637071
70.07944958637071
70.37431403063314
73.12638217708248
73.12638217708248
73.12638217708248
73.12638217708248
73.12638217708248
73.12638217708248
73.12638217708248
73.12638217708248
73.12638217708248
72.5530346465722
72.11073798017856
72.11073798017856
72.11073798017856
72.11073798017856
72.11073798017856
72.11073798017856
72.11073798017856
72.11073798017856
73.15914489311163
74.1420263739864
74.1420263739864
74.1420263739864
74.1420263739864
74.1420263739864
74.1420263739864
74.1420263739864
74.1420263739864
78.07355229748546
78.2046031616021
78.2046031616021
78.2046031616021
78.2046031616021
78.2046031616021
78.2046031616021
78.2046031616021
78.2046031616021
78.2046031616021
78.2046031616021
78.2046031616021
78.2046031616021
78.2046031616021
78.2046031616021
78.2046031616021
78.2046031616021
78.2046031616021
80.85838315996396
81.25153575231387
81.25153575231387
81.25153575231387
81.25153575231387
81.25153575231387
81.25153575231387
81.25153575231387
81.25153575231387
81.25153575231387
80.2686542714391
77.18895896469817
77.18895896469817
77.18895896469817
77.18895896469817
77.18895896469817
77.18895896469817
77.18895896469817
77.18895896469817
77.18895896469817
76.94323859447948
74.1420263739864
74.1420263739864
74.1420263739864
74.1420263739864
74.1420263739864
74.1420263739864
74.1420263739864
74.1420263739864
74.1420263739864
74.1420263739864
74.1420263739864
74.1420263739864
74.1420263739864
74.1420263739864
74.1420263739864
74.1420263739864
74.1420263739864
74.1420263739864
74.1420263739864
74.1420263739864
74.1420263739864
73.65058563354901
73.12638217708248
73.12638217708248
73.12638217708248
73.12638217708248
73.12638217708248
73.12638217708248
73.12638217708248
73.12638217708248
73.12638217708248
73.96183143582603
74.1420263739864
74.1420263739864
74.1420263739864
74.1420263739864
74.1420263739864
74.1420263739864
74.1420263739864
74.1420263739864
74.1420263739864
73.29019575722828
73.12638217708248
73.12638217708248
73.12638217708248
73.12638217708248
73.12638217708248
73.12638217708248
73.12638217708248
73.12638217708248
72.20902612826603
71.09509378327463
71.09509378327463
71.09509378327463
71.09509378327463
71.09509378327463
71.09509378327463
71.09509378327463
71.09509378327463
71.09509378327463
70.70194119092473
68.04816119256286
68.04816119256286
68.04816119256286
68.04816119256286
68.04816119256286
68.04816119256286
68.04816119256286
68.04816119256286
68.04816119256286
68.34302563682529
69.06380538946678
69.06380538946678
69.06380538946678
69.06380538946678
69.06380538946678
69.06380538946678
69.06380538946678
69.06380538946678
69.06380538946678
68.62150872307313
66.01687279875502
66.01687279875502
66.01687279875502
66.01687279875502
66.01687279875502
66.01687279875502
66.01687279875502
66.01687279875502
66.01687279875502
68.32664427881072
69.06380538946678
69.06380538946678
69.06380538946678
69.06380538946678
69.06380538946678
69.06380538946678
69.06380538946678
69.06380538946678
69.06380538946678
69.06380538946678
67.36014415595052
67.03251699565894
67.03251699565894
67.03251699565894
67.03251699565894
67.03251699565894
67.03251699565894
67.03251699565894
67.03251699565894
69.9320173642395
70.07944958637071
70.07944958637071
70.07944958637071
70.07944958637071
70.07944958637071
70.07944958637071
70.07944958637071
70.07944958637071
70.07944958637071
69.11294946351052
69.06380538946678
69.06380538946678
69.06380538946678
69.06380538946678
69.06380538946678
69.06380538946678
69.06380538946678
69.06380538946678
71.42272094356622
73.12638217708248
73.12638217708248
73.12638217708248
73.12638217708248
73.12638217708248
73.12638217708248
73.12638217708248
73.12638217708248
73.68334834957818
74.1420263739864
74.1420263739864
74.1420263739864
74.1420263739864
74.1420263739864
74.1420263739864
74.1420263739864
74.1420263739864
74.1420263739864
76.76304365631911
79.22024735850601
79.22024735850601
79.22024735850601
79.22024735850601
79.22024735850601
79.22024735850601
79.22024735850601
79.22024735850601
79.22024735850601
78.33565402571872
78.2046031616021
78.2046031616021
78.2046031616021
78.2046031616021
78.2046031616021
78.2046031616021
78.2046031616021
78.2046031616021
78.2046031616021
74.68261118846752
73.12638217708248
73.12638217708248
73.12638217708248
73.12638217708248
73.12638217708248
73.12638217708248
73.12638217708248
73.12638217708248
73.12638217708248
72.89704316487837
72.11073798017856
72.11073798017856
72.11073798017856
72.11073798017856
72.11073798017856
72.11073798017856
72.11073798017856
72.11073798017856
72.11073798017856
72.11073798017856
72.11073798017856
72.11073798017856
72.11073798017856
72.11073798017856
72.11073798017856
72.11073798017856
72.11073798017856
72.11073798017856
72.11073798017856
72.11073798017856
72.11073798017856
72.11073798017856
72.11073798017856
72.11073798017856
72.11073798017856
72.11073798017856
72.11073798017856
72.11073798017856
72.11073798017856
72.11073798017856
72.11073798017856
72.92980588090752
73.12638217708248
73.12638217708248
73.12638217708248
73.12638217708248
73.12638217708248
73.12638217708248
73.12638217708248
73.12638217708248
73.12638217708248
73.12638217708248
73.12638217708248
73.12638217708248
73.12638217708248
73.12638217708248
73.12638217708248
73.12638217708248
73.12638217708248
73.12638217708248
73.12638217708248
73.78163649766566
74.1420263739864
74.1420263739864
74.1420263739864
74.1420263739864
74.1420263739864
74.1420263739864
74.1420263739864
74.1420263739864
74.1420263739864
75.45253501515275
76.17331476779425
76.17331476779425
76.17331476779425
76.17331476779425
76.17331476779425
76.17331476779425
76.17331476779425
76.17331476779425
76.23884019985256
80.23589155540994
80.23589155540994
80.23589155540994
80.23589155540994
80.23589155540994
80.23589155540994
80.23589155540994
80.23589155540994
80.23589155540994
80.23589155540994
76.23884019985256
76.17331476779425
76.17331476779425
76.17331476779425
76.17331476779425
76.17331476779425
76.17331476779425
76.17331476779425
76.17331476779425
78.66328118601032
80.23589155540994
80.23589155540994
80.23589155540994
80.23589155540994
80.23589155540994
80.23589155540994
80.23589155540994
80.23589155540994
80.23589155540994
80.23589155540994
78.56499303792285
78.2046031616021
78.2046031616021
78.2046031616021
78.2046031616021
78.2046031616021
78.2046031616021
78.2046031616021
78.2046031616021
78.2046031616021
78.2046031616021
78.2046031616021
73.5850602014907
72.11073798017856
72.11073798017856
72.11073798017856
72.11073798017856
72.11073798017856
72.11073798017856
72.11073798017856
72.11073798017856
72.11073798017856
72.11073798017856
72.11073798017856
72.11073798017856
66.72127119338192
65.0012286018511
65.0012286018511
65.0012286018511
65.0012286018511
65.0012286018511
65.0012286018511
65.0012286018511
65.0012286018511
65.0012286018511
65.0012286018511
65.0012286018511
64.14939798509296
63.98558440494717
63.98558440494717
63.98558440494717
63.98558440494717
63.98558440494717
63.98558440494717
63.98558440494717
63.98558440494717
63.98558440494717
66.24621181095912
70.07944958637071
70.07944958637071
70.07944958637071
70.07944958637071
70.07944958637071
70.07944958637071
70.07944958637071
70.07944958637071
70.07944958637071
71.65205995577033
73.12638217708248
73.12638217708248
73.12638217708248
73.12638217708248
73.12638217708248
73.12638217708248
73.12638217708248
73.12638217708248
73.12638217708248
74.8628061266279
75.15767057089032
75.15767057089032
75.15767057089032
75.15767057089032
75.15767057089032
75.15767057089032
75.15767057089032
75.15767057089032
75.15767057089032
78.69604390203948
79.22024735850601
79.22024735850601
79.22024735850601
79.22024735850601
79.22024735850601
79.22024735850601
79.22024735850601
79.22024735850601
79.22024735850601
79.22024735850601
79.97378982717667
80.23589155540994
80.23589155540994
80.23589155540994
80.23589155540994
80.23589155540994
80.23589155540994
80.23589155540994
80.23589155540994
80.23589155540994
80.23589155540994
78.33565402571872
76.17331476779425
76.17331476779425
76.17331476779425
76.17331476779425
76.17331476779425
76.17331476779425
76.17331476779425
76.17331476779425
76.17331476779425
76.17331476779425
76.59923007617331
78.2046031616021
78.2046031616021
78.2046031616021
78.2046031616021
78.2046031616021
78.2046031616021
78.2046031616021
78.2046031616021
78.2046031616021
78.2046031616021
78.2046031616021
77.41829797690228
72.11073798017856
72.11073798017856
72.11073798017856
72.11073798017856
72.11073798017856
72.11073798017856
72.11073798017856
72.11073798017856
72.11073798017856
72.11073798017856
72.11073798017856
72.84789909083463
73.12638217708248
73.12638217708248
73.12638217708248
73.12638217708248
73.12638217708248
73.12638217708248
73.12638217708248
73.12638217708248
73.12638217708248
73.12638217708248
73.12638217708248
74.43689081824883
75.15767057089032
75.15767057089032
75.15767057089032
75.15767057089032
75.15767057089032
75.15767057089032
75.15767057089032
75.15767057089032
75.15767057089032
75.15767057089032
75.15767057089032
75.15767057089032
70.2432631665165
70.07944958637071
70.07944958637071
70.07944958637071
70.07944958637071
70.07944958637071
70.07944958637071
70.07944958637071
70.07944958637071
70.07944958637071
70.07944958637071
69.88287329019576
66.01687279875502
66.01687279875502
66.01687279875502
66.01687279875502
66.01687279875502
66.01687279875502
66.01687279875502
66.01687279875502
66.01687279875502
66.01687279875502
67.58948316815464
72.11073798017856
72.11073798017856
72.11073798017856
72.11073798017856
72.11073798017856
72.11073798017856
72.11073798017856
72.11073798017856
72.11073798017856
72.11073798017856
72.11073798017856
72.11073798017856
72.11073798017856
72.11073798017856
72.11073798017856
72.11073798017856
72.11073798017856
72.11073798017856
72.11073798017856
72.11073798017856
