94.31809818208582
95.86369323618165
92.77250312798999
81.07014057555016
77.61095164495474
75.4397585927725
74.15176271435932
74.96136012364761
78.6045484654449
94.5020975932877
115.4780304703025
121.14521233532052
113.15963788915876
103.73886803562229
96.56289099874881
87.32612055641422
82.13733716052108
82.83653492308825
87.54691984985648
93.17730183263414
93.83969971296092
96.52609111650843
96.85729005667181
81.62213880915581
78.38374917200265
76.47015529550306
75.21895929933024
75.25575918157062
75.7709575329359
83.94053139029955
108.74365202031353
120.33561492603224
122.02840950908957
108.41245308015014
97.22528887907559
87.73091926105836
82.2845366894826
83.0573342165305
87.73091926105836
95.1276955913741
96.85729005667181
97.40928829027747
97.88768675940237
97.70368734820049
82.68933539412674
78.01575034959889
76.35975564878193
75.51335835725325
78.56774858320453
83.75653197909767
106.75645837933318
114.81563258997572
120.33561492603224
118.38522116729227
102.70847133289173
93.36130124383602
87.3629204386546
86.59012291160668
89.53411349083683
94.35489806432619
94.87009641569148
98.25568558180613
99.94848016486347
99.94848016486347
88.09891808346214
82.72613527636712
79.78214469713697
78.56774858320453
78.4573489364834
87.8413189077795
112.38684036211085
125.41399867520424
125.92919702656951
122.10200927357033
114.66843306101421
107.08765731949659
100.20607934054611
95.4588945315375
95.20129535585487
97.48288805475822
101.9724736880842
103.03967027305512
103.55486862442041
102.41407227496872
90.01251195996173
86.00132479576065
84.6765290351071
83.64613233237654
82.79973504084786
83.16773386325164
93.72930006623979
116.83962611319645
125.67159785088688
126.81239420033856
125.52439832192537
115.22043129461986
110.51004636785163
106.35165967468905
99.83808051814235
98.29248546404652
100.46367851622875
103.37086921321853
106.60925885037167
106.24126002796791
100.75807757415177
90.63810995804813
88.79811584602929
88.61411643482741
88.61411643482741
88.54051667034666
88.31971737690439
90.08611172444249
90.8589092514904
102.19327298152646
123.94200338558917
126.33399573121366
121.47641127548393
118.49562081401339
116.32442776183116
107.89725472878487
100.61087804519026
101.67807463016119
105.10046367851623
105.35806285419886
105.98366085228527
107.41885625965998
101.4940752189593
92.47810407006698
90.34371090012512
89.60771325531759
89.46051372635608
88.68771619930817
88.65091631706778
88.17251784794288
88.39331714138515
97.77728711268124
116.14042835062928
125.487598439685
125.52439832192537
122.06520939132994
115.25723117686023
108.8172517847943
102.19327298152646
98.9548833443733
100.02207992934423
102.85567086185324
103.62846838890115
105.28446308971812
105.10046367851623
94.61249724000884
88.9453153749908
87.95171855450063
87.58371973209685
87.62051961433724
87.58371973209685
87.06852138073158
86.66372267608743
88.09891808346214
95.64289394273939
105.83646132332376
121.32921174652242
125.3403989107235
122.35960844925296
116.69242658423494
110.0684477809671
105.21086332523736
102.929270626334
99.06528299109443
102.48767203944948
105.06366379627585
105.10046367851623
104.69566497387208
103.03967027305512
99.13888275557518
88.61411643482741
87.62051961433724
87.58371973209685
87.58371973209685
87.25252079193346
87.03172149849121
87.91491867226026
91.70530654301906
98.51328475748878
119.15801869434019
124.45720173695445
121.10841245308015
118.16442187385
114.30043423861044
108.41245308015014
102.929270626334
100.13247957606536
101.42047545447855
103.07647015529551
103.4076690954589
105.72606167660264
103.55486862442041
91.37410760285567
88.57731655258704
87.47332008537573
86.55332302936631
86.55332302936631
86.55332302936631
86.47972326488555
86.33252373592404
87.47332008537573
95.606094060499
111.6508427173033
119.19481857658056
125.08279973504085
119.37881798778244
115.62522999926401
109.29565025391919
102.96607050857438
100.97887686759402
102.15647309928609
103.22366968425702
105.06366379627585
105.28446308971812
105.87326120556415
100.09567969382498
90.63810995804813
88.87171561051005
88.43011702362553
88.20931773018326
87.58371973209685
87.58371973209685
88.50371678810627
96.12129241186429
107.0508574372562
121.62361080444543
125.3403989107235
124.0524030323103
120.18841539707073
116.14042835062928
109.95804813424597
103.62846838890115
101.8252741591227
102.7452712151321
105.43166261867962
106.20446014572754
106.97725767277545
105.98366085228527
91.74210642525944
89.64451313755796
88.68771619930817
88.61411643482741
88.61411643482741
88.61411643482741
87.73091926105836
87.3629204386546
89.20291455067344
103.77566791786266
121.29241186428203
125.70839773312726
124.97240008831972
121.69721056892618
117.35482446456172
111.06204460145727
104.47486568042983
99.94848016486347
99.65408110694045
102.08287333480533
104.07006697578568
104.47486568042983
103.95966732906454
96.01089276514315
88.79811584602929
86.84772208728933
86.55332302936631
86.51652314712594
87.06852138073158
86.73732244056819
86.59012291160668
86.55332302936631
89.97571207772135
92.95650253919187
110.65724589681314
123.39000515198352
124.08920291455068
120.74041363067639
115.07323176565835
108.37565319790977
101.31007580775741
98.84448369765217
99.76448075366159
102.81887097961287
104.69566497387208
104.69566497387208
102.85567086185324
91.41090748509605
89.23971443291381
87.91491867226026
87.58371973209685
87.62051961433724
87.58371973209685
87.25252079193346
86.62692279384706
87.73091926105836
90.6749098402885
99.10208287333481
119.15801869434019
124.6780010303967
122.1388091558107
118.12762199160963
117.02362552439833
112.79163906675498
101.75167439464194
100.64767792743064
103.07647015529551
104.73246485611246
105.28446308971812
105.57886214764113
104.25406638698756
91.41090748509605
88.61411643482741
87.62051961433724
87.58371973209685
87.58371973209685
87.14212114521234
86.55332302936631
87.21572090969309
89.97571207772135
96.52609111650843
118.23802163833076
127.51159196290573
127.0699933760212
124.49400161919482
119.85721645690734
115.36763082358137
107.6764554353426
103.03967027305512
103.18686980201663
105.21086332523736
106.86685802605432
106.46205932141018
106.05726061676603
95.42209464929712
91.15330830941342
90.3805107823655
89.75491278427909
89.75491278427909
89.64451313755796
89.64451313755796
89.5709133730772
91.77890630749982
97.48288805475822
115.66202988150438
128.2107897254729
127.76919113858835
126.33399573121366
122.91160668285862
117.17082505335983
110.32604695664975
105.39486273643925
105.13726356075661
106.94045779053508
107.16125708397733
108.63325237359241
109.22205048943843
99.76448075366159
94.20769853536468
91.63170677853832
90.74850960476927
90.74850960476927
90.74850960476927
90.3805107823655
89.75491278427909
90.3805107823655
91.92610583646133
100.20607934054611
123.20600574078163
128.94678737028042
126.99639361154044
126.29719584897329
122.98520644733937
118.12762199160963
109.62684919408258
105.6156620298815
106.24126002796791
108.22845366894826
108.67005225583279
110.10524766320748
110.546846250092
105.91006108780452
94.42849782880695
93.5453006550379
93.10370206815338
92.73570324574962
92.69890336350925
92.18370501214396
93.17730183263414
95.82689335394127
102.48767203944948
123.50040479870465
129.9403841907706
127.47479208066534
124.75160079487746
123.94200338558917
119.7468168101862
111.54044307058217
106.64605873261206
106.86685802605432
109.29565025391919
111.28284389489954
111.68764259954368
111.28284389489954
99.5804813424597
97.70368734820049
95.67969382497976
94.79649665121072
94.79649665121072
94.5020975932877
93.5453006550379
93.76609994848016
95.82689335394127
102.23007286376684
123.50040479870465
126.73879443585781
131.92757783175094
129.49878560388606
125.487598439685
120.8876131596379
113.60123647604328
109.9212482520056
109.88444836976522
110.25244719216899
110.47324648561124
112.16604106866858
112.31324059763008
101.8252741591227
96.93088982115258
95.67969382497976
94.79649665121072
94.79649665121072
94.72289688672997
94.24449841760507
93.76609994848016
93.03010230367263
96.2684919408258
115.40443070582174
130.0875837197321
132.40597630087584
131.89077794951055
129.82998454404947
122.72760727165674
116.17722823286965
111.87164201074557
109.4428497828807
110.36284683889012
111.68764259954368
113.04923824243762
112.42364024435122
111.13564436593803
99.13888275557518
97.15168911459483
96.23169205858541
95.75329358946051
95.82689335394127
95.56929417825863
94.68609700448958
93.36130124383602
94.28129829984545
97.3724884080371
104.73246485611246
125.70839773312726
131.92757783175094
131.1915801869434
128.7995878413189
124.27320232575256
118.56922057849415
111.72444248178407
109.22205048943843
110.36284683889012
111.28284389489954
111.94524177522632
114.11643482740855
113.38043718260101
101.56767498344006
98.18208581732539
96.45249135202768
95.82689335394127
96.01089276514315
95.9372930006624
95.49569441377788
94.28129829984545
94.46529771104733
99.54368146021933
104.58526532715095
124.34680209023331
131.41237948038565
129.64598513284758
126.66519467137705
123.13240597630087
116.50842717303304
109.29565025391919
107.01405755501582
107.93405461102525
110.87804519025539
112.31324059763008
111.39324354162066
105.98366085228527
97.63008758371973
95.1276955913741
94.46529771104733
94.06049900640318
94.24449841760507
93.83969971296092
93.3981011260764
92.69890336350925
92.95650253919187
98.9548833443733
103.15006991977626
121.43961139324354
129.27798631044382
128.46838890115552
126.1131964377714
121.29241186428203
113.82203576948554
107.2348568484581
105.54206226540076
107.27165673069847
109.70044895856333
110.43644660337087
110.21564730992861
109.22205048943843
96.63649076322956
93.61890041951865
92.77250312798999
92.95650253919187
92.73570324574962
92.88290277471113
92.80930301023037
91.9629057187017
92.14690512990359
103.37086921321853
122.02840950908957
128.28438948995364
128.7995878413189
127.36439243394422
123.64760432766616
115.62522999926401
108.00765437550601
103.48126885993965
103.99646721130493
106.5724589681313
107.16125708397733
108.63325237359241
109.22205048943843
107.60285567086186
96.82049017443144
93.50850077279753
92.03650548318245
91.66850666077869
91.63170677853832
91.70530654301906
90.6749098402885
91.11650842717303
92.9197026569515
102.1196732170457
120.18841539707073
128.321189372194
125.85559726208876
122.43320821373372
118.0172223448885
112.16604106866858
105.57886214764113
102.7452712151321
104.3644660337087
105.54206226540076
105.91006108780452
108.00765437550601
108.04445425774638
97.18848899683522
91.59490689629793
90.78530948700964
90.6749098402885
90.01251195996173
89.82851254875985
89.64451313755796
89.9021123132406
90.30691101788474
95.05409582689336
124.45720173695445
129.71958489732833
126.99639361154044
124.16280267903143
120.409214690513
115.18363141237948
108.9644513137558
106.0940604990064
105.91006108780452
108.19165378670789
109.40604990064033
109.66364907632295
108.8172517847943
97.18848899683522
94.68609700448958
93.69250018399941
93.58210053727828
92.77250312798999
92.2941046588651
91.9629057187017
92.80930301023037
101.38367557223818
111.06204460145727
127.18039302274234
130.565982188857
129.6091852506072
128.1739898432325
125.08279973504085
120.8876131596379
115.29403105910062
110.0684477809671
109.22205048943843
110.25244719216899
110.91484507249577
113.01243836019725
113.34363730036064
108.22845366894826
101.08927651431516
98.51328475748878
97.48288805475822
96.78369029219107
96.37889158754692
95.42209464929712
95.9372930006624
97.59328770147935
112.05564142194746
128.2107897254729
132.92117465224112
130.71318171781851
128.57878854787666
125.67159785088688
119.2684183410613
112.53403989107235
110.25244719216899
112.05564142194746
113.34363730036064
114.33723412085081
114.5212335320527
104.80606462059322
100.46367851622875
98.43968499300803
97.51968793699861
96.8940899389122
96.56289099874881
95.67969382497976
95.20129535585487
95.53249429601826
95.67969382497976
102.26687274600721
112.31324059763008
126.4443953779348
129.68278501508794
126.77559431809819
121.40281151100316
114.22683447412969
110.65724589681314
111.76124236402444
114.26363435637006
115.44123058806213
115.29403105910062
114.55803341429308
110.36284683889012
102.63487156841099
101.45727533671892
100.94207698535365
100.97887686759402
100.46367851622875
99.28608228453669
98.77088393317142
100.0588798115846
107.63965555310223
121.95480974460882
130.78678148229926
130.86038124678
130.4187826598955
128.06359019651137
122.65400750717598
115.40443070582174
111.35644365938029
111.6508427173033
114.07963494516818
114.70523294325459
115.40443070582174
115.40443070582174
112.79163906675498
103.33406933097814
101.34687568999779
100.27967910502687
99.94848016486347
99.54368146021933
98.91808346213293
97.88768675940237
98.69728416869066
103.00287039081475
114.44763376757194
128.57878854787666
130.60278207109738
128.6891881945978
127.40119231618459
122.94840656509899
115.18363141237948
109.9212482520056
109.95804813424597
112.31324059763008
114.33723412085081
114.30043423861044
112.82843894899537
106.24126002796791
100.42687863398837
99.39648193125782
98.9548833443733
98.9548833443733
98.91808346213293
98.51328475748878
97.9980864061235
97.88768675940237
98.73408405093105
103.55486862442041
107.27165673069847
130.3819827776551
129.9035843085302
128.61558843011701
126.55479502465592
121.47641127548393
114.63163317877382
112.49724000883198
113.45403694708178
115.14683153013911
115.4780304703025
114.96283211893723
112.93883859571649
102.7820710973725
101.12607639655553
100.94207698535365
100.86847722087289
100.16927945830574
100.39007875174799
99.80128063590196
98.29248546404652
98.43968499300803
100.97887686759402
107.41885625965998
124.31000220799294
131.1915801869434
131.3755795981453
130.4187826598955
129.02038713476117
124.64120114815633
117.02362552439833
113.7116361227644
114.04283506292781
115.03643188341798
116.4348274085523
115.40443070582174
113.34363730036064
104.40126591594907
102.89247074409361
101.19967616103628
100.42687863398837
99.94848016486347
99.94848016486347
99.65408110694045
98.51328475748878
96.52609111650843
94.87009641569148
95.53249429601826
101.42047545447855
119.3052182233017
128.10039007875176
129.71958489732833
128.90998748804003
128.43158901891513
121.84441009788769
114.11643482740855
110.58364613233238
111.46684330610142
112.71803930227424
113.34363730036064
113.34363730036064
112.86523883123574
108.08125413998675
100.24287922278648
99.4332818134982
97.96128652388313
96.96768970339295
97.04128946787371
96.63649076322956
96.67329064546993
95.86369323618165
94.87009641569148
92.25730477662472
92.14690512990359
99.24928240229632
119.01081916537868
127.36439243394422
128.7995878413189
127.84279090306912
127.25399278722308
126.26039596673291
122.98520644733937
114.92603223669684
112.23964083314934
112.49724000883198
113.34363730036064
114.19003459188932
113.78523588724516
112.53403989107235
104.21726650474719
100.5372782807095
99.10208287333481
97.63008758371973
96.82049017443144
96.19489217634504
95.82689335394127
95.42209464929712
93.91329947744167
92.58850371678811
93.61890041951865
96.85729005667181
100.42687863398837
115.36763082358137
124.45720173695445
125.70839773312726
124.6780010303967
123.97880326782955
119.56281739898432
113.15963788915876
110.84124530801502
111.17244424817841
112.16604106866858
112.23964083314934
111.83484212850519
109.66364907632295
102.96607050857438
99.17568263781556
97.88768675940237
97.07808935011408
96.93088982115258
96.23169205858541
95.71649370722014
94.72289688672997
94.20769853536468
101.34687568999779
117.6860234047251
125.89239714432914
127.47479208066534
126.73879443585781
126.14999632001178
124.93560020607934
121.58681092220505
115.73562964598513
111.54044307058217
111.79804224626481
112.31324059763008
112.31324059763008
113.30683741812027
113.34363730036064
109.77404872304409
104.80606462059322
102.67167145065136
101.86207404136307
100.64767792743064
99.47008169573857
98.3292853462869
97.88768675940237
99.83808051814235
110.76764554353426
120.26201516155149
123.94200338558917
124.56760138367558
124.34680209023331
123.64760432766616
121.73401045116655
116.1036284683889
111.68764259954368
110.84124530801502
111.46684330610142
111.35644365938029
110.91484507249577
108.92765143151541
104.32766615146832
98.18208581732539
97.26208876131597
95.56929417825863
93.98689924192243
93.21410171487452
93.83969971296092
94.72289688672997
95.27489512033561
103.59166850666078
117.83322293368661
124.6780010303967
124.49400161919482
123.27960550526238
120.37241480827261
113.5644365938029
108.04445425774638
107.75005519982336
109.51644954736145
110.98844483697653
110.36284683889012
109.4428497828807
101.93567380584382
98.40288511076764
97.850886877162
97.22528887907559
96.82049017443144
96.52609111650843
99.5804813424597
111.54044307058217
122.02840950908957
125.487598439685
125.92919702656951
124.93560020607934
122.58040774269523
116.91322587767719
109.99484801648634
107.82365496430411
109.33245013615957
111.09884448369766
111.28284389489954
111.20924413041878
109.47964966512107
108.19165378670789
99.54368146021933
98.77088393317142
97.63008758371973
96.85729005667181
97.04128946787371
98.21888569956576
105.76286155884301
120.8876131596379
126.70199455361742
127.5483918451461
127.62199160962685
