114.3760327609742
113.44205761908182
112.43623823550541
111.57410733529707
110.42459946835261
109.63431280982829
108.62849342625188
107.83820676772757
108.84402615130396
109.49062432646024
112.50808247718945
115.3818521445506
118.68668726201595
121.27307996264099
123.5002514548459
125.2245132552626
126.23033263883899
127.59537323083555
127.66721747251957
127.59537323083555
127.37984050578346
126.87693081399526
126.73324233062719
126.23033263883899
125.72742294705078
125.65557870536676
124.72160356347439
124.72160356347439
124.72160356347439
124.21869387168618
123.787628421582
123.57209569652991
123.71578417989798
123.64393993821395
123.21287448810978
123.06918600474171
122.49443207126949
121.70414541274516
121.70414541274516
118.3274660535958
114.73525396939435
114.0886557942381
112.72361520224153
112.07701702708528
110.71197643508873
110.06537825993246
109.4187800847762
108.12558373446367
108.26927221783174
107.47898555930742
106.61685465909908
105.9702564839428
106.40132193404698
105.61103527552267
105.32365830878655
104.60521589194626
104.60521589194626
104.03046195847402
103.38386378331776
102.01882319132122
100.79747108269272
101.15669229111286
102.44988864142539
104.31783892521014
108.19742797614771
112.29254975213736
119.47697392054026
121.99152237948128
123.64393993821395
124.36238235505424
124.72160356347439
124.57791508010632
124.50607083842229
123.71578417989798
123.71578417989798
123.85947266326603
123.64393993821395
123.71578417989798
123.5002514548459
122.70996479632157
122.70996479632157
122.70996479632157
122.70996479632157
122.70996479632157
122.70996479632157
122.56627631295352
121.70414541274516
121.70414541274516
120.91385875422084
120.77017027085279
120.26726057906458
120.41094906243264
119.40512967885624
118.61484302033192
116.24398304475896
113.87312306918601
112.3643939938214
111.21488612687693
110.42459946835261
109.63431280982829
108.05373949277966
107.33529707593937
106.61685465909908
106.11394496731087
105.61103527552267
105.03628134205043
104.31783892521014
103.02464257489761
102.37804439974136
101.58775774121703
100.72562684100869
100.58193835764064
99.64796321574825
100.15087290753645
100.94115956606078
103.7430849917379
107.83820676772757
111.71779581866512
115.02263093613047
119.90803937064445
122.56627631295352
122.70996479632157
122.70996479632157
122.85365327968962
123.64393993821395
123.71578417989798
122.7818090380056
122.42258782958545
121.70414541274516
121.12939147927293
120.69832602916875
120.98570299590487
120.5546375458007
120.5546375458007
120.62648178748474
120.33910482074862
120.41094906243264
120.19541633738055
119.69250664559235
119.69250664559235
119.69250664559235
119.62066240390833
118.61484302033192
117.8245563618076
117.68086787843954
117.68086787843954
111.6459515769811
110.13722250161649
108.70033766793591
108.05373949277966
106.61685465909908
105.75472375889072
104.67706013363029
104.60521589194626
103.7430849917379
103.02464257489761
102.37804439974136
101.94697894963718
100.58193835764064
100.58193835764064
100.29456139090452
99.07320928227603
98.57029959048782
97.92370141533156
97.20525899849127
97.13341475680724
97.7800129319635
99.14505352396004
103.02464257489761
106.40132193404698
112.00517278540124
115.95660607802284
120.0517278540125
122.7818090380056
123.64393993821395
123.787628421582
122.7818090380056
123.28471872979381
122.7818090380056
122.70996479632157
121.7759896544292
121.70414541274516
120.69832602916875
120.12357209569653
119.76435088727638
119.83619512896041
119.69250664559235
119.5488181622243
119.69250664559235
119.69250664559235
119.69250664559235
119.04590847043609
118.68668726201595
118.75853150369997
118.68668726201595
116.89058121991522
114.73525396939435
114.01681155255406
112.72361520224153
112.00517278540124
111.28673036856095
110.20906674330053
109.56246856814425
108.34111645951576
107.62267404267547
106.90423162583518
105.82656800057475
105.61103527552267
104.89259285868238
104.60521589194626
104.31783892521014
102.88095409152956
102.59357712479344
101.87513470795315
101.65960198290107
101.7314462245851
102.9527983332136
103.95861771679
107.26345283425533
110.85566491845678
115.09447517781449
118.54299877864788
122.06336662116531
124.36238235505424
125.72742294705078
125.58373446368273
125.72742294705078
125.72742294705078
125.58373446368273
125.5118902219987
124.07500538831812
124.72160356347439
123.71578417989798
123.71578417989798
122.99734176305769
123.14103024642574
122.70996479632157
122.70996479632157
122.70996479632157
122.35074358790142
122.70996479632157
120.69832602916875
120.77017027085279
121.41676844600904
120.69832602916875
120.69832602916875
120.69832602916875
117.53717939507148
115.23816366118255
114.01681155255406
113.01099216897765
111.57410733529707
111.35857461024499
110.06537825993246
109.34693584309217
109.49062432646024
108.62849342625188
108.19742797614771
106.6886989007831
106.18578920899489
105.61103527552267
104.53337165026223
104.17415044184209
103.81492923342194
104.82074861699834
106.25763345067892
109.20324735972412
112.8673036856096
117.24980242833537
121.41676844600904
124.07500538831812
126.15848839715497
127.02061929736331
127.16430778073136
126.87693081399526
126.15848839715497
126.73324233062719
126.08664415547094
126.5177096055751
125.72742294705078
125.72742294705078
125.65557870536676
124.57791508010632
124.43422659673827
124.43422659673827
123.71578417989798
123.71578417989798
123.71578417989798
123.71578417989798
123.06918600474171
122.70996479632157
122.70996479632157
122.63812055463754
121.91967813779725
121.48861268769308
120.69832602916875
119.47697392054026
116.96242546159925
115.16631941949852
114.66340972771032
113.72943458581794
113.01099216897765
112.29254975213736
111.6459515769811
111.35857461024499
110.6401321934047
110.13722250161649
108.62849342625188
107.83820676772757
107.62267404267547
107.62267404267547
108.26927221783174
109.77800129319634
111.86148430203319
115.16631941949852
118.90221998706804
121.63230117106113
123.35656297147783
124.86529204684244
127.37984050578346
128.673036856096
128.88856958114806
128.74488109778
128.673036856096
128.74488109778
128.1701271643078
127.7390617142036
127.09246353904734
126.5177096055751
126.37402112220705
125.79926718873482
126.37402112220705
125.72742294705078
125.79926718873482
125.87111143041885
125.72742294705078
124.72160356347439
124.72160356347439
124.72160356347439
123.93131690495007
124.72160356347439
124.72160356347439
124.72160356347439
122.13521086284933
118.830375745384
118.68668726201595
117.53717939507148
116.89058121991522
116.31582728644298
115.31000790286659
114.44787700265823
114.30418851929018
113.65759034413391
112.57992671887348
111.6459515769811
110.99935340182483
111.6459515769811
111.6459515769811
113.94496731087003
116.31582728644298
118.90221998706804
122.13521086284933
125.2245132552626
127.88275019757167
129.03225806451613
129.7507004813564
130.7565198649328
130.7565198649328
131.54680652345715
130.90020834830088
130.68467562324878
130.61283138156477
130.03807744809254
130.10992168977657
129.31963503125223
129.10410230620016
128.74488109778
128.74488109778
128.1701271643078
128.24197140599182
127.7390617142036
127.7390617142036
127.7390617142036
127.81090595588763
126.87693081399526
126.5177096055751
125.79926718873482
125.72742294705078
125.94295567210288
126.08664415547094
121.48861268769308
120.91385875422084
119.33328543717221
118.61484302033192
117.39349091170342
116.96242546159925
115.74107335297076
115.16631941949852
114.3760327609742
113.65759034413391
113.65759034413391
113.51390186076586
113.65759034413391
114.30418851929018
115.95660607802284
117.96824484517566
121.0575472375889
124.93713628852647
127.02061929736331
128.38565988935986
130.54098713988074
131.47496228177312
131.11574107335298
132.4089374236655
131.83418349019325
131.76233924850922
130.7565198649328
131.11574107335298
130.7565198649328
130.7565198649328
130.7565198649328
130.7565198649328
130.7565198649328
130.18176593146057
129.7507004813564
129.7507004813564
129.89438896472447
129.60701199798837
128.74488109778
128.81672533946403
128.74488109778
128.09828292262375
127.7390617142036
125.15266901357856
123.64393993821395
122.99734176305769
122.56627631295352
121.70414541274516
120.69832602916875
119.90803937064445
119.40512967885624
118.68668726201595
118.25562181191177
117.03426970328327
116.24398304475896
115.3818521445506
115.09447517781449
114.30418851929018
113.65759034413391
114.30418851929018
114.66340972771032
116.1002945613909
117.32164667001939
119.97988361232846
122.35074358790142
124.72160356347439
124.72160356347439
125.36820173863065
128.02643868093972
129.9662332064085
132.76815863208563
132.76815863208563
132.48078166534953
132.4089374236655
131.76233924850922
131.76233924850922
131.47496228177312
130.7565198649328
130.7565198649328
130.7565198649328
130.7565198649328
130.68467562324878
129.7507004813564
129.7507004813564
128.52934837272792
127.7390617142036
126.73324233062719
126.73324233062719
126.73324233062719
125.36820173863065
124.72160356347439
124.72160356347439
123.85947266326603
120.98570299590487
120.33910482074862
119.04590847043609
118.39931029527983
117.68086787843954
117.68086787843954
117.03426970328327
116.74689273654717
115.95660607802284
115.3818521445506
114.66340972771032
114.30418851929018
113.65759034413391
113.3702133773978
112.65177096055751
111.71779581866512
111.6459515769811
112.65177096055751
112.43623823550541
113.94496731087003
116.02845031970688
119.33328543717221
122.06336662116531
125.2245132552626
126.30217688052302
128.02643868093972
128.74488109778
128.88856958114806
128.74488109778
128.74488109778
128.09828292262375
127.7390617142036
127.7390617142036
127.45168474746748
127.7390617142036
127.7390617142036
127.7390617142036
127.7390617142036
127.52352898915152
127.81090595588763
127.95459443925569
127.7390617142036
127.02061929736331
126.73324233062719
126.73324233062719
126.23033263883899
125.72742294705078
124.86529204684244
124.72160356347439
121.41676844600904
120.69832602916875
119.69250664559235
119.11775271212012
118.68668726201595
117.89640060349163
117.17795818665134
116.96242546159925
115.66922911128673
115.31000790286659
114.66340972771032
113.94496731087003
113.58574610244989
112.07701702708528
111.6459515769811
111.6459515769811
110.6401321934047
110.6401321934047
110.85566491845678
111.57410733529707
113.44205761908182
115.02263093613047
118.18377757022775
121.99152237948128
124.07500538831812
126.08664415547094
127.37984050578346
128.81672533946403
128.9604138228321
129.6788562396724
129.60701199798837
129.4633235146203
128.88856958114806
128.74488109778
128.74488109778
128.74488109778
127.7390617142036
127.7390617142036
128.02643868093972
127.95459443925569
127.7390617142036
127.02061929736331
126.73324233062719
126.08664415547094
126.73324233062719
126.80508657231123
126.73324233062719
126.5177096055751
125.72742294705078
125.0089805302105
123.42840721316186
119.83619512896041
119.69250664559235
119.69250664559235
118.3274660535958
117.68086787843954
116.6032042531791
116.67504849486313
116.38767152812702
115.66922911128673
115.52554062791867
114.3760327609742
113.1546806523457
112.3643939938214
111.6459515769811
110.56828795172066
110.42459946835261
109.77800129319634
109.56246856814425
109.63431280982829
110.06537825993246
112.72361520224153
116.31582728644298
119.04590847043609
121.91967813779725
123.28471872979381
124.93713628852647
125.72742294705078
126.08664415547094
126.80508657231123
126.5177096055751
126.73324233062719
126.37402112220705
126.73324233062719
126.37402112220705
126.0147999137869
125.72742294705078
125.58373446368273
125.79926718873482
125.72742294705078
125.58373446368273
125.0089805302105
124.72160356347439
124.72160356347439
124.72160356347439
124.2905381133702
123.71578417989798
122.99734176305769
121.70414541274516
121.0575472375889
119.69250664559235
119.69250664559235
118.68668726201595
117.8245563618076
116.81873697823119
115.95660607802284
115.23816366118255
114.95078669444644
114.51972124434226
113.65759034413391
113.65759034413391
112.8673036856096
111.6459515769811
111.6459515769811
111.28673036856095
110.13722250161649
109.27509160140815
108.62849342625188
109.63431280982829
109.56246856814425
109.99353401824844
111.35857461024499
113.94496731087003
116.38767152812702
117.32164667001939
119.83619512896041
122.06336662116531
122.70996479632157
123.85947266326603
124.43422659673827
124.14684963000215
124.72160356347439
123.85947266326603
123.71578417989798
123.71578417989798
123.71578417989798
123.71578417989798
123.28471872979381
123.5002514548459
123.71578417989798
123.64393993821395
123.35656297147783
123.28471872979381
122.70996479632157
121.84783389611322
121.7759896544292
120.77017027085279
120.69832602916875
120.19541633738055
118.97406422875206
117.68086787843954
116.96242546159925
115.66922911128673
114.95078669444644
114.30418851929018
112.93914792729362
111.6459515769811
110.99935340182483
110.28091098498454
109.56246856814425
109.27509160140815
108.12558373446367
107.62267404267547
106.18578920899489
105.68287951720669
105.53919103383863
105.32365830878655
105.39550255047058
106.90423162583518
108.84402615130396
111.86148430203319
114.5915654860263
117.03426970328327
119.18959695380416
120.5546375458007
121.41676844600904
122.42258782958545
122.70996479632157
122.63812055463754
122.56627631295352
122.56627631295352
121.70414541274516
121.70414541274516
121.70414541274516
121.70414541274516
120.98570299590487
121.34492420432503
120.69832602916875
121.70414541274516
121.70414541274516
121.70414541274516
121.0575472375889
121.70414541274516
121.0575472375889
118.68668726201595
118.75853150369997
117.39349091170342
116.67504849486313
116.24398304475896
115.66922911128673
114.3760327609742
113.65759034413391
112.65177096055751
112.65177096055751
111.35857461024499
110.85566491845678
110.35275522666858
109.99353401824844
109.27509160140815
108.62849342625188
107.62267404267547
106.90423162583518
106.61685465909908
107.33529707593937
108.4129607011998
110.56828795172066
113.01099216897765
115.16631941949852
117.46533515338746
119.33328543717221
120.62648178748474
121.34492420432503
121.70414541274516
121.70414541274516
121.70414541274516
122.13521086284933
121.70414541274516
120.98570299590487
120.69832602916875
120.69832602916875
120.69832602916875
120.69832602916875
120.69832602916875
120.69832602916875
119.90803937064445
120.41094906243264
119.69250664559235
119.69250664559235
119.69250664559235
118.97406422875206
118.68668726201595
117.39349091170342
116.74689273654717
116.02845031970688
115.66922911128673
114.8789424527624
113.65759034413391
112.72361520224153
112.29254975213736
111.6459515769811
111.28673036856095
110.6401321934047
110.28091098498454
109.63431280982829
108.62849342625188
108.62849342625188
107.55082980099145
107.62267404267547
107.47898555930742
106.97607586751921
107.62267404267547
108.77218190961995
111.43041885192902
114.3760327609742
116.81873697823119
119.18959695380416
121.41676844600904
122.70996479632157
123.06918600474171
123.57209569652991
123.787628421582
123.71578417989798
123.35656297147783
123.28471872979381
122.70996479632157
122.70996479632157
122.70996479632157
122.49443207126949
122.20705510453337
122.35074358790142
121.70414541274516
121.70414541274516
121.84783389611322
121.70414541274516
120.84201451253682
120.69832602916875
120.26726057906458
119.69250664559235
118.3274660535958
117.68086787843954
116.67504849486313
115.88476183633881
115.45369638623464
114.80709821107838
113.65759034413391
113.65759034413391
111.78964006034916
111.6459515769811
110.6401321934047
110.13722250161649
108.62849342625188
107.91005100941159
107.11976435088727
107.1916085925713
107.98189525109562
109.20324735972412
110.71197643508873
112.22070551045333
116.02845031970688
118.04008908685968
120.41094906243264
122.35074358790142
122.63812055463754
122.56627631295352
123.71578417989798
123.64393993821395
123.5002514548459
123.64393993821395
123.71578417989798
122.99734176305769
122.70996479632157
122.85365327968962
122.56627631295352
122.06336662116531
122.06336662116531
121.7759896544292
121.70414541274516
120.98570299590487
120.84201451253682
120.12357209569653
119.40512967885624
118.75853150369997
117.96824484517566
117.39349091170342
116.24398304475896
114.95078669444644
113.65759034413391
112.93914792729362
111.6459515769811
110.85566491845678
109.63431280982829
109.70615705151232
108.48480494288383
107.40714131762338
106.6886989007831
106.61685465909908
105.53919103383863
105.10812558373446
104.46152740857819
104.60521589194626
104.89259285868238
105.68287951720669
108.4129607011998
110.42459946835261
114.44787700265823
116.53136001149508
119.47697392054026
121.41676844600904
121.70414541274516
121.70414541274516
121.70414541274516
120.98570299590487
121.0575472375889
121.70414541274516
121.27307996264099
120.69832602916875
120.69832602916875
119.90803937064445
120.41094906243264
119.76435088727638
119.69250664559235
119.90803937064445
119.5488181622243
119.33328543717221
119.18959695380416
119.33328543717221
119.18959695380416
118.97406422875206
118.68668726201595
117.89640060349163
116.67504849486313
116.67504849486313
112.29254975213736
111.6459515769811
110.92750916014081
109.63431280982829
109.20324735972412
108.12558373446367
107.62267404267547
107.62267404267547
107.1916085925713
106.18578920899489
105.61103527552267
105.61103527552267
105.61103527552267
