68.11002388473689
68.11002388473689
68.11002388473689
66.62043814366798
66.10678788812697
66.10678788812697
66.10678788812697
66.10678788812697
66.10678788812697
66.10678788812697
66.10678788812697
66.33793050312043
67.10840588643194
67.10840588643194
67.10840588643194
67.10840588643194
67.10840588643194
64.79697973649742
64.10355189151707
64.10355189151707
64.10355189151707
64.10355189151707
64.10355189151707
64.10355189151707
64.10355189151707
64.10355189151707
64.10355189151707
64.10355189151707
64.10355189151707
64.10355189151707
64.10355189151707
64.10355189151707
64.10355189151707
64.10355189151707
64.10355189151707
64.10355189151707
64.10355189151707
64.10355189151707
64.10355189151707
66.15815291368108
68.11002388473689
68.11002388473689
68.11002388473689
68.11002388473689
68.11002388473689
64.25764696817937
63.10193389321211
63.10193389321211
63.10193389321211
63.10193389321211
63.10193389321211
63.10193389321211
63.10193389321211
63.10193389321211
63.10193389321211
63.10193389321211
63.10193389321211
63.10193389321211
63.10193389321211
63.10193389321211
63.10193389321211
63.10193389321211
63.10193389321211
63.10193389321211
63.10193389321211
63.10193389321211
65.15653491537613
67.10840588643194
67.10840588643194
67.10840588643194
67.10840588643194
67.10840588643194
67.10840588643194
66.41497804145158
64.10355189151707
64.10355189151707
64.10355189151707
64.10355189151707
64.10355189151707
64.10355189151707
64.10355189151707
64.10355189151707
64.10355189151707
64.10355189151707
64.10355189151707
64.10355189151707
64.10355189151707
64.10355189151707
64.10355189151707
64.10355189151707
64.10355189151707
64.10355189151707
64.10355189151707
64.10355189151707
64.10355189151707
64.10355189151707
64.10355189151707
64.10355189151707
64.10355189151707
64.10355189151707
64.10355189151707
64.10355189151707
64.10355189151707
64.10355189151707
64.10355189151707
64.10355189151707
64.10355189151707
64.10355189151707
64.10355189151707
64.10355189151707
64.10355189151707
64.10355189151707
64.10355189151707
64.10355189151707
64.10355189151707
64.10355189151707
64.10355189151707
64.10355189151707
64.10355189151707
64.10355189151707
64.10355189151707
64.10355189151707
64.10355189151707
64.10355189151707
64.10355189151707
64.10355189151707
64.10355189151707
64.10355189151707
6.574723270924828
37.49646865449316
73.11811387626166
73.11811387626166
73.11811387626166
73.11811387626166
73.11811387626166
73.11811387626166
73.11811387626166
73.11811387626166
73.11811387626166
73.11811387626166
73.11811387626166
73.11811387626166
73.11811387626166
73.11811387626166
75.12134987287156
75.12134987287156
75.12134987287156
75.12134987287156
75.12134987287156
75.12134987287156
75.12134987287156
75.12134987287156
75.12134987287156
75.12134987287156
75.12134987287156
75.12134987287156
75.12134987287156
75.12134987287156
75.12134987287156
75.12134987287156
75.12134987287156
75.12134987287156
75.12134987287156
75.12134987287156
75.12134987287156
75.12134987287156
75.12134987287156
75.12134987287156
75.12134987287156
75.12134987287156
75.12134987287156
75.12134987287156
75.12134987287156
75.12134987287156
75.12134987287156
75.12134987287156
75.12134987287156
75.12134987287156
75.12134987287156
75.12134987287156
75.12134987287156
75.12134987287156
75.12134987287156
75.12134987287156
75.12134987287156
75.12134987287156
75.12134987287156
75.12134987287156
75.12134987287156
75.12134987287156
75.12134987287156
75.12134987287156
75.12134987287156
75.12134987287156
75.12134987287156
75.12134987287156
75.12134987287156
75.12134987287156
75.12134987287156
75.12134987287156
75.12134987287156
75.12134987287156
75.12134987287156
75.12134987287156
75.12134987287156
75.12134987287156
75.12134987287156
75.12134987287156
75.12134987287156
75.12134987287156
75.12134987287156
75.12134987287156
75.12134987287156
75.12134987287156
75.12134987287156
75.12134987287156
75.12134987287156
75.12134987287156
75.12134987287156
75.12134987287156
75.12134987287156
75.12134987287156
75.12134987287156
78.40871150833398
79.12782186609138
79.12782186609138
79.12782186609138
79.12782186609138
77.33004597169787
72.11649587795671
72.11649587795671
72.11649587795671
72.11649587795671
72.11649587795671
72.11649587795671
72.11649587795671
72.11649587795671
72.11649587795671
72.11649587795671
72.11649587795671
72.11649587795671
72.11649587795671
72.11649587795671
70.4214500346714
69.11164188304184
69.11164188304184
69.11164188304184
69.11164188304184
69.11164188304184
69.11164188304184
69.11164188304184
69.11164188304184
69.11164188304184
69.11164188304184
69.11164188304184
69.11164188304184
69.11164188304184
69.65097465135989
70.11325988134679
70.11325988134679
70.11325988134679
70.11325988134679
70.11325988134679
70.11325988134679
70.11325988134679
71.52579808408456
75.12134987287156
75.12134987287156
75.12134987287156
75.12134987287156
75.12134987287156
74.86452474510106
70.11325988134679
70.11325988134679
70.11325988134679
70.11325988134679
70.11325988134679
70.11325988134679
70.11325988134679
70.11325988134679
70.11325988134679
70.11325988134679
70.11325988134679
70.11325988134679
70.11325988134679
70.11325988134679
70.11325988134679
70.11325988134679
70.11325988134679
70.11325988134679
70.11325988134679
70.11325988134679
70.11325988134679
70.11325988134679
70.11325988134679
70.11325988134679
70.11325988134679
70.11325988134679
70.11325988134679
70.11325988134679
70.11325988134679
70.11325988134679
70.11325988134679
70.11325988134679
70.11325988134679
70.11325988134679
70.11325988134679
74.99293730898631
75.12134987287156
75.12134987287156
75.12134987287156
75.12134987287156
75.12134987287156
75.01861982176337
71.11487787965174
71.11487787965174
71.11487787965174
71.11487787965174
71.11487787965174
71.11487787965174
71.11487787965174
71.11487787965174
71.11487787965174
71.11487787965174
71.11487787965174
71.11487787965174
71.11487787965174
71.11487787965174
71.16624290520585
73.11811387626166
73.11811387626166
73.11811387626166
73.11811387626166
73.11811387626166
73.11811387626166
77.02185581837327
77.12458586948148
77.12458586948148
77.12458586948148
77.12458586948148
77.12458586948148
77.12458586948148
76.20001540950767
74.11973187456661
74.11973187456661
74.11973187456661
74.11973187456661
74.11973187456661
74.11973187456661
74.11973187456661
74.11973187456661
74.11973187456661
74.11973187456661
74.11973187456661
74.11973187456661
75.19839741120272
76.12296787117653
76.12296787117653
76.12296787117653
76.12296787117653
76.12296787117653
76.12296787117653
76.12296787117653
76.20001540950767
79.12782186609138
79.12782186609138
79.12782186609138
79.12782186609138
79.12782186609138
78.89667925109794
76.12296787117653
76.12296787117653
76.12296787117653
76.12296787117653
76.12296787117653
76.12296787117653
76.12296787117653
76.12296787117653
76.12296787117653
76.12296787117653
76.12296787117653
76.12296787117653
76.12296787117653
76.12296787117653
76.12296787117653
76.12296787117653
76.12296787117653
76.12296787117653
76.12296787117653
76.12296787117653
76.12296787117653
76.12296787117653
76.12296787117653
76.12296787117653
76.12296787117653
76.12296787117653
76.12296787117653
76.12296787117653
76.12296787117653
76.12296787117653
76.12296787117653
76.12296787117653
76.12296787117653
76.12296787117653
76.12296787117653
76.12296787117653
76.12296787117653
76.12296787117653
76.12296787117653
76.12296787117653
76.12296787117653
76.12296787117653
76.12296787117653
76.12296787117653
76.12296787117653
76.12296787117653
76.12296787117653
76.12296787117653
76.12296787117653
76.12296787117653
76.12296787117653
76.12296787117653
76.12296787117653
76.12296787117653
61.124380409379256
84.13591185761615
84.13591185761615
84.13591185761615
84.13591185761615
84.13591185761615
84.13591185761615
84.13591185761615
84.13591185761615
84.13591185761615
84.13591185761615
84.13591185761615
84.13591185761615
84.13591185761615
84.13591185761615
84.13591185761615
80.74582017104554
80.12943986439633
80.12943986439633
80.12943986439633
80.12943986439633
80.12943986439633
80.12943986439633
80.12943986439633
80.12943986439633
80.12943986439633
80.12943986439633
80.12943986439633
81.25947042658655
82.13267586100625
82.13267586100625
82.13267586100625
82.13267586100625
82.13267586100625
82.13267586100625
82.13267586100625
82.13267586100625
82.13267586100625
82.13267586100625
82.13267586100625
82.13267586100625
82.13267586100625
81.31083545214064
81.1310578627013
81.1310578627013
81.1310578627013
81.1310578627013
81.1310578627013
81.1310578627013
81.1310578627013
81.1310578627013
81.1310578627013
81.1310578627013
81.1310578627013
81.1310578627013
80.89991524770784
80.12943986439633
80.12943986439633
80.12943986439633
80.12943986439633
80.12943986439633
80.12943986439633
80.12943986439633
80.12943986439633
80.12943986439633
80.12943986439633
80.12943986439633
80.12943986439633
80.12943986439633
80.12943986439633
80.12943986439633
80.12943986439633
80.12943986439633
80.12943986439633
80.12943986439633
80.12943986439633
80.12943986439633
80.12943986439633
80.12943986439633
80.12943986439633
80.12943986439633
80.12943986439633
80.12943986439633
80.12943986439633
80.12943986439633
80.12943986439633
80.12943986439633
80.12943986439633
80.12943986439633
80.12943986439633
80.12943986439633
80.12943986439633
80.12943986439633
80.12943986439633
80.12943986439633
80.12943986439633
79.97534478773403
77.12458586948148
77.12458586948148
77.12458586948148
77.12458586948148
77.12458586948148
77.12458586948148
77.12458586948148
78.79394919998973
82.13267586100625
82.13267586100625
82.13267586100625
82.13267586100625
82.13267586100625
77.61255361224542
74.11973187456661
74.11973187456661
74.11973187456661
74.11973187456661
74.11973187456661
74.11973187456661
74.11973187456661
74.11973187456661
74.11973187456661
74.11973187456661
74.11973187456661
74.11973187456661
74.11973187456661
73.78585920846496
73.11811387626166
73.11811387626166
73.11811387626166
73.11811387626166
73.11811387626166
74.19677941289777
76.12296787117653
76.12296787117653
76.12296787117653
76.12296787117653
76.12296787117653
76.12296787117653
72.7328761846059
72.11649587795671
72.11649587795671
72.11649587795671
72.11649587795671
72.11649587795671
72.11649587795671
72.11649587795671
72.11649587795671
72.11649587795671
72.11649587795671
72.11649587795671
72.11649587795671
72.19354341628785
73.11811387626166
73.11811387626166
73.11811387626166
73.11811387626166
73.11811387626166
73.11811387626166
73.11811387626166
73.63176413180265
78.12620386778643
78.12620386778643
78.12620386778643
78.12620386778643
78.12620386778643
78.12620386778643
73.81154172124201
71.11487787965174
71.11487787965174
71.11487787965174
71.11487787965174
71.11487787965174
71.11487787965174
71.11487787965174
71.11487787965174
71.11487787965174
71.11487787965174
71.11487787965174
71.11487787965174
71.11487787965174
71.11487787965174
71.11487787965174
71.11487787965174
71.11487787965174
71.11487787965174
71.73125818630095
77.12458586948148
77.12458586948148
77.12458586948148
77.12458586948148
77.12458586948148
77.12458586948148
74.96725479620926
71.11487787965174
71.11487787965174
71.11487787965174
71.11487787965174
71.11487787965174
71.11487787965174
71.11487787965174
71.11487787965174
71.11487787965174
71.11487787965174
71.11487787965174
71.11487787965174
71.47443305853045
72.11649587795671
72.11649587795671
72.11649587795671
72.11649587795671
72.11649587795671
72.11649587795671
72.11649587795671
72.11649587795671
72.11649587795671
72.11649587795671
72.11649587795671
72.11649587795671
72.11649587795671
72.83560623571411
74.11973187456661
74.11973187456661
74.11973187456661
74.11973187456661
74.11973187456661
74.11973187456661
74.11973187456661
74.11973187456661
74.11973187456661
74.11973187456661
74.11973187456661
74.11973187456661
74.11973187456661
74.11973187456661
74.11973187456661
74.11973187456661
74.11973187456661
74.11973187456661
74.11973187456661
74.11973187456661
74.11973187456661
74.11973187456661
74.11973187456661
74.11973187456661
74.11973187456661
74.11973187456661
74.45360454066827
75.12134987287156
75.12134987287156
75.12134987287156
75.12134987287156
75.12134987287156
75.12134987287156
75.12134987287156
75.12134987287156
75.12134987287156
75.12134987287156
75.12134987287156
75.12134987287156
75.12134987287156
76.89344325448802
78.12620386778643
78.12620386778643
78.12620386778643
78.12620386778643
78.12620386778643
78.12620386778643
78.12620386778643
78.12620386778643
78.12620386778643
78.12620386778643
78.12620386778643
78.12620386778643
78.12620386778643
78.12620386778643
78.12620386778643
78.12620386778643
78.12620386778643
78.12620386778643
78.12620386778643
78.12620386778643
81.20810540103244
83.1342938593112
83.1342938593112
83.1342938593112
83.1342938593112
83.1342938593112
78.20325140611757
77.12458586948148
77.12458586948148
77.12458586948148
77.12458586948148
77.12458586948148
77.12458586948148
77.12458586948148
77.12458586948148
77.12458586948148
77.12458586948148
77.12458586948148
77.12458586948148
77.12458586948148
77.48414104836017
78.12620386778643
78.12620386778643
78.12620386778643
78.12620386778643
78.12620386778643
78.12620386778643
78.12620386778643
78.12620386778643
78.12620386778643
78.12620386778643
78.12620386778643
78.12620386778643
78.12620386778643
78.12620386778643
78.12620386778643
78.12620386778643
78.12620386778643
78.12620386778643
78.12620386778643
78.12620386778643
78.12620386778643
78.12620386778643
78.12620386778643
78.12620386778643
78.12620386778643
78.12620386778643
77.74096617613068
77.12458586948148
77.12458586948148
77.12458586948148
77.12458586948148
77.12458586948148
77.12458586948148
82.3638184759997
83.1342938593112
83.1342938593112
83.1342938593112
83.1342938593112
83.1342938593112
83.1342938593112
78.81963171276678
76.12296787117653
76.12296787117653
76.12296787117653
76.12296787117653
76.12296787117653
76.12296787117653
76.12296787117653
76.12296787117653
76.12296787117653
76.12296787117653
76.12296787117653
76.12296787117653
76.12296787117653
74.94157228343222
74.11973187456661
74.11973187456661
74.11973187456661
74.11973187456661
74.11973187456661
74.42792202789121
76.12296787117653
76.12296787117653
76.12296787117653
76.12296787117653
76.12296787117653
76.12296787117653
75.60931761563552
72.11649587795671
72.11649587795671
72.11649587795671
72.11649587795671
72.11649587795671
72.11649587795671
73.01538382515346
73.11811387626166
73.11811387626166
73.11811387626166
73.11811387626166
73.11811387626166
73.11811387626166
71.78262321185505
71.11487787965174
71.11487787965174
71.11487787965174
71.11487787965174
71.11487787965174
71.11487787965174
71.11487787965174
71.11487787965174
71.11487787965174
71.11487787965174
71.11487787965174
71.11487787965174
71.11487787965174
72.0137658268485
72.11649587795671
72.11649587795671
72.11649587795671
72.11649587795671
72.11649587795671
72.11649587795671
72.11649587795671
72.11649587795671
72.11649587795671
72.11649587795671
72.11649587795671
72.11649587795671
72.50173356961245
73.11811387626166
73.11811387626166
73.11811387626166
73.11811387626166
73.11811387626166
73.11811387626166
73.11811387626166
73.11811387626166
73.11811387626166
73.11811387626166
73.11811387626166
73.11811387626166
73.11811387626166
74.35087448956007
75.12134987287156
75.12134987287156
75.12134987287156
75.12134987287156
75.12134987287156
75.12134987287156
75.12134987287156
75.12134987287156
75.12134987287156
75.12134987287156
75.12134987287156
75.12134987287156
76.45684053727817
77.12458586948148
77.12458586948148
77.12458586948148
77.12458586948148
77.12458586948148
77.12458586948148
77.12458586948148
77.12458586948148
77.12458586948148
77.12458586948148
77.12458586948148
77.12458586948148
77.12458586948148
77.63823612502247
81.1310578627013
81.1310578627013
81.1310578627013
81.1310578627013
81.1310578627013
81.1310578627013
81.1310578627013
81.1310578627013
81.1310578627013
81.1310578627013
81.1310578627013
81.1310578627013
81.1310578627013
81.1310578627013
79.28191694275368
79.12782186609138
79.12782186609138
79.12782186609138
79.12782186609138
79.12782186609138
79.12782186609138
79.12782186609138
79.12782186609138
79.12782186609138
83.2370239104194
84.13591185761615
84.13591185761615
84.13591185761615
84.13591185761615
84.13591185761615
84.13591185761615
84.13591185761615
84.13591185761615
84.13591185761615
84.13591185761615
84.13591185761615
84.13591185761615
84.13591185761615
84.13591185761615
84.13591185761615
83.51953155096695
80.12943986439633
80.12943986439633
80.12943986439633
80.12943986439633
80.12943986439633
80.12943986439633
84.03318180650795
84.13591185761615
84.13591185761615
84.13591185761615
84.13591185761615
84.13591185761615
84.13591185761615
81.2851529393636
81.1310578627013
81.1310578627013
81.1310578627013
81.1310578627013
81.1310578627013
81.1310578627013
81.1310578627013
81.1310578627013
81.1310578627013
81.1310578627013
81.1310578627013
81.1310578627013
81.1310578627013
81.1310578627013
81.1310578627013
81.1310578627013
81.1310578627013
81.1310578627013
81.1310578627013
81.1310578627013
81.1310578627013
81.1310578627013
81.1310578627013
81.1310578627013
81.1310578627013
81.1310578627013
81.1310578627013
81.1310578627013
81.1310578627013
81.1310578627013
81.1310578627013
81.1310578627013
81.1310578627013
81.1310578627013
81.1310578627013
81.1310578627013
81.1310578627013
81.1310578627013
81.1310578627013
81.1310578627013
81.1310578627013
81.1310578627013
81.1310578627013
