88.20388110221988
88.20388110221988
88.20388110221988
88.20388110221988
88.20388110221988
88.20388110221988
88.20388110221988
88.20388110221988
88.20388110221988
88.20388110221988
88.20388110221988
88.20388110221988
89.33764932056064
91.21083159434102
91.21083159434102
91.21083159434102
91.21083159434102
91.21083159434102
91.21083159434102
91.21083159434102
91.21083159434102
92.64036543485761
94.21778208646215
94.21778208646215
94.21778208646215
94.21778208646215
94.21778208646215
94.21778208646215
94.21778208646215
94.21778208646215
94.77645048390542
96.22241574787624
96.22241574787624
96.22241574787624
96.22241574787624
96.22241574787624
96.22241574787624
96.22241574787624
96.22241574787624
96.22241574787624
97.86555809329762
101.23399990141145
101.23399990141145
101.23399990141145
101.23399990141145
101.23399990141145
101.23399990141145
101.23399990141145
101.23399990141145
101.23399990141145
101.23399990141145
101.23399990141145
101.23399990141145
101.23399990141145
101.23399990141145
101.23399990141145
101.23399990141145
101.23399990141145
101.23399990141145
101.23399990141145
101.23399990141145
101.23399990141145
101.23399990141145
101.23399990141145
101.23399990141145
101.23399990141145
101.23399990141145
99.45940616835637
99.22936623999736
99.22936623999736
99.22936623999736
99.22936623999736
99.22936623999736
99.22936623999736
99.22936623999736
99.22936623999736
99.22936623999736
99.22936623999736
99.22936623999736
99.22936623999736
99.22936623999736
99.22936623999736
99.22936623999736
99.22936623999736
99.22936623999736
99.22936623999736
99.22936623999736
99.22936623999736
99.22936623999736
99.22936623999736
99.22936623999736
99.22936623999736
99.22936623999736
99.22936623999736
98.99932631163837
98.22704940929033
98.22704940929033
98.22704940929033
98.22704940929033
98.22704940929033
98.22704940929033
98.22704940929033
98.22704940929033
98.22704940929033
96.94539837986164
96.22241574787624
96.22241574787624
96.22241574787624
96.22241574787624
96.22241574787624
96.22241574787624
96.22241574787624
96.22241574787624
96.45245567623523
98.22704940929033
98.22704940929033
98.22704940929033
98.22704940929033
98.22704940929033
98.22704940929033
98.22704940929033
98.22704940929033
97.70124385875548
96.22241574787624
96.22241574787624
96.22241574787624
96.22241574787624
96.22241574787624
96.22241574787624
96.22241574787624
96.22241574787624
96.22241574787624
95.31868745789447
95.2200989171692
95.2200989171692
95.2200989171692
95.2200989171692
95.2200989171692
95.2200989171692
95.2200989171692
95.2200989171692
97.38904681312542
99.22936623999736
99.22936623999736
99.22936623999736
99.22936623999736
99.22936623999736
99.22936623999736
99.22936623999736
99.22936623999736
99.04862058200102
98.22704940929033
98.22704940929033
98.22704940929033
98.22704940929033
98.22704940929033
98.22704940929033
98.22704940929033
98.22704940929033
96.32100428860151
94.21778208646215
94.21778208646215
94.21778208646215
94.21778208646215
94.21778208646215
94.21778208646215
94.21778208646215
94.21778208646215
94.21778208646215
96.68249560459422
97.22473257858329
97.22473257858329
97.22473257858329
97.22473257858329
97.22473257858329
97.22473257858329
97.22473257858329
97.22473257858329
97.22473257858329
97.22473257858329
97.22473257858329
97.22473257858329
97.22473257858329
97.22473257858329
97.22473257858329
97.22473257858329
97.22473257858329
93.52766230138516
92.21314842504806
92.21314842504806
92.21314842504806
92.21314842504806
92.21314842504806
92.21314842504806
92.21314842504806
92.21314842504806
93.28119094957196
97.22473257858329
97.22473257858329
97.22473257858329
97.22473257858329
97.22473257858329
97.22473257858329
97.22473257858329
97.22473257858329
97.0111240736785
96.22241574787624
96.22241574787624
96.22241574787624
96.22241574787624
96.22241574787624
96.22241574787624
96.22241574787624
96.22241574787624
96.76465272186529
99.22936623999736
99.22936623999736
99.22936623999736
99.22936623999736
99.22936623999736
99.22936623999736
99.22936623999736
99.22936623999736
99.22936623999736
99.22936623999736
99.22936623999736
99.22936623999736
99.22936623999736
99.22936623999736
99.22936623999736
99.22936623999736
99.22936623999736
99.36081762763108
100.2316830707044
100.2316830707044
100.2316830707044
100.2316830707044
100.2316830707044
100.2316830707044
100.2316830707044
100.2316830707044
100.2316830707044
100.2316830707044
100.2316830707044
100.2316830707044
100.2316830707044
100.2316830707044
100.2316830707044
100.2316830707044
100.2316830707044
100.2316830707044
100.2316830707044
100.2316830707044
100.2316830707044
100.2316830707044
100.2316830707044
100.2316830707044
100.2316830707044
100.2316830707044
99.88662317816592
99.22936623999736
99.22936623999736
99.22936623999736
99.22936623999736
99.22936623999736
99.22936623999736
99.22936623999736
99.22936623999736
99.32795478072265
100.2316830707044
100.2316830707044
100.2316830707044
100.2316830707044
100.2316830707044
100.2316830707044
100.2316830707044
100.2316830707044
100.2316830707044
100.2316830707044
100.2316830707044
100.2316830707044
100.2316830707044
100.2316830707044
100.2316830707044
100.2316830707044
100.2316830707044
100.2316830707044
100.2316830707044
100.2316830707044
100.2316830707044
100.2316830707044
100.2316830707044
100.2316830707044
100.2316830707044
100.2316830707044
100.9382342792356
101.23399990141145
101.23399990141145
101.23399990141145
101.23399990141145
101.23399990141145
101.23399990141145
101.23399990141145
101.23399990141145
100.39599730524655
100.2316830707044
100.2316830707044
100.2316830707044
100.2316830707044
100.2316830707044
100.2316830707044
100.2316830707044
100.2316830707044
100.2316830707044
100.2316830707044
100.2316830707044
100.2316830707044
100.2316830707044
100.2316830707044
100.2316830707044
100.2316830707044
99.80446606089485
99.22936623999736
99.22936623999736
99.22936623999736
99.22936623999736
99.22936623999736
99.22936623999736
99.22936623999736
99.22936623999736
98.14489229201925
97.22473257858329
97.22473257858329
97.22473257858329
97.22473257858329
97.22473257858329
97.22473257858329
97.22473257858329
97.22473257858329
98.93360061782153
99.22936623999736
99.22936623999736
99.22936623999736
99.22936623999736
99.22936623999736
99.22936623999736
99.22936623999736
99.22936623999736
96.81394699222794
96.22241574787624
96.22241574787624
96.22241574787624
96.22241574787624
96.22241574787624
96.22241574787624
96.22241574787624
97.86555809329762
100.2316830707044
100.2316830707044
100.2316830707044
100.2316830707044
100.2316830707044
100.2316830707044
100.2316830707044
100.2316830707044
101.10254851377775
101.23399990141145
101.23399990141145
101.23399990141145
101.23399990141145
101.23399990141145
101.23399990141145
101.23399990141145
100.95466570268982
100.2316830707044
100.2316830707044
100.2316830707044
100.2316830707044
100.2316830707044
100.2316830707044
100.2316830707044
100.2316830707044
100.83964573851033
101.23399990141145
101.23399990141145
101.23399990141145
101.23399990141145
101.23399990141145
101.23399990141145
101.23399990141145
101.23399990141145
101.23399990141145
101.23399990141145
101.23399990141145
101.23399990141145
101.23399990141145
101.23399990141145
101.23399990141145
101.23399990141145
101.23399990141145
101.23399990141145
101.23399990141145
101.23399990141145
101.23399990141145
101.23399990141145
101.23399990141145
101.23399990141145
101.23399990141145
102.76212228265334
104.24095039353259
104.24095039353259
104.24095039353259
104.24095039353259
104.24095039353259
104.24095039353259
104.24095039353259
104.24095039353259
104.24095039353259
104.24095039353259
104.24095039353259
104.24095039353259
104.24095039353259
104.24095039353259
104.24095039353259
104.24095039353259
103.4193792208219
102.2363167321185
102.2363167321185
102.2363167321185
102.2363167321185
102.2363167321185
102.2363167321185
102.2363167321185
102.2363167321185
104.24095039353259
104.24095039353259
104.24095039353259
104.24095039353259
104.24095039353259
104.24095039353259
104.24095039353259
104.24095039353259
103.28792783318819
102.2363167321185
102.2363167321185
102.2363167321185
102.2363167321185
102.2363167321185
102.2363167321185
102.2363167321185
102.2363167321185
102.2363167321185
102.2363167321185
102.2363167321185
102.2363167321185
102.2363167321185
102.2363167321185
102.2363167321185
102.2363167321185
102.2363167321185
102.2363167321185
102.2363167321185
102.2363167321185
102.2363167321185
102.2363167321185
102.2363167321185
102.2363167321185
101.34901986559095
99.22936623999736
99.22936623999736
99.22936623999736
99.22936623999736
99.22936623999736
99.22936623999736
99.22936623999736
99.22936623999736
99.22936623999736
101.20113705450302
101.23399990141145
101.23399990141145
101.23399990141145
101.23399990141145
101.23399990141145
101.23399990141145
101.23399990141145
102.74569085919913
103.23863356282554
103.23863356282554
103.23863356282554
103.23863356282554
103.23863356282554
103.23863356282554
103.23863356282554
103.23863356282554
103.23863356282554
103.23863356282554
103.23863356282554
103.23863356282554
103.23863356282554
103.23863356282554
103.23863356282554
103.23863356282554
104.22451897007838
105.24326722423963
105.24326722423963
105.24326722423963
105.24326722423963
105.24326722423963
105.24326722423963
105.24326722423963
104.65173597988793
102.2363167321185
102.2363167321185
102.2363167321185
102.2363167321185
102.2363167321185
102.2363167321185
102.2363167321185
102.2363167321185
103.68228199608932
104.24095039353259
104.24095039353259
104.24095039353259
104.24095039353259
104.24095039353259
104.24095039353259
104.24095039353259
104.24095039353259
104.24095039353259
104.24095039353259
104.24095039353259
104.24095039353259
104.24095039353259
104.24095039353259
104.24095039353259
104.24095039353259
102.99216221101234
102.2363167321185
102.2363167321185
102.2363167321185
102.2363167321185
102.2363167321185
102.2363167321185
102.2363167321185
102.2363167321185
102.2363167321185
102.2363167321185
102.2363167321185
102.2363167321185
102.2363167321185
102.2363167321185
102.2363167321185
102.2363167321185
102.2363167321185
102.2363167321185
102.2363167321185
102.2363167321185
102.2363167321185
102.2363167321185
102.2363167321185
102.2363167321185
102.63067089501963
105.24326722423963
105.24326722423963
105.24326722423963
105.24326722423963
105.24326722423963
105.24326722423963
105.24326722423963
105.24326722423963
103.76443911336038
103.23863356282554
103.23863356282554
103.23863356282554
103.23863356282554
103.23863356282554
103.23863356282554
103.23863356282554
103.1893392924629
102.2363167321185
102.2363167321185
102.2363167321185
102.2363167321185
102.2363167321185
102.2363167321185
102.2363167321185
102.2363167321185
103.22220213937133
104.24095039353259
104.24095039353259
104.24095039353259
104.24095039353259
104.24095039353259
104.24095039353259
104.24095039353259
104.24095039353259
104.24095039353259
104.24095039353259
104.24095039353259
104.24095039353259
104.24095039353259
104.24095039353259
104.24095039353259
104.24095039353259
103.83016480717724
103.23863356282554
103.23863356282554
103.23863356282554
103.23863356282554
103.23863356282554
103.23863356282554
103.23863356282554
103.17290786900868
99.22936623999736
99.22936623999736
99.22936623999736
99.22936623999736
99.22936623999736
99.22936623999736
99.22936623999736
99.22936623999736
99.22936623999736
100.8067828916019
101.23399990141145
101.23399990141145
101.23399990141145
101.23399990141145
101.23399990141145
101.23399990141145
101.23399990141145
102.81141655301599
103.23863356282554
103.23863356282554
103.23863356282554
103.23863356282554
103.23863356282554
103.23863356282554
103.23863356282554
102.77855370610756
101.23399990141145
101.23399990141145
101.23399990141145
101.23399990141145
101.23399990141145
101.23399990141145
101.23399990141145
101.23399990141145
101.23399990141145
101.23399990141145
101.23399990141145
101.23399990141145
101.23399990141145
101.23399990141145
101.23399990141145
101.23399990141145
99.52513186217321
97.22473257858329
97.22473257858329
97.22473257858329
97.22473257858329
97.22473257858329
97.22473257858329
97.22473257858329
97.22473257858329
98.99932631163837
100.2316830707044
100.2316830707044
100.2316830707044
100.2316830707044
100.2316830707044
100.2316830707044
100.2316830707044
100.42886015215498
101.23399990141145
101.23399990141145
101.23399990141145
101.23399990141145
101.23399990141145
101.23399990141145
101.23399990141145
101.23399990141145
101.33258844213674
102.2363167321185
102.2363167321185
102.2363167321185
102.2363167321185
102.2363167321185
102.2363167321185
102.2363167321185
102.2363167321185
102.84427939992442
103.23863356282554
103.23863356282554
103.23863356282554
103.23863356282554
103.23863356282554
103.23863356282554
103.23863356282554
103.23863356282554
104.52028459225423
106.24558405494668
106.24558405494668
106.24558405494668
106.24558405494668
106.24558405494668
106.24558405494668
106.24558405494668
106.22915263149247
105.24326722423963
105.24326722423963
105.24326722423963
105.24326722423963
105.24326722423963
105.24326722423963
105.24326722423963
105.24326722423963
105.24326722423963
105.24326722423963
105.24326722423963
105.24326722423963
105.24326722423963
105.24326722423963
105.24326722423963
105.24326722423963
105.24326722423963
105.24326722423963
105.24326722423963
105.24326722423963
105.24326722423963
105.24326722423963
105.24326722423963
105.24326722423963
105.24326722423963
105.16111010696856
104.24095039353259
104.24095039353259
104.24095039353259
104.24095039353259
104.24095039353259
104.24095039353259
104.24095039353259
104.24095039353259
103.38651637391347
103.23863356282554
103.23863356282554
103.23863356282554
103.23863356282554
103.23863356282554
103.23863356282554
103.23863356282554
103.23863356282554
103.23863356282554
103.23863356282554
103.23863356282554
103.23863356282554
103.23863356282554
103.23863356282554
103.23863356282554
103.23863356282554
103.23863356282554
103.23863356282554
103.23863356282554
103.23863356282554
103.23863356282554
103.23863356282554
103.23863356282554
103.23863356282554
103.23863356282554
101.43117698286203
101.23399990141145
101.23399990141145
101.23399990141145
101.23399990141145
101.23399990141145
101.23399990141145
101.23399990141145
101.5297655235873
103.23863356282554
103.23863356282554
103.23863356282554
103.23863356282554
103.23863356282554
103.23863356282554
103.23863356282554
103.23863356282554
101.9898453803053
101.23399990141145
101.23399990141145
101.23399990141145
101.23399990141145
101.23399990141145
101.23399990141145
101.23399990141145
101.46403982977046
102.2363167321185
102.2363167321185
102.2363167321185
102.2363167321185
102.2363167321185
102.2363167321185
102.2363167321185
102.2363167321185
102.5978080481112
103.23863356282554
103.23863356282554
103.23863356282554
103.23863356282554
103.23863356282554
103.23863356282554
103.23863356282554
103.23863356282554
102.54851377774857
102.2363167321185
102.2363167321185
102.2363167321185
102.2363167321185
102.2363167321185
102.2363167321185
102.2363167321185
102.46635666047749
104.24095039353259
104.24095039353259
104.24095039353259
104.24095039353259
104.24095039353259
104.24095039353259
104.24095039353259
104.24095039353259
104.99679587242643
106.24558405494668
106.24558405494668
106.24558405494668
106.24558405494668
106.24558405494668
106.24558405494668
106.24558405494668
106.24558405494668
105.37471861187335
105.24326722423963
105.24326722423963
105.24326722423963
105.24326722423963
105.24326722423963
105.24326722423963
105.24326722423963
105.24326722423963
105.24326722423963
105.24326722423963
105.24326722423963
105.24326722423963
105.24326722423963
105.24326722423963
105.24326722423963
105.24326722423963
105.24326722423963
105.24326722423963
105.24326722423963
105.24326722423963
105.24326722423963
105.24326722423963
105.24326722423963
105.24326722423963
105.24326722423963
105.24326722423963
105.24326722423963
105.24326722423963
105.24326722423963
105.24326722423963
105.24326722423963
105.24326722423963
105.24326722423963
105.44044430569019
106.24558405494668
106.24558405494668
106.24558405494668
106.24558405494668
106.24558405494668
106.24558405494668
106.24558405494668
106.24558405494668
106.40989828948882
107.24790088565372
107.24790088565372
107.24790088565372
107.24790088565372
107.24790088565372
107.24790088565372
107.24790088565372
107.37935227328744
109.25253454706781
109.25253454706781
109.25253454706781
109.25253454706781
109.25253454706781
109.25253454706781
109.25253454706781
109.25253454706781
109.25253454706781
109.25253454706781
109.25253454706781
109.25253454706781
109.25253454706781
109.25253454706781
109.25253454706781
109.25253454706781
109.25253454706781
108.39810052744869
108.25021771636077
108.25021771636077
108.25021771636077
108.25021771636077
108.25021771636077
108.25021771636077
108.25021771636077
107.77370643618856
107.24790088565372
107.24790088565372
107.24790088565372
107.24790088565372
107.24790088565372
107.24790088565372
107.24790088565372
107.24790088565372
105.47330715259862
104.24095039353259
104.24095039353259
104.24095039353259
104.24095039353259
104.24095039353259
104.24095039353259
104.24095039353259
104.25738181698681
105.24326722423963
105.24326722423963
105.24326722423963
105.24326722423963
105.24326722423963
105.24326722423963
105.24326722423963
105.24326722423963
106.55778110057673
107.24790088565372
107.24790088565372
107.24790088565372
107.24790088565372
107.24790088565372
107.24790088565372
107.24790088565372
107.24790088565372
106.44276113639724
106.24558405494668
106.24558405494668
106.24558405494668
106.24558405494668
106.24558405494668
106.24558405494668
106.24558405494668
106.24558405494668
106.24558405494668
106.24558405494668
106.24558405494668
106.24558405494668
106.24558405494668
106.24558405494668
106.24558405494668
106.24558405494668
106.47562398330567
107.24790088565372
107.24790088565372
107.24790088565372
107.24790088565372
107.24790088565372
107.24790088565372
107.24790088565372
107.24790088565372
106.42632971294303
106.24558405494668
106.24558405494668
106.24558405494668
106.24558405494668
106.24558405494668
