80.31667718432676
80.31667718432676
80.31667718432676
80.31667718432676
80.31667718432676
80.31667718432676
80.31667718432676
80.31667718432676
78.99718891629854
78.3087602547186
78.3087602547186
78.3087602547186
78.3087602547186
78.3087602547186
78.3087602547186
78.3087602547186
78.3087602547186
78.3087602547186
78.3087602547186
78.3087602547186
78.3087602547186
78.3087602547186
78.3087602547186
80.28799265676093
81.32063564913085
81.32063564913085
81.32063564913085
81.32063564913085
81.32063564913085
81.32063564913085
81.32063564913085
81.32063564913085
81.32063564913085
81.32063564913085
81.32063564913085
81.32063564913085
81.32063564913085
81.32063564913085
81.32063564913085
80.17325454649762
76.30084332511043
76.30084332511043
76.30084332511043
76.30084332511043
76.30084332511043
76.30084332511043
76.30084332511043
76.30084332511043
76.30084332511043
76.30084332511043
76.30084332511043
76.30084332511043
76.30084332511043
76.30084332511043
76.30084332511043
78.25139119958693
78.3087602547186
78.3087602547186
78.3087602547186
78.3087602547186
78.3087602547186
78.3087602547186
78.3087602547186
78.3087602547186
78.3087602547186
78.3087602547186
78.3087602547186
78.3087602547186
78.3087602547186
78.3087602547186
78.3087602547186
78.3087602547186
78.3087602547186
78.3087602547186
78.3087602547186
78.3087602547186
78.3087602547186
78.3087602547186
78.3087602547186
78.3087602547186
78.3087602547186
78.3087602547186
78.3087602547186
78.3087602547186
78.3087602547186
76.75979576616373
75.29688486030635
75.29688486030635
75.29688486030635
75.29688486030635
75.29688486030635
75.29688486030635
75.29688486030635
75.29688486030635
75.29688486030635
75.29688486030635
75.29688486030635
75.29688486030635
75.29688486030635
75.29688486030635
75.58373013596466
77.30480178991452
77.30480178991452
77.30480178991452
77.30480178991452
77.30480178991452
77.30480178991452
77.30480178991452
77.30480178991452
77.30480178991452
77.30480178991452
77.30480178991452
77.30480178991452
77.30480178991452
77.30480178991452
77.30480178991452
76.75979576616373
76.30084332511043
76.30084332511043
76.30084332511043
76.30084332511043
76.30084332511043
76.30084332511043
76.30084332511043
76.30084332511043
76.30084332511043
76.30084332511043
76.30084332511043
76.30084332511043
76.30084332511043
76.30084332511043
76.30084332511043
76.73111123859789
77.30480178991452
77.30480178991452
77.30480178991452
77.30480178991452
77.30480178991452
77.30480178991452
77.30480178991452
77.30480178991452
77.30480178991452
77.30480178991452
77.30480178991452
77.30480178991452
77.30480178991452
77.30480178991452
77.30480178991452
78.2227066720211
78.3087602547186
78.3087602547186
78.3087602547186
78.3087602547186
78.3087602547186
78.3087602547186
78.3087602547186
78.3087602547186
78.3087602547186
78.3087602547186
78.3087602547186
78.3087602547186
78.3087602547186
78.3087602547186
78.3087602547186
78.88245080603522
79.31271871952268
79.31271871952268
79.31271871952268
79.31271871952268
79.31271871952268
79.31271871952268
79.31271871952268
79.31271871952268
79.31271871952268
79.31271871952268
79.31271871952268
79.31271871952268
79.31271871952268
79.31271871952268
79.31271871952268
80.74694509781423
81.32063564913085
81.32063564913085
81.32063564913085
81.32063564913085
81.32063564913085
81.32063564913085
81.32063564913085
81.32063564913085
81.32063564913085
81.32063564913085
81.32063564913085
81.32063564913085
81.32063564913085
81.32063564913085
81.32063564913085
81.32063564913085
81.32063564913085
81.32063564913085
81.32063564913085
81.32063564913085
81.32063564913085
81.32063564913085
81.32063564913085
81.32063564913085
81.32063564913085
81.32063564913085
81.32063564913085
81.32063564913085
81.32063564913085
81.32063564913085
80.97642131834088
80.31667718432676
80.31667718432676
80.31667718432676
80.31667718432676
80.31667718432676
80.31667718432676
80.31667718432676
80.31667718432676
80.31667718432676
80.31667718432676
80.31667718432676
80.31667718432676
80.31667718432676
80.31667718432676
80.31667718432676
80.31667718432676
79.62824852274683
79.31271871952268
79.31271871952268
79.31271871952268
79.31271871952268
79.31271871952268
79.31271871952268
79.31271871952268
79.31271871952268
79.31271871952268
79.31271871952268
79.31271871952268
79.31271871952268
79.31271871952268
79.31271871952268
79.31271871952268
80.08720096380013
80.31667718432676
80.31667718432676
80.31667718432676
80.31667718432676
80.31667718432676
80.31667718432676
80.31667718432676
80.31667718432676
80.31667718432676
80.31667718432676
80.31667718432676
80.31667718432676
80.31667718432676
80.31667718432676
80.31667718432676
80.31667718432676
80.31667718432676
80.31667718432676
80.31667718432676
80.31667718432676
80.31667718432676
80.31667718432676
80.31667718432676
80.31667718432676
80.31667718432676
80.31667718432676
80.31667718432676
80.31667718432676
80.31667718432676
80.31667718432676
80.31667718432676
81.57879639722333
82.32459411393494
82.32459411393494
82.32459411393494
82.32459411393494
82.32459411393494
82.32459411393494
82.32459411393494
82.32459411393494
82.32459411393494
82.32459411393494
82.32459411393494
82.32459411393494
82.32459411393494
82.32459411393494
82.32459411393494
80.08720096380013
76.30084332511043
76.30084332511043
76.30084332511043
76.30084332511043
76.30084332511043
76.30084332511043
76.30084332511043
76.30084332511043
76.30084332511043
76.30084332511043
76.30084332511043
76.30084332511043
76.30084332511043
76.30084332511043
76.30084332511043
76.73111123859789
79.31271871952268
79.31271871952268
79.31271871952268
79.31271871952268
79.31271871952268
79.31271871952268
79.31271871952268
79.31271871952268
79.31271871952268
79.31271871952268
79.31271871952268
79.31271871952268
79.31271871952268
79.31271871952268
79.31271871952268
79.02587344386437
78.3087602547186
78.3087602547186
78.3087602547186
78.3087602547186
78.3087602547186
78.3087602547186
78.3087602547186
78.3087602547186
78.3087602547186
78.3087602547186
78.3087602547186
78.3087602547186
78.3087602547186
78.3087602547186
78.3087602547186
78.3087602547186
78.3087602547186
78.3087602547186
78.3087602547186
78.3087602547186
78.3087602547186
78.3087602547186
78.3087602547186
78.3087602547186
78.3087602547186
78.3087602547186
78.3087602547186
78.3087602547186
78.3087602547186
78.3087602547186
78.3087602547186
78.36612930985027
80.31667718432676
80.31667718432676
80.31667718432676
80.31667718432676
80.31667718432676
80.31667718432676
80.31667718432676
80.31667718432676
80.31667718432676
80.31667718432676
80.31667718432676
80.31667718432676
80.31667718432676
80.31667718432676
80.31667718432676
80.31667718432676
80.31667718432676
80.31667718432676
80.31667718432676
80.31667718432676
80.31667718432676
80.31667718432676
80.31667718432676
80.31667718432676
80.31667718432676
80.31667718432676
80.31667718432676
80.31667718432676
80.31667718432676
80.31667718432676
80.31667718432676
80.4314152945901
81.32063564913085
81.32063564913085
81.32063564913085
81.32063564913085
81.32063564913085
81.32063564913085
81.32063564913085
81.32063564913085
81.32063564913085
81.32063564913085
81.32063564913085
81.32063564913085
81.32063564913085
81.32063564913085
81.32063564913085
81.32063564913085
82.18117147610579
83.32855257873902
83.32855257873902
83.32855257873902
83.32855257873902
83.32855257873902
83.32855257873902
83.32855257873902
83.32855257873902
83.32855257873902
83.32855257873902
83.32855257873902
83.32855257873902
83.32855257873902
83.32855257873902
83.32855257873902
83.38592163387068
84.33251104354311
84.33251104354311
84.33251104354311
84.33251104354311
84.33251104354311
84.33251104354311
84.33251104354311
84.33251104354311
84.33251104354311
84.33251104354311
84.33251104354311
84.33251104354311
84.33251104354311
84.33251104354311
84.33251104354311
84.84883253972806
85.3364695083472
85.3364695083472
85.3364695083472
85.3364695083472
85.3364695083472
85.3364695083472
85.3364695083472
85.3364695083472
85.3364695083472
85.3364695083472
85.3364695083472
85.3364695083472
85.3364695083472
85.3364695083472
85.3364695083472
84.70540990189892
84.33251104354311
84.33251104354311
84.33251104354311
84.33251104354311
84.33251104354311
84.33251104354311
84.33251104354311
84.33251104354311
84.33251104354311
84.33251104354311
84.33251104354311
84.33251104354311
84.33251104354311
84.33251104354311
84.33251104354311
84.0456657678848
83.32855257873902
83.32855257873902
83.32855257873902
83.32855257873902
83.32855257873902
83.32855257873902
83.32855257873902
83.32855257873902
83.32855257873902
83.32855257873902
83.32855257873902
83.32855257873902
83.32855257873902
83.32855257873902
83.32855257873902
83.84487407492398
84.33251104354311
84.33251104354311
84.33251104354311
84.33251104354311
84.33251104354311
84.33251104354311
84.33251104354311
84.33251104354311
84.33251104354311
84.33251104354311
84.33251104354311
84.33251104354311
84.33251104354311
84.33251104354311
84.33251104354311
86.22568986288795
86.34042797315128
86.34042797315128
86.34042797315128
86.34042797315128
86.34042797315128
86.34042797315128
86.34042797315128
86.34042797315128
86.34042797315128
86.34042797315128
86.34042797315128
86.34042797315128
86.34042797315128
86.34042797315128
86.34042797315128
85.82410647696632
84.33251104354311
84.33251104354311
84.33251104354311
84.33251104354311
84.33251104354311
84.33251104354311
84.33251104354311
84.33251104354311
84.33251104354311
84.33251104354311
84.33251104354311
84.33251104354311
84.33251104354311
84.33251104354311
84.33251104354311
85.07830876025471
85.3364695083472
85.3364695083472
85.3364695083472
85.3364695083472
85.3364695083472
85.3364695083472
85.3364695083472
85.3364695083472
85.3364695083472
85.3364695083472
85.3364695083472
85.3364695083472
85.3364695083472
85.3364695083472
85.3364695083472
84.53330273650393
84.33251104354311
84.33251104354311
84.33251104354311
84.33251104354311
84.33251104354311
84.33251104354311
84.33251104354311
84.33251104354311
84.33251104354311
84.33251104354311
84.33251104354311
84.33251104354311
84.33251104354311
84.33251104354311
84.33251104354311
84.33251104354311
84.33251104354311
84.33251104354311
84.33251104354311
84.33251104354311
84.33251104354311
84.33251104354311
84.33251104354311
84.33251104354311
84.33251104354311
84.33251104354311
84.33251104354311
84.33251104354311
84.33251104354311
84.33251104354311
84.33251104354311
84.33251104354311
84.33251104354311
84.33251104354311
84.33251104354311
84.33251104354311
84.33251104354311
84.33251104354311
84.33251104354311
84.33251104354311
84.33251104354311
84.33251104354311
84.33251104354311
84.33251104354311
84.33251104354311
84.53330273650393
85.3364695083472
85.3364695083472
85.3364695083472
85.3364695083472
85.3364695083472
85.3364695083472
85.3364695083472
85.3364695083472
85.3364695083472
85.3364695083472
85.3364695083472
85.3364695083472
85.3364695083472
85.3364695083472
85.3364695083472
84.13171935058229
82.32459411393494
82.32459411393494
82.32459411393494
82.32459411393494
82.32459411393494
82.32459411393494
82.32459411393494
82.32459411393494
82.32459411393494
82.32459411393494
82.32459411393494
82.32459411393494
82.32459411393494
82.32459411393494
82.32459411393494
82.61143938959324
83.32855257873902
83.32855257873902
83.32855257873902
83.32855257873902
83.32855257873902
83.32855257873902
83.32855257873902
83.32855257873902
83.32855257873902
83.32855257873902
83.32855257873902
83.32855257873902
83.32855257873902
83.32855257873902
83.64408238196316
84.33251104354311
84.33251104354311
84.33251104354311
84.33251104354311
84.33251104354311
84.33251104354311
84.33251104354311
84.33251104354311
84.33251104354311
84.33251104354311
84.33251104354311
84.33251104354311
84.33251104354311
84.33251104354311
84.33251104354311
83.47197521656818
82.32459411393494
82.32459411393494
82.32459411393494
82.32459411393494
82.32459411393494
82.32459411393494
82.32459411393494
82.32459411393494
82.32459411393494
82.32459411393494
82.32459411393494
82.32459411393494
82.32459411393494
82.32459411393494
82.32459411393494
83.52934427169984
84.33251104354311
84.33251104354311
84.33251104354311
84.33251104354311
84.33251104354311
84.33251104354311
84.33251104354311
84.33251104354311
84.33251104354311
84.33251104354311
84.33251104354311
84.33251104354311
84.33251104354311
84.33251104354311
84.33251104354311
84.33251104354311
84.33251104354311
84.33251104354311
84.33251104354311
84.33251104354311
84.33251104354311
84.33251104354311
84.33251104354311
84.33251104354311
84.33251104354311
84.33251104354311
84.33251104354311
84.33251104354311
84.33251104354311
84.33251104354311
84.33251104354311
82.43933222419827
82.32459411393494
82.32459411393494
82.32459411393494
82.32459411393494
82.32459411393494
82.32459411393494
82.32459411393494
82.32459411393494
82.32459411393494
82.32459411393494
82.32459411393494
82.32459411393494
82.32459411393494
82.32459411393494
82.32459411393494
82.32459411393494
82.32459411393494
82.32459411393494
82.32459411393494
82.32459411393494
82.32459411393494
82.32459411393494
82.32459411393494
82.32459411393494
82.32459411393494
82.32459411393494
82.32459411393494
82.32459411393494
82.32459411393494
81.60748092478916
81.32063564913085
81.32063564913085
81.32063564913085
81.32063564913085
81.32063564913085
81.32063564913085
81.32063564913085
81.32063564913085
81.32063564913085
81.32063564913085
81.32063564913085
81.32063564913085
81.32063564913085
81.32063564913085
81.32063564913085
81.32063564913085
81.32063564913085
81.32063564913085
81.32063564913085
81.32063564913085
81.32063564913085
81.32063564913085
81.32063564913085
81.32063564913085
81.32063564913085
81.32063564913085
81.32063564913085
81.32063564913085
81.32063564913085
80.91905226320922
80.31667718432676
80.31667718432676
80.31667718432676
80.31667718432676
80.31667718432676
80.31667718432676
80.31667718432676
80.31667718432676
80.31667718432676
80.31667718432676
80.31667718432676
80.31667718432676
80.31667718432676
80.31667718432676
80.74694509781423
83.32855257873902
83.32855257873902
83.32855257873902
83.32855257873902
83.32855257873902
83.32855257873902
83.32855257873902
83.32855257873902
83.32855257873902
83.32855257873902
83.32855257873902
83.32855257873902
83.32855257873902
83.32855257873902
83.32855257873902
83.81618954735815
84.33251104354311
84.33251104354311
84.33251104354311
84.33251104354311
84.33251104354311
84.33251104354311
84.33251104354311
84.33251104354311
84.33251104354311
84.33251104354311
84.33251104354311
84.33251104354311
84.33251104354311
84.33251104354311
84.33251104354311
85.93884458722964
86.34042797315128
86.34042797315128
86.34042797315128
86.34042797315128
86.34042797315128
86.34042797315128
86.34042797315128
86.34042797315128
86.34042797315128
86.34042797315128
86.34042797315128
86.34042797315128
86.34042797315128
86.34042797315128
85.93884458722964
85.3364695083472
85.3364695083472
85.3364695083472
85.3364695083472
85.3364695083472
85.3364695083472
85.3364695083472
85.3364695083472
85.3364695083472
85.3364695083472
85.3364695083472
85.3364695083472
85.3364695083472
85.3364695083472
85.3364695083472
85.3364695083472
85.3364695083472
85.3364695083472
85.3364695083472
85.3364695083472
85.3364695083472
85.3364695083472
85.3364695083472
85.3364695083472
85.3364695083472
85.3364695083472
85.3364695083472
85.3364695083472
85.3364695083472
85.3364695083472
85.3364695083472
85.3364695083472
85.3364695083472
85.3364695083472
85.3364695083472
85.3364695083472
85.3364695083472
85.3364695083472
85.3364695083472
85.3364695083472
85.3364695083472
85.3364695083472
85.3364695083472
85.3364695083472
85.3364695083472
85.27910045321553
84.33251104354311
84.33251104354311
84.33251104354311
84.33251104354311
84.33251104354311
84.33251104354311
84.33251104354311
84.33251104354311
84.33251104354311
84.33251104354311
84.33251104354311
84.33251104354311
84.33251104354311
84.33251104354311
84.33251104354311
84.07435029545063
83.32855257873902
83.32855257873902
83.32855257873902
83.32855257873902
83.32855257873902
83.32855257873902
83.32855257873902
83.32855257873902
83.32855257873902
83.32855257873902
83.32855257873902
83.32855257873902
83.32855257873902
83.32855257873902
83.32855257873902
84.07435029545063
84.33251104354311
84.33251104354311
84.33251104354311
84.33251104354311
84.33251104354311
84.33251104354311
84.33251104354311
84.33251104354311
84.33251104354311
84.33251104354311
84.33251104354311
84.33251104354311
84.33251104354311
84.33251104354311
84.0456657678848
82.32459411393494
82.32459411393494
82.32459411393494
82.32459411393494
82.32459411393494
82.32459411393494
82.32459411393494
82.32459411393494
82.32459411393494
82.32459411393494
82.32459411393494
82.32459411393494
82.32459411393494
82.32459411393494
82.32459411393494
83.27118352360736
83.32855257873902
83.32855257873902
83.32855257873902
83.32855257873902
83.32855257873902
83.32855257873902
83.32855257873902
83.32855257873902
83.32855257873902
83.32855257873902
83.32855257873902
83.32855257873902
83.32855257873902
83.32855257873902
83.09907635821237
79.31271871952268
79.31271871952268
79.31271871952268
79.31271871952268
79.31271871952268
79.31271871952268
79.31271871952268
79.31271871952268
79.31271871952268
79.31271871952268
79.31271871952268
79.31271871952268
79.31271871952268
79.31271871952268
79.48482588491767
