66.21727067799549
66.21727067799549
66.21727067799549
66.21727067799549
66.21727067799549
66.21727067799549
66.21727067799549
66.21727067799549
65.13351829374024
64.17981619559562
64.17981619559562
64.17981619559562
64.17981619559562
64.17981619559562
64.17981619559562
64.17981619559562
64.17981619559562
64.17981619559562
64.17981619559562
64.17981619559562
64.17981619559562
64.17981619559562
64.17981619559562
64.17981619559562
64.17981619559562
64.17981619559562
64.17981619559562
64.17981619559562
64.17981619559562
64.17981619559562
64.17981619559562
64.17981619559562
64.17981619559562
64.17981619559562
64.17981619559562
64.17981619559562
64.17981619559562
66.21727067799549
66.21727067799549
66.21727067799549
66.21727067799549
66.21727067799549
66.21727067799549
66.21727067799549
66.21727067799549
66.21727067799549
66.21727067799549
66.21727067799549
66.21727067799549
66.21727067799549
66.21727067799549
68.10299982659961
69.27345240159528
69.27345240159528
69.27345240159528
69.27345240159528
69.27345240159528
69.27345240159528
69.27345240159528
69.27345240159528
69.27345240159528
69.27345240159528
69.27345240159528
69.27345240159528
69.27345240159528
69.53355297381654
70.2921796427952
70.2921796427952
70.2921796427952
70.2921796427952
70.2921796427952
70.2921796427952
70.2921796427952
70.2921796427952
70.2921796427952
70.2921796427952
70.2921796427952
70.2921796427952
70.2921796427952
70.2921796427952
71.20253164556962
71.31090688399514
71.31090688399514
71.31090688399514
71.31090688399514
71.31090688399514
71.31090688399514
71.31090688399514
71.31090688399514
71.31090688399514
71.31090688399514
71.31090688399514
71.31090688399514
71.31090688399514
71.31090688399514
71.31090688399514
71.31090688399514
71.31090688399514
71.31090688399514
71.31090688399514
71.31090688399514
71.31090688399514
71.31090688399514
71.31090688399514
71.31090688399514
71.31090688399514
71.31090688399514
71.31090688399514
71.31090688399514
71.31090688399514
71.31090688399514
71.31090688399514
71.31090688399514
71.31090688399514
71.31090688399514
71.31090688399514
71.31090688399514
71.31090688399514
71.31090688399514
71.31090688399514
71.31090688399514
71.31090688399514
71.31090688399514
71.31090688399514
71.31090688399514
71.31090688399514
71.31090688399514
71.31090688399514
71.31090688399514
71.31090688399514
71.31090688399514
71.31090688399514
71.31090688399514
71.31090688399514
71.31090688399514
71.31090688399514
71.31090688399514
71.31090688399514
70.31385469048031
70.2921796427952
70.2921796427952
70.2921796427952
70.2921796427952
70.2921796427952
70.2921796427952
70.2921796427952
70.2921796427952
70.2921796427952
70.2921796427952
70.2921796427952
70.2921796427952
70.2921796427952
68.81827640020808
68.25472516039535
68.25472516039535
68.25472516039535
68.25472516039535
68.25472516039535
68.25472516039535
68.25472516039535
68.25472516039535
68.25472516039535
68.25472516039535
68.25472516039535
68.25472516039535
68.25472516039535
68.25472516039535
68.25472516039535
68.25472516039535
68.25472516039535
68.25472516039535
68.25472516039535
68.25472516039535
68.25472516039535
68.25472516039535
68.25472516039535
68.25472516039535
68.25472516039535
68.25472516039535
68.25472516039535
68.25472516039535
67.79954915900815
67.23599791919541
67.23599791919541
67.23599791919541
67.23599791919541
67.23599791919541
67.23599791919541
67.23599791919541
67.23599791919541
67.23599791919541
67.23599791919541
67.23599791919541
67.23599791919541
67.23599791919541
67.23599791919541
67.23599791919541
67.23599791919541
67.23599791919541
67.23599791919541
67.23599791919541
67.23599791919541
67.23599791919541
67.23599791919541
67.23599791919541
67.23599791919541
67.23599791919541
67.23599791919541
67.23599791919541
67.23599791919541
67.23599791919541
67.23599791919541
67.23599791919541
67.23599791919541
67.23599791919541
67.23599791919541
67.23599791919541
67.23599791919541
67.23599791919541
67.23599791919541
67.23599791919541
67.23599791919541
67.23599791919541
67.23599791919541
67.23599791919541
67.23599791919541
67.23599791919541
67.23599791919541
67.23599791919541
67.23599791919541
67.23599791919541
67.23599791919541
67.23599791919541
67.23599791919541
67.23599791919541
67.23599791919541
67.23599791919541
67.23599791919541
67.23599791919541
67.23599791919541
66.49904629790186
66.21727067799549
66.21727067799549
66.21727067799549
66.21727067799549
66.21727067799549
66.21727067799549
66.21727067799549
66.21727067799549
66.21727067799549
66.21727067799549
66.21727067799549
66.21727067799549
66.21727067799549
66.21727067799549
67.149297728455
67.23599791919541
67.23599791919541
67.23599791919541
67.23599791919541
67.23599791919541
67.23599791919541
67.23599791919541
67.23599791919541
67.23599791919541
67.23599791919541
67.23599791919541
67.23599791919541
67.23599791919541
67.58279868215709
68.25472516039535
68.25472516039535
68.25472516039535
68.25472516039535
68.25472516039535
68.25472516039535
68.25472516039535
68.25472516039535
68.25472516039535
68.25472516039535
68.25472516039535
68.25472516039535
68.25472516039535
68.25472516039535
68.60152592335703
69.27345240159528
69.27345240159528
69.27345240159528
69.27345240159528
69.27345240159528
69.27345240159528
69.27345240159528
69.27345240159528
69.27345240159528
69.27345240159528
69.27345240159528
69.27345240159528
69.27345240159528
69.27345240159528
69.27345240159528
69.27345240159528
69.27345240159528
69.27345240159528
69.27345240159528
69.27345240159528
69.27345240159528
69.27345240159528
69.27345240159528
69.27345240159528
69.27345240159528
69.27345240159528
69.27345240159528
69.27345240159528
69.27345240159528
69.27345240159528
69.27345240159528
69.27345240159528
69.27345240159528
69.27345240159528
69.27345240159528
69.27345240159528
69.27345240159528
69.27345240159528
69.27345240159528
69.27345240159528
69.27345240159528
69.27345240159528
69.27345240159528
69.837003641408
70.2921796427952
70.2921796427952
70.2921796427952
70.2921796427952
70.2921796427952
70.2921796427952
70.2921796427952
70.2921796427952
70.2921796427952
70.2921796427952
70.2921796427952
70.2921796427952
70.2921796427952
70.2921796427952
71.11583145482919
71.31090688399514
71.31090688399514
71.31090688399514
71.31090688399514
71.31090688399514
71.31090688399514
71.31090688399514
71.31090688399514
71.31090688399514
71.31090688399514
71.31090688399514
71.31090688399514
71.31090688399514
71.31090688399514
70.2921796427952
70.2921796427952
70.2921796427952
70.2921796427952
70.2921796427952
70.2921796427952
70.2921796427952
70.2921796427952
70.2921796427952
70.2921796427952
70.2921796427952
70.2921796427952
70.2921796427952
70.2921796427952
70.2921796427952
70.2921796427952
70.2921796427952
70.2921796427952
70.2921796427952
70.2921796427952
70.2921796427952
70.2921796427952
70.2921796427952
70.2921796427952
70.2921796427952
70.2921796427952
70.2921796427952
70.2921796427952
70.2921796427952
70.2921796427952
71.5493324085313
72.32963412519507
72.32963412519507
72.32963412519507
72.32963412519507
72.32963412519507
72.32963412519507
72.32963412519507
72.32963412519507
72.32963412519507
72.32963412519507
72.32963412519507
72.32963412519507
72.32963412519507
71.85278307612276
70.2921796427952
70.2921796427952
70.2921796427952
70.2921796427952
70.2921796427952
70.2921796427952
70.2921796427952
70.2921796427952
70.2921796427952
70.2921796427952
70.2921796427952
70.2921796427952
70.2921796427952
70.2921796427952
70.20547945205479
68.25472516039535
68.25472516039535
68.25472516039535
68.25472516039535
68.25472516039535
68.25472516039535
68.25472516039535
68.25472516039535
68.25472516039535
68.25472516039535
68.25472516039535
68.25472516039535
68.25472516039535
68.25472516039535
67.58279868215709
67.23599791919541
67.23599791919541
67.23599791919541
67.23599791919541
67.23599791919541
67.23599791919541
67.23599791919541
67.23599791919541
67.23599791919541
67.23599791919541
67.23599791919541
67.23599791919541
67.23599791919541
67.23599791919541
67.23599791919541
67.23599791919541
67.23599791919541
67.23599791919541
67.23599791919541
67.23599791919541
67.23599791919541
67.23599791919541
67.23599791919541
67.23599791919541
67.23599791919541
67.23599791919541
67.23599791919541
67.23599791919541
67.23599791919541
66.36899601179122
66.21727067799549
66.21727067799549
66.21727067799549
66.21727067799549
66.21727067799549
66.21727067799549
66.21727067799549
66.21727067799549
66.21727067799549
66.21727067799549
66.21727067799549
66.21727067799549
66.21727067799549
65.93549505808912
65.19854343679556
65.19854343679556
65.19854343679556
65.19854343679556
65.19854343679556
65.19854343679556
65.19854343679556
65.19854343679556
65.19854343679556
65.19854343679556
65.19854343679556
65.19854343679556
65.19854343679556
65.19854343679556
65.19854343679556
65.19854343679556
65.19854343679556
65.19854343679556
65.19854343679556
65.19854343679556
65.19854343679556
65.19854343679556
65.19854343679556
65.19854343679556
65.19854343679556
65.19854343679556
65.19854343679556
65.19854343679556
65.19854343679556
65.30691867522108
66.21727067799549
66.21727067799549
66.21727067799549
66.21727067799549
66.21727067799549
66.21727067799549
66.21727067799549
66.21727067799549
66.21727067799549
66.21727067799549
66.21727067799549
66.21727067799549
66.21727067799549
66.21727067799549
66.21727067799549
66.21727067799549
66.21727067799549
66.21727067799549
66.21727067799549
66.21727067799549
66.21727067799549
66.21727067799549
66.21727067799549
66.21727067799549
66.21727067799549
66.21727067799549
66.21727067799549
66.21727067799549
66.21727067799549
66.21727067799549
66.21727067799549
66.21727067799549
66.21727067799549
66.21727067799549
66.21727067799549
66.21727067799549
66.21727067799549
66.21727067799549
66.21727067799549
66.21727067799549
66.21727067799549
66.21727067799549
66.21727067799549
66.21727067799549
66.3039708687359
67.23599791919541
67.23599791919541
67.23599791919541
67.23599791919541
67.23599791919541
67.23599791919541
67.23599791919541
67.23599791919541
67.23599791919541
67.23599791919541
67.23599791919541
67.23599791919541
67.23599791919541
67.23599791919541
67.58279868215709
68.25472516039535
68.25472516039535
68.25472516039535
68.25472516039535
68.25472516039535
68.25472516039535
68.25472516039535
68.25472516039535
68.25472516039535
68.25472516039535
68.25472516039535
68.25472516039535
68.25472516039535
68.25472516039535
68.25472516039535
69.18675221085486
69.27345240159528
69.27345240159528
69.27345240159528
69.27345240159528
69.27345240159528
69.27345240159528
69.27345240159528
69.27345240159528
69.27345240159528
69.27345240159528
69.27345240159528
69.27345240159528
69.27345240159528
69.27345240159528
69.27345240159528
69.27345240159528
69.27345240159528
69.27345240159528
69.27345240159528
69.27345240159528
69.27345240159528
69.27345240159528
69.27345240159528
69.27345240159528
69.27345240159528
69.27345240159528
69.27345240159528
70.07542916594416
70.2921796427952
70.2921796427952
70.2921796427952
70.2921796427952
70.2921796427952
70.2921796427952
70.2921796427952
70.2921796427952
70.2921796427952
70.2921796427952
70.2921796427952
70.2921796427952
70.31385469048031
71.31090688399514
71.31090688399514
71.31090688399514
71.31090688399514
71.31090688399514
71.31090688399514
71.31090688399514
71.31090688399514
71.31090688399514
71.31090688399514
71.31090688399514
71.31090688399514
71.31090688399514
73.91191260620774
76.40454308999479
76.40454308999479
76.40454308999479
76.40454308999479
76.40454308999479
76.40454308999479
76.40454308999479
76.40454308999479
76.40454308999479
76.40454308999479
76.40454308999479
76.40454308999479
75.32079070573955
74.36708860759494
74.36708860759494
74.36708860759494
74.36708860759494
74.36708860759494
74.36708860759494
74.36708860759494
74.36708860759494
74.36708860759494
74.36708860759494
74.36708860759494
74.36708860759494
74.36708860759494
74.36708860759494
74.36708860759494
74.36708860759494
74.36708860759494
74.36708860759494
74.36708860759494
74.36708860759494
74.36708860759494
74.36708860759494
74.36708860759494
74.36708860759494
74.36708860759494
74.36708860759494
74.36708860759494
74.36708860759494
74.36708860759494
72.76313507889716
72.32963412519507
72.32963412519507
72.32963412519507
72.32963412519507
72.32963412519507
72.32963412519507
72.32963412519507
72.32963412519507
72.32963412519507
72.32963412519507
72.32963412519507
72.32963412519507
72.32963412519507
72.32963412519507
72.32963412519507
72.32963412519507
72.32963412519507
72.32963412519507
72.32963412519507
72.32963412519507
72.32963412519507
72.32963412519507
72.32963412519507
72.32963412519507
72.32963412519507
72.32963412519507
72.32963412519507
72.32963412519507
72.32963412519507
72.32963412519507
72.32963412519507
72.32963412519507
72.32963412519507
72.32963412519507
72.32963412519507
72.32963412519507
72.32963412519507
72.32963412519507
72.32963412519507
72.32963412519507
72.32963412519507
72.32963412519507
72.32963412519507
72.32963412519507
72.32963412519507
72.32963412519507
72.32963412519507
72.32963412519507
72.32963412519507
72.32963412519507
72.32963412519507
72.32963412519507
72.32963412519507
72.32963412519507
72.32963412519507
72.32963412519507
72.32963412519507
72.28628402982486
70.2921796427952
70.2921796427952
70.2921796427952
70.2921796427952
70.2921796427952
70.2921796427952
70.2921796427952
70.2921796427952
70.2921796427952
70.2921796427952
70.2921796427952
70.2921796427952
70.2921796427952
70.2921796427952
70.2921796427952
69.3818276400208
68.25472516039535
68.25472516039535
68.25472516039535
68.25472516039535
68.25472516039535
68.25472516039535
68.25472516039535
68.25472516039535
68.25472516039535
68.25472516039535
68.25472516039535
68.25472516039535
68.25472516039535
68.25472516039535
68.25472516039535
68.25472516039535
68.25472516039535
68.25472516039535
68.25472516039535
68.25472516039535
68.25472516039535
68.25472516039535
68.25472516039535
68.25472516039535
68.25472516039535
68.25472516039535
68.25472516039535
68.25472516039535
68.25472516039535
68.25472516039535
68.25472516039535
68.25472516039535
68.25472516039535
68.25472516039535
68.25472516039535
68.25472516039535
68.25472516039535
68.25472516039535
68.25472516039535
68.25472516039535
68.25472516039535
68.25472516039535
68.25472516039535
68.25472516039535
68.25472516039535
67.49609849141667
67.23599791919541
67.23599791919541
67.23599791919541
67.23599791919541
67.23599791919541
67.23599791919541
67.23599791919541
67.23599791919541
67.23599791919541
67.23599791919541
67.23599791919541
67.23599791919541
67.23599791919541
67.23599791919541
65.54534419975724
65.19854343679556
65.19854343679556
65.19854343679556
65.19854343679556
65.19854343679556
65.19854343679556
65.19854343679556
65.19854343679556
65.19854343679556
65.19854343679556
65.19854343679556
65.19854343679556
65.19854343679556
65.19854343679556
65.58869429512744
67.23599791919541
67.23599791919541
67.23599791919541
67.23599791919541
67.23599791919541
67.23599791919541
67.23599791919541
67.23599791919541
67.23599791919541
67.23599791919541
67.23599791919541
67.23599791919541
67.23599791919541
67.23599791919541
67.23599791919541
67.23599791919541
67.23599791919541
67.23599791919541
67.23599791919541
67.23599791919541
67.23599791919541
67.23599791919541
67.23599791919541
67.23599791919541
67.23599791919541
67.23599791919541
67.23599791919541
67.23599791919541
67.23599791919541
67.23599791919541
67.23599791919541
67.23599791919541
67.23599791919541
67.23599791919541
67.23599791919541
67.23599791919541
67.23599791919541
67.23599791919541
67.23599791919541
67.23599791919541
67.23599791919541
67.23599791919541
68.73157620946766
70.2921796427952
70.2921796427952
70.2921796427952
70.2921796427952
70.2921796427952
70.2921796427952
70.2921796427952
70.2921796427952
70.2921796427952
70.2921796427952
70.2921796427952
70.2921796427952
71.89613317149298
72.32963412519507
72.32963412519507
72.32963412519507
72.32963412519507
72.32963412519507
72.32963412519507
72.32963412519507
72.32963412519507
72.32963412519507
72.32963412519507
72.32963412519507
72.32963412519507
73.760187272412
75.38581584879486
75.38581584879486
75.38581584879486
75.38581584879486
75.38581584879486
75.38581584879486
75.38581584879486
75.38581584879486
75.38581584879486
75.38581584879486
75.38581584879486
75.38581584879486
75.38581584879486
75.38581584879486
75.38581584879486
75.38581584879486
75.38581584879486
75.38581584879486
75.38581584879486
75.38581584879486
75.38581584879486
75.38581584879486
75.38581584879486
75.38581584879486
75.38581584879486
75.38581584879486
75.38581584879486
75.38581584879486
75.38581584879486
75.38581584879486
75.38581584879486
75.38581584879486
75.38581584879486
75.38581584879486
75.38581584879486
75.38581584879486
75.38581584879486
75.38581584879486
75.38581584879486
75.38581584879486
75.38581584879486
75.38581584879486
75.38581584879486
75.38581584879486
74.71388937055661
74.36708860759494
74.36708860759494
74.36708860759494
74.36708860759494
74.36708860759494
74.36708860759494
74.36708860759494
74.36708860759494
74.36708860759494
74.36708860759494
74.36708860759494
74.36708860759494
74.36708860759494
74.19368822611409
72.32963412519507
72.32963412519507
