103.72441845684504
103.72441845684504
103.72441845684504
103.72441845684504
103.72441845684504
103.72441845684504
103.72441845684504
103.72441845684504
103.72441845684504
103.72441845684504
103.72441845684504
103.72441845684504
103.37485699758484
102.70751239354264
102.70751239354264
102.70751239354264
102.70751239354264
102.70751239354264
102.70751239354264
102.70751239354264
102.70751239354264
102.70751239354264
102.70751239354264
102.70751239354264
102.70751239354264
102.70751239354264
102.70751239354264
102.70751239354264
102.70751239354264
102.70751239354264
102.70751239354264
102.70751239354264
102.77106902249905
103.72441845684504
103.72441845684504
103.72441845684504
103.72441845684504
103.72441845684504
103.72441845684504
103.72441845684504
103.72441845684504
103.72441845684504
103.72441845684504
103.72441845684504
103.72441845684504
103.72441845684504
103.72441845684504
103.72441845684504
103.72441845684504
103.72441845684504
103.72441845684504
103.72441845684504
98.79877971272404
98.63988814033304
98.63988814033304
98.63988814033304
98.63988814033304
98.63988814033304
98.63988814033304
98.63988814033304
98.63988814033304
98.63988814033304
98.63988814033304
98.63988814033304
98.63988814033304
98.63988814033304
98.63988814033304
98.63988814033304
98.63988814033304
98.63988814033304
98.63988814033304
98.63988814033304
98.63988814033304
101.97661116054404
105.75823058344986
105.75823058344986
105.75823058344986
105.75823058344986
105.75823058344986
105.75823058344986
105.75823058344986
105.75823058344986
105.75823058344986
105.75823058344986
105.75823058344986
105.75823058344986
105.75823058344986
105.75823058344986
105.75823058344986
105.75823058344986
105.75823058344986
105.75823058344986
102.26261599084785
100.67370026693784
100.67370026693784
100.67370026693784
100.67370026693784
100.67370026693784
100.67370026693784
100.67370026693784
100.67370026693784
100.67370026693784
100.67370026693784
100.67370026693784
100.67370026693784
100.67370026693784
100.67370026693784
100.67370026693784
100.67370026693784
100.67370026693784
100.67370026693784
100.67370026693784
99.52968094572265
97.62298207703063
97.62298207703063
97.62298207703063
97.62298207703063
97.62298207703063
97.62298207703063
97.62298207703063
97.62298207703063
97.62298207703063
97.62298207703063
97.62298207703063
97.62298207703063
97.62298207703063
97.62298207703063
97.62298207703063
97.62298207703063
97.62298207703063
97.62298207703063
97.62298207703063
97.62298207703063
97.62298207703063
102.23083767636965
102.70751239354264
102.70751239354264
102.70751239354264
102.70751239354264
102.70751239354264
102.70751239354264
102.70751239354264
102.70751239354264
102.70751239354264
102.70751239354264
102.70751239354264
102.70751239354264
102.70751239354264
102.70751239354264
102.70751239354264
102.70751239354264
102.70751239354264
102.70751239354264
102.70751239354264
105.56756069658066
107.79204271005466
107.79204271005466
107.79204271005466
107.79204271005466
107.79204271005466
107.79204271005466
107.79204271005466
107.79204271005466
107.79204271005466
107.79204271005466
107.79204271005466
107.79204271005466
107.79204271005466
107.79204271005466
107.79204271005466
107.79204271005466
107.79204271005466
107.79204271005466
107.79204271005466
107.79204271005466
107.79204271005466
109.38095843396466
109.82585483665946
109.82585483665946
109.82585483665946
109.82585483665946
109.82585483665946
109.82585483665946
109.82585483665946
109.82585483665946
109.82585483665946
109.82585483665946
109.82585483665946
109.82585483665946
109.82585483665946
109.82585483665946
109.82585483665946
109.82585483665946
109.82585483665946
109.82585483665946
109.82585483665946
109.82585483665946
109.82585483665946
105.88534384136265
105.75823058344986
105.75823058344986
105.75823058344986
105.75823058344986
105.75823058344986
105.75823058344986
105.75823058344986
105.75823058344986
105.75823058344986
105.75823058344986
105.75823058344986
105.75823058344986
105.75823058344986
105.75823058344986
105.75823058344986
105.75823058344986
105.75823058344986
105.75823058344986
105.75823058344986
105.75823058344986
106.01245709927545
107.79204271005466
107.79204271005466
107.79204271005466
107.79204271005466
107.79204271005466
107.79204271005466
107.79204271005466
107.79204271005466
107.79204271005466
107.79204271005466
107.79204271005466
107.79204271005466
107.79204271005466
107.79204271005466
107.79204271005466
107.79204271005466
107.79204271005466
107.79204271005466
107.79204271005466
107.79204271005466
107.79204271005466
107.79204271005466
104.86843777806025
103.72441845684504
103.72441845684504
103.72441845684504
103.72441845684504
103.72441845684504
103.72441845684504
103.72441845684504
103.72441845684504
103.72441845684504
103.72441845684504
103.72441845684504
103.72441845684504
103.72441845684504
103.72441845684504
103.72441845684504
103.72441845684504
103.72441845684504
103.72441845684504
103.72441845684504
103.72441845684504
103.72441845684504
103.72441845684504
103.72441845684504
103.72441845684504
103.72441845684504
103.72441845684504
103.72441845684504
103.72441845684504
103.72441845684504
103.72441845684504
103.72441845684504
103.72441845684504
103.72441845684504
103.72441845684504
103.72441845684504
103.72441845684504
103.72441845684504
103.72441845684504
103.72441845684504
103.72441845684504
103.72441845684504
103.72441845684504
103.72441845684504
103.72441845684504
103.72441845684504
103.72441845684504
103.72441845684504
103.72441845684504
103.72441845684504
103.72441845684504
103.72441845684504
103.72441845684504
103.72441845684504
103.72441845684504
103.72441845684504
103.72441845684504
103.72441845684504
103.72441845684504
103.72441845684504
103.72441845684504
103.72441845684504
103.72441845684504
103.72441845684504
103.72441845684504
103.72441845684504
103.72441845684504
103.72441845684504
103.72441845684504
103.72441845684504
103.72441845684504
103.72441845684504
103.72441845684504
103.72441845684504
103.72441845684504
103.72441845684504
103.72441845684504
103.72441845684504
103.72441845684504
103.72441845684504
103.72441845684504
103.72441845684504
103.72441845684504
103.72441845684504
103.72441845684504
103.15240879623745
100.67370026693784
100.67370026693784
100.67370026693784
100.67370026693784
100.67370026693784
100.67370026693784
100.67370026693784
100.67370026693784
100.67370026693784
100.67370026693784
100.67370026693784
100.67370026693784
100.67370026693784
100.67370026693784
100.67370026693784
100.67370026693784
100.67370026693784
100.67370026693784
100.67370026693784
100.67370026693784
100.67370026693784
100.67370026693784
100.67370026693784
100.67370026693784
100.67370026693784
100.67370026693784
100.67370026693784
100.67370026693784
100.67370026693784
100.67370026693784
100.67370026693784
100.67370026693784
100.67370026693784
100.67370026693784
100.67370026693784
100.67370026693784
100.67370026693784
100.67370026693784
100.67370026693784
100.67370026693784
100.67370026693784
100.67370026693784
106.01245709927545
106.77513664675226
106.77513664675226
106.77513664675226
106.77513664675226
106.77513664675226
106.77513664675226
106.77513664675226
106.77513664675226
106.77513664675226
106.77513664675226
106.77513664675226
106.77513664675226
106.77513664675226
106.77513664675226
106.77513664675226
106.77513664675226
106.77513664675226
106.77513664675226
106.77513664675226
106.77513664675226
109.82585483665946
109.82585483665946
109.82585483665946
109.82585483665946
109.82585483665946
109.82585483665946
109.82585483665946
109.82585483665946
109.82585483665946
109.82585483665946
109.82585483665946
109.82585483665946
109.82585483665946
109.82585483665946
109.82585483665946
109.82585483665946
109.82585483665946
109.82585483665946
109.82585483665946
108.61827888648786
107.79204271005466
107.79204271005466
107.79204271005466
107.79204271005466
107.79204271005466
107.79204271005466
107.79204271005466
107.79204271005466
107.79204271005466
107.79204271005466
107.79204271005466
107.79204271005466
107.79204271005466
107.79204271005466
107.79204271005466
107.79204271005466
107.79204271005466
107.79204271005466
107.79204271005466
107.79204271005466
107.79204271005466
107.79204271005466
107.79204271005466
107.79204271005466
107.79204271005466
107.79204271005466
107.79204271005466
107.79204271005466
107.79204271005466
107.79204271005466
107.79204271005466
107.79204271005466
107.79204271005466
107.79204271005466
107.79204271005466
107.79204271005466
107.79204271005466
107.79204271005466
107.79204271005466
107.79204271005466
107.95093428244566
112.87657302656667
112.87657302656667
112.87657302656667
112.87657302656667
112.87657302656667
112.87657302656667
112.87657302656667
112.87657302656667
112.87657302656667
112.87657302656667
112.87657302656667
112.87657302656667
112.87657302656667
112.87657302656667
112.87657302656667
112.87657302656667
112.87657302656667
112.87657302656667
112.87657302656667
112.87657302656667
112.87657302656667
113.13079954239227
113.89347908986907
113.89347908986907
113.89347908986907
113.89347908986907
113.89347908986907
113.89347908986907
113.89347908986907
113.89347908986907
113.89347908986907
113.89347908986907
113.89347908986907
113.89347908986907
113.89347908986907
113.89347908986907
113.89347908986907
113.89347908986907
113.89347908986907
113.89347908986907
113.89347908986907
113.89347908986907
113.38502605821787
112.87657302656667
112.87657302656667
112.87657302656667
112.87657302656667
112.87657302656667
112.87657302656667
112.87657302656667
112.87657302656667
112.87657302656667
112.87657302656667
112.87657302656667
112.87657302656667
112.87657302656667
112.87657302656667
112.87657302656667
112.87657302656667
112.87657302656667
112.87657302656667
112.87657302656667
112.87657302656667
111.09698741578747
108.80894877335706
108.80894877335706
108.80894877335706
108.80894877335706
108.80894877335706
108.80894877335706
108.80894877335706
108.80894877335706
108.80894877335706
108.80894877335706
108.80894877335706
108.80894877335706
108.80894877335706
108.80894877335706
108.80894877335706
108.80894877335706
108.80894877335706
108.80894877335706
108.80894877335706
108.80894877335706
108.80894877335706
110.71564764204906
111.85966696326427
111.85966696326427
111.85966696326427
111.85966696326427
111.85966696326427
111.85966696326427
111.85966696326427
111.85966696326427
111.85966696326427
111.85966696326427
111.85966696326427
111.85966696326427
111.85966696326427
111.85966696326427
111.85966696326427
111.85966696326427
111.85966696326427
111.85966696326427
111.85966696326427
111.85966696326427
106.77513664675226
106.77513664675226
106.77513664675226
106.77513664675226
106.77513664675226
106.77513664675226
106.77513664675226
106.77513664675226
106.77513664675226
106.77513664675226
106.77513664675226
106.77513664675226
106.77513664675226
106.77513664675226
106.77513664675226
106.77513664675226
106.77513664675226
106.77513664675226
106.77513664675226
106.77513664675226
106.77513664675226
106.77513664675226
111.38299224609126
111.85966696326427
111.85966696326427
111.85966696326427
111.85966696326427
111.85966696326427
111.85966696326427
111.85966696326427
111.85966696326427
111.85966696326427
111.85966696326427
111.85966696326427
111.85966696326427
111.85966696326427
111.85966696326427
111.85966696326427
111.85966696326427
111.85966696326427
111.85966696326427
111.85966696326427
111.85966696326427
110.71564764204906
108.80894877335706
108.80894877335706
108.80894877335706
108.80894877335706
108.80894877335706
108.80894877335706
108.80894877335706
108.80894877335706
108.80894877335706
108.80894877335706
108.80894877335706
108.80894877335706
108.80894877335706
108.80894877335706
108.80894877335706
108.80894877335706
108.80894877335706
108.80894877335706
108.80894877335706
108.80894877335706
108.80894877335706
107.79204271005466
106.77513664675226
106.77513664675226
106.77513664675226
106.77513664675226
106.77513664675226
106.77513664675226
106.77513664675226
106.77513664675226
106.77513664675226
106.77513664675226
106.77513664675226
106.77513664675226
106.77513664675226
106.77513664675226
106.77513664675226
106.77513664675226
106.77513664675226
106.77513664675226
106.77513664675226
106.77513664675226
106.77513664675226
106.77513664675226
106.77513664675226
106.77513664675226
106.77513664675226
106.77513664675226
106.77513664675226
106.77513664675226
106.77513664675226
106.77513664675226
106.77513664675226
106.77513664675226
106.77513664675226
106.77513664675226
106.77513664675226
106.77513664675226
106.77513664675226
106.77513664675226
106.77513664675226
106.77513664675226
106.77513664675226
106.77513664675226
106.77513664675226
106.77513664675226
106.77513664675226
106.77513664675226
106.77513664675226
106.77513664675226
106.77513664675226
106.77513664675226
106.77513664675226
106.77513664675226
106.77513664675226
106.77513664675226
106.77513664675226
106.77513664675226
106.77513664675226
106.77513664675226
106.77513664675226
106.77513664675226
106.77513664675226
106.77513664675226
106.77513664675226
106.77513664675226
106.77513664675226
106.77513664675226
107.53781619422905
109.82585483665946
109.82585483665946
109.82585483665946
109.82585483665946
109.82585483665946
109.82585483665946
109.82585483665946
109.82585483665946
109.82585483665946
109.82585483665946
109.82585483665946
109.82585483665946
109.82585483665946
109.82585483665946
109.82585483665946
109.82585483665946
109.82585483665946
109.82585483665946
109.82585483665946
109.82585483665946
109.82585483665946
107.28358967840346
105.75823058344986
105.75823058344986
105.75823058344986
105.75823058344986
105.75823058344986
105.75823058344986
105.75823058344986
105.75823058344986
105.75823058344986
105.75823058344986
105.75823058344986
105.75823058344986
105.75823058344986
105.75823058344986
105.75823058344986
105.75823058344986
105.75823058344986
105.75823058344986
105.75823058344986
105.75823058344986
105.75823058344986
108.55472225753147
109.82585483665946
109.82585483665946
109.82585483665946
109.82585483665946
109.82585483665946
109.82585483665946
109.82585483665946
109.82585483665946
109.82585483665946
109.82585483665946
109.82585483665946
109.82585483665946
109.82585483665946
109.82585483665946
109.82585483665946
109.82585483665946
109.82585483665946
109.82585483665946
109.82585483665946
109.82585483665946
109.34918011948646
106.77513664675226
106.77513664675226
106.77513664675226
106.77513664675226
106.77513664675226
106.77513664675226
106.77513664675226
106.77513664675226
106.77513664675226
106.77513664675226
106.77513664675226
106.77513664675226
106.77513664675226
106.77513664675226
106.77513664675226
106.77513664675226
106.77513664675226
106.77513664675226
106.77513664675226
106.77513664675226
106.77513664675226
106.77513664675226
107.28358967840346
107.79204271005466
107.79204271005466
107.79204271005466
107.79204271005466
107.79204271005466
107.79204271005466
107.79204271005466
107.79204271005466
107.79204271005466
107.79204271005466
107.79204271005466
107.79204271005466
107.79204271005466
107.79204271005466
107.79204271005466
107.79204271005466
107.79204271005466
107.79204271005466
107.79204271005466
107.79204271005466
107.79204271005466
108.14160416931486
108.80894877335706
108.80894877335706
108.80894877335706
108.80894877335706
108.80894877335706
108.80894877335706
108.80894877335706
108.80894877335706
108.80894877335706
108.80894877335706
108.80894877335706
108.80894877335706
108.80894877335706
108.80894877335706
108.80894877335706
108.80894877335706
108.80894877335706
108.80894877335706
108.80894877335706
108.80894877335706
108.80894877335706
108.80894877335706
108.80894877335706
108.80894877335706
108.80894877335706
108.80894877335706
108.80894877335706
108.80894877335706
108.80894877335706
108.80894877335706
108.80894877335706
108.80894877335706
108.80894877335706
108.80894877335706
108.80894877335706
108.80894877335706
108.80894877335706
108.80894877335706
108.80894877335706
108.80894877335706
108.80894877335706
108.80894877335706
108.80894877335706
112.30456336595907
113.89347908986907
113.89347908986907
113.89347908986907
113.89347908986907
113.89347908986907
113.89347908986907
113.89347908986907
113.89347908986907
113.89347908986907
113.89347908986907
113.89347908986907
113.89347908986907
113.89347908986907
113.89347908986907
113.89347908986907
113.89347908986907
113.89347908986907
113.89347908986907
113.89347908986907
113.89347908986907
113.51213931613067
111.85966696326427
111.85966696326427
111.85966696326427
111.85966696326427
111.85966696326427
111.85966696326427
111.85966696326427
111.85966696326427
111.85966696326427
111.85966696326427
111.85966696326427
111.85966696326427
111.85966696326427
111.85966696326427
111.85966696326427
111.85966696326427
111.85966696326427
111.85966696326427
111.85966696326427
111.85966696326427
111.85966696326427
111.85966696326427
111.85966696326427
111.85966696326427
111.85966696326427
111.85966696326427
111.85966696326427
111.85966696326427
111.85966696326427
111.85966696326427
111.85966696326427
111.85966696326427
111.85966696326427
111.85966696326427
111.85966696326427
111.85966696326427
111.85966696326427
111.85966696326427
111.85966696326427
111.85966696326427
111.85966696326427
111.85966696326427
111.85966696326427
111.63721876191687
110.84276089996186
110.84276089996186
110.84276089996186
110.84276089996186
110.84276089996186
110.84276089996186
110.84276089996186
110.84276089996186
110.84276089996186
110.84276089996186
110.84276089996186
110.84276089996186
110.84276089996186
110.84276089996186
110.84276089996186
110.84276089996186
110.84276089996186
110.84276089996186
110.84276089996186
110.84276089996186
110.84276089996186
110.84276089996186
112.62234651074107
112.87657302656667
112.87657302656667
112.87657302656667
112.87657302656667
112.87657302656667
112.87657302656667
112.87657302656667
112.87657302656667
112.87657302656667
112.87657302656667
112.87657302656667
112.87657302656667
112.87657302656667
112.87657302656667
112.87657302656667
112.87657302656667
112.87657302656667
112.87657302656667
112.87657302656667
112.62234651074107
