-7.059393026664336
-7.059393026664336
-7.059393026664336
-7.059393026664336
-7.059393026664336
-6.333284029636005
-6.050908308569431
-6.050908308569431
-6.050908308569431
-6.050908308569431
-6.050908308569431
-6.050908308569431
-6.050908308569431
-6.050908308569431
-6.050908308569431
-6.050908308569431
-6.050908308569431
-6.050908308569431
-6.050908308569431
-5.311352848633167
-5.042423590474526
-4.235635815998601
-3.926367169116164
-3.0254541542847155
-2.420363323427772
-2.01696943618981
-1.0622705697266335
-1.008484718094905
-0.2958221839745055
0.0
0.0
0.0
0.0
0.0
0.0
0.0
0.0
0.0
0.0
0.0
-0.981591792279041
-1.008484718094905
-1.4656644569645956
-2.01696943618981
-2.1917734539929272
-3.0254541542847155
-3.0254541542847155
-3.563312670601998
-4.03393887237962
-4.03393887237962
-4.03393887237962
-4.03393887237962
-4.03393887237962
-4.03393887237962
-4.128064112735145
-5.042423590474526
-5.042423590474526
-5.042423590474526
-5.539942718068012
-6.050908308569431
-6.050908308569431
-6.050908308569431
-6.050908308569431
-6.050908308569431
-6.050908308569431
-6.050908308569431
-6.050908308569431
-6.050908308569431
-6.050908308569431
-5.20378114536971
-5.042423590474526
-4.692815554868292
-4.03393887237962
-3.2137046349957643
-2.5817208783229573
-2.01696943618981
-1.1295028842662937
-1.008484718094905
-0.5378585163172828
0.0
0.0
0.0
0.0
0.0
0.0
0.0
-0.6723231453966034
-1.008484718094905
-1.1563958100821579
-2.01696943618981
-2.2724522314405196
-3.0254541542847155
-3.0254541542847155
-3.3078298753512887
-4.03393887237962
-4.03393887237962
-4.03393887237962
-4.03393887237962
-4.03393887237962
-4.03393887237962
-4.03393887237962
-4.101171186919281
-5.042423590474526
-5.042423590474526
-5.042423590474526
-5.042423590474526
-5.042423590474526
-4.81383372103968
-4.03393887237962
-3.3750621898909494
-3.0254541542847155
-2.137987602361199
-2.01696943618981
-1.3043069020694107
-1.008484718094905
-1.008484718094905
-0.32271510979036966
0.0
0.0
0.0
0.0
0.0
0.0
0.0
0.0
0.0
0.0
0.0
0.0
0.0
0.0
-0.5244120534093507
-1.008484718094905
-1.008484718094905
-1.0219311810028373
-2.01696943618981
-2.01696943618981
-2.2052199169008593
-3.0254541542847155
-3.0254541542847155
-3.0254541542847155
-3.0254541542847155
-3.2540440237195605
-4.03393887237962
-4.03393887237962
-4.03393887237962
-4.03393887237962
-4.665922629052428
-5.042423590474526
-5.042423590474526
-5.042423590474526
-5.042423590474526
-4.7734943323158845
-4.03393887237962
-4.03393887237962
-4.03393887237962
-3.2540440237195605
-3.0254541542847155
-2.6489531928626175
-2.01696943618981
-1.6135755489518482
-1.008484718094905
-0.8336807002917882
0.0
0.0
0.0
0.0
0.0
0.12101816617138862
1.008484718094905
1.008484718094905
1.008484718094905
1.008484718094905
1.008484718094905
1.936290658742218
2.01696943618981
2.01696943618981
2.01696943618981
2.01696943618981
2.01696943618981
2.01696943618981
2.01696943618981
1.734593715123237
1.008484718094905
1.008484718094905
1.008484718094905
0.06723231453966035
0.0
0.0
0.0
0.0
-0.5513049792252148
-1.008484718094905
-1.008484718094905
-1.774933103847033
-2.01696943618981
-2.01696943618981
-2.9582218397450553
-3.0254541542847155
-3.0254541542847155
-3.0254541542847155
-3.0254541542847155
-3.711223762589251
-4.03393887237962
-4.03393887237962
-4.961744813026933
-5.042423590474526
-5.042423590474526
-5.5264962551600805
-6.050908308569431
-6.050908308569431
-6.050908308569431
-6.050908308569431
-6.050908308569431
-6.050908308569431
-6.050908308569431
-6.050908308569431
-6.050908308569431
-6.050908308569431
-6.050908308569431
-6.050908308569431
-6.050908308569431
-6.050908308569431
-5.20378114536971
-4.692815554868292
-4.03393887237962
-3.0389006171926476
-2.433809786335704
-2.01696943618981
-1.1026099584504296
-1.008484718094905
-0.9950382551869731
0.0
0.0
0.0
0.0
0.0
0.0
0.0
0.0
0.0
0.0
0.0
0.0
0.0
0.0
0.0
0.0
0.0
0.0
0.0
0.0
-0.7664483857521279
-1.008484718094905
-1.008484718094905
-2.01696943618981
-2.01696943618981
-2.01696943618981
-2.01696943618981
-3.0120076913767835
-3.0254541542847155
-3.0254541542847155
-3.146472320456104
-4.03393887237962
-4.03393887237962
-5.042423590474526
-5.042423590474526
-5.042423590474526
-5.876104290766314
-6.050908308569431
-6.050908308569431
-6.050908308569431
-5.728193198779061
-5.042423590474526
-5.042423590474526
-4.28942166763033
-4.03393887237962
-3.334722801167153
-3.0254541542847155
-2.111094676545335
-1.94973712165015
-1.008484718094905
-1.008484718094905
-0.3092686468824376
0.0
0.0
0.0
0.0
0.0
0.0
0.0
0.0
0.0
0.0
0.0
-0.6723231453966034
-1.008484718094905
-1.1160564213583617
-2.01696943618981
-2.084201750729471
-3.0254541542847155
-3.0254541542847155
-3.536419744786134
-4.03393887237962
-4.03393887237962
-4.03393887237962
-4.948298350119002
-5.042423590474526
-5.042423590474526
-5.042423590474526
-5.741639661686993
-6.050908308569431
-6.050908308569431
-6.050908308569431
-6.050908308569431
-6.050908308569431
-5.284459922817303
-5.042423590474526
-5.042423590474526
-5.042423590474526
-4.6121367774207
-4.03393887237962
-3.872581317484436
-3.0254541542847155
-2.72963197031021
-2.01696943618981
-1.4925573827804597
-1.008484718094905
-0.6319837566728073
0.0
0.0
0.0
0.0
0.0
0.0
0.0
0.0
0.0
0.0
0.0
-0.7664483857521279
-1.008484718094905
-1.008484718094905
-1.008484718094905
-1.573236160228052
-2.01696943618981
-2.01696943618981
-2.01696943618981
-2.9044359881133266
-3.0254541542847155
-3.0254541542847155
-3.0254541542847155
-3.0254541542847155
-3.0254541542847155
-3.0254541542847155
-3.0254541542847155
-3.0254541542847155
-3.0254541542847155
-2.2993451572563837
-2.01696943618981
-2.01696943618981
-2.01696943618981
-2.01696943618981
-1.6942543263994407
-1.008484718094905
-1.008484718094905
-1.008484718094905
-0.8740200890155845
0.0
0.0
0.0
0.0
0.0
0.0
0.0
0.0
0.0
0.0
0.0
0.0
0.0
0.0
-0.9143594777393806
-1.008484718094905
-1.0757170326345655
-2.01696943618981
-2.01696943618981
-2.01696943618981
-2.01696943618981
-2.01696943618981
-2.01696943618981
-2.01696943618981
-2.01696943618981
-2.8909895252053945
-3.0254541542847155
-3.0254541542847155
-3.0254541542847155
-3.0254541542847155
-2.2186663798087913
-2.01696943618981
-1.7077007893073728
-1.008484718094905
-1.008484718094905
-0.013446462907932069
0.0
0.0
0.0
0.0
0.0
0.0
0.8874665519235165
1.008484718094905
1.008484718094905
1.008484718094905
1.008484718094905
1.008484718094905
0.8874665519235165
0.0
0.0
0.0
0.0
0.0
0.0
-0.20169694361898102
-1.008484718094905
-1.008484718094905
-1.008484718094905
-1.008484718094905
-1.008484718094905
-1.008484718094905
-1.008484718094905
-1.008484718094905
-1.8421654183866933
-2.01696943618981
-2.01696943618981
-2.01696943618981
-2.01696943618981
-2.01696943618981
-2.01696943618981
-2.6220602670467534
-3.0254541542847155
-3.0254541542847155
-3.0254541542847155
-3.0254541542847155
-3.0254541542847155
-3.0254541542847155
-3.0254541542847155
-3.0254541542847155
-2.8640965993895304
-2.01696943618981
-1.94973712165015
-1.008484718094905
-1.008484718094905
-0.34960803560623377
0.0
0.0
0.0
0.0
0.0
0.34960803560623377
1.008484718094905
1.008484718094905
1.008484718094905
1.008484718094905
1.008484718094905
0.38994742433003
0.0
0.0
0.0
0.0
0.0
-0.6723231453966034
-1.008484718094905
-1.008484718094905
-1.2505210504376825
-2.01696943618981
-2.01696943618981
-2.01696943618981
-2.2590057685325875
-3.0254541542847155
-3.0254541542847155
-3.0254541542847155
-3.0254541542847155
-3.173365246271968
-4.03393887237962
-4.03393887237962
-5.042423590474526
-5.042423590474526
-5.432371014804556
-6.050908308569431
-6.050908308569431
-6.050908308569431
-6.050908308569431
-6.050908308569431
-6.050908308569431
-5.042423590474526
-4.988637738842797
-4.03393887237962
-3.4019551157068135
-2.756524896126074
-2.01696943618981
-1.2236281246218181
-1.008484718094905
-0.12101816617138862
0.0
0.0
0.0
0.0
0.0
0.3361615726983017
1.008484718094905
1.008484718094905
1.008484718094905
0.3630544985141658
0.0
0.0
0.0
0.0
0.0
-0.9278059406473127
-1.008484718094905
-1.008484718094905
-1.3446462907932069
-2.01696943618981
-2.01696943618981
-2.01696943618981
-2.01696943618981
-2.01696943618981
-2.8909895252053945
-3.0254541542847155
-3.0657935430085117
-4.03393887237962
-4.03393887237962
-4.074278261103417
-5.042423590474526
-5.042423590474526
-5.042423590474526
-5.042423590474526
-5.042423590474526
-5.580282106791809
-6.050908308569431
-6.050908308569431
-5.190334682461779
-4.907958961395205
-4.03393887237962
-3.092686468824376
-2.2455593056246554
-1.546343234412188
-1.008484718094905
-0.2554827952507093
0.0
0.0
0.0
0.0
0.0
0.0
0.4302868130538262
1.008484718094905
1.008484718094905
1.008484718094905
1.008484718094905
1.008484718094905
0.793341311567992
0.0
0.0
0.0
0.0
0.0
0.0
-0.053785851631728276
-1.008484718094905
-1.008484718094905
-1.008484718094905
-1.8152724925708292
-2.01696943618981
-2.01696943618981
-2.01696943618981
-2.5951673412308893
-3.0254541542847155
-3.0254541542847155
-3.0254541542847155
-3.2137046349957643
-4.03393887237962
-4.03393887237962
-4.03393887237962
-4.03393887237962
-4.03393887237962
-4.03393887237962
-4.03393887237962
-4.03393887237962
-4.03393887237962
-4.03393887237962
-4.74660140650002
-5.042423590474526
-5.042423590474526
-5.042423590474526
-5.042423590474526
-5.042423590474526
-5.042423590474526
-5.042423590474526
-5.042423590474526
-5.042423590474526
-5.042423590474526
-5.042423590474526
-5.042423590474526
-5.042423590474526
-5.042423590474526
-5.042423590474526
-4.8945124984872725
-4.03393887237962
-3.2674904866274925
-2.554827952507093
-1.9766300474660141
-1.008484718094905
-0.8067877744759241
0.0
0.0
0.0
0.0
0.0
0.0
0.18825048071104897
1.008484718094905
1.008484718094905
1.008484718094905
1.008484718094905
1.922844195834286
2.01696943618981
2.01696943618981
2.01696943618981
2.01696943618981
2.01696943618981
2.01696943618981
2.01696943618981
2.01696943618981
1.922844195834286
1.008484718094905
1.008484718094905
0.8874665519235165
0.0
0.0
0.0
0.0
0.0
-0.44373327596175827
-1.008484718094905
-1.008484718094905
-1.3177533649773427
-2.01696943618981
-2.01696943618981
-2.01696943618981
-2.433809786335704
-3.0254541542847155
-3.0254541542847155
-3.0254541542847155
-3.0254541542847155
-3.0254541542847155
-3.0523470801005796
-4.03393887237962
-4.03393887237962
-4.719708480684156
-5.042423590474526
-5.042423590474526
-5.042423590474526
-5.042423590474526
-5.042423590474526
-5.042423590474526
-5.042423590474526
-5.042423590474526
-5.042423590474526
-5.042423590474526
-5.042423590474526
-5.042423590474526
-5.4054780889886915
-5.042423590474526
-5.042423590474526
-5.042423590474526
-5.042423590474526
-5.042423590474526
-5.042423590474526
-5.042423590474526
-5.042423590474526
-4.101171186919281
-3.50952681897027
-2.743078433218142
-2.01696943618981
-1.0622705697266335
-0.793341311567992
0.0
0.0
0.0
0.0
0.0
0.0
0.0
0.40339388723796205
1.008484718094905
1.008484718094905
1.008484718094905
0.7126625341203996
0.0
0.0
0.0
0.0
-0.4302868130538262
-1.008484718094905
-1.008484718094905
-1.2639675133456145
-2.01696943618981
-2.01696943618981
-2.01696943618981
-2.554827952507093
-3.0254541542847155
-3.0254541542847155
-3.092686468824376
-4.03393887237962
-4.03393887237962
-4.03393887237962
-4.03393887237962
-4.03393887237962
-4.03393887237962
-4.03393887237962
-4.437332759617583
-5.042423590474526
-5.042423590474526
-5.042423590474526
-5.042423590474526
-5.042423590474526
-4.625583240328631
-4.03393887237962
-3.563312670601998
-3.0254541542847155
-2.393470397611908
-2.01696943618981
-1.4522179940566633
-1.008484718094905
-0.9009130148314486
0.0
0.0
0.0
0.0
0.0
0.0
0.0
0.0
0.0
0.0
0.0
0.0
0.0
0.0
0.0
0.0
0.0
-0.8202342373838561
-1.008484718094905
-1.008484718094905
-1.008484718094905
-1.6404684747677123
-2.01696943618981
-2.01696943618981
-2.01696943618981
-2.01696943618981
-2.6355067299546855
-3.0254541542847155
-3.0254541542847155
-3.4288480415226776
-4.03393887237962
-4.154957038551009
-5.042423590474526
-5.042423590474526
-5.042423590474526
-5.042423590474526
-5.042423590474526
-5.042423590474526
-5.042423590474526
-5.042423590474526
-5.042423590474526
-5.042423590474526
-5.042423590474526
-5.338245774449031
-6.050908308569431
-6.050908308569431
-6.050908308569431
-6.050908308569431
-6.050908308569431
-6.050908308569431
-6.050908308569431
-6.050908308569431
-6.050908308569431
-6.050908308569431
-5.45926394062042
-4.975191275934866
-4.03393887237962
-3.2271510979036964
-2.541381489599161
-2.01696943618981
-1.0353776439107694
-1.008484718094905
-0.06723231453966035
0.0
0.0
0.0
0.0
0.0
0.0
0.0
0.9412524035552448
0.77989484866006
0.0
0.0
0.0
0.0
0.0
0.0
0.0
0.0
0.0
-0.20169694361898102
-1.008484718094905
-1.008484718094905
-1.008484718094905
-1.008484718094905
-1.008484718094905
-1.8152724925708292
-2.01696943618981
-2.01696943618981
-2.01696943618981
-2.568274415415025
-3.0254541542847155
-3.0254541542847155
-3.522973281878202
-4.03393887237962
-4.03393887237962
-4.03393887237962
-4.03393887237962
-4.03393887237962
-3.092686468824376
-3.0254541542847155
-2.568274415415025
-2.01696943618981
-1.8959512700184216
-1.008484718094905
-1.008484718094905
-0.4571797388696903
0.0
0.0
0.0
0.0
0.0
0.0
0.0
0.0
0.0
0.0
0.0
0.0
0.0
0.0
0.0
0.0
-0.2151434065269131
-1.008484718094905
-1.008484718094905
-1.008484718094905
-1.371539216609071
-2.01696943618981
-2.01696943618981
-2.01696943618981
-2.01696943618981
-3.0254541542847155
-3.0254541542847155
-3.0254541542847155
-3.0254541542847155
-3.0254541542847155
-3.0254541542847155
-3.0254541542847155
-3.0254541542847155
-2.514488563783297
-2.01696943618981
-2.01696943618981
-1.371539216609071
-1.008484718094905
-1.008484718094905
-1.008484718094905
-0.8874665519235165
0.0
0.0
0.0
0.0
0.0
0.0
0.0
0.0
0.0
0.0
0.0
0.0
0.0
0.0
0.0
0.0
0.0
0.0
0.0
-0.28237572106657344
-1.008484718094905
-1.008484718094905
-1.008484718094905
-1.008484718094905
-1.2774139762535466
-2.01696943618981
-2.01696943618981
-2.01696943618981
-2.01696943618981
-2.01696943618981
-2.01696943618981
-2.01696943618981
-2.01696943618981
-2.01696943618981
-2.01696943618981
-2.01696943618981
-2.01696943618981
-2.01696943618981
-2.01696943618981
-2.01696943618981
-2.01696943618981
-1.6001290860439161
-1.008484718094905
-1.008484718094905
-1.008484718094905
-0.5244120534093507
0.0
0.0
0.0
0.0
0.0
0.0
0.0
0.0
0.0
0.0
0.0
0.0
0.0
0.0
0.0
0.0
0.0
-0.08067877744759241
-1.008484718094905
-1.008484718094905
-1.008484718094905
-1.4791109198725276
-2.01696943618981
-2.01696943618981
-2.01696943618981
-2.01696943618981
-2.01696943618981
-2.01696943618981
-2.01696943618981
-2.01696943618981
-2.01696943618981
-2.01696943618981
-2.716185507402278
-3.0254541542847155
-3.0254541542847155
-3.0254541542847155
-3.0254541542847155
-3.0254541542847155
-3.0254541542847155
-3.0254541542847155
-2.164880528177063
-2.01696943618981
-2.01696943618981
-1.8287189554787613
-1.008484718094905
-1.008484718094905
