61.85268342145289
61.85268342145289
61.85268342145289
61.85268342145289
61.85268342145289
61.85268342145289
61.85268342145289
61.85268342145289
61.85268342145289
61.85268342145289
61.85268342145289
61.85268342145289
61.85268342145289
61.85268342145289
61.85268342145289
61.85268342145289
61.85268342145289
61.85268342145289
61.85268342145289
61.85268342145289
61.85268342145289
61.85268342145289
61.85268342145289
61.85268342145289
61.85268342145289
61.85268342145289
61.85268342145289
61.85268342145289
61.85268342145289
61.85268342145289
61.85268342145289
61.85268342145289
61.85268342145289
61.85268342145289
61.85268342145289
61.85268342145289
61.85268342145289
61.85268342145289
61.85268342145289
61.85268342145289
61.85268342145289
61.85268342145289
61.85268342145289
61.85268342145289
61.85268342145289
61.85268342145289
61.85268342145289
61.85268342145289
61.85268342145289
61.85268342145289
61.85268342145289
61.85268342145289
61.85268342145289
61.85268342145289
61.85268342145289
61.85268342145289
61.85268342145289
61.85268342145289
61.85268342145289
61.85268342145289
61.85268342145289
61.85268342145289
61.85268342145289
61.85268342145289
61.85268342145289
61.85268342145289
61.85268342145289
61.85268342145289
61.85268342145289
61.85268342145289
61.85268342145289
61.85268342145289
61.85268342145289
61.85268342145289
61.85268342145289
61.85268342145289
61.85268342145289
61.85268342145289
61.85268342145289
61.85268342145289
61.85268342145289
61.85268342145289
61.85268342145289
61.85268342145289
61.85268342145289
61.85268342145289
61.85268342145289
61.85268342145289
61.85268342145289
61.85268342145289
61.85268342145289
61.85268342145289
61.85268342145289
61.85268342145289
61.85268342145289
61.85268342145289
61.85268342145289
61.85268342145289
61.85268342145289
61.85268342145289
61.85268342145289
61.85268342145289
61.85268342145289
61.85268342145289
61.85268342145289
61.85268342145289
61.85268342145289
61.85268342145289
61.85268342145289
61.85268342145289
61.85268342145289
61.85268342145289
61.85268342145289
61.85268342145289
61.85268342145289
61.85268342145289
61.85268342145289
61.85268342145289
61.85268342145289
61.85268342145289
61.85268342145289
61.85268342145289
61.85268342145289
61.85268342145289
61.85268342145289
61.85268342145289
61.85268342145289
0.0
0.0
0.0
0.0
20.71413051350764
26.363438835373362
26.363438835373362
26.363438835373362
26.363438835373362
26.363438835373362
26.363438835373362
26.363438835373362
26.363438835373362
26.363438835373362
26.363438835373362
26.363438835373362
26.363438835373362
26.363438835373362
26.363438835373362
26.363438835373362
26.363438835373362
26.363438835373362
26.363438835373362
26.363438835373362
26.363438835373362
26.363438835373362
26.363438835373362
26.363438835373362
26.363438835373362
26.363438835373362
26.363438835373362
26.363438835373362
26.363438835373362
26.363438835373362
26.363438835373362
26.363438835373362
26.363438835373362
26.363438835373362
26.363438835373362
26.363438835373362
26.363438835373362
26.363438835373362
26.363438835373362
114.57956109219961
114.57956109219961
114.57956109219961
114.57956109219961
114.57956109219961
114.57956109219961
114.57956109219961
114.57956109219961
114.57956109219961
114.57956109219961
114.57956109219961
114.57956109219961
114.57956109219961
114.57956109219961
114.57956109219961
114.57956109219961
114.57956109219961
114.57956109219961
114.57956109219961
114.57956109219961
114.57956109219961
114.57956109219961
114.57956109219961
114.57956109219961
114.57956109219961
114.57956109219961
114.57956109219961
114.57956109219961
114.57956109219961
114.57956109219961
114.57956109219961
114.57956109219961
114.57956109219961
114.57956109219961
114.57956109219961
114.57956109219961
114.57956109219961
114.57956109219961
114.57956109219961
114.57956109219961
114.57956109219961
114.57956109219961
114.57956109219961
114.57956109219961
114.57956109219961
114.57956109219961
114.57956109219961
114.57956109219961
114.57956109219961
114.57956109219961
114.57956109219961
114.57956109219961
114.57956109219961
114.57956109219961
114.57956109219961
114.57956109219961
114.57956109219961
114.57956109219961
114.57956109219961
114.57956109219961
114.57956109219961
114.57956109219961
114.57956109219961
63.735786195408124
59.82472658796262
59.82472658796262
59.82472658796262
59.82472658796262
59.82472658796262
59.82472658796262
59.82472658796262
59.82472658796262
59.82472658796262
59.82472658796262
59.82472658796262
59.82472658796262
59.82472658796262
59.82472658796262
59.82472658796262
59.82472658796262
59.82472658796262
59.82472658796262
59.82472658796262
59.82472658796262
59.82472658796262
59.82472658796262
59.82472658796262
59.82472658796262
59.82472658796262
59.82472658796262
59.82472658796262
59.82472658796262
59.82472658796262
59.82472658796262
59.82472658796262
59.82472658796262
59.82472658796262
59.82472658796262
59.82472658796262
59.82472658796262
59.82472658796262
59.82472658796262
59.82472658796262
59.82472658796262
59.82472658796262
59.82472658796262
59.82472658796262
59.82472658796262
59.82472658796262
59.82472658796262
59.82472658796262
59.82472658796262
59.82472658796262
59.82472658796262
59.82472658796262
59.82472658796262
59.82472658796262
59.82472658796262
59.82472658796262
59.82472658796262
59.82472658796262
61.562975302382846
67.93655392192366
67.93655392192366
67.93655392192366
67.93655392192366
67.93655392192366
67.93655392192366
67.93655392192366
67.93655392192366
67.93655392192366
67.93655392192366
67.93655392192366
67.93655392192366
67.93655392192366
67.93655392192366
67.93655392192366
67.93655392192366
67.93655392192366
67.93655392192366
67.93655392192366
67.93655392192366
67.93655392192366
67.93655392192366
67.93655392192366
67.93655392192366
67.93655392192366
67.93655392192366
67.93655392192366
67.93655392192366
67.93655392192366
67.93655392192366
67.93655392192366
67.93655392192366
67.93655392192366
67.93655392192366
67.93655392192366
67.93655392192366
67.93655392192366
67.93655392192366
67.93655392192366
67.93655392192366
67.93655392192366
67.93655392192366
67.93655392192366
67.93655392192366
67.93655392192366
67.93655392192366
67.93655392192366
67.93655392192366
67.93655392192366
67.93655392192366
67.93655392192366
67.93655392192366
67.93655392192366
67.93655392192366
67.93655392192366
67.93655392192366
67.93655392192366
67.93655392192366
67.93655392192366
67.93655392192366
67.93655392192366
67.93655392192366
66.6328673861085
65.9085970884334
65.9085970884334
65.9085970884334
65.9085970884334
65.9085970884334
65.9085970884334
65.9085970884334
65.9085970884334
65.9085970884334
65.9085970884334
65.9085970884334
65.9085970884334
65.9085970884334
65.9085970884334
65.9085970884334
65.9085970884334
65.9085970884334
65.9085970884334
65.9085970884334
65.9085970884334
65.9085970884334
65.9085970884334
65.9085970884334
65.9085970884334
65.9085970884334
65.9085970884334
65.9085970884334
65.9085970884334
65.9085970884334
65.9085970884334
65.9085970884334
65.9085970884334
65.9085970884334
65.9085970884334
65.9085970884334
65.9085970884334
65.9085970884334
65.9085970884334
65.9085970884334
65.9085970884334
65.9085970884334
65.9085970884334
65.9085970884334
65.9085970884334
65.9085970884334
65.9085970884334
65.9085970884334
65.9085970884334
65.9085970884334
65.9085970884334
65.9085970884334
65.9085970884334
65.9085970884334
65.9085970884334
65.9085970884334
65.9085970884334
65.9085970884334
65.9085970884334
65.9085970884334
65.9085970884334
65.9085970884334
65.9085970884334
65.9085970884334
65.9085970884334
64.46005649308321
60.838705004707755
60.838705004707755
60.838705004707755
60.838705004707755
60.838705004707755
60.838705004707755
60.838705004707755
60.838705004707755
60.838705004707755
60.838705004707755
60.838705004707755
60.838705004707755
60.838705004707755
60.838705004707755
60.838705004707755
60.838705004707755
60.838705004707755
60.838705004707755
60.838705004707755
60.838705004707755
60.838705004707755
60.838705004707755
60.838705004707755
60.838705004707755
60.838705004707755
60.838705004707755
60.838705004707755
60.838705004707755
60.838705004707755
60.838705004707755
60.838705004707755
60.838705004707755
60.838705004707755
60.838705004707755
60.838705004707755
60.838705004707755
60.838705004707755
60.838705004707755
60.838705004707755
60.838705004707755
60.838705004707755
60.838705004707755
60.838705004707755
60.838705004707755
60.838705004707755
60.838705004707755
60.838705004707755
60.838705004707755
60.838705004707755
60.838705004707755
60.838705004707755
60.838705004707755
60.838705004707755
60.838705004707755
60.838705004707755
60.838705004707755
60.838705004707755
60.838705004707755
60.838705004707755
60.838705004707755
60.838705004707755
60.838705004707755
60.838705004707755
60.838705004707755
61.490548272615335
61.85268342145289
61.85268342145289
61.85268342145289
61.85268342145289
61.85268342145289
61.85268342145289
61.85268342145289
61.85268342145289
61.85268342145289
61.85268342145289
61.85268342145289
61.85268342145289
61.85268342145289
61.85268342145289
61.85268342145289
61.85268342145289
61.85268342145289
61.85268342145289
61.85268342145289
61.85268342145289
61.85268342145289
61.85268342145289
61.85268342145289
61.85268342145289
61.85268342145289
61.85268342145289
61.85268342145289
61.85268342145289
61.85268342145289
61.85268342145289
61.85268342145289
61.85268342145289
61.85268342145289
61.85268342145289
61.85268342145289
61.85268342145289
61.85268342145289
61.85268342145289
61.85268342145289
61.85268342145289
61.85268342145289
61.85268342145289
61.85268342145289
61.85268342145289
61.85268342145289
61.85268342145289
61.85268342145289
61.85268342145289
61.85268342145289
61.85268342145289
61.85268342145289
61.85268342145289
61.85268342145289
61.85268342145289
61.85268342145289
61.85268342145289
61.85268342145289
61.85268342145289
61.85268342145289
65.47403490982835
66.92257550517853
66.92257550517853
66.92257550517853
66.92257550517853
66.92257550517853
66.92257550517853
66.92257550517853
66.92257550517853
66.92257550517853
66.92257550517853
66.92257550517853
66.92257550517853
66.92257550517853
66.92257550517853
66.92257550517853
66.92257550517853
66.92257550517853
66.92257550517853
66.92257550517853
66.92257550517853
66.92257550517853
66.92257550517853
66.92257550517853
66.92257550517853
66.92257550517853
66.92257550517853
66.92257550517853
66.92257550517853
66.92257550517853
66.92257550517853
66.92257550517853
66.92257550517853
66.92257550517853
66.92257550517853
66.92257550517853
66.92257550517853
66.92257550517853
66.92257550517853
66.92257550517853
66.92257550517853
66.92257550517853
66.92257550517853
66.92257550517853
66.92257550517853
66.92257550517853
66.92257550517853
66.92257550517853
66.92257550517853
66.92257550517853
66.92257550517853
66.92257550517853
66.92257550517853
66.92257550517853
66.92257550517853
66.92257550517853
66.92257550517853
67.79169986238864
69.96451075541391
69.96451075541391
69.96451075541391
69.96451075541391
69.96451075541391
69.96451075541391
69.96451075541391
69.96451075541391
69.96451075541391
69.96451075541391
69.96451075541391
69.96451075541391
69.96451075541391
69.96451075541391
69.96451075541391
69.96451075541391
69.96451075541391
69.96451075541391
69.96451075541391
69.96451075541391
69.96451075541391
69.96451075541391
69.96451075541391
69.96451075541391
69.96451075541391
69.96451075541391
69.96451075541391
69.96451075541391
69.96451075541391
69.96451075541391
69.96451075541391
69.96451075541391
69.96451075541391
69.96451075541391
69.96451075541391
69.96451075541391
69.96451075541391
69.96451075541391
69.96451075541391
69.96451075541391
69.96451075541391
69.96451075541391
69.96451075541391
69.96451075541391
69.96451075541391
69.96451075541391
69.96451075541391
69.96451075541391
69.96451075541391
69.96451075541391
69.96451075541391
69.96451075541391
69.96451075541391
69.96451075541391
71.70275946983413
73.00644600564931
73.00644600564931
73.00644600564931
73.00644600564931
73.00644600564931
73.00644600564931
73.00644600564931
73.00644600564931
73.00644600564931
73.00644600564931
73.00644600564931
73.00644600564931
73.00644600564931
73.00644600564931
73.00644600564931
73.00644600564931
73.00644600564931
73.00644600564931
73.00644600564931
73.00644600564931
73.00644600564931
73.00644600564931
73.00644600564931
73.00644600564931
73.00644600564931
73.00644600564931
73.00644600564931
73.00644600564931
73.00644600564931
73.00644600564931
73.00644600564931
73.00644600564931
73.00644600564931
73.00644600564931
73.00644600564931
73.00644600564931
73.00644600564931
73.00644600564931
73.00644600564931
73.00644600564931
73.00644600564931
73.00644600564931
73.00644600564931
73.00644600564931
73.00644600564931
73.00644600564931
73.00644600564931
73.00644600564931
73.00644600564931
73.00644600564931
73.00644600564931
73.00644600564931
73.00644600564931
73.00644600564931
73.29615412471934
74.02042442239444
74.02042442239444
74.02042442239444
74.02042442239444
74.02042442239444
74.02042442239444
74.02042442239444
74.02042442239444
74.02042442239444
74.02042442239444
74.02042442239444
74.02042442239444
74.02042442239444
74.02042442239444
74.02042442239444
74.02042442239444
74.02042442239444
74.02042442239444
74.02042442239444
74.02042442239444
74.02042442239444
74.02042442239444
74.02042442239444
74.02042442239444
74.02042442239444
74.02042442239444
74.02042442239444
74.02042442239444
74.02042442239444
74.02042442239444
74.02042442239444
74.02042442239444
74.02042442239444
74.02042442239444
74.02042442239444
74.02042442239444
74.02042442239444
74.02042442239444
74.02042442239444
74.02042442239444
74.02042442239444
74.02042442239444
74.02042442239444
74.02042442239444
74.02042442239444
74.02042442239444
74.02042442239444
74.02042442239444
74.02042442239444
74.02042442239444
74.02042442239444
78.07633808937496
78.07633808937496
78.07633808937496
78.07633808937496
78.07633808937496
78.07633808937496
78.07633808937496
78.07633808937496
78.07633808937496
78.07633808937496
78.07633808937496
78.07633808937496
78.07633808937496
78.07633808937496
78.07633808937496
78.07633808937496
78.07633808937496
78.07633808937496
78.07633808937496
78.07633808937496
78.07633808937496
78.07633808937496
78.07633808937496
78.07633808937496
78.07633808937496
78.07633808937496
78.07633808937496
78.07633808937496
78.07633808937496
78.07633808937496
78.07633808937496
78.07633808937496
78.07633808937496
78.07633808937496
78.07633808937496
78.07633808937496
78.07633808937496
78.07633808937496
78.07633808937496
78.07633808937496
78.07633808937496
78.07633808937496
78.07633808937496
78.07633808937496
78.07633808937496
78.07633808937496
78.07633808937496
78.07633808937496
78.07633808937496
78.07633808937496
78.07633808937496
78.07633808937496
78.07633808937496
78.07633808937496
78.07633808937496
78.07633808937496
73.00644600564931
73.00644600564931
73.00644600564931
73.00644600564931
73.00644600564931
73.00644600564931
73.00644600564931
73.00644600564931
73.00644600564931
73.00644600564931
73.00644600564931
73.00644600564931
73.00644600564931
73.00644600564931
73.00644600564931
73.00644600564931
73.00644600564931
73.00644600564931
73.00644600564931
73.00644600564931
73.00644600564931
73.00644600564931
73.00644600564931
73.00644600564931
73.00644600564931
73.00644600564931
73.00644600564931
73.00644600564931
73.00644600564931
73.00644600564931
73.00644600564931
73.00644600564931
73.00644600564931
73.00644600564931
73.00644600564931
73.00644600564931
73.00644600564931
73.00644600564931
73.00644600564931
73.00644600564931
73.00644600564931
73.00644600564931
73.00644600564931
73.00644600564931
73.00644600564931
73.00644600564931
73.00644600564931
73.00644600564931
73.00644600564931
73.00644600564931
73.00644600564931
73.00644600564931
73.00644600564931
73.00644600564931
73.00644600564931
73.00644600564931
72.1373216484392
70.97848917215904
70.97848917215904
70.97848917215904
70.97848917215904
70.97848917215904
70.97848917215904
70.97848917215904
70.97848917215904
70.97848917215904
70.97848917215904
70.97848917215904
70.97848917215904
70.97848917215904
70.97848917215904
70.97848917215904
70.97848917215904
70.97848917215904
70.97848917215904
70.97848917215904
70.97848917215904
70.97848917215904
70.97848917215904
70.97848917215904
70.97848917215904
70.97848917215904
70.97848917215904
70.97848917215904
70.97848917215904
70.97848917215904
70.97848917215904
70.97848917215904
70.97848917215904
70.97848917215904
70.97848917215904
70.97848917215904
70.97848917215904
70.97848917215904
70.97848917215904
70.97848917215904
70.97848917215904
70.97848917215904
70.97848917215904
70.97848917215904
70.97848917215904
