125.18980389622978
125.18980389622978
125.18980389622978
125.65825606564792
126.1913223273996
126.1913223273996
126.1913223273996
126.1913223273996
126.1913223273996
126.1913223273996
126.1913223273996
126.1913223273996
126.1913223273996
126.1913223273996
126.1913223273996
126.1913223273996
125.86825186573192
125.18980389622978
125.18980389622978
125.18980389622978
125.18980389622978
125.18980389622978
125.18980389622978
125.18980389622978
125.18980389622978
125.18980389622978
125.18980389622978
125.18980389622978
125.18980389622978
125.18980389622978
125.22211094239654
126.1913223273996
126.1913223273996
126.1913223273996
126.1913223273996
126.1913223273996
126.1913223273996
126.1913223273996
126.1913223273996
126.1913223273996
126.1913223273996
126.1913223273996
126.1913223273996
126.1913223273996
126.1913223273996
125.30287855781346
125.18980389622978
125.18980389622978
125.18980389622978
125.18980389622978
125.18980389622978
125.18980389622978
125.18980389622978
125.18980389622978
125.18980389622978
125.18980389622978
125.18980389622978
125.18980389622978
125.77133072723161
126.1913223273996
126.1913223273996
126.1913223273996
126.1913223273996
126.1913223273996
126.1913223273996
126.1913223273996
126.1913223273996
126.1913223273996
126.1913223273996
126.1913223273996
126.1913223273996
126.1913223273996
126.1913223273996
126.1913223273996
126.1913223273996
126.1913223273996
126.1913223273996
126.1913223273996
126.1913223273996
126.1913223273996
126.1913223273996
126.1913223273996
126.1913223273996
126.1913223273996
126.1913223273996
126.1913223273996
126.1913223273996
126.1913223273996
126.44977869673376
134.2034697767583
134.2034697767583
134.2034697767583
134.2034697767583
134.2034697767583
134.2034697767583
134.2034697767583
134.2034697767583
134.2034697767583
134.2034697767583
127.87128872807159
127.19284075856945
127.19284075856945
127.19284075856945
127.19284075856945
127.19284075856945
127.19284075856945
127.19284075856945
127.19284075856945
127.19284075856945
127.19284075856945
127.19284075856945
127.19284075856945
127.19284075856945
128.1782056666559
128.1943591897393
128.1943591897393
128.1943591897393
128.1943591897393
128.1943591897393
128.1943591897393
128.1943591897393
128.1943591897393
128.1943591897393
128.1943591897393
128.1943591897393
128.1943591897393
128.1943591897393
128.1943591897393
128.63050431299067
129.19587762090913
129.19587762090913
129.19587762090913
129.19587762090913
129.19587762090913
129.19587762090913
129.19587762090913
129.19587762090913
129.19587762090913
129.19587762090913
129.19587762090913
129.19587762090913
127.01515200465222
126.1913223273996
126.1913223273996
126.1913223273996
126.1913223273996
126.1913223273996
126.1913223273996
126.1913223273996
126.1913223273996
126.1913223273996
126.1913223273996
126.1913223273996
126.1913223273996
126.1913223273996
126.1913223273996
128.1943591897393
128.1943591897393
128.1943591897393
128.1943591897393
128.1943591897393
128.1943591897393
128.1943591897393
128.1943591897393
128.1943591897393
128.1943591897393
128.1943591897393
128.1943591897393
128.74357897457435
130.19739605207897
130.19739605207897
130.19739605207897
130.19739605207897
130.19739605207897
130.19739605207897
130.19739605207897
130.19739605207897
130.19739605207897
130.19739605207897
130.19739605207897
130.19739605207897
130.19739605207897
130.52046651374664
131.19891448324879
131.19891448324879
131.19891448324879
131.19891448324879
131.19891448324879
131.19891448324879
131.19891448324879
131.19891448324879
131.19891448324879
131.19891448324879
131.19891448324879
131.19891448324879
131.66736665266694
132.20043291441863
132.20043291441863
132.20043291441863
132.20043291441863
132.20043291441863
132.20043291441863
132.20043291441863
132.20043291441863
132.20043291441863
132.20043291441863
132.20043291441863
132.20043291441863
130.97276516008142
130.19739605207897
130.19739605207897
130.19739605207897
130.19739605207897
130.19739605207897
130.19739605207897
130.19739605207897
130.19739605207897
130.19739605207897
130.19739605207897
130.19739605207897
130.19739605207897
130.19739605207897
130.19739605207897
130.19739605207897
130.19739605207897
130.19739605207897
130.19739605207897
130.19739605207897
130.19739605207897
130.19739605207897
130.19739605207897
130.19739605207897
130.19739605207897
130.19739605207897
130.19739605207897
131.11814686783188
133.20195134558847
133.20195134558847
133.20195134558847
133.20195134558847
133.20195134558847
133.20195134558847
133.20195134558847
133.20195134558847
133.20195134558847
133.20195134558847
133.20195134558847
133.20195134558847
133.20195134558847
133.20195134558847
133.20195134558847
133.20195134558847
133.20195134558847
133.20195134558847
133.20195134558847
133.20195134558847
133.20195134558847
133.20195134558847
133.20195134558847
133.20195134558847
133.13733725325494
132.20043291441863
132.20043291441863
132.20043291441863
132.20043291441863
132.20043291441863
132.20043291441863
132.20043291441863
132.20043291441863
132.20043291441863
132.20043291441863
132.20043291441863
132.20043291441863
132.20043291441863
132.20043291441863
132.84657383775402
134.2034697767583
134.2034697767583
134.2034697767583
134.2034697767583
134.2034697767583
134.2034697767583
134.2034697767583
134.2034697767583
134.2034697767583
134.2034697767583
134.2034697767583
134.2034697767583
134.2034697767583
132.5558104222531
132.20043291441863
132.20043291441863
132.20043291441863
132.20043291441863
132.20043291441863
132.20043291441863
132.20043291441863
132.20043291441863
132.20043291441863
132.20043291441863
132.20043291441863
132.20043291441863
132.20043291441863
132.20043291441863
132.20043291441863
132.20043291441863
132.20043291441863
132.20043291441863
132.20043291441863
132.20043291441863
132.20043291441863
132.20043291441863
132.20043291441863
132.20043291441863
132.20043291441863
132.20043291441863
132.15197234516847
131.19891448324879
131.19891448324879
131.19891448324879
131.19891448324879
131.19891448324879
131.19891448324879
131.19891448324879
131.19891448324879
131.19891448324879
131.19891448324879
131.19891448324879
131.19891448324879
131.19891448324879
131.78044131425065
132.20043291441863
132.20043291441863
132.20043291441863
132.20043291441863
132.20043291441863
132.20043291441863
132.20043291441863
132.20043291441863
132.20043291441863
132.20043291441863
132.20043291441863
130.19739605207897
130.19739605207897
130.19739605207897
130.19739605207897
130.19739605207897
130.19739605207897
130.19739605207897
130.19739605207897
130.19739605207897
130.19739605207897
130.19739605207897
130.19739605207897
130.19739605207897
133.10503020708816
133.20195134558847
133.20195134558847
133.20195134558847
133.20195134558847
133.20195134558847
133.20195134558847
133.20195134558847
133.20195134558847
133.20195134558847
133.20195134558847
133.20195134558847
132.9758020224211
131.19891448324879
131.19891448324879
131.19891448324879
131.19891448324879
131.19891448324879
131.19891448324879
131.19891448324879
131.19891448324879
131.19891448324879
131.19891448324879
131.19891448324879
131.19891448324879
131.00507220624817
129.19587762090913
129.19587762090913
129.19587762090913
129.19587762090913
129.19587762090913
129.19587762090913
129.19587762090913
129.19587762090913
129.19587762090913
129.19587762090913
129.19587762090913
129.19587762090913
130.00355377507836
131.19891448324879
131.19891448324879
131.19891448324879
131.19891448324879
131.19891448324879
131.19891448324879
131.19891448324879
131.19891448324879
131.19891448324879
131.19891448324879
131.19891448324879
132.62042451458663
135.20498820792815
135.20498820792815
135.20498820792815
135.20498820792815
135.20498820792815
135.20498820792815
135.20498820792815
135.20498820792815
135.20498820792815
135.20498820792815
135.20498820792815
135.20498820792815
134.526540238426
133.20195134558847
133.20195134558847
133.20195134558847
133.20195134558847
133.20195134558847
133.20195134558847
133.20195134558847
133.20195134558847
133.20195134558847
133.20195134558847
133.20195134558847
133.20195134558847
133.20195134558847
132.20043291441863
132.20043291441863
132.20043291441863
132.20043291441863
132.20043291441863
132.20043291441863
132.20043291441863
132.20043291441863
132.20043291441863
132.20043291441863
132.20043291441863
132.20043291441863
132.20043291441863
132.20043291441863
133.65424999192325
134.2034697767583
134.2034697767583
134.2034697767583
134.2034697767583
134.2034697767583
134.2034697767583
134.2034697767583
134.2034697767583
134.2034697767583
134.2034697767583
134.2034697767583
134.2034697767583
134.2034697767583
134.2034697767583
134.2034697767583
134.2034697767583
134.2034697767583
134.2034697767583
134.2034697767583
134.2034697767583
134.2034697767583
134.2034697767583
134.2034697767583
134.2034697767583
134.2034697767583
134.2034697767583
133.46040771492264
133.20195134558847
133.20195134558847
133.20195134558847
133.20195134558847
133.20195134558847
133.20195134558847
133.20195134558847
133.20195134558847
133.20195134558847
133.20195134558847
133.20195134558847
133.8803993150906
134.2034697767583
134.2034697767583
134.2034697767583
134.2034697767583
134.2034697767583
134.2034697767583
134.2034697767583
134.2034697767583
134.2034697767583
134.2034697767583
134.2034697767583
133.41194714567249
133.20195134558847
133.20195134558847
133.20195134558847
133.20195134558847
133.20195134558847
133.20195134558847
133.20195134558847
133.20195134558847
133.20195134558847
133.20195134558847
133.00810906858786
132.20043291441863
132.20043291441863
132.20043291441863
132.20043291441863
132.20043291441863
132.20043291441863
132.20043291441863
132.20043291441863
132.20043291441863
132.20043291441863
132.7658062223371
133.20195134558847
133.20195134558847
133.20195134558847
133.20195134558847
133.20195134558847
133.20195134558847
133.20195134558847
133.20195134558847
133.20195134558847
133.20195134558847
133.81578522275709
134.2034697767583
134.2034697767583
134.2034697767583
134.2034697767583
134.2034697767583
134.2034697767583
134.2034697767583
134.2034697767583
134.2034697767583
134.46192614609245
136.206506639098
136.206506639098
136.206506639098
136.206506639098
136.206506639098
136.206506639098
136.206506639098
136.206506639098
136.206506639098
136.206506639098
136.206506639098
136.41650243918198
137.20802507026784
137.20802507026784
137.20802507026784
137.20802507026784
137.20802507026784
137.20802507026784
137.20802507026784
137.20802507026784
137.20802507026784
137.20802507026784
137.20802507026784
137.20802507026784
135.6572868542629
134.2034697767583
134.2034697767583
134.2034697767583
134.2034697767583
134.2034697767583
134.2034697767583
134.2034697767583
134.2034697767583
134.2034697767583
134.2034697767583
134.2034697767583
134.2034697767583
134.2034697767583
134.2034697767583
134.2034697767583
134.2034697767583
134.2034697767583
134.2034697767583
134.2034697767583
134.2034697767583
134.2034697767583
134.2034697767583
134.2034697767583
134.2034697767583
133.23425839175525
133.20195134558847
133.20195134558847
133.20195134558847
133.20195134558847
133.20195134558847
133.20195134558847
133.20195134558847
133.20195134558847
133.20195134558847
133.20195134558847
136.15804606984784
136.206506639098
136.206506639098
136.206506639098
136.206506639098
136.206506639098
136.206506639098
136.206506639098
136.206506639098
136.206506639098
136.54573062384907
137.20802507026784
137.20802507026784
137.20802507026784
137.20802507026784
137.20802507026784
137.20802507026784
137.20802507026784
137.20802507026784
137.20802507026784
137.20802507026784
137.20802507026784
137.20802507026784
137.20802507026784
137.20802507026784
137.20802507026784
137.20802507026784
137.20802507026784
137.20802507026784
137.20802507026784
137.20802507026784
137.20802507026784
138.75876328627274
139.2110619326075
139.2110619326075
139.2110619326075
139.2110619326075
139.2110619326075
139.2110619326075
139.2110619326075
139.2110619326075
139.2110619326075
139.2110619326075
139.2110619326075
139.2110619326075
140.13181274836043
140.21258036377733
140.21258036377733
140.21258036377733
140.21258036377733
140.21258036377733
140.21258036377733
140.21258036377733
140.21258036377733
140.21258036377733
140.21258036377733
140.21258036377733
140.21258036377733
140.21258036377733
138.2741575937712
138.20954350143768
138.20954350143768
138.20954350143768
138.20954350143768
138.20954350143768
138.20954350143768
138.20954350143768
138.20954350143768
138.20954350143768
138.20954350143768
138.20954350143768
138.20954350143768
137.7572448551029
137.20802507026784
137.20802507026784
137.20802507026784
137.20802507026784
137.20802507026784
137.20802507026784
137.20802507026784
137.20802507026784
137.20802507026784
137.20802507026784
137.20802507026784
137.20802507026784
137.20802507026784
136.86880108551676
136.206506639098
136.206506639098
136.206506639098
136.206506639098
136.206506639098
136.206506639098
136.206506639098
136.206506639098
136.206506639098
136.206506639098
136.206506639098
136.206506639098
136.206506639098
136.206506639098
136.206506639098
136.206506639098
136.206506639098
136.206506639098
136.206506639098
136.206506639098
136.206506639098
136.206506639098
136.206506639098
136.206506639098
136.206506639098
133.83193874584046
133.20195134558847
133.20195134558847
133.20195134558847
133.20195134558847
133.20195134558847
133.20195134558847
133.20195134558847
133.20195134558847
133.20195134558847
133.20195134558847
133.20195134558847
133.20195134558847
137.64417019351922
138.20954350143768
138.20954350143768
138.20954350143768
138.20954350143768
138.20954350143768
138.20954350143768
138.20954350143768
138.20954350143768
138.20954350143768
138.20954350143768
138.98491260944013
139.2110619326075
139.2110619326075
139.2110619326075
139.2110619326075
139.2110619326075
139.2110619326075
139.2110619326075
139.2110619326075
139.2110619326075
139.2110619326075
138.64568862468906
138.20954350143768
138.20954350143768
138.20954350143768
138.20954350143768
138.20954350143768
138.20954350143768
138.20954350143768
138.20954350143768
138.20954350143768
138.20954350143768
138.20954350143768
138.20954350143768
138.20954350143768
138.20954350143768
138.20954350143768
138.20954350143768
138.20954350143768
138.20954350143768
138.20954350143768
138.20954350143768
138.20954350143768
138.20954350143768
138.20954350143768
138.20954350143768
139.8248958097761
140.21258036377733
140.21258036377733
140.21258036377733
140.21258036377733
140.21258036377733
140.21258036377733
140.21258036377733
140.21258036377733
140.21258036377733
140.21258036377733
140.06719865602687
139.2110619326075
139.2110619326075
139.2110619326075
139.2110619326075
139.2110619326075
139.2110619326075
139.2110619326075
139.2110619326075
139.2110619326075
139.2110619326075
139.2110619326075
139.2110619326075
139.2110619326075
139.2110619326075
139.2110619326075
139.2110619326075
139.2110619326075
139.2110619326075
139.2110619326075
139.2110619326075
139.2110619326075
139.2110619326075
139.2110619326075
140.13181274836043
140.21258036377733
140.21258036377733
140.21258036377733
140.21258036377733
140.21258036377733
140.21258036377733
140.21258036377733
140.21258036377733
140.21258036377733
140.21258036377733
140.21258036377733
141.56947630278165
142.21561722611702
142.21561722611702
142.21561722611702
142.21561722611702
142.21561722611702
142.21561722611702
142.21561722611702
142.21561722611702
142.21561722611702
142.21561722611702
138.82337737860627
136.206506639098
136.206506639098
136.206506639098
136.206506639098
136.206506639098
136.206506639098
136.206506639098
136.206506639098
136.206506639098
136.206506639098
136.4326559622654
138.20954350143768
138.20954350143768
138.20954350143768
138.20954350143768
138.20954350143768
138.20954350143768
138.20954350143768
138.20954350143768
138.20954350143768
138.20954350143768
138.20954350143768
139.76028171744258
142.21561722611702
142.21561722611702
142.21561722611702
142.21561722611702
142.21561722611702
142.21561722611702
142.21561722611702
142.21561722611702
142.21561722611702
142.28023131845055
143.21713565728686
143.21713565728686
143.21713565728686
143.21713565728686
143.21713565728686
143.21713565728686
143.21713565728686
143.21713565728686
143.21713565728686
143.21713565728686
143.21713565728686
143.21713565728686
143.21713565728686
143.21713565728686
143.21713565728686
143.21713565728686
143.21713565728686
143.21713565728686
143.21713565728686
143.21713565728686
143.21713565728686
143.21713565728686
142.50638064161794
141.21409879494718
141.21409879494718
141.21409879494718
141.21409879494718
141.21409879494718
141.21409879494718
141.21409879494718
141.21409879494718
141.21409879494718
141.21409879494718
140.34180854844442
139.2110619326075
139.2110619326075
139.2110619326075
139.2110619326075
139.2110619326075
139.2110619326075
139.2110619326075
139.2110619326075
139.2110619326075
139.2110619326075
139.2110619326075
140.53565082544503
141.21409879494718
141.21409879494718
141.21409879494718
141.21409879494718
141.21409879494718
141.21409879494718
141.21409879494718
141.21409879494718
141.21409879494718
141.21409879494718
141.47255516428135
142.21561722611702
142.21561722611702
142.21561722611702
142.21561722611702
142.21561722611702
142.21561722611702
142.21561722611702
142.21561722611702
142.21561722611702
142.21561722611702
142.21561722611702
143.20098213420349
143.21713565728686
143.21713565728686
143.21713565728686
143.21713565728686
143.21713565728686
143.21713565728686
143.21713565728686
143.21713565728686
143.21713565728686
141.66639744128196
140.21258036377733
140.21258036377733
140.21258036377733
140.21258036377733
140.21258036377733
140.21258036377733
140.21258036377733
140.21258036377733
140.21258036377733
139.2272154556909
139.2110619326075
139.2110619326075
139.2110619326075
139.2110619326075
139.2110619326075
139.2110619326075
139.2110619326075
139.2110619326075
139.06568022485703
138.20954350143768
138.20954350143768
138.20954350143768
138.20954350143768
138.20954350143768
138.20954350143768
138.20954350143768
138.20954350143768
138.20954350143768
138.20954350143768
134.8496107000937
134.2034697767583
134.2034697767583
134.2034697767583
134.2034697767583
134.2034697767583
134.2034697767583
134.2034697767583
134.2034697767583
