90.47292666209734
90.47292666209734
90.47292666209734
90.47292666209734
90.47292666209734
90.47292666209734
90.47292666209734
90.47292666209734
90.47292666209734
90.47292666209734
90.47292666209734
90.47292666209734
90.47292666209734
90.47292666209734
90.47292666209734
90.47292666209734
90.47292666209734
90.47292666209734
90.47292666209734
90.47292666209734
90.47292666209734
90.47292666209734
90.47292666209734
90.47292666209734
90.47292666209734
90.47292666209734
90.47292666209734
90.47292666209734
90.47292666209734
90.47292666209734
90.47292666209734
86.58898789124972
86.36052090472927
86.36052090472927
86.36052090472927
86.36052090472927
86.36052090472927
86.36052090472927
86.36052090472927
86.36052090472927
86.36052090472927
86.36052090472927
86.36052090472927
86.36052090472927
86.36052090472927
86.36052090472927
86.36052090472927
86.36052090472927
86.36052090472927
86.36052090472927
86.36052090472927
86.36052090472927
86.36052090472927
86.36052090472927
86.36052090472927
86.36052090472927
86.36052090472927
86.36052090472927
86.36052090472927
86.36052090472927
86.36052090472927
86.36052090472927
86.36052090472927
86.36052090472927
86.36052090472927
86.36052090472927
86.36052090472927
86.36052090472927
86.36052090472927
86.36052090472927
86.36052090472927
86.36052090472927
86.36052090472927
86.36052090472927
86.36052090472927
86.36052090472927
86.36052090472927
86.36052090472927
86.36052090472927
86.36052090472927
86.36052090472927
86.36052090472927
86.36052090472927
86.36052090472927
83.79026730637423
83.27621658670323
83.27621658670323
83.27621658670323
83.27621658670323
83.27621658670323
83.27621658670323
83.27621658670323
83.27621658670323
83.27621658670323
83.27621658670323
83.27621658670323
83.27621658670323
83.27621658670323
83.27621658670323
83.27621658670323
83.27621658670323
83.27621658670323
83.27621658670323
83.27621658670323
83.27621658670323
83.27621658670323
83.27621658670323
83.27621658670323
83.27621658670323
83.27621658670323
83.27621658670323
83.27621658670323
83.27621658670323
83.27621658670323
83.27621658670323
83.27621658670323
83.27621658670323
83.27621658670323
83.27621658670323
83.27621658670323
83.27621658670323
83.27621658670323
83.27621658670323
83.27621658670323
83.27621658670323
83.27621658670323
83.27621658670323
83.27621658670323
83.27621658670323
83.27621658670323
83.27621658670323
83.27621658670323
83.27621658670323
83.27621658670323
84.13296778615491
84.30431802604524
84.30431802604524
84.30431802604524
84.30431802604524
84.30431802604524
84.30431802604524
84.30431802604524
84.30431802604524
84.30431802604524
84.30431802604524
84.30431802604524
84.30431802604524
84.30431802604524
84.30431802604524
84.30431802604524
84.30431802604524
84.30431802604524
84.30431802604524
84.30431802604524
84.30431802604524
84.30431802604524
84.30431802604524
84.30431802604524
84.30431802604524
84.30431802604524
84.30431802604524
84.30431802604524
84.30431802604524
84.30431802604524
84.30431802604524
84.30431802604524
84.30431802604524
84.30431802604524
84.30431802604524
84.30431802604524
84.30431802604524
84.30431802604524
84.30431802604524
84.30431802604524
84.30431802604524
84.30431802604524
84.30431802604524
84.30431802604524
84.30431802604524
84.30431802604524
84.30431802604524
84.30431802604524
84.30431802604524
82.59081562714188
82.2481151473612
82.2481151473612
82.2481151473612
82.2481151473612
82.2481151473612
82.2481151473612
82.2481151473612
82.2481151473612
82.2481151473612
82.2481151473612
82.2481151473612
82.2481151473612
82.2481151473612
82.2481151473612
82.2481151473612
82.2481151473612
82.2481151473612
82.2481151473612
82.2481151473612
82.2481151473612
82.2481151473612
82.2481151473612
82.2481151473612
82.2481151473612
82.2481151473612
82.2481151473612
82.2481151473612
82.2481151473612
82.2481151473612
82.2481151473612
82.2481151473612
82.2481151473612
82.2481151473612
82.2481151473612
82.2481151473612
82.2481151473612
82.2481151473612
82.2481151473612
82.2481151473612
82.2481151473612
82.2481151473612
82.2481151473612
82.2481151473612
82.2481151473612
82.2481151473612
82.2481151473612
82.2481151473612
82.2481151473612
82.2481151473612
82.2481151473612
81.90541466758054
81.2200137080192
81.2200137080192
81.2200137080192
81.2200137080192
81.2200137080192
81.2200137080192
81.2200137080192
81.2200137080192
81.2200137080192
81.2200137080192
81.2200137080192
81.2200137080192
81.2200137080192
81.2200137080192
81.2200137080192
81.2200137080192
81.2200137080192
81.2200137080192
81.2200137080192
81.2200137080192
81.2200137080192
81.2200137080192
81.2200137080192
81.2200137080192
81.2200137080192
81.2200137080192
81.2200137080192
81.2200137080192
81.2200137080192
81.2200137080192
81.2200137080192
81.2200137080192
81.2200137080192
81.2200137080192
81.2200137080192
81.2200137080192
81.2200137080192
81.2200137080192
81.2200137080192
81.2200137080192
81.2200137080192
81.2200137080192
81.2200137080192
81.2200137080192
81.2200137080192
81.2200137080192
81.2200137080192
85.33241946538726
85.33241946538726
85.33241946538726
85.33241946538726
85.33241946538726
85.33241946538726
85.33241946538726
85.33241946538726
85.33241946538726
85.33241946538726
85.33241946538726
85.33241946538726
85.33241946538726
85.33241946538726
85.33241946538726
85.33241946538726
85.33241946538726
85.33241946538726
85.33241946538726
85.33241946538726
85.33241946538726
85.33241946538726
85.33241946538726
85.33241946538726
85.33241946538726
85.33241946538726
85.33241946538726
85.33241946538726
85.33241946538726
85.33241946538726
85.33241946538726
85.33241946538726
85.33241946538726
85.33241946538726
85.33241946538726
85.33241946538726
85.33241946538726
85.33241946538726
85.33241946538726
85.33241946538726
85.33241946538726
85.33241946538726
85.33241946538726
85.33241946538726
85.33241946538726
85.33241946538726
85.33241946538726
85.33241946538726
85.33241946538726
85.33241946538726
85.33241946538726
85.33241946538726
85.33241946538726
85.33241946538726
85.33241946538726
85.33241946538726
85.33241946538726
85.33241946538726
85.33241946538726
85.33241946538726
85.33241946538726
85.33241946538726
85.33241946538726
85.33241946538726
85.33241946538726
85.33241946538726
85.33241946538726
85.33241946538726
85.33241946538726
85.33241946538726
85.33241946538726
85.33241946538726
85.33241946538726
85.33241946538726
85.33241946538726
85.33241946538726
85.33241946538726
85.33241946538726
85.33241946538726
85.33241946538726
85.33241946538726
85.33241946538726
85.33241946538726
85.33241946538726
85.33241946538726
85.33241946538726
85.33241946538726
85.33241946538726
85.33241946538726
85.33241946538726
85.33241946538726
85.33241946538726
85.33241946538726
85.33241946538726
85.33241946538726
85.33241946538726
85.33241946538726
85.33241946538726
85.33241946538726
85.33241946538726
85.33241946538726
85.33241946538726
85.33241946538726
85.33241946538726
85.33241946538726
85.33241946538726
85.33241946538726
85.33241946538726
85.33241946538726
85.33241946538726
85.33241946538726
85.33241946538726
71.11034955448937
0.0
0.0
0.0
0.0
0.0
0.0
0.0
0.0
0.0
0.0
0.0
0.0
0.0
0.0
0.0
0.0
0.0
0.0
0.0
0.0
0.0
0.0
24.902901530728812
112.06305688827965
112.06305688827965
112.06305688827965
112.06305688827965
112.06305688827965
112.06305688827965
112.06305688827965
112.06305688827965
112.06305688827965
117.0893305917295
120.28786840301576
120.28786840301576
120.28786840301576
120.28786840301576
120.28786840301576
120.28786840301576
120.28786840301576
120.28786840301576
120.28786840301576
120.28786840301576
120.28786840301576
120.28786840301576
120.28786840301576
120.28786840301576
120.28786840301576
120.28786840301576
120.28786840301576
120.28786840301576
120.28786840301576
120.28786840301576
120.28786840301576
120.28786840301576
120.28786840301576
120.28786840301576
103.83824537354353
103.83824537354353
103.83824537354353
103.83824537354353
103.83824537354353
103.83824537354353
103.83824537354353
103.83824537354353
103.83824537354353
103.83824537354353
103.83824537354353
103.83824537354353
103.83824537354353
103.83824537354353
103.83824537354353
103.83824537354353
103.83824537354353
103.83824537354353
103.83824537354353
103.83824537354353
103.83824537354353
103.83824537354353
103.83824537354353
103.83824537354353
103.83824537354353
103.83824537354353
103.83824537354353
103.83824537354353
103.83824537354353
103.83824537354353
104.75211331962532
105.89444825222756
105.89444825222756
105.89444825222756
105.89444825222756
105.89444825222756
105.89444825222756
105.89444825222756
105.89444825222756
105.89444825222756
105.89444825222756
105.89444825222756
105.89444825222756
105.89444825222756
105.89444825222756
105.89444825222756
105.89444825222756
105.89444825222756
105.89444825222756
105.89444825222756
105.89444825222756
105.89444825222756
105.89444825222756
105.89444825222756
105.89444825222756
105.89444825222756
105.89444825222756
105.89444825222756
105.89444825222756
105.89444825222756
105.89444825222756
105.89444825222756
105.89444825222756
105.89444825222756
105.89444825222756
105.89444825222756
105.89444825222756
105.89444825222756
105.89444825222756
105.89444825222756
105.89444825222756
105.89444825222756
105.89444825222756
105.89444825222756
105.89444825222756
105.89444825222756
105.89444825222756
105.89444825222756
105.89444825222756
105.89444825222756
105.89444825222756
105.89444825222756
105.89444825222756
105.89444825222756
105.89444825222756
105.89444825222756
105.89444825222756
105.89444825222756
105.89444825222756
105.89444825222756
105.89444825222756
105.89444825222756
105.89444825222756
105.89444825222756
105.89444825222756
105.89444825222756
105.89444825222756
105.89444825222756
105.89444825222756
105.89444825222756
105.89444825222756
105.89444825222756
105.89444825222756
105.89444825222756
105.89444825222756
105.89444825222756
105.89444825222756
105.89444825222756
105.89444825222756
105.89444825222756
105.89444825222756
105.89444825222756
105.89444825222756
105.89444825222756
105.89444825222756
105.89444825222756
105.89444825222756
105.89444825222756
105.89444825222756
105.89444825222756
105.89444825222756
105.89444825222756
105.89444825222756
105.89444825222756
105.89444825222756
105.89444825222756
105.89444825222756
105.89444825222756
105.89444825222756
105.89444825222756
105.89444825222756
105.89444825222756
105.89444825222756
105.89444825222756
105.89444825222756
105.89444825222756
105.89444825222756
105.89444825222756
105.89444825222756
105.89444825222756
105.89444825222756
105.89444825222756
105.89444825222756
105.89444825222756
105.89444825222756
105.89444825222756
105.89444825222756
105.89444825222756
105.89444825222756
105.89444825222756
105.89444825222756
105.89444825222756
105.89444825222756
105.89444825222756
105.89444825222756
105.89444825222756
105.89444825222756
105.89444825222756
106.122915238748
107.9506511309116
107.9506511309116
107.9506511309116
107.9506511309116
107.9506511309116
107.9506511309116
107.9506511309116
107.9506511309116
107.9506511309116
107.9506511309116
107.9506511309116
107.9506511309116
107.9506511309116
107.9506511309116
107.9506511309116
111.37765592871831
112.06305688827965
112.06305688827965
112.06305688827965
112.06305688827965
112.06305688827965
112.06305688827965
112.06305688827965
112.06305688827965
112.06305688827965
112.06305688827965
112.06305688827965
112.06305688827965
112.06305688827965
112.06305688827965
112.06305688827965
112.06305688827965
112.06305688827965
112.06305688827965
112.06305688827965
112.06305688827965
112.06305688827965
112.06305688827965
112.06305688827965
112.06305688827965
112.06305688827965
112.06305688827965
112.06305688827965
112.06305688827965
112.06305688827965
112.06305688827965
112.06305688827965
111.37765592871831
107.9506511309116
107.9506511309116
107.9506511309116
107.9506511309116
107.9506511309116
107.9506511309116
107.9506511309116
107.9506511309116
107.9506511309116
107.9506511309116
107.9506511309116
107.9506511309116
107.9506511309116
107.9506511309116
107.9506511309116
107.9506511309116
107.9506511309116
107.9506511309116
107.9506511309116
107.9506511309116
107.9506511309116
107.9506511309116
107.9506511309116
107.9506511309116
107.9506511309116
107.9506511309116
107.9506511309116
107.9506511309116
107.9506511309116
107.9506511309116
107.9506511309116
107.9506511309116
107.9506511309116
107.9506511309116
107.9506511309116
107.9506511309116
107.9506511309116
107.9506511309116
107.9506511309116
107.9506511309116
107.9506511309116
107.9506511309116
107.9506511309116
107.9506511309116
107.9506511309116
107.9506511309116
107.9506511309116
107.9506511309116
107.9506511309116
104.98058030614577
103.83824537354353
103.83824537354353
103.83824537354353
103.83824537354353
103.83824537354353
103.83824537354353
103.83824537354353
103.83824537354353
103.83824537354353
103.83824537354353
103.83824537354353
103.83824537354353
103.83824537354353
103.83824537354353
103.83824537354353
103.83824537354353
103.83824537354353
103.83824537354353
103.83824537354353
103.83824537354353
103.83824537354353
103.83824537354353
103.83824537354353
103.83824537354353
103.83824537354353
103.83824537354353
103.83824537354353
103.83824537354353
103.83824537354353
103.83824537354353
103.83824537354353
103.83824537354353
103.83824537354353
103.83824537354353
103.83824537354353
103.83824537354353
103.83824537354353
103.83824537354353
103.83824537354353
103.83824537354353
103.83824537354353
103.83824537354353
103.83824537354353
103.83824537354353
103.83824537354353
103.83824537354353
103.83824537354353
103.83824537354353
103.83824537354353
103.83824537354353
103.83824537354353
103.83824537354353
103.83824537354353
103.83824537354353
103.83824537354353
103.83824537354353
103.83824537354353
103.83824537354353
103.83824537354353
103.83824537354353
103.83824537354353
103.83824537354353
103.83824537354353
103.83824537354353
103.83824537354353
103.83824537354353
103.83824537354353
103.83824537354353
103.83824537354353
103.83824537354353
103.83824537354353
103.83824537354353
103.83824537354353
103.83824537354353
103.83824537354353
103.83824537354353
103.83824537354353
103.83824537354353
103.83824537354353
103.83824537354353
103.83824537354353
103.83824537354353
103.83824537354353
103.83824537354353
103.83824537354353
103.83824537354353
103.83824537354353
103.83824537354353
103.83824537354353
103.83824537354353
103.83824537354353
103.83824537354353
103.83824537354353
103.83824537354353
103.83824537354353
103.83824537354353
103.83824537354353
103.83824537354353
103.83824537354353
103.83824537354353
103.83824537354353
103.83824537354353
103.83824537354353
103.83824537354353
103.83824537354353
103.83824537354353
103.83824537354353
103.83824537354353
103.83824537354353
103.83824537354353
103.83824537354353
103.83824537354353
103.83824537354353
103.83824537354353
103.83824537354353
103.83824537354353
103.83824537354353
103.83824537354353
103.83824537354353
103.83824537354353
103.83824537354353
103.83824537354353
103.83824537354353
103.83824537354353
103.83824537354353
103.83824537354353
103.83824537354353
103.83824537354353
103.83824537354353
103.83824537354353
103.83824537354353
103.83824537354353
103.83824537354353
103.83824537354353
103.83824537354353
103.83824537354353
103.83824537354353
103.83824537354353
103.83824537354353
103.83824537354353
103.83824537354353
103.83824537354353
103.83824537354353
103.83824537354353
103.83824537354353
103.83824537354353
100.75394105551749
100.75394105551749
100.75394105551749
100.75394105551749
100.75394105551749
100.75394105551749
100.75394105551749
100.75394105551749
100.75394105551749
100.75394105551749
100.75394105551749
100.75394105551749
100.75394105551749
100.75394105551749
100.75394105551749
100.75394105551749
100.75394105551749
100.75394105551749
100.75394105551749
100.75394105551749
100.75394105551749
100.75394105551749
100.75394105551749
100.75394105551749
100.75394105551749
100.75394105551749
100.75394105551749
100.75394105551749
100.75394105551749
100.75394105551749
100.75394105551749
100.75394105551749
100.75394105551749
100.75394105551749
100.75394105551749
100.75394105551749
100.75394105551749
100.75394105551749
100.75394105551749
100.75394105551749
100.75394105551749
100.75394105551749
100.75394105551749
100.75394105551749
100.75394105551749
100.75394105551749
100.75394105551749
100.75394105551749
100.75394105551749
100.75394105551749
100.75394105551749
100.75394105551749
100.75394105551749
100.75394105551749
98.35503769705278
97.66963673749144
97.66963673749144
97.66963673749144
97.66963673749144
97.66963673749144
97.66963673749144
97.66963673749144
97.66963673749144
97.66963673749144
97.66963673749144
97.66963673749144
