0.0
0.0
0.0
0.0
0.0
-0.5627778715740898
-1.0130001688333616
-1.0130001688333616
-1.0130001688333616
-1.0130001688333616
-1.0130001688333616
-1.0130001688333616
-1.0130001688333616
-1.0130001688333616
-1.0130001688333616
-1.0130001688333616
-1.0130001688333616
-1.0130001688333616
-1.0130001688333616
-1.0130001688333616
-1.0130001688333616
-1.0130001688333616
-1.0130001688333616
-1.0130001688333616
-1.0130001688333616
-1.0130001688333616
-1.0130001688333616
-1.0130001688333616
-1.0130001688333616
-1.0130001688333616
-1.0130001688333616
-1.0130001688333616
-1.0130001688333616
-1.0130001688333616
-1.0130001688333616
-1.0130001688333616
-1.0130001688333616
-1.0130001688333616
-1.0130001688333616
-1.0130001688333616
-1.0130001688333616
-1.0130001688333616
-1.0130001688333616
-1.0130001688333616
-1.0130001688333616
-1.0130001688333616
-1.0130001688333616
-1.0130001688333616
-1.0130001688333616
-1.0130001688333616
-1.0130001688333616
-1.0130001688333616
-1.0130001688333616
-1.0130001688333616
-1.0130001688333616
-1.0130001688333616
-1.0130001688333616
-1.0130001688333616
-1.0130001688333616
-1.0130001688333616
-1.0130001688333616
-1.0130001688333616
-1.0130001688333616
-1.0130001688333616
-1.0130001688333616
-1.0130001688333616
-1.0130001688333616
-1.0130001688333616
-1.0130001688333616
-1.0130001688333616
-1.0130001688333616
-1.0130001688333616
-1.0130001688333616
-1.0130001688333616
-1.0130001688333616
-0.7878890202037256
0.0
0.0
0.0
0.0
0.0
0.0
0.0
0.0
0.0
0.0
0.0
0.0
0.0
0.0
1.0130001688333616
1.0130001688333616
1.0130001688333616
1.0130001688333616
1.0130001688333616
1.0130001688333616
1.0130001688333616
1.0130001688333616
2.0260003376667233
2.0260003376667233
2.0260003376667233
2.0260003376667233
2.0260003376667233
2.0260003376667233
2.0260003376667233
2.0260003376667233
2.0260003376667233
2.0260003376667233
2.0260003376667233
2.0260003376667233
2.0260003376667233
2.0260003376667233
2.0260003376667233
2.0260003376667233
2.0260003376667233
2.0260003376667233
2.0260003376667233
2.0260003376667233
2.0260003376667233
2.0260003376667233
2.0260003376667233
2.0260003376667233
2.0260003376667233
2.0260003376667233
2.0260003376667233
2.0260003376667233
2.0260003376667233
2.0260003376667233
1.0130001688333616
1.0130001688333616
1.0130001688333616
1.0130001688333616
1.0130001688333616
1.0130001688333616
1.0130001688333616
1.0130001688333616
1.0130001688333616
1.0130001688333616
1.0130001688333616
1.0130001688333616
1.0130001688333616
1.0130001688333616
1.0130001688333616
1.0130001688333616
1.0130001688333616
1.0130001688333616
1.0130001688333616
1.0130001688333616
1.0130001688333616
1.0130001688333616
1.0130001688333616
1.0130001688333616
1.0130001688333616
1.0130001688333616
1.0130001688333616
1.0130001688333616
1.0130001688333616
1.0130001688333616
1.0130001688333616
1.0130001688333616
1.0130001688333616
1.0130001688333616
1.0130001688333616
1.0130001688333616
1.0130001688333616
1.0130001688333616
1.0130001688333616
1.0130001688333616
1.0130001688333616
1.0130001688333616
1.0130001688333616
1.0130001688333616
1.0130001688333616
1.0130001688333616
1.0130001688333616
1.0130001688333616
1.0130001688333616
1.0130001688333616
0.0
0.0
0.0
0.0
0.0
0.0
0.0
0.0
0.0
0.0
0.0
0.0
0.0
0.0
0.0
0.0
0.0
0.0
0.0
0.0
0.0
0.0
0.0
0.0
0.0
0.0
0.0
0.0
0.0
0.0
0.0
0.0
0.0
0.0
0.0
0.0
0.0
0.0
0.0
0.0
0.0
0.0
0.0
0.0
0.0
0.0
0.0
0.0
0.0
0.0
0.0
0.0
0.0
0.0
0.0
0.0
0.0
0.0
0.0
0.0
0.0
0.0
0.0
0.0
-0.7878890202037256
-1.0130001688333616
-1.0130001688333616
-1.0130001688333616
-1.0130001688333616
-1.0130001688333616
-1.0130001688333616
-1.0130001688333616
-1.0130001688333616
-1.0130001688333616
-1.0130001688333616
-1.0130001688333616
-1.0130001688333616
-1.0130001688333616
-1.0130001688333616
-1.0130001688333616
-1.0130001688333616
-1.0130001688333616
-1.0130001688333616
-1.0130001688333616
-1.0130001688333616
-1.0130001688333616
-1.0130001688333616
-1.0130001688333616
-1.0130001688333616
-1.0130001688333616
-1.0130001688333616
-1.0130001688333616
-1.0130001688333616
-1.0130001688333616
-1.0130001688333616
-1.0130001688333616
-1.0130001688333616
-1.0130001688333616
-1.0130001688333616
-1.0130001688333616
-1.0130001688333616
-1.0130001688333616
-1.0130001688333616
-1.0130001688333616
-1.0130001688333616
-0.3376667229444539
0.0
0.0
0.0
0.0
0.0
0.2813889357870449
1.0130001688333616
1.0130001688333616
1.2943891046204063
2.0260003376667233
2.0260003376667233
2.0260003376667233
2.813889357870449
3.0390005065000847
3.0390005065000847
3.0390005065000847
3.3203894422871296
4.0520006753334465
4.0520006753334465
4.0520006753334465
4.0520006753334465
4.0520006753334465
4.0520006753334465
4.0520006753334465
4.0520006753334465
4.8961674826945805
5.065000844166808
5.065000844166808
5.065000844166808
5.065000844166808
5.065000844166808
5.065000844166808
5.065000844166808
5.065000844166808
5.065000844166808
5.065000844166808
5.065000844166808
5.065000844166808
5.065000844166808
5.065000844166808
5.065000844166808
5.065000844166808
5.065000844166808
5.065000844166808
5.065000844166808
5.065000844166808
5.065000844166808
5.065000844166808
5.065000844166808
5.065000844166808
5.065000844166808
5.065000844166808
5.065000844166808
5.065000844166808
5.065000844166808
5.065000844166808
5.065000844166808
5.065000844166808
5.065000844166808
5.065000844166808
5.065000844166808
5.065000844166808
5.065000844166808
5.065000844166808
5.065000844166808
5.065000844166808
5.065000844166808
5.065000844166808
5.065000844166808
5.065000844166808
5.065000844166808
5.065000844166808
4.614778546907536
4.0520006753334465
4.0520006753334465
4.0520006753334465
4.0520006753334465
4.0520006753334465
4.0520006753334465
4.0520006753334465
3.939445101018628
3.0390005065000847
3.0390005065000847
3.0390005065000847
3.0390005065000847
2.9827227193426755
2.0260003376667233
2.0260003376667233
2.0260003376667233
2.0260003376667233
1.0130001688333616
1.0130001688333616
1.0130001688333616
0.2251111486296359
0.0
0.0
0.0
0.0
0.0
-1.0130001688333616
-1.0130001688333616
-1.2943891046204063
-2.0260003376667233
-2.0260003376667233
-2.307389273453768
-3.0390005065000847
-3.0390005065000847
-3.0390005065000847
-3.0390005065000847
-3.4329450166019475
-4.0520006753334465
-4.0520006753334465
-4.0520006753334465
-4.0520006753334465
-4.0520006753334465
-3.6017783780741746
-3.0390005065000847
-3.0390005065000847
-3.0390005065000847
-3.0390005065000847
-3.0390005065000847
-2.419944847768586
-2.0260003376667233
-2.0260003376667233
-2.0260003376667233
-1.5757780404074513
-1.0130001688333616
-1.0130001688333616
-1.0130001688333616
-0.5627778715740898
0.0
0.0
0.0
0.0
0.0
0.0
0.0
0.0
0.8441668073611346
1.0130001688333616
1.0130001688333616
1.0130001688333616
1.0692779559907706
2.0260003376667233
2.0260003376667233
2.0260003376667233
2.0260003376667233
2.0260003376667233
2.701333783555631
3.0390005065000847
3.0390005065000847
3.0390005065000847
3.0390005065000847
3.0390005065000847
3.0390005065000847
3.0390005065000847
3.939445101018628
4.0520006753334465
4.0520006753334465
4.0520006753334465
4.0520006753334465
4.0520006753334465
4.0520006753334465
4.0520006753334465
4.0520006753334465
4.0520006753334465
4.0520006753334465
4.0520006753334465
4.0520006753334465
4.0520006753334465
3.2641116551297205
3.0390005065000847
3.0390005065000847
3.0390005065000847
3.0390005065000847
3.0390005065000847
2.0260003376667233
2.0260003376667233
2.0260003376667233
1.2943891046204063
1.0130001688333616
1.0130001688333616
0.0
0.0
0.0
0.0
0.0
-1.0130001688333616
-1.0130001688333616
-1.3506668917778155
-2.0260003376667233
-2.0260003376667233
-2.307389273453768
-3.0390005065000847
-3.0390005065000847
-3.0390005065000847
-3.5455005909167654
-4.0520006753334465
-4.0520006753334465
-4.0520006753334465
-4.0520006753334465
-5.008723057009399
-5.065000844166808
-5.065000844166808
-5.065000844166808
-5.065000844166808
-5.065000844166808
-5.065000844166808
-6.078001013000169
-6.078001013000169
-6.078001013000169
-6.078001013000169
-6.078001013000169
-5.177556418481625
-5.065000844166808
-5.065000844166808
-5.065000844166808
-5.065000844166808
-4.783611908379763
-4.0520006753334465
-4.0520006753334465
-4.0520006753334465
-3.1515560808149026
-3.0390005065000847
-3.0390005065000847
-2.307389273453768
-2.0260003376667233
-2.0260003376667233
-1.4069446789352245
-1.0130001688333616
-1.0130001688333616
-0.7316112330463167
0.0
0.0
0.0
0.0
0.0
0.0
0.0
0.7878890202037256
1.0130001688333616
1.0130001688333616
1.0130001688333616
1.1818335303055885
2.0260003376667233
2.0260003376667233
2.0260003376667233
2.0260003376667233
2.0260003376667233
2.0260003376667233
3.0390005065000847
3.0390005065000847
3.0390005065000847
3.0390005065000847
3.0390005065000847
3.0390005065000847
3.0390005065000847
3.0390005065000847
3.0390005065000847
3.0390005065000847
3.0390005065000847
3.0390005065000847
3.0390005065000847
3.0390005065000847
3.0390005065000847
3.0390005065000847
3.0390005065000847
3.0390005065000847
3.0390005065000847
3.0390005065000847
3.0390005065000847
3.0390005065000847
3.0390005065000847
3.0390005065000847
3.0390005065000847
3.0390005065000847
3.0390005065000847
3.0390005065000847
3.0390005065000847
3.0390005065000847
3.0390005065000847
3.0390005065000847
3.0390005065000847
3.0390005065000847
3.0390005065000847
3.0390005065000847
3.0390005065000847
3.0390005065000847
3.0390005065000847
3.0390005065000847
3.0390005065000847
3.0390005065000847
3.0390005065000847
3.0390005065000847
3.0390005065000847
3.0390005065000847
3.0390005065000847
3.0390005065000847
3.0390005065000847
3.0390005065000847
3.0390005065000847
3.0390005065000847
3.0390005065000847
3.0390005065000847
3.0390005065000847
3.0390005065000847
3.0390005065000847
3.0390005065000847
3.0390005065000847
3.0390005065000847
3.0390005065000847
2.8701671450278576
2.082278124824132
2.0260003376667233
2.0260003376667233
2.0260003376667233
2.0260003376667233
2.0260003376667233
2.0260003376667233
2.0260003376667233
2.0260003376667233
2.0260003376667233
2.0260003376667233
2.0260003376667233
2.0260003376667233
2.0260003376667233
2.0260003376667233
2.0260003376667233
2.0260003376667233
2.0260003376667233
2.0260003376667233
2.0260003376667233
2.0260003376667233
2.0260003376667233
2.0260003376667233
2.0260003376667233
2.0260003376667233
2.0260003376667233
2.0260003376667233
2.0260003376667233
2.0260003376667233
2.0260003376667233
2.0260003376667233
2.0260003376667233
2.0260003376667233
2.0260003376667233
2.0260003376667233
2.0260003376667233
2.0260003376667233
2.0260003376667233
2.0260003376667233
2.0260003376667233
2.0260003376667233
2.0260003376667233
2.0260003376667233
2.0260003376667233
2.0260003376667233
2.0260003376667233
2.0260003376667233
2.0260003376667233
2.0260003376667233
2.0260003376667233
2.0260003376667233
2.0260003376667233
2.0260003376667233
2.0260003376667233
2.0260003376667233
2.0260003376667233
2.0260003376667233
2.0260003376667233
2.0260003376667233
2.0260003376667233
2.0260003376667233
2.0260003376667233
2.0260003376667233
2.0260003376667233
2.0260003376667233
2.0260003376667233
2.0260003376667233
1.0130001688333616
1.0130001688333616
1.0130001688333616
1.0130001688333616
1.0130001688333616
1.0130001688333616
1.0130001688333616
1.0130001688333616
1.0130001688333616
0.3376667229444539
0.0
0.0
0.0
0.0
0.0
0.0
0.0
0.0
0.0
0.0
0.0
0.0
0.0
0.0
0.0
0.0
0.0
0.0
0.0
-0.2813889357870449
-1.0130001688333616
-1.0130001688333616
-1.0130001688333616
-1.0130001688333616
-1.0130001688333616
-1.0130001688333616
-1.0130001688333616
-1.0130001688333616
-1.0130001688333616
-1.0130001688333616
-1.0130001688333616
-1.0130001688333616
-1.0130001688333616
-1.0130001688333616
-1.0130001688333616
-1.0130001688333616
-1.0130001688333616
-1.0130001688333616
-1.0130001688333616
-1.0130001688333616
-1.0130001688333616
-1.0130001688333616
-1.0130001688333616
-1.0130001688333616
-1.0130001688333616
-1.0130001688333616
-1.0130001688333616
-1.0130001688333616
-1.0130001688333616
-1.0130001688333616
-1.0130001688333616
-1.0130001688333616
-1.0130001688333616
-1.0130001688333616
-1.0130001688333616
-1.0130001688333616
-1.0130001688333616
-1.0130001688333616
-1.0130001688333616
-1.0130001688333616
-1.0130001688333616
-1.0130001688333616
-1.0130001688333616
-2.0260003376667233
-2.0260003376667233
-2.0260003376667233
-2.0260003376667233
-2.0260003376667233
-2.0260003376667233
-2.0260003376667233
-2.0260003376667233
-2.0260003376667233
-2.0260003376667233
-2.0260003376667233
-2.0260003376667233
-2.0260003376667233
-2.0260003376667233
-2.0260003376667233
-2.0260003376667233
-2.0260003376667233
-2.0260003376667233
-2.0260003376667233
-2.0260003376667233
-2.0260003376667233
-2.0260003376667233
-2.0260003376667233
-2.0260003376667233
-2.0260003376667233
-2.0260003376667233
-1.2943891046204063
-1.0130001688333616
-1.0130001688333616
-1.0130001688333616
-1.0130001688333616
-1.0130001688333616
-1.0130001688333616
-1.0130001688333616
-1.0130001688333616
-1.0130001688333616
-1.0130001688333616
-0.9567223816759526
0.0
0.0
0.0
0.0
0.0
0.0
0.0
0.0
0.0
0.0
0.0
0.0
0.0
0.0
0.0
0.0
0.0
0.0
0.0
0.0
0.0
0.0
0.0
0.0
0.0
0.0
0.0
0.0
0.0
0.0
0.0
0.0
0.0
0.0
0.0
0.0
0.0
0.0
0.0
0.0
0.0
0.0
0.0
0.0
0.0
0.0
0.0
0.0
0.0
0.0
0.0
0.0
0.0
0.0
0.0
0.0
0.0
0.0
0.0
0.0
0.0
0.0
0.0
0.0
0.0
0.0
0.0
0.0
0.0
0.0
0.0
0.0
0.0
0.0
0.0
0.0
0.0
0.0
0.0
0.0
0.0
0.0
0.0
0.0
0.0
0.0
0.0
0.0
0.0
0.0
0.0
0.0
0.0
0.0
0.0
0.0
0.0
0.0
0.0
0.0
0.0
0.0
0.0
0.0
0.0
0.0
0.0
0.0
0.0
0.0
0.0
0.0
0.0
0.0
0.0
0.0
0.0
0.0
0.0
0.0
0.0
0.0
0.0
0.0
0.0
0.0
0.0
0.0
0.0
0.0
0.0
0.0
0.0
0.0
0.0
0.0
-0.6190556587314987
-1.0130001688333616
-1.0130001688333616
-1.0130001688333616
-1.0130001688333616
-1.0130001688333616
-1.0130001688333616
-1.0130001688333616
-1.0130001688333616
-1.0130001688333616
-1.0130001688333616
-1.0130001688333616
-1.0130001688333616
-1.0130001688333616
-1.0130001688333616
-1.0130001688333616
-1.0130001688333616
-1.0130001688333616
-1.0130001688333616
-1.0130001688333616
-1.0130001688333616
-1.0130001688333616
-1.0130001688333616
-1.0130001688333616
-1.0130001688333616
