104.88493206482208
104.88493206482208
104.88493206482208
104.88493206482208
104.88493206482208
104.88493206482208
104.88493206482208
104.88493206482208
104.88493206482208
104.88493206482208
104.88493206482208
104.88493206482208
104.88493206482208
104.88493206482208
104.88493206482208
104.88493206482208
104.88493206482208
104.88493206482208
104.88493206482208
106.74696691978703
106.92153268743999
106.92153268743999
106.92153268743999
106.92153268743999
106.92153268743999
106.92153268743999
106.92153268743999
106.92153268743999
106.92153268743999
106.92153268743999
106.92153268743999
106.92153268743999
106.92153268743999
106.92153268743999
106.92153268743999
106.92153268743999
106.92153268743999
107.85255011492245
108.95813331005789
108.95813331005789
108.95813331005789
108.95813331005789
108.95813331005789
108.95813331005789
108.95813331005789
108.95813331005789
108.95813331005789
108.95813331005789
108.95813331005789
108.95813331005789
108.95813331005789
108.95813331005789
108.95813331005789
108.95813331005789
108.95813331005789
108.95813331005789
110.35465945128159
110.9947339326758
110.9947339326758
110.9947339326758
110.9947339326758
110.9947339326758
110.9947339326758
110.9947339326758
110.9947339326758
110.9947339326758
110.9947339326758
110.9947339326758
110.9947339326758
110.9947339326758
110.9947339326758
110.9947339326758
110.9947339326758
110.9947339326758
110.9947339326758
110.9947339326758
111.34386546798171
115.06793517791161
115.06793517791161
115.06793517791161
115.06793517791161
115.06793517791161
115.06793517791161
115.06793517791161
115.06793517791161
115.06793517791161
115.06793517791161
115.06793517791161
115.06793517791161
115.06793517791161
115.06793517791161
115.06793517791161
115.06793517791161
115.06793517791161
116.3480841407
117.1045358005295
117.1045358005295
117.1045358005295
117.1045358005295
117.1045358005295
117.1045358005295
117.1045358005295
117.1045358005295
117.1045358005295
117.1045358005295
117.1045358005295
117.1045358005295
117.1045358005295
117.1045358005295
117.1045358005295
117.1045358005295
117.1045358005295
117.1045358005295
117.1045358005295
117.1045358005295
117.1045358005295
117.1045358005295
117.1045358005295
117.1045358005295
117.1045358005295
117.1045358005295
117.1045358005295
117.1045358005295
117.1045358005295
117.1045358005295
117.1045358005295
117.1045358005295
117.1045358005295
117.1045358005295
117.1045358005295
117.1045358005295
116.69721567600592
116.08623548922056
116.08623548922056
116.08623548922056
116.08623548922056
116.08623548922056
116.08623548922056
116.08623548922056
116.08623548922056
116.08623548922056
116.08623548922056
116.08623548922056
116.08623548922056
116.08623548922056
116.08623548922056
116.08623548922056
116.08623548922056
116.08623548922056
116.08623548922056
115.53344389165284
115.06793517791161
115.06793517791161
115.06793517791161
115.06793517791161
115.06793517791161
115.06793517791161
115.06793517791161
115.06793517791161
115.06793517791161
115.06793517791161
115.06793517791161
115.06793517791161
115.06793517791161
115.06793517791161
115.06793517791161
115.06793517791161
115.06793517791161
115.06793517791161
114.71880364260568
114.04963486660264
114.04963486660264
114.04963486660264
114.04963486660264
114.04963486660264
114.04963486660264
114.04963486660264
114.04963486660264
114.04963486660264
114.04963486660264
114.04963486660264
114.04963486660264
114.04963486660264
114.04963486660264
114.04963486660264
114.04963486660264
114.04963486660264
114.04963486660264
114.04963486660264
112.65310872537894
109.97643362136684
109.97643362136684
109.97643362136684
109.97643362136684
109.97643362136684
109.97643362136684
109.97643362136684
109.97643362136684
109.97643362136684
109.97643362136684
109.97643362136684
109.97643362136684
109.97643362136684
109.97643362136684
109.97643362136684
109.97643362136684
109.97643362136684
109.97643362136684
109.97643362136684
109.97643362136684
109.97643362136684
107.93983299874894
107.93983299874894
107.93983299874894
107.93983299874894
107.93983299874894
107.93983299874894
107.93983299874894
107.93983299874894
107.93983299874894
107.93983299874894
107.93983299874894
107.93983299874894
107.93983299874894
107.93983299874894
107.93983299874894
107.93983299874894
107.93983299874894
107.93983299874894
107.93983299874894
107.93983299874894
107.93983299874894
107.93983299874894
107.93983299874894
107.93983299874894
107.93983299874894
107.93983299874894
107.93983299874894
107.93983299874894
107.93983299874894
107.93983299874894
107.93983299874894
107.93983299874894
107.93983299874894
107.93983299874894
107.93983299874894
107.93983299874894
107.93983299874894
107.93983299874894
107.93983299874894
107.93983299874894
107.93983299874894
107.93983299874894
107.93983299874894
107.93983299874894
107.93983299874894
107.93983299874894
107.93983299874894
107.93983299874894
107.93983299874894
107.93983299874894
107.93983299874894
107.93983299874894
107.93983299874894
107.29975851735475
106.92153268743999
106.92153268743999
106.92153268743999
106.92153268743999
106.92153268743999
106.92153268743999
106.92153268743999
106.92153268743999
106.92153268743999
106.92153268743999
106.92153268743999
106.92153268743999
106.92153268743999
106.92153268743999
106.92153268743999
106.92153268743999
108.20168165022838
110.9947339326758
110.9947339326758
110.9947339326758
110.9947339326758
110.9947339326758
110.9947339326758
110.9947339326758
110.9947339326758
110.9947339326758
110.9947339326758
110.9947339326758
110.9947339326758
110.9947339326758
110.9947339326758
110.9947339326758
110.9947339326758
113.0313345552937
113.0313345552937
113.0313345552937
113.0313345552937
113.0313345552937
113.0313345552937
113.0313345552937
113.0313345552937
113.0313345552937
113.0313345552937
113.0313345552937
113.0313345552937
113.0313345552937
113.0313345552937
113.0313345552937
113.0313345552937
113.0313345552937
113.0313345552937
115.00974658869394
115.06793517791161
115.06793517791161
115.06793517791161
115.06793517791161
115.06793517791161
115.06793517791161
115.06793517791161
115.06793517791161
115.06793517791161
115.06793517791161
115.06793517791161
115.06793517791161
115.06793517791161
115.06793517791161
115.06793517791161
115.06793517791161
115.56253818626166
116.08623548922056
116.08623548922056
116.08623548922056
116.08623548922056
116.08623548922056
116.08623548922056
116.08623548922056
116.08623548922056
116.08623548922056
116.08623548922056
116.08623548922056
116.08623548922056
116.08623548922056
116.08623548922056
116.08623548922056
116.08623548922056
116.08623548922056
117.89008175496784
118.12283611183847
118.12283611183847
118.12283611183847
118.12283611183847
118.12283611183847
118.12283611183847
118.12283611183847
118.12283611183847
118.12283611183847
118.12283611183847
118.12283611183847
118.12283611183847
118.12283611183847
118.12283611183847
118.12283611183847
118.09374181722963
117.1045358005295
117.1045358005295
117.1045358005295
117.1045358005295
117.1045358005295
117.1045358005295
117.1045358005295
117.1045358005295
117.1045358005295
117.1045358005295
117.1045358005295
117.1045358005295
117.1045358005295
117.1045358005295
117.1045358005295
117.1045358005295
117.1045358005295
117.1045358005295
117.1045358005295
117.1045358005295
117.1045358005295
117.1045358005295
117.1045358005295
117.1045358005295
117.1045358005295
117.1045358005295
117.1045358005295
117.1045358005295
117.1045358005295
117.1045358005295
117.1045358005295
117.1045358005295
117.1045358005295
117.1045358005295
122.69064036542433
123.21433766838322
123.21433766838322
123.21433766838322
123.21433766838322
123.21433766838322
123.21433766838322
123.21433766838322
123.21433766838322
123.21433766838322
123.21433766838322
123.21433766838322
123.21433766838322
123.21433766838322
123.21433766838322
123.21433766838322
123.21433766838322
124.61086380960693
125.25093829100112
125.25093829100112
125.25093829100112
125.25093829100112
125.25093829100112
125.25093829100112
125.25093829100112
125.25093829100112
125.25093829100112
125.25093829100112
125.25093829100112
125.25093829100112
125.25093829100112
125.25093829100112
125.25093829100112
125.25093829100112
123.6216577929068
123.21433766838322
123.21433766838322
123.21433766838322
123.21433766838322
123.21433766838322
123.21433766838322
123.21433766838322
123.21433766838322
123.21433766838322
123.21433766838322
123.21433766838322
123.21433766838322
123.21433766838322
123.21433766838322
123.21433766838322
123.21433766838322
122.69064036542433
122.19603735707427
122.19603735707427
122.19603735707427
122.19603735707427
122.19603735707427
122.19603735707427
122.19603735707427
122.19603735707427
122.19603735707427
122.19603735707427
122.19603735707427
122.19603735707427
122.19603735707427
122.19603735707427
122.19603735707427
122.19603735707427
122.19603735707427
122.19603735707427
122.19603735707427
120.01396526141222
119.14113642314742
119.14113642314742
119.14113642314742
119.14113642314742
119.14113642314742
119.14113642314742
119.14113642314742
119.14113642314742
119.14113642314742
119.14113642314742
119.14113642314742
119.14113642314742
119.14113642314742
119.14113642314742
119.14113642314742
119.14113642314742
119.14113642314742
119.14113642314742
119.14113642314742
119.14113642314742
119.14113642314742
119.14113642314742
119.14113642314742
119.14113642314742
119.14113642314742
119.14113642314742
119.14113642314742
119.14113642314742
119.14113642314742
119.14113642314742
119.14113642314742
119.14113642314742
119.14113642314742
119.14113642314742
119.14113642314742
119.14113642314742
120.97407698350352
122.19603735707427
122.19603735707427
122.19603735707427
122.19603735707427
122.19603735707427
122.19603735707427
122.19603735707427
122.19603735707427
122.19603735707427
122.19603735707427
122.19603735707427
122.19603735707427
122.19603735707427
122.19603735707427
122.19603735707427
122.19603735707427
122.19603735707427
122.19603735707427
122.19603735707427
122.19603735707427
122.19603735707427
122.19603735707427
122.19603735707427
122.19603735707427
122.19603735707427
122.19603735707427
122.19603735707427
122.19603735707427
122.19603735707427
122.19603735707427
122.19603735707427
122.19603735707427
122.19603735707427
122.19603735707427
122.19603735707427
122.19603735707427
122.19603735707427
122.19603735707427
122.19603735707427
122.19603735707427
122.19603735707427
122.19603735707427
122.19603735707427
122.19603735707427
122.19603735707427
122.19603735707427
122.19603735707427
122.19603735707427
122.19603735707427
112.27488289546419
110.9947339326758
110.9947339326758
110.9947339326758
110.9947339326758
110.9947339326758
110.9947339326758
110.9947339326758
110.9947339326758
110.9947339326758
110.9947339326758
110.9947339326758
110.9947339326758
110.9947339326758
110.9947339326758
110.9947339326758
110.9947339326758
116.75540426522358
117.1045358005295
117.1045358005295
117.1045358005295
117.1045358005295
117.1045358005295
117.1045358005295
117.1045358005295
117.1045358005295
117.1045358005295
117.1045358005295
117.1045358005295
117.1045358005295
117.1045358005295
117.1045358005295
117.1045358005295
117.3081958627913
118.12283611183847
118.12283611183847
118.12283611183847
118.12283611183847
118.12283611183847
118.12283611183847
118.12283611183847
118.12283611183847
118.12283611183847
118.12283611183847
118.12283611183847
118.12283611183847
118.12283611183847
118.12283611183847
118.12283611183847
118.12283611183847
118.12283611183847
118.12283611183847
119.8684937883681
120.15943673445636
120.15943673445636
120.15943673445636
120.15943673445636
120.15943673445636
120.15943673445636
120.15943673445636
120.15943673445636
120.15943673445636
120.15943673445636
120.15943673445636
120.15943673445636
120.15943673445636
120.15943673445636
120.15943673445636
123.53437490908033
124.23263797969217
124.23263797969217
124.23263797969217
124.23263797969217
124.23263797969217
124.23263797969217
124.23263797969217
124.23263797969217
124.23263797969217
124.23263797969217
124.23263797969217
124.23263797969217
124.23263797969217
124.23263797969217
124.23263797969217
123.47618631986266
123.21433766838322
123.21433766838322
123.21433766838322
123.21433766838322
123.21433766838322
123.21433766838322
123.21433766838322
123.21433766838322
123.21433766838322
123.21433766838322
123.21433766838322
123.21433766838322
123.21433766838322
123.21433766838322
123.21433766838322
123.21433766838322
123.21433766838322
123.21433766838322
123.21433766838322
123.21433766838322
123.12705478455673
120.15943673445636
120.15943673445636
120.15943673445636
120.15943673445636
120.15943673445636
120.15943673445636
120.15943673445636
120.15943673445636
120.15943673445636
120.15943673445636
120.15943673445636
120.15943673445636
120.15943673445636
120.15943673445636
120.15943673445636
120.15943673445636
120.15943673445636
120.68313403741526
122.19603735707427
122.19603735707427
122.19603735707427
122.19603735707427
122.19603735707427
122.19603735707427
122.19603735707427
122.19603735707427
122.19603735707427
122.19603735707427
122.19603735707427
122.19603735707427
122.19603735707427
122.19603735707427
122.19603735707427
122.19603735707427
122.19603735707427
122.19603735707427
122.19603735707427
122.19603735707427
122.19603735707427
119.31570219080038
119.14113642314742
119.14113642314742
119.14113642314742
119.14113642314742
119.14113642314742
119.14113642314742
119.14113642314742
119.14113642314742
119.14113642314742
119.14113642314742
119.14113642314742
119.14113642314742
119.14113642314742
119.14113642314742
119.14113642314742
119.14113642314742
119.14113642314742
119.14113642314742
119.14113642314742
117.86098746035901
117.1045358005295
117.1045358005295
117.1045358005295
117.1045358005295
117.1045358005295
117.1045358005295
117.1045358005295
117.1045358005295
117.1045358005295
117.1045358005295
117.1045358005295
117.1045358005295
117.1045358005295
117.1045358005295
117.1045358005295
117.1045358005295
117.1045358005295
117.1045358005295
117.1045358005295
117.1045358005295
117.1045358005295
116.72630997061475
116.08623548922056
116.08623548922056
116.08623548922056
116.08623548922056
116.08623548922056
116.08623548922056
116.08623548922056
116.08623548922056
116.08623548922056
116.08623548922056
116.08623548922056
116.08623548922056
116.08623548922056
116.08623548922056
116.08623548922056
116.08623548922056
116.08623548922056
116.08623548922056
116.08623548922056
116.08623548922056
116.08623548922056
116.08623548922056
116.08623548922056
116.08623548922056
116.08623548922056
116.08623548922056
116.08623548922056
116.08623548922056
116.08623548922056
116.08623548922056
116.08623548922056
116.08623548922056
116.08623548922056
116.08623548922056
116.08623548922056
116.08623548922056
116.08623548922056
116.08623548922056
116.08623548922056
116.08623548922056
116.08623548922056
116.08623548922056
116.08623548922056
116.08623548922056
116.08623548922056
116.08623548922056
116.08623548922056
116.08623548922056
116.08623548922056
116.08623548922056
116.08623548922056
116.08623548922056
116.08623548922056
116.08623548922056
116.08623548922056
116.08623548922056
117.1045358005295
117.1045358005295
117.1045358005295
117.1045358005295
117.1045358005295
117.1045358005295
117.1045358005295
117.1045358005295
117.1045358005295
117.1045358005295
117.1045358005295
117.1045358005295
117.1045358005295
117.1045358005295
117.1045358005295
117.1045358005295
115.24250094556457
115.06793517791161
115.06793517791161
115.06793517791161
115.06793517791161
115.06793517791161
115.06793517791161
115.06793517791161
115.06793517791161
115.06793517791161
115.06793517791161
115.06793517791161
115.06793517791161
115.06793517791161
115.06793517791161
115.06793517791161
115.06793517791161
115.06793517791161
115.06793517791161
115.06793517791161
115.06793517791161
115.06793517791161
115.06793517791161
115.06793517791161
115.06793517791161
115.06793517791161
115.06793517791161
115.06793517791161
115.06793517791161
115.06793517791161
115.06793517791161
115.06793517791161
115.06793517791161
115.06793517791161
115.06793517791161
115.06793517791161
115.06793517791161
115.06793517791161
115.06793517791161
115.06793517791161
115.06793517791161
115.06793517791161
115.06793517791161
115.06793517791161
115.06793517791161
115.06793517791161
115.06793517791161
115.06793517791161
115.06793517791161
115.06793517791161
115.06793517791161
115.06793517791161
121.99237729481248
122.19603735707427
122.19603735707427
122.19603735707427
122.19603735707427
122.19603735707427
122.19603735707427
122.19603735707427
122.19603735707427
122.19603735707427
122.19603735707427
122.19603735707427
122.19603735707427
122.19603735707427
122.19603735707427
122.19603735707427
122.19603735707427
124.55267522038928
125.25093829100112
125.25093829100112
125.25093829100112
125.25093829100112
125.25093829100112
125.25093829100112
125.25093829100112
125.25093829100112
125.25093829100112
125.25093829100112
125.25093829100112
125.25093829100112
125.25093829100112
125.25093829100112
125.25093829100112
125.25093829100112
125.25093829100112
121.17773704576531
121.17773704576531
121.17773704576531
121.17773704576531
121.17773704576531
121.17773704576531
121.17773704576531
121.17773704576531
121.17773704576531
121.17773704576531
121.17773704576531
121.17773704576531
121.17773704576531
121.17773704576531
121.17773704576531
121.17773704576531
121.17773704576531
121.17773704576531
121.17773704576531
121.17773704576531
121.17773704576531
121.17773704576531
121.17773704576531
121.17773704576531
121.17773704576531
121.17773704576531
121.17773704576531
121.17773704576531
121.17773704576531
121.17773704576531
121.17773704576531
121.17773704576531
121.17773704576531
121.17773704576531
121.17773704576531
119.14113642314742
116.08623548922056
116.08623548922056
116.08623548922056
116.08623548922056
116.08623548922056
116.08623548922056
116.08623548922056
116.08623548922056
116.08623548922056
116.08623548922056
116.08623548922056
