17.063323890883947
17.063323890883947
17.063323890883947
17.063323890883947
17.063323890883947
17.063323890883947
17.063323890883947
17.063323890883947
17.063323890883947
17.063323890883947
17.063323890883947
17.063323890883947
17.063323890883947
17.063323890883947
17.063323890883947
17.063323890883947
17.063323890883947
17.063323890883947
17.063323890883947
17.063323890883947
17.063323890883947
17.063323890883947
17.063323890883947
17.063323890883947
17.063323890883947
17.063323890883947
17.063323890883947
17.063323890883947
17.063323890883947
17.063323890883947
17.063323890883947
17.063323890883947
17.063323890883947
17.063323890883947
17.063323890883947
17.063323890883947
17.063323890883947
17.063323890883947
17.063323890883947
17.063323890883947
17.063323890883947
17.063323890883947
17.063323890883947
17.063323890883947
17.063323890883947
17.063323890883947
17.063323890883947
17.063323890883947
17.063323890883947
17.063323890883947
17.063323890883947
17.063323890883947
17.063323890883947
17.063323890883947
17.063323890883947
17.063323890883947
17.063323890883947
17.063323890883947
17.063323890883947
17.063323890883947
17.063323890883947
17.063323890883947
17.063323890883947
17.063323890883947
17.063323890883947
17.063323890883947
17.063323890883947
17.063323890883947
17.063323890883947
17.063323890883947
17.063323890883947
17.063323890883947
17.063323890883947
17.063323890883947
17.063323890883947
17.063323890883947
17.063323890883947
17.063323890883947
17.063323890883947
17.063323890883947
17.063323890883947
17.063323890883947
17.063323890883947
17.063323890883947
17.063323890883947
17.063323890883947
17.063323890883947
17.063323890883947
17.063323890883947
17.063323890883947
17.063323890883947
17.063323890883947
17.063323890883947
17.063323890883947
17.063323890883947
17.063323890883947
17.063323890883947
17.063323890883947
17.063323890883947
17.063323890883947
17.063323890883947
17.063323890883947
17.063323890883947
17.063323890883947
17.063323890883947
17.063323890883947
17.063323890883947
17.063323890883947
17.063323890883947
17.063323890883947
17.063323890883947
17.063323890883947
17.063323890883947
17.063323890883947
17.063323890883947
17.063323890883947
17.063323890883947
17.063323890883947
17.063323890883947
17.063323890883947
17.063323890883947
17.063323890883947
17.063323890883947
17.063323890883947
17.063323890883947
17.063323890883947
17.063323890883947
17.063323890883947
17.063323890883947
17.063323890883947
17.063323890883947
17.063323890883947
17.063323890883947
17.063323890883947
17.063323890883947
17.063323890883947
16.081903954676243
6.022349608547276
6.022349608547276
6.022349608547276
6.022349608547276
6.022349608547276
6.022349608547276
6.022349608547276
6.022349608547276
6.022349608547276
6.022349608547276
6.022349608547276
6.022349608547276
6.022349608547276
6.022349608547276
6.022349608547276
6.022349608547276
6.022349608547276
6.022349608547276
6.022349608547276
6.022349608547276
6.022349608547276
6.022349608547276
6.022349608547276
6.022349608547276
6.022349608547276
6.022349608547276
6.022349608547276
6.022349608547276
6.022349608547276
6.022349608547276
6.022349608547276
6.022349608547276
6.022349608547276
6.022349608547276
6.022349608547276
6.022349608547276
6.022349608547276
6.022349608547276
6.022349608547276
6.022349608547276
6.022349608547276
6.022349608547276
6.022349608547276
6.022349608547276
6.022349608547276
6.022349608547276
6.022349608547276
6.022349608547276
6.022349608547276
6.022349608547276
6.022349608547276
6.022349608547276
6.022349608547276
6.022349608547276
6.022349608547276
6.022349608547276
6.022349608547276
6.022349608547276
6.022349608547276
6.022349608547276
6.022349608547276
6.022349608547276
6.022349608547276
6.022349608547276
6.022349608547276
6.022349608547276
6.022349608547276
6.022349608547276
6.022349608547276
6.022349608547276
6.022349608547276
6.022349608547276
6.022349608547276
6.022349608547276
6.022349608547276
6.022349608547276
6.022349608547276
6.022349608547276
6.022349608547276
6.022349608547276
6.022349608547276
6.022349608547276
6.022349608547276
6.022349608547276
6.022349608547276
6.022349608547276
6.022349608547276
6.022349608547276
6.022349608547276
6.022349608547276
6.022349608547276
12.803069167800505
14.05214908661031
14.05214908661031
14.05214908661031
14.05214908661031
14.05214908661031
14.05214908661031
14.05214908661031
14.05214908661031
14.05214908661031
14.05214908661031
14.05214908661031
14.05214908661031
14.05214908661031
14.05214908661031
14.05214908661031
14.05214908661031
14.05214908661031
14.05214908661031
14.05214908661031
14.05214908661031
14.05214908661031
14.05214908661031
14.05214908661031
14.05214908661031
14.05214908661031
14.05214908661031
14.05214908661031
14.05214908661031
14.05214908661031
14.05214908661031
14.05214908661031
14.05214908661031
14.05214908661031
14.05214908661031
14.05214908661031
14.05214908661031
14.05214908661031
14.05214908661031
14.05214908661031
14.05214908661031
14.05214908661031
14.05214908661031
14.05214908661031
14.05214908661031
14.05214908661031
14.05214908661031
14.05214908661031
14.05214908661031
14.05214908661031
14.05214908661031
14.05214908661031
14.05214908661031
14.05214908661031
14.05214908661031
14.05214908661031
14.05214908661031
14.05214908661031
14.05214908661031
14.05214908661031
14.05214908661031
14.05214908661031
14.05214908661031
14.05214908661031
14.05214908661031
14.05214908661031
14.05214908661031
14.05214908661031
14.05214908661031
14.05214908661031
14.05214908661031
14.05214908661031
14.409029063413112
18.067048825641827
18.067048825641827
18.067048825641827
18.067048825641827
18.067048825641827
18.067048825641827
18.067048825641827
18.067048825641827
18.067048825641827
18.067048825641827
18.067048825641827
18.067048825641827
18.067048825641827
18.067048825641827
18.067048825641827
18.067048825641827
18.067048825641827
18.067048825641827
18.067048825641827
18.067048825641827
18.067048825641827
18.067048825641827
18.067048825641827
18.067048825641827
18.067048825641827
18.067048825641827
18.067048825641827
18.067048825641827
18.067048825641827
18.067048825641827
18.067048825641827
18.067048825641827
18.067048825641827
18.067048825641827
18.067048825641827
18.067048825641827
18.067048825641827
18.067048825641827
18.067048825641827
18.067048825641827
18.067048825641827
18.067048825641827
18.067048825641827
18.067048825641827
18.067048825641827
18.067048825641827
18.067048825641827
18.067048825641827
18.067048825641827
18.067048825641827
18.067048825641827
18.067048825641827
18.067048825641827
18.067048825641827
18.067048825641827
18.067048825641827
18.067048825641827
18.067048825641827
18.067048825641827
18.067048825641827
18.067048825641827
18.067048825641827
18.067048825641827
18.067048825641827
18.067048825641827
18.067048825641827
18.067048825641827
18.067048825641827
18.067048825641827
18.067048825641827
18.067048825641827
18.067048825641827
18.067048825641827
18.067048825641827
18.067048825641827
18.067048825641827
18.067048825641827
18.067048825641827
18.067048825641827
18.067048825641827
16.55030892422992
16.05959895612607
16.05959895612607
16.05959895612607
16.05959895612607
16.05959895612607
16.05959895612607
16.05959895612607
16.05959895612607
16.05959895612607
16.05959895612607
16.05959895612607
16.05959895612607
16.05959895612607
16.05959895612607
16.05959895612607
16.05959895612607
16.05959895612607
16.05959895612607
16.05959895612607
16.05959895612607
16.05959895612607
16.05959895612607
16.05959895612607
16.05959895612607
16.05959895612607
16.05959895612607
16.05959895612607
16.05959895612607
16.05959895612607
16.05959895612607
16.05959895612607
16.05959895612607
16.05959895612607
16.05959895612607
16.05959895612607
16.05959895612607
16.05959895612607
16.05959895612607
16.05959895612607
16.05959895612607
16.05959895612607
16.05959895612607
16.05959895612607
16.05959895612607
16.05959895612607
16.05959895612607
16.05959895612607
16.05959895612607
16.05959895612607
16.05959895612607
16.05959895612607
16.05959895612607
16.05959895612607
16.05959895612607
16.05959895612607
16.05959895612607
16.05959895612607
16.05959895612607
16.05959895612607
16.05959895612607
16.05959895612607
16.05959895612607
16.05959895612607
16.05959895612607
16.05959895612607
16.05959895612607
16.05959895612607
16.05959895612607
16.05959895612607
16.05959895612607
16.05959895612607
16.05959895612607
16.05959895612607
16.05959895612607
16.05959895612607
16.05959895612607
16.05959895612607
16.05959895612607
16.05959895612607
16.05959895612607
16.05959895612607
16.05959895612607
16.05959895612607
16.05959895612607
16.05959895612607
16.05959895612607
16.05959895612607
16.05959895612607
16.05959895612607
16.05959895612607
16.05959895612607
16.05959895612607
16.05959895612607
16.05959895612607
16.05959895612607
16.05959895612607
16.05959895612607
16.05959895612607
16.05959895612607
16.05959895612607
16.05959895612607
16.05959895612607
16.05959895612607
16.05959895612607
16.05959895612607
16.05959895612607
16.05959895612607
16.05959895612607
16.05959895612607
16.05959895612607
16.05959895612607
16.05959895612607
16.05959895612607
16.05959895612607
16.05959895612607
16.05959895612607
16.05959895612607
16.05959895612607
16.05959895612607
16.05959895612607
16.05959895612607
16.05959895612607
16.05959895612607
16.05959895612607
16.05959895612607
16.05959895612607
16.05959895612607
16.05959895612607
16.05959895612607
16.05959895612607
16.05959895612607
16.05959895612607
16.05959895612607
16.05959895612607
16.05959895612607
16.05959895612607
16.05959895612607
16.05959895612607
16.05959895612607
16.05959895612607
16.05959895612607
16.05959895612607
16.05959895612607
16.05959895612607
16.05959895612607
16.05959895612607
16.05959895612607
16.05959895612607
16.05959895612607
16.05959895612607
16.05959895612607
16.05959895612607
16.05959895612607
16.05959895612607
16.05959895612607
16.05959895612607
16.05959895612607
16.05959895612607
16.05959895612607
16.05959895612607
16.05959895612607
16.05959895612607
16.05959895612607
16.05959895612607
16.05959895612607
16.05959895612607
16.05959895612607
16.05959895612607
16.05959895612607
16.05959895612607
16.05959895612607
16.05959895612607
16.05959895612607
16.05959895612607
16.05959895612607
16.05959895612607
16.05959895612607
16.05959895612607
16.05959895612607
16.05959895612607
16.05959895612607
16.05959895612607
16.05959895612607
16.05959895612607
16.05959895612607
16.05959895612607
16.05959895612607
16.05959895612607
16.05959895612607
16.05959895612607
16.05959895612607
16.05959895612607
16.05959895612607
16.05959895612607
16.05959895612607
16.05959895612607
16.05959895612607
16.05959895612607
16.05959895612607
16.05959895612607
16.05959895612607
16.05959895612607
16.05959895612607
16.05959895612607
16.05959895612607
16.05959895612607
16.05959895612607
16.05959895612607
16.05959895612607
16.05959895612607
16.05959895612607
16.05959895612607
16.05959895612607
16.05959895612607
16.05959895612607
16.05959895612607
16.05959895612607
16.05959895612607
16.05959895612607
16.05959895612607
16.05959895612607
16.05959895612607
16.05959895612607
16.05959895612607
16.05959895612607
16.05959895612607
16.05959895612607
16.05959895612607
16.05959895612607
16.05959895612607
16.05959895612607
16.05959895612607
16.05959895612607
16.05959895612607
16.05959895612607
16.05959895612607
16.05959895612607
16.05959895612607
16.05959895612607
16.05959895612607
16.05959895612607
16.05959895612607
16.05959895612607
16.05959895612607
16.05959895612607
16.05959895612607
16.05959895612607
16.05959895612607
16.05959895612607
16.05959895612607
16.05959895612607
16.05959895612607
16.05959895612607
16.05959895612607
16.05959895612607
16.05959895612607
16.05959895612607
16.05959895612607
16.05959895612607
16.05959895612607
16.05959895612607
16.05959895612607
16.05959895612607
16.05959895612607
16.05959895612607
16.05959895612607
16.05959895612607
16.05959895612607
16.05959895612607
16.05959895612607
16.05959895612607
16.05959895612607
16.05959895612607
16.05959895612607
16.05959895612607
16.05959895612607
16.05959895612607
16.05959895612607
16.05959895612607
16.05959895612607
16.05959895612607
16.05959895612607
16.05959895612607
16.05959895612607
16.05959895612607
16.05959895612607
16.05959895612607
16.05959895612607
16.05959895612607
16.05959895612607
16.05959895612607
16.05959895612607
16.05959895612607
16.05959895612607
16.05959895612607
16.05959895612607
16.05959895612607
16.05959895612607
16.05959895612607
16.05959895612607
16.05959895612607
16.05959895612607
16.05959895612607
16.05959895612607
16.05959895612607
16.05959895612607
16.05959895612607
16.05959895612607
16.05959895612607
16.05959895612607
16.05959895612607
16.05959895612607
16.05959895612607
16.05959895612607
16.05959895612607
16.05959895612607
16.05959895612607
16.05959895612607
16.05959895612607
2.498159837619611
0.0
0.0
2.587379831820311
4.0148997390315175
4.0148997390315175
4.0148997390315175
4.0148997390315175
4.0148997390315175
4.0148997390315175
4.0148997390315175
4.0148997390315175
4.0148997390315175
4.0148997390315175
4.0148997390315175
4.0148997390315175
4.0148997390315175
4.0148997390315175
4.0148997390315175
4.0148997390315175
4.0148997390315175
4.0148997390315175
4.0148997390315175
4.0148997390315175
4.0148997390315175
4.0148997390315175
4.0148997390315175
4.0148997390315175
4.0148997390315175
4.0148997390315175
4.0148997390315175
4.0148997390315175
4.0148997390315175
4.0148997390315175
4.0148997390315175
4.0148997390315175
4.0148997390315175
4.0148997390315175
4.0148997390315175
4.0148997390315175
4.0148997390315175
4.0148997390315175
4.0148997390315175
4.0148997390315175
4.0148997390315175
4.0148997390315175
4.0148997390315175
4.0148997390315175
4.0148997390315175
4.0148997390315175
4.0148997390315175
4.0148997390315175
4.0148997390315175
4.0148997390315175
4.0148997390315175
4.0148997390315175
4.0148997390315175
4.0148997390315175
4.0148997390315175
4.0148997390315175
4.0148997390315175
4.0148997390315175
4.0148997390315175
4.0148997390315175
4.0148997390315175
4.0148997390315175
4.0148997390315175
4.0148997390315175
4.0148997390315175
4.0148997390315175
4.0148997390315175
4.0148997390315175
4.0148997390315175
4.0148997390315175
4.0148997390315175
4.0148997390315175
4.0148997390315175
4.0148997390315175
4.0148997390315175
4.0148997390315175
4.0148997390315175
4.0148997390315175
4.0148997390315175
4.0148997390315175
4.0148997390315175
4.0148997390315175
4.0148997390315175
4.0148997390315175
4.0148997390315175
4.0148997390315175
4.0148997390315175
4.0148997390315175
4.0148997390315175
4.0148997390315175
4.0148997390315175
4.0148997390315175
4.0148997390315175
4.0148997390315175
4.0148997390315175
4.0148997390315175
4.0148997390315175
4.0148997390315175
4.0148997390315175
4.0148997390315175
4.0148997390315175
4.0148997390315175
4.0148997390315175
4.0148997390315175
4.0148997390315175
4.0148997390315175
4.0148997390315175
4.0148997390315175
4.0148997390315175
4.0148997390315175
4.0148997390315175
4.0148997390315175
4.0148997390315175
4.0148997390315175
6.981464546204805
11.040974282336672
11.040974282336672
11.040974282336672
11.040974282336672
11.040974282336672
11.040974282336672
11.040974282336672
11.040974282336672
11.040974282336672
11.040974282336672
11.040974282336672
11.040974282336672
11.040974282336672
11.040974282336672
11.040974282336672
11.040974282336672
11.040974282336672
11.040974282336672
11.040974282336672
11.040974282336672
11.040974282336672
11.040974282336672
11.040974282336672
11.040974282336672
11.040974282336672
11.040974282336672
11.040974282336672
11.040974282336672
11.040974282336672
11.040974282336672
11.040974282336672
11.040974282336672
11.040974282336672
11.040974282336672
11.040974282336672
11.040974282336672
11.040974282336672
11.040974282336672
11.040974282336672
11.040974282336672
11.040974282336672
11.040974282336672
11.040974282336672
11.040974282336672
11.040974282336672
11.040974282336672
11.040974282336672
11.040974282336672
11.040974282336672
11.040974282336672
11.040974282336672
11.040974282336672
11.040974282336672
11.040974282336672
11.040974282336672
11.040974282336672
11.040974282336672
11.040974282336672
11.040974282336672
11.040974282336672
11.040974282336672
11.040974282336672
11.040974282336672
11.040974282336672
11.040974282336672
11.040974282336672
11.040974282336672
11.040974282336672
11.040974282336672
11.040974282336672
11.040974282336672
11.040974282336672
11.040974282336672
11.040974282336672
11.040974282336672
11.040974282336672
11.040974282336672
11.040974282336672
11.040974282336672
11.040974282336672
11.040974282336672
11.040974282336672
11.040974282336672
11.040974282336672
12.557714183748578
15.055874021368188
15.055874021368188
15.055874021368188
15.055874021368188
15.055874021368188
15.055874021368188
15.055874021368188
15.055874021368188
15.055874021368188
15.055874021368188
15.055874021368188
15.055874021368188
15.055874021368188
15.055874021368188
15.055874021368188
15.055874021368188
15.055874021368188
15.055874021368188
15.055874021368188
15.055874021368188
15.055874021368188
15.055874021368188
15.055874021368188
15.055874021368188
15.055874021368188
15.055874021368188
15.055874021368188
15.055874021368188
15.055874021368188
15.055874021368188
15.055874021368188
15.055874021368188
15.055874021368188
15.055874021368188
15.055874021368188
15.055874021368188
15.055874021368188
15.055874021368188
15.055874021368188
15.055874021368188
15.055874021368188
15.055874021368188
15.055874021368188
15.055874021368188
15.055874021368188
15.055874021368188
15.055874021368188
15.055874021368188
15.055874021368188
15.055874021368188
15.055874021368188
15.055874021368188
15.055874021368188
15.055874021368188
15.055874021368188
15.055874021368188
16.28264894162782
20.074498695157587
20.074498695157587
20.074498695157587
20.074498695157587
20.074498695157587
20.074498695157587
20.074498695157587
20.074498695157587
20.074498695157587
20.074498695157587
20.074498695157587
20.074498695157587
