100.68573084873495
100.68573084873495
100.68573084873495
100.68573084873495
102.19601681146597
102.69944546570964
102.69944546570964
102.69944546570964
104.68264925515443
107.73373200814639
107.73373200814639
107.73373200814639
107.87103073203103
110.75430393360844
110.75430393360844
110.75430393360844
110.80007017490333
113.77487585907049
113.77487585907049
113.77487585907049
113.77487585907049
113.77487585907049
109.74744662512109
109.74744662512109
109.74744662512109
109.74744662512109
109.74744662512109
109.74744662512109
109.74744662512109
109.74744662512109
109.74744662512109
109.13723007452269
108.74058931663374
108.74058931663374
108.74058931663374
108.74058931663374
108.74058931663374
108.74058931663374
108.74058931663374
108.74058931663374
108.74058931663374
107.82526449073615
106.72687469965904
106.72687469965904
106.72687469965904
106.72687469965904
104.98775753045362
103.706302774197
103.706302774197
103.706302774197
103.706302774197
101.87565312240181
101.69258815722229
101.69258815722229
101.69258815722229
100.25095155643359
98.67201623176025
98.67201623176025
98.67201623176025
98.67201623176025
98.67201623176025
98.67201623176025
98.67201623176025
98.67201623176025
95.90315863342003
95.6514443062982
95.6514443062982
95.6514443062982
97.07019778643946
98.67201623176025
98.67201623176025
98.67201623176025
99.49580857506808
100.68573084873495
100.68573084873495
100.68573084873495
100.68573084873495
104.53009511750483
104.71316008268434
104.71316008268434
104.71316008268434
106.1014027352957
106.72687469965904
106.72687469965904
106.72687469965904
106.54380973447952
105.7200173911717
105.7200173911717
105.7200173911717
105.7200173911717
105.27761039198786
104.71316008268434
104.71316008268434
104.71316008268434
104.71316008268434
104.71316008268434
104.71316008268434
104.71316008268434
104.71316008268434
104.71316008268434
103.9656448082013
103.706302774197
103.706302774197
103.706302774197
103.706302774197
100.25857926331607
99.6788735402476
99.6788735402476
99.6788735402476
99.6788735402476
95.55991182370843
94.64458699781085
94.64458699781085
94.64458699781085
94.64458699781085
94.64458699781085
94.64458699781085
94.64458699781085
94.64458699781085
93.95809337838766
92.63087238083615
92.63087238083615
92.63087238083615
92.63087238083615
93.4851755516739
93.63772968932349
93.63772968932349
93.63772968932349
93.63772968932349
93.63772968932349
93.63772968932349
93.63772968932349
93.63772968932349
94.99546151440492
95.6514443062982
95.6514443062982
95.6514443062982
95.6514443062982
95.6514443062982
95.6514443062982
95.6514443062982
95.6514443062982
94.3242233087467
93.63772968932349
93.63772968932349
93.63772968932349
96.42947040831115
99.6788735402476
99.6788735402476
99.6788735402476
100.04500347060663
102.69944546570964
102.69944546570964
102.69944546570964
102.69944546570964
103.12659705112851
103.706302774197
103.706302774197
103.706302774197
103.706302774197
103.92750627378891
104.71316008268434
104.71316008268434
104.71316008268434
104.71316008268434
104.71316008268434
104.08768811832098
103.706302774197
103.706302774197
103.706302774197
103.706302774197
102.99692603412636
102.69944546570964
102.69944546570964
102.69944546570964
102.69944546570964
102.69944546570964
102.69944546570964
102.69944546570964
102.69944546570964
102.69944546570964
101.11288243415382
100.68573084873495
100.68573084873495
100.68573084873495
100.68573084873495
102.50112508676517
102.69944546570964
102.69944546570964
102.69944546570964
102.69944546570964
100.22044072890367
97.6651589232729
97.6651589232729
97.6651589232729
97.6651589232729
97.6651589232729
96.65830161478554
96.65830161478554
96.65830161478554
96.65830161478554
96.65830161478554
94.87341820428524
94.64458699781085
94.64458699781085
94.64458699781085
94.93443985934509
95.6514443062982
95.6514443062982
95.6514443062982
95.6514443062982
94.99546151440492
94.64458699781085
94.64458699781085
94.64458699781085
95.30056978970413
96.65830161478554
96.65830161478554
96.65830161478554
96.65830161478554
96.65830161478554
96.65830161478554
96.65830161478554
96.65830161478554
95.20903730711436
94.64458699781085
94.64458699781085
94.64458699781085
94.64458699781085
94.64458699781085
94.64458699781085
94.64458699781085
94.64458699781085
94.64458699781085
94.64458699781085
94.64458699781085
94.64458699781085
93.72926217191326
90.61715776386146
90.61715776386146
90.61715776386146
90.61715776386146
91.357045331462
91.6240150723488
91.6240150723488
91.6240150723488
91.30365138328465
89.6103004553741
89.6103004553741
89.6103004553741
89.6103004553741
92.84444817354559
93.63772968932349
93.63772968932349
93.63772968932349
94.21743541239198
95.6514443062982
95.6514443062982
95.6514443062982
95.6514443062982
96.65830161478554
96.65830161478554
96.65830161478554
96.65830161478554
98.24486464634137
98.67201623176025
98.67201623176025
98.67201623176025
99.25172195482872
100.68573084873495
100.68573084873495
100.68573084873495
100.68573084873495
100.68573084873495
100.68573084873495
100.68573084873495
100.68573084873495
101.18915950297863
102.69944546570964
102.69944546570964
102.69944546570964
102.1502505701711
100.68573084873495
100.68573084873495
100.68573084873495
100.68573084873495
101.47138465763038
101.69258815722229
101.69258815722229
101.69258815722229
102.24178305276085
102.69944546570964
102.69944546570964
102.69944546570964
103.38593908513283
104.71316008268434
104.71316008268434
104.71316008268434
104.91148046162883
105.7200173911717
105.7200173911717
105.7200173911717
105.7200173911717
105.7200173911717
105.7200173911717
105.7200173911717
105.7200173911717
105.1479393749857
102.69944546570964
102.69944546570964
102.69944546570964
102.69944546570964
102.07397350134629
100.68573084873495
100.68573084873495
100.68573084873495
100.68573084873495
100.68573084873495
98.71778247305512
98.67201623176025
98.67201623176025
98.67201623176025
98.67201623176025
95.46837934111868
93.63772968932349
93.63772968932349
93.63772968932349
93.63772968932349
92.75291569095583
91.6240150723488
91.6240150723488
91.6240150723488
91.6240150723488
91.14346953875257
90.61715776386146
90.61715776386146
90.61715776386146
90.61715776386146
90.20526159220753
89.6103004553741
89.6103004553741
89.6103004553741
89.6103004553741
89.2670536456625
88.60344314688675
88.60344314688675
88.60344314688675
88.60344314688675
90.22814471285497
91.6240150723488
91.6240150723488
91.6240150723488
91.6240150723488
90.34256031609218
89.6103004553741
89.6103004553741
89.6103004553741
89.6103004553741
90.9832876942205
91.6240150723488
91.6240150723488
91.6240150723488
91.66978131364368
94.64458699781085
94.64458699781085
94.64458699781085
94.64458699781085
94.80476884234292
97.6651589232729
97.6651589232729
97.6651589232729
97.6651589232729
98.76354871435001
99.6788735402476
99.6788735402476
99.6788735402476
99.6788735402476
99.6788735402476
99.6788735402476
99.6788735402476
99.6788735402476
99.6788735402476
102.44773113858781
102.69944546570964
102.69944546570964
102.69944546570964
102.69944546570964
102.69944546570964
102.69944546570964
102.69944546570964
102.74521170700453
103.706302774197
103.706302774197
103.706302774197
103.706302774197
103.95038939443636
104.71316008268434
104.71316008268434
104.71316008268434
104.71316008268434
105.4530476502849
105.7200173911717
105.7200173911717
105.7200173911717
105.7200173911717
105.7200173911717
105.7200173911717
105.7200173911717
105.7200173911717
105.69713427052426
104.71316008268434
104.71316008268434
104.71316008268434
104.71316008268434
104.71316008268434
103.706302774197
103.706302774197
103.706302774197
103.706302774197
103.706302774197
102.37908177664549
100.68573084873495
100.68573084873495
100.68573084873495
100.68573084873495
99.57208564389288
98.67201623176025
98.67201623176025
98.67201623176025
98.67201623176025
97.8558515953349
97.6651589232729
97.6651589232729
97.6651589232729
97.44395542368098
96.65830161478554
96.65830161478554
96.65830161478554
96.65830161478554
99.28986048924112
99.6788735402476
99.6788735402476
99.6788735402476
101.18915950297863
102.69944546570964
102.69944546570964
102.69944546570964
102.69944546570964
102.69944546570964
102.69944546570964
102.69944546570964
102.69944546570964
103.67579194666708
104.71316008268434
104.71316008268434
104.71316008268434
104.71316008268434
105.47593077093234
105.7200173911717
105.7200173911717
105.7200173911717
105.7200173911717
105.7200173911717
105.7200173911717
105.7200173911717
105.7200173911717
105.7200173911717
105.3004935126353
104.71316008268434
104.71316008268434
104.71316008268434
104.71316008268434
103.58425946407732
102.69944546570964
102.69944546570964
102.69944546570964
102.69944546570964
102.36382636288053
100.68573084873495
100.68573084873495
100.68573084873495
100.68573084873495
101.21204262362606
101.69258815722229
101.69258815722229
101.69258815722229
101.69258815722229
100.33485633214087
99.6788735402476
99.6788735402476
99.6788735402476
99.6788735402476
100.54843212485031
100.68573084873495
100.68573084873495
100.68573084873495
100.68573084873495
99.16018947223895
98.67201623176025
98.67201623176025
98.67201623176025
98.67201623176025
96.93289906255482
95.6514443062982
95.6514443062982
95.6514443062982
95.6514443062982
94.88104591116773
94.64458699781085
94.64458699781085
94.64458699781085
94.64458699781085
94.64458699781085
94.64458699781085
94.64458699781085
94.64458699781085
94.64458699781085
92.81393734601566
92.63087238083615
92.63087238083615
92.63087238083615
92.87495900107551
93.63772968932349
93.63772968932349
93.63772968932349
93.63772968932349
93.63772968932349
93.63772968932349
93.63772968932349
93.63772968932349
93.63772968932349
96.71932326984539
97.6651589232729
97.6651589232729
97.6651589232729
97.97026719857209
101.69258815722229
101.69258815722229
101.69258815722229
101.69258815722229
102.12736744952365
104.71316008268434
104.71316008268434
104.71316008268434
104.71316008268434
104.16396518714579
102.69944546570964
102.69944546570964
102.69944546570964
102.69944546570964
102.47061425923525
101.69258815722229
101.69258815722229
101.69258815722229
101.69258815722229
101.69258815722229
101.69258815722229
101.69258815722229
101.69258815722229
101.69258815722229
101.2349257442735
99.6788735402476
99.6788735402476
99.6788735402476
99.6788735402476
99.95347098801687
100.68573084873495
100.68573084873495
100.68573084873495
100.68573084873495
100.52554900420287
99.6788735402476
99.6788735402476
99.6788735402476
99.6788735402476
100.82302957261959
101.69258815722229
101.69258815722229
101.69258815722229
101.69258815722229
100.91456205520934
100.68573084873495
100.68573084873495
100.68573084873495
100.68573084873495
100.68573084873495
100.68573084873495
100.68573084873495
100.68573084873495
100.68573084873495
100.68573084873495
100.68573084873495
100.68573084873495
100.68573084873495
98.15333216375161
96.65830161478554
96.65830161478554
96.65830161478554
96.65830161478554
96.05571277106964
95.6514443062982
95.6514443062982
95.6514443062982
95.727721375123
96.65830161478554
96.65830161478554
96.65830161478554
96.65830161478554
97.87110700909986
99.6788735402476
99.6788735402476
99.6788735402476
99.6788735402476
101.37222446815814
101.69258815722229
101.69258815722229
101.69258815722229
101.69258815722229
101.69258815722229
101.69258815722229
101.69258815722229
101.69258815722229
101.69258815722229
101.69258815722229
101.69258815722229
101.69258815722229
101.69258815722229
102.47824196611772
102.69944546570964
102.69944546570964
102.69944546570964
102.69944546570964
101.05186077909399
100.68573084873495
100.68573084873495
100.68573084873495
100.68573084873495
100.68573084873495
100.68573084873495
100.68573084873495
100.68573084873495
100.68573084873495
100.68573084873495
100.68573084873495
100.68573084873495
100.68573084873495
100.68573084873495
99.28223278235863
98.67201623176025
98.67201623176025
98.67201623176025
98.67201623176025
98.67201623176025
98.67201623176025
98.67201623176025
98.67201623176025
98.67201623176025
98.67201623176025
98.67201623176025
98.67201623176025
98.67201623176025
98.67201623176025
98.67201623176025
98.67201623176025
98.67201623176025
99.09916781717912
100.68573084873495
100.68573084873495
100.68573084873495
100.68573084873495
101.16627638233118
101.69258815722229
101.69258815722229
101.69258815722229
101.69258815722229
101.98244101875653
103.706302774197
103.706302774197
103.706302774197
103.706302774197
103.79783525678675
106.72687469965904
106.72687469965904
106.72687469965904
106.72687469965904
106.72687469965904
106.02512566647088
105.7200173911717
105.7200173911717
105.7200173911717
105.7200173911717
104.56060594503475
103.706302774197
103.706302774197
103.706302774197
103.706302774197
102.69944546570964
100.68573084873495
100.68573084873495
100.68573084873495
100.68573084873495
101.1205101410363
101.69258815722229
101.69258815722229
101.69258815722229
101.69258815722229
101.37222446815814
100.68573084873495
100.68573084873495
100.68573084873495
100.68573084873495
99.8314276778972
98.67201623176025
98.67201623176025
98.67201623176025
98.67201623176025
101.25780886492095
101.69258815722229
101.69258815722229
101.69258815722229
101.69258815722229
99.00763533458937
97.6651589232729
97.6651589232729
97.6651589232729
97.69566975080282
98.67201623176025
98.67201623176025
98.67201623176025
98.67201623176025
98.55760062852305
95.6514443062982
95.6514443062982
95.6514443062982
95.6514443062982
95.04122775569981
93.63772968932349
93.63772968932349
93.63772968932349
93.63772968932349
94.41575579133645
94.64458699781085
94.64458699781085
94.64458699781085
94.3547341362766
93.63772968932349
93.63772968932349
93.63772968932349
93.63772968932349
95.36159144476396
95.6514443062982
95.6514443062982
95.6514443062982
97.34479523420875
98.67201623176025
98.67201623176025
98.67201623176025
98.87033661070473
99.6788735402476
99.6788735402476
99.6788735402476
99.6788735402476
99.6788735402476
99.6788735402476
99.6788735402476
99.6788735402476
99.6788735402476
97.23037963097154
96.65830161478554
96.65830161478554
96.65830161478554
96.65830161478554
96.65830161478554
96.65830161478554
96.65830161478554
96.65830161478554
95.79637073706532
95.6514443062982
95.6514443062982
95.6514443062982
95.19378189334941
91.6240150723488
91.6240150723488
91.6240150723488
91.6240150723488
92.09693289906255
93.63772968932349
93.63772968932349
93.63772968932349
93.63772968932349
93.05802396625502
92.63087238083615
92.63087238083615
92.63087238083615
92.66901091524855
93.63772968932349
93.63772968932349
93.63772968932349
93.63772968932349
93.42415389661406
91.6240150723488
91.6240150723488
91.6240150723488
91.6240150723488
91.6240150723488
91.6240150723488
91.6240150723488
91.6240150723488
91.6240150723488
92.48594595006904
92.63087238083615
92.63087238083615
92.63087238083615
92.99700231119519
95.6514443062982
95.6514443062982
95.6514443062982
95.6514443062982
96.87187740749499
99.6788735402476
99.6788735402476
99.6788735402476
99.6788735402476
101.18915950297863
102.69944546570964
102.69944546570964
102.69944546570964
102.69944546570964
102.93590437906653
103.706302774197
103.706302774197
103.706302774197
103.706302774197
103.706302774197
103.706302774197
103.706302774197
103.706302774197
103.706302774197
103.706302774197
101.55528943333766
100.68573084873495
100.68573084873495
100.68573084873495
100.68573084873495
100.13653595319639
96.65830161478554
96.65830161478554
96.65830161478554
96.65830161478554
96.65830161478554
94.7056086528707
94.64458699781085
94.64458699781085
94.64458699781085
94.64458699781085
94.64458699781085
94.64458699781085
94.64458699781085
94.64458699781085
94.64458699781085
94.64458699781085
94.64458699781085
94.64458699781085
94.64458699781085
94.64458699781085
95.02597234193485
95.6514443062982
95.6514443062982
95.6514443062982
95.6514443062982
97.2837735791489
97.6651589232729
97.6651589232729
97.6651589232729
98.27537547387129
99.6788735402476
99.6788735402476
99.6788735402476
99.6788735402476
101.39510758880557
102.69944546570964
102.69944546570964
102.69944546570964
102.69944546570964
104.41567951426762
105.7200173911717
105.7200173911717
105.7200173911717
105.7200173911717
106.74975782030648
108.74058931663374
108.74058931663374
108.74058931663374
108.74058931663374
108.74058931663374
110.4644510720742
110.75430393360844
110.75430393360844
110.75430393360844
110.75430393360844
110.44919565830925
109.74744662512109
109.74744662512109
109.74744662512109
109.74744662512109
109.74744662512109
109.23639026399493
108.74058931663374
108.74058931663374
108.74058931663374
108.74058931663374
108.74058931663374
107.0472383887232
105.7200173911717
105.7200173911717
105.7200173911717
105.7200173911717
105.7200173911717
103.72918589484443
102.69944546570964
102.69944546570964
102.69944546570964
102.69944546570964
102.69944546570964
102.08160120822878
101.69258815722229
101.69258815722229
101.69258815722229
101.69258815722229
101.69258815722229
99.89244933295703
99.6788735402476
99.6788735402476
99.6788735402476
99.6788735402476
99.6788735402476
99.6788735402476
99.6788735402476
99.6788735402476
99.6788735402476
99.6788735402476
97.80245764715754
97.6651589232729
97.6651589232729
97.6651589232729
97.6651589232729
97.07019778643946
95.6514443062982
95.6514443062982
95.6514443062982
95.6514443062982
95.83450927147771
96.65830161478554
96.65830161478554
96.65830161478554
96.65830161478554
96.87187740749499
97.6651589232729
97.6651589232729
97.6651589232729
97.6651589232729
97.68804204392033
98.67201623176025
98.67201623176025
98.67201623176025
98.67201623176025
98.38216337022601
97.6651589232729
97.6651589232729
97.6651589232729
97.6651589232729
98.06942738804433
98.67201623176025
98.67201623176025
98.67201623176025
98.67201623176025
100.44164422849559
100.68573084873495
100.68573084873495
100.68573084873495
100.68573084873495
99.89244933295703
99.6788735402476
99.6788735402476
99.6788735402476
