62.18850891765665
62.18850891765665
62.18850891765665
62.18850891765665
62.18850891765665
62.18850891765665
62.18850891765665
62.18850891765665
62.18850891765665
62.18850891765665
62.18850891765665
62.18850891765665
62.18850891765665
62.18850891765665
62.18850891765665
62.4392690342601
63.19154938407046
63.19154938407046
63.19154938407046
63.19154938407046
63.19154938407046
63.19154938407046
63.19154938407046
63.19154938407046
63.19154938407046
63.19154938407046
63.19154938407046
63.19154938407046
63.19154938407046
63.19154938407046
63.19154938407046
63.19154938407046
63.19154938407046
63.19154938407046
63.19154938407046
63.19154938407046
63.19154938407046
63.19154938407046
63.19154938407046
63.19154938407046
63.19154938407046
63.19154938407046
65.13494028774724
65.1976303168981
65.1976303168981
65.1976303168981
65.1976303168981
65.1976303168981
65.1976303168981
65.1976303168981
65.1976303168981
65.1976303168981
65.1976303168981
65.1976303168981
65.1976303168981
65.1976303168981
65.1976303168981
65.1976303168981
65.1976303168981
65.1976303168981
65.1976303168981
65.1976303168981
65.1976303168981
65.1976303168981
65.1976303168981
65.82453060840673
66.20067078331192
66.20067078331192
66.20067078331192
66.20067078331192
66.20067078331192
66.20067078331192
66.20067078331192
66.20067078331192
66.20067078331192
66.20067078331192
66.20067078331192
66.20067078331192
66.20067078331192
66.20067078331192
66.20067078331192
66.20067078331192
66.20067078331192
66.20067078331192
66.20067078331192
66.20067078331192
66.20067078331192
66.38874087076451
67.20371124972573
67.20371124972573
67.20371124972573
67.20371124972573
67.20371124972573
67.20371124972573
67.20371124972573
67.20371124972573
67.20371124972573
67.20371124972573
67.20371124972573
67.20371124972573
67.20371124972573
67.20371124972573
67.20371124972573
67.20371124972573
67.20371124972573
67.20371124972573
67.20371124972573
67.20371124972573
67.20371124972573
67.20371124972573
67.20371124972573
67.20371124972573
66.45143089991537
65.1976303168981
65.1976303168981
65.1976303168981
65.1976303168981
65.1976303168981
65.1976303168981
65.1976303168981
65.1976303168981
65.1976303168981
65.1976303168981
65.1976303168981
65.1976303168981
65.1976303168981
65.1976303168981
65.1976303168981
65.1976303168981
65.1976303168981
65.1976303168981
65.1976303168981
65.1976303168981
65.1976303168981
65.1976303168981
65.1976303168981
65.1976303168981
65.1976303168981
65.1976303168981
65.1976303168981
65.1976303168981
65.1976303168981
64.19458985048428
64.19458985048428
64.19458985048428
64.19458985048428
64.19458985048428
64.19458985048428
64.19458985048428
64.19458985048428
64.19458985048428
64.19458985048428
64.19458985048428
64.19458985048428
64.19458985048428
64.19458985048428
64.19458985048428
64.19458985048428
64.19458985048428
64.19458985048428
64.19458985048428
64.19458985048428
64.19458985048428
64.19458985048428
64.19458985048428
64.19458985048428
64.19458985048428
64.19458985048428
64.19458985048428
64.19458985048428
64.19458985048428
64.19458985048428
64.19458985048428
63.44230950067392
63.19154938407046
63.19154938407046
63.19154938407046
63.19154938407046
63.19154938407046
63.19154938407046
63.19154938407046
63.19154938407046
63.19154938407046
63.19154938407046
63.19154938407046
63.19154938407046
63.19154938407046
63.19154938407046
63.19154938407046
63.19154938407046
63.19154938407046
63.19154938407046
63.19154938407046
63.19154938407046
63.19154938407046
63.19154938407046
63.19154938407046
63.19154938407046
63.19154938407046
63.19154938407046
63.19154938407046
63.19154938407046
63.19154938407046
63.19154938407046
62.97213428204245
62.18850891765665
62.18850891765665
62.18850891765665
62.18850891765665
62.18850891765665
62.18850891765665
62.18850891765665
62.18850891765665
62.18850891765665
62.18850891765665
62.18850891765665
62.18850891765665
62.18850891765665
62.18850891765665
62.18850891765665
62.18850891765665
62.18850891765665
62.18850891765665
62.18850891765665
62.18850891765665
62.18850891765665
62.18850891765665
62.18850891765665
62.18850891765665
62.18850891765665
62.18850891765665
62.18850891765665
62.18850891765665
62.18850891765665
62.18850891765665
62.18850891765665
62.18850891765665
62.18850891765665
62.18850891765665
62.18850891765665
62.18850891765665
62.18850891765665
62.18850891765665
62.18850891765665
62.18850891765665
62.18850891765665
62.18850891765665
62.18850891765665
62.18850891765665
62.18850891765665
62.18850891765665
62.18850891765665
62.18850891765665
62.18850891765665
62.18850891765665
62.18850891765665
62.18850891765665
62.18850891765665
62.18850891765665
62.18850891765665
62.18850891765665
62.18850891765665
62.18850891765665
62.18850891765665
62.18850891765665
62.878099238316146
63.19154938407046
63.19154938407046
63.19154938407046
63.19154938407046
63.19154938407046
63.19154938407046
63.19154938407046
63.19154938407046
63.19154938407046
63.19154938407046
63.19154938407046
63.19154938407046
63.19154938407046
63.19154938407046
63.19154938407046
63.19154938407046
63.19154938407046
63.19154938407046
63.19154938407046
63.19154938407046
63.19154938407046
63.19154938407046
63.19154938407046
63.19154938407046
63.19154938407046
63.19154938407046
63.19154938407046
63.19154938407046
63.19154938407046
63.19154938407046
63.19154938407046
63.19154938407046
63.19154938407046
63.19154938407046
63.19154938407046
63.19154938407046
63.19154938407046
63.19154938407046
63.19154938407046
63.19154938407046
63.19154938407046
63.19154938407046
63.19154938407046
63.19154938407046
63.19154938407046
63.19154938407046
63.19154938407046
63.19154938407046
63.19154938407046
63.19154938407046
63.19154938407046
63.19154938407046
63.19154938407046
63.19154938407046
63.19154938407046
63.19154938407046
63.19154938407046
63.19154938407046
63.19154938407046
63.19154938407046
63.19154938407046
63.19154938407046
63.19154938407046
63.19154938407046
63.19154938407046
63.19154938407046
63.19154938407046
63.19154938407046
63.19154938407046
63.19154938407046
63.19154938407046
63.19154938407046
63.19154938407046
63.19154938407046
63.19154938407046
63.19154938407046
63.19154938407046
63.19154938407046
63.19154938407046
63.19154938407046
63.19154938407046
63.19154938407046
63.19154938407046
63.19154938407046
63.19154938407046
63.19154938407046
63.19154938407046
63.19154938407046
63.19154938407046
63.19154938407046
63.19154938407046
63.19154938407046
63.19154938407046
63.19154938407046
63.72441463185281
64.19458985048428
64.19458985048428
64.19458985048428
64.19458985048428
64.19458985048428
64.19458985048428
64.19458985048428
64.19458985048428
64.19458985048428
64.19458985048428
64.19458985048428
64.19458985048428
64.19458985048428
64.19458985048428
64.19458985048428
64.19458985048428
64.19458985048428
64.19458985048428
64.19458985048428
64.19458985048428
64.19458985048428
64.19458985048428
64.19458985048428
64.19458985048428
64.19458985048428
64.19458985048428
64.19458985048428
64.19458985048428
64.19458985048428
64.19458985048428
64.19458985048428
64.19458985048428
64.19458985048428
64.19458985048428
64.19458985048428
64.19458985048428
64.19458985048428
64.19458985048428
64.19458985048428
64.19458985048428
64.19458985048428
64.19458985048428
64.19458985048428
64.19458985048428
64.19458985048428
64.19458985048428
64.19458985048428
64.19458985048428
64.19458985048428
64.19458985048428
64.19458985048428
64.19458985048428
64.19458985048428
64.19458985048428
64.19458985048428
64.19458985048428
64.19458985048428
64.19458985048428
64.19458985048428
64.19458985048428
64.19458985048428
64.19458985048428
64.19458985048428
64.19458985048428
64.19458985048428
64.63342005454032
65.1976303168981
65.1976303168981
65.1976303168981
65.1976303168981
65.1976303168981
65.1976303168981
65.1976303168981
65.1976303168981
65.1976303168981
65.1976303168981
65.1976303168981
65.1976303168981
65.1976303168981
65.1976303168981
65.1976303168981
65.1976303168981
65.1976303168981
65.1976303168981
65.1976303168981
65.1976303168981
65.1976303168981
65.1976303168981
65.1976303168981
65.1976303168981
65.1976303168981
65.1976303168981
65.1976303168981
65.1976303168981
65.1976303168981
65.1976303168981
65.1976303168981
65.1976303168981
65.1976303168981
65.1976303168981
65.1976303168981
65.1976303168981
65.1976303168981
65.1976303168981
65.1976303168981
65.1976303168981
65.1976303168981
65.1976303168981
65.1976303168981
65.1976303168981
65.1976303168981
65.1976303168981
65.1976303168981
65.1976303168981
65.1976303168981
65.1976303168981
65.1976303168981
65.1976303168981
65.1976303168981
65.1976303168981
65.1976303168981
65.1976303168981
65.1976303168981
65.1976303168981
65.1976303168981
65.1976303168981
65.1976303168981
65.1976303168981
65.1976303168981
65.1976303168981
65.1976303168981
65.1976303168981
65.1976303168981
65.1976303168981
65.1976303168981
65.1976303168981
65.1976303168981
65.1976303168981
65.1976303168981
65.1976303168981
65.1976303168981
65.1976303168981
65.1976303168981
65.1976303168981
65.1976303168981
65.1976303168981
65.1976303168981
65.1976303168981
65.1976303168981
65.1976303168981
65.1976303168981
65.1976303168981
65.1976303168981
65.1976303168981
65.1976303168981
65.1976303168981
65.1976303168981
65.1976303168981
65.1976303168981
65.1976303168981
65.1976303168981
65.1976303168981
65.1976303168981
65.1976303168981
65.1976303168981
65.1976303168981
65.1976303168981
65.1976303168981
65.1976303168981
65.1976303168981
65.1976303168981
65.1976303168981
65.1976303168981
65.1976303168981
65.1976303168981
65.1976303168981
65.1976303168981
65.1976303168981
65.1976303168981
65.1976303168981
65.1976303168981
65.1976303168981
65.1976303168981
65.1976303168981
65.1976303168981
65.1976303168981
65.1976303168981
65.1976303168981
65.1976303168981
64.97821521487008
64.19458985048428
64.19458985048428
64.19458985048428
64.19458985048428
64.19458985048428
64.19458985048428
64.19458985048428
64.19458985048428
64.19458985048428
64.19458985048428
64.19458985048428
64.19458985048428
64.19458985048428
64.19458985048428
64.19458985048428
64.19458985048428
64.19458985048428
64.19458985048428
64.19458985048428
64.19458985048428
64.19458985048428
64.19458985048428
64.19458985048428
64.19458985048428
64.19458985048428
64.19458985048428
64.19458985048428
64.19458985048428
64.19458985048428
64.19458985048428
64.19458985048428
64.19458985048428
64.19458985048428
64.19458985048428
64.19458985048428
64.19458985048428
64.19458985048428
64.19458985048428
64.19458985048428
64.19458985048428
64.19458985048428
64.19458985048428
64.19458985048428
64.19458985048428
64.19458985048428
64.19458985048428
64.19458985048428
64.19458985048428
64.19458985048428
64.19458985048428
64.19458985048428
64.19458985048428
64.19458985048428
64.19458985048428
64.19458985048428
64.19458985048428
64.19458985048428
64.19458985048428
64.19458985048428
64.19458985048428
64.19458985048428
64.19458985048428
64.19458985048428
64.19458985048428
64.19458985048428
64.19458985048428
64.19458985048428
64.19458985048428
64.19458985048428
64.19458985048428
64.19458985048428
64.19458985048428
64.19458985048428
64.19458985048428
64.19458985048428
64.19458985048428
64.19458985048428
64.19458985048428
64.19458985048428
64.19458985048428
64.19458985048428
64.19458985048428
64.19458985048428
64.19458985048428
64.19458985048428
64.19458985048428
64.19458985048428
64.19458985048428
64.19458985048428
64.19458985048428
64.19458985048428
64.19458985048428
64.19458985048428
64.19458985048428
64.19458985048428
64.19458985048428
64.19458985048428
64.19458985048428
64.19458985048428
64.19458985048428
64.19458985048428
64.19458985048428
64.19458985048428
65.1976303168981
65.1976303168981
65.1976303168981
65.1976303168981
65.1976303168981
65.1976303168981
65.1976303168981
65.1976303168981
65.1976303168981
65.1976303168981
65.1976303168981
65.1976303168981
65.1976303168981
65.1976303168981
65.1976303168981
65.1976303168981
65.1976303168981
65.1976303168981
65.1976303168981
65.1976303168981
65.1976303168981
65.1976303168981
65.1976303168981
65.1976303168981
65.1976303168981
65.1976303168981
65.1976303168981
65.1976303168981
65.1976303168981
65.1976303168981
67.14102122057487
67.20371124972573
67.20371124972573
67.20371124972573
67.20371124972573
67.20371124972573
67.20371124972573
67.20371124972573
67.20371124972573
67.20371124972573
67.20371124972573
67.20371124972573
67.20371124972573
67.20371124972573
67.20371124972573
67.20371124972573
67.20371124972573
67.20371124972573
67.20371124972573
67.20371124972573
67.20371124972573
67.20371124972573
67.20371124972573
67.20371124972573
67.20371124972573
67.20371124972573
67.20371124972573
67.20371124972573
67.20371124972573
67.7679215120835
68.20675171613955
68.20675171613955
68.20675171613955
68.20675171613955
68.20675171613955
68.20675171613955
68.20675171613955
68.20675171613955
68.20675171613955
68.20675171613955
68.20675171613955
68.20675171613955
68.20675171613955
68.20675171613955
68.20675171613955
68.20675171613955
68.20675171613955
68.20675171613955
68.20675171613955
68.20675171613955
68.20675171613955
68.20675171613955
68.20675171613955
68.20675171613955
68.20675171613955
68.20675171613955
68.20675171613955
68.20675171613955
68.20675171613955
68.20675171613955
68.20675171613955
68.20675171613955
68.20675171613955
68.20675171613955
68.20675171613955
68.20675171613955
68.20675171613955
68.20675171613955
68.20675171613955
68.20675171613955
68.20675171613955
68.20675171613955
68.20675171613955
68.20675171613955
68.20675171613955
68.20675171613955
68.20675171613955
68.20675171613955
68.20675171613955
68.20675171613955
68.20675171613955
68.20675171613955
68.20675171613955
68.20675171613955
68.20675171613955
68.20675171613955
68.20675171613955
68.20675171613955
68.20675171613955
68.42616681816757
69.20979218255337
69.20979218255337
69.20979218255337
69.20979218255337
69.20979218255337
69.20979218255337
69.20979218255337
69.20979218255337
69.20979218255337
69.20979218255337
69.20979218255337
69.20979218255337
69.20979218255337
69.20979218255337
69.20979218255337
69.20979218255337
69.20979218255337
69.20979218255337
69.20979218255337
69.20979218255337
69.20979218255337
69.20979218255337
69.20979218255337
69.20979218255337
69.20979218255337
69.20979218255337
69.20979218255337
69.20979218255337
69.20979218255337
69.20979218255337
69.20979218255337
69.20979218255337
69.20979218255337
69.20979218255337
69.20979218255337
69.20979218255337
69.20979218255337
69.20979218255337
69.20979218255337
69.20979218255337
69.20979218255337
69.20979218255337
69.20979218255337
69.20979218255337
69.20979218255337
69.20979218255337
69.20979218255337
69.20979218255337
69.20979218255337
69.20979218255337
69.20979218255337
69.20979218255337
69.20979218255337
69.20979218255337
69.20979218255337
69.20979218255337
69.20979218255337
69.20979218255337
69.20979218255337
69.20979218255337
69.20979218255337
69.20979218255337
69.20979218255337
69.20979218255337
69.20979218255337
69.20979218255337
30.2792840798671
27.301507695201078
67.20371124972573
67.20371124972573
67.20371124972573
67.20371124972573
67.20371124972573
67.20371124972573
67.20371124972573
67.20371124972573
67.20371124972573
67.20371124972573
67.20371124972573
67.20371124972573
67.20371124972573
67.20371124972573
67.20371124972573
67.20371124972573
67.20371124972573
67.20371124972573
67.20371124972573
67.20371124972573
67.20371124972573
67.20371124972573
67.20371124972573
67.20371124972573
67.20371124972573
67.20371124972573
67.20371124972573
67.20371124972573
67.20371124972573
66.92160611854685
64.19458985048428
64.19458985048428
64.19458985048428
64.19458985048428
64.19458985048428
64.19458985048428
64.19458985048428
64.19458985048428
64.19458985048428
64.19458985048428
64.19458985048428
64.19458985048428
64.19458985048428
64.19458985048428
64.19458985048428
64.19458985048428
64.19458985048428
64.19458985048428
64.19458985048428
64.19458985048428
64.19458985048428
64.19458985048428
64.19458985048428
64.19458985048428
64.19458985048428
64.19458985048428
64.19458985048428
64.19458985048428
64.19458985048428
64.19458985048428
64.19458985048428
64.19458985048428
64.19458985048428
64.19458985048428
64.19458985048428
64.19458985048428
64.19458985048428
64.19458985048428
64.19458985048428
64.19458985048428
64.19458985048428
64.19458985048428
64.19458985048428
64.19458985048428
64.19458985048428
64.19458985048428
64.19458985048428
64.19458985048428
64.19458985048428
64.19458985048428
63.37961947152306
63.19154938407046
63.19154938407046
63.19154938407046
63.19154938407046
63.19154938407046
63.19154938407046
63.19154938407046
63.19154938407046
63.19154938407046
63.19154938407046
63.19154938407046
63.19154938407046
63.19154938407046
63.19154938407046
63.19154938407046
63.19154938407046
63.19154938407046
63.19154938407046
63.19154938407046
63.19154938407046
63.19154938407046
63.19154938407046
63.19154938407046
63.19154938407046
63.19154938407046
63.19154938407046
63.19154938407046
63.19154938407046
63.19154938407046
63.19154938407046
63.19154938407046
63.19154938407046
63.19154938407046
63.19154938407046
63.19154938407046
63.19154938407046
63.19154938407046
63.19154938407046
63.19154938407046
63.19154938407046
63.19154938407046
63.19154938407046
63.19154938407046
