45.99944243100084
45.99944243100084
45.99944243100084
45.99944243100084
45.99944243100084
45.99944243100084
45.99944243100084
45.99944243100084
45.99944243100084
45.99944243100084
45.99944243100084
45.99944243100084
45.99944243100084
46.51054734690085
47.021652262800856
47.021652262800856
47.021652262800856
47.021652262800856
47.021652262800856
47.021652262800856
47.021652262800856
47.021652262800856
47.021652262800856
47.021652262800856
47.021652262800856
47.021652262800856
47.021652262800856
47.021652262800856
47.021652262800856
47.021652262800856
47.021652262800856
47.021652262800856
47.021652262800856
47.021652262800856
47.021652262800856
47.021652262800856
47.021652262800856
47.021652262800856
47.021652262800856
47.021652262800856
47.021652262800856
47.021652262800856
47.021652262800856
47.021652262800856
47.021652262800856
47.53275717870087
48.043862094600875
48.043862094600875
48.043862094600875
48.043862094600875
48.043862094600875
48.043862094600875
48.043862094600875
48.043862094600875
48.043862094600875
48.043862094600875
48.043862094600875
48.043862094600875
48.043862094600875
48.043862094600875
48.043862094600875
48.043862094600875
48.043862094600875
48.043862094600875
48.043862094600875
48.043862094600875
48.043862094600875
48.043862094600875
48.043862094600875
48.043862094600875
48.043862094600875
48.043862094600875
48.043862094600875
48.043862094600875
48.043862094600875
48.043862094600875
48.18325434439179
49.066071926400895
49.066071926400895
49.066071926400895
49.066071926400895
49.066071926400895
49.066071926400895
49.066071926400895
49.066071926400895
49.066071926400895
49.066071926400895
49.066071926400895
49.066071926400895
49.066071926400895
49.066071926400895
49.066071926400895
49.066071926400895
49.066071926400895
49.066071926400895
49.066071926400895
49.066071926400895
49.066071926400895
49.066071926400895
49.066071926400895
49.066071926400895
49.066071926400895
49.066071926400895
49.066071926400895
49.066071926400895
49.066071926400895
49.066071926400895
49.066071926400895
49.530712759037264
50.088281758200914
50.088281758200914
50.088281758200914
50.088281758200914
50.088281758200914
50.088281758200914
50.088281758200914
50.088281758200914
50.088281758200914
50.088281758200914
50.088281758200914
50.088281758200914
50.088281758200914
50.088281758200914
50.088281758200914
50.088281758200914
50.088281758200914
50.088281758200914
50.088281758200914
50.088281758200914
50.088281758200914
50.088281758200914
50.088281758200914
50.088281758200914
50.088281758200914
50.088281758200914
50.088281758200914
50.088281758200914
50.088281758200914
50.088281758200914
50.088281758200914
50.088281758200914
50.088281758200914
50.088281758200914
50.088281758200914
50.088281758200914
50.088281758200914
50.088281758200914
48.78728742681907
45.99944243100084
45.99944243100084
45.99944243100084
45.99944243100084
45.99944243100084
45.99944243100084
45.99944243100084
45.99944243100084
45.99944243100084
45.99944243100084
45.99944243100084
45.99944243100084
45.99944243100084
45.99944243100084
45.99944243100084
45.99944243100084
45.99944243100084
45.99944243100084
45.99944243100084
45.99944243100084
45.99944243100084
45.99944243100084
45.99944243100084
45.99944243100084
45.99944243100084
45.99944243100084
45.99944243100084
45.99944243100084
45.99944243100084
45.99944243100084
45.99944243100084
45.99944243100084
45.99944243100084
45.99944243100084
45.99944243100084
45.99944243100084
45.99944243100084
45.99944243100084
45.99944243100084
45.99944243100084
44.14087910045535
43.955022767400806
43.955022767400806
43.955022767400806
43.955022767400806
43.955022767400806
43.955022767400806
43.955022767400806
43.955022767400806
43.955022767400806
43.955022767400806
43.955022767400806
43.955022767400806
43.955022767400806
43.955022767400806
43.955022767400806
43.955022767400806
43.955022767400806
43.955022767400806
43.955022767400806
43.955022767400806
43.955022767400806
43.955022767400806
43.955022767400806
43.955022767400806
43.955022767400806
43.955022767400806
43.955022767400806
43.955022767400806
43.955022767400806
43.955022767400806
43.955022767400806
43.955022767400806
43.955022767400806
43.955022767400806
43.955022767400806
43.955022767400806
43.955022767400806
42.65402843601896
41.91060310380077
41.91060310380077
41.91060310380077
41.91060310380077
41.91060310380077
41.91060310380077
41.91060310380077
41.91060310380077
41.91060310380077
41.91060310380077
41.91060310380077
41.91060310380077
41.91060310380077
41.91060310380077
41.91060310380077
41.91060310380077
41.91060310380077
41.91060310380077
41.91060310380077
41.91060310380077
41.91060310380077
41.91060310380077
41.91060310380077
41.91060310380077
41.91060310380077
41.91060310380077
41.91060310380077
41.91060310380077
41.91060310380077
41.91060310380077
41.91060310380077
41.91060310380077
42.282315769909864
43.955022767400806
43.955022767400806
43.955022767400806
43.955022767400806
43.955022767400806
43.955022767400806
43.955022767400806
43.955022767400806
43.955022767400806
43.955022767400806
43.955022767400806
43.955022767400806
43.955022767400806
43.955022767400806
43.955022767400806
43.955022767400806
43.955022767400806
43.955022767400806
43.955022767400806
43.955022767400806
43.955022767400806
43.955022767400806
43.955022767400806
43.955022767400806
43.955022767400806
43.955022767400806
43.955022767400806
43.955022767400806
43.955022767400806
43.35098968497352
42.932812935600786
42.932812935600786
42.932812935600786
42.932812935600786
42.932812935600786
42.932812935600786
42.932812935600786
42.932812935600786
42.932812935600786
42.932812935600786
42.932812935600786
42.932812935600786
43.304525601709884
47.021652262800856
47.021652262800856
47.021652262800856
47.021652262800856
47.021652262800856
47.021652262800856
47.021652262800856
47.021652262800856
47.021652262800856
47.021652262800856
47.021652262800856
47.021652262800856
47.021652262800856
47.021652262800856
45.441873431837195
44.97723259920082
44.97723259920082
44.97723259920082
44.97723259920082
44.97723259920082
44.97723259920082
44.97723259920082
44.97723259920082
44.97723259920082
44.97723259920082
44.97723259920082
44.97723259920082
44.97723259920082
44.97723259920082
44.97723259920082
44.97723259920082
44.97723259920082
44.97723259920082
44.97723259920082
44.97723259920082
44.97723259920082
44.97723259920082
44.97723259920082
44.97723259920082
44.97723259920082
44.97723259920082
44.97723259920082
44.97723259920082
44.97723259920082
44.97723259920082
45.906514264473564
45.99944243100084
45.99944243100084
45.99944243100084
45.99944243100084
45.99944243100084
45.99944243100084
45.99944243100084
45.99944243100084
45.99944243100084
45.99944243100084
45.99944243100084
45.99944243100084
45.99944243100084
45.99944243100084
45.99944243100084
45.99944243100084
45.99944243100084
45.99944243100084
45.99944243100084
45.99944243100084
45.99944243100084
45.99944243100084
45.99944243100084
45.99944243100084
45.99944243100084
45.99944243100084
45.99944243100084
45.99944243100084
45.99944243100084
45.99944243100084
45.99944243100084
45.99944243100084
45.99944243100084
45.99944243100084
45.99944243100084
45.99944243100084
45.99944243100084
45.99944243100084
45.34894526530992
43.955022767400806
43.955022767400806
43.955022767400806
43.955022767400806
43.955022767400806
43.955022767400806
43.955022767400806
43.955022767400806
43.955022767400806
43.955022767400806
43.955022767400806
43.955022767400806
43.955022767400806
43.955022767400806
43.955022767400806
43.955022767400806
43.955022767400806
43.955022767400806
43.955022767400806
43.955022767400806
43.955022767400806
43.955022767400806
43.955022767400806
43.955022767400806
43.955022767400806
43.955022767400806
43.955022767400806
43.955022767400806
43.955022767400806
43.955022767400806
43.955022767400806
43.955022767400806
43.955022767400806
43.955022767400806
43.955022767400806
43.955022767400806
43.955022767400806
42.83988476907351
41.91060310380077
41.91060310380077
41.91060310380077
41.91060310380077
41.91060310380077
41.91060310380077
41.91060310380077
41.91060310380077
41.91060310380077
41.91060310380077
41.91060310380077
41.91060310380077
41.91060310380077
41.91060310380077
41.91060310380077
41.91060310380077
41.91060310380077
41.91060310380077
41.91060310380077
41.91060310380077
41.91060310380077
41.91060310380077
41.91060310380077
41.91060310380077
41.91060310380077
41.91060310380077
41.91060310380077
41.91060310380077
41.91060310380077
41.91060310380077
41.91060310380077
41.91060310380077
41.91060310380077
41.91060310380077
41.91060310380077
41.91060310380077
41.91060310380077
41.91060310380077
41.91060310380077
41.91060310380077
41.91060310380077
41.91060310380077
41.91060310380077
41.91060310380077
41.91060310380077
41.91060310380077
41.91060310380077
41.91060310380077
41.91060310380077
41.91060310380077
41.91060310380077
41.91060310380077
41.91060310380077
41.91060310380077
41.91060310380077
41.91060310380077
41.91060310380077
41.91060310380077
41.91060310380077
41.91060310380077
41.91060310380077
41.91060310380077
41.91060310380077
41.91060310380077
41.91060310380077
41.91060310380077
41.91060310380077
41.91060310380077
41.91060310380077
41.91060310380077
41.91060310380077
41.91060310380077
41.91060310380077
41.91060310380077
41.91060310380077
41.91060310380077
41.91060310380077
41.12071368831893
40.88839327200075
40.88839327200075
40.88839327200075
40.88839327200075
40.88839327200075
40.88839327200075
40.88839327200075
40.88839327200075
40.88839327200075
40.88839327200075
40.88839327200075
40.88839327200075
40.88839327200075
40.88839327200075
40.88839327200075
40.88839327200075
40.88839327200075
40.88839327200075
40.88839327200075
40.88839327200075
40.88839327200075
40.88839327200075
40.88839327200075
40.88839327200075
40.88839327200075
40.88839327200075
40.88839327200075
40.88839327200075
40.88839327200075
40.88839327200075
40.88839327200075
40.88839327200075
40.88839327200075
40.88839327200075
40.88839327200075
40.88839327200075
40.88839327200075
40.88839327200075
41.53889043769167
41.91060310380077
41.91060310380077
41.91060310380077
41.91060310380077
41.91060310380077
41.91060310380077
41.91060310380077
41.91060310380077
41.91060310380077
41.91060310380077
41.91060310380077
41.91060310380077
41.91060310380077
41.91060310380077
41.91060310380077
41.91060310380077
41.91060310380077
41.91060310380077
41.91060310380077
41.91060310380077
41.91060310380077
41.91060310380077
41.91060310380077
41.91060310380077
41.91060310380077
41.91060310380077
41.91060310380077
41.91060310380077
41.91060310380077
41.91060310380077
41.91060310380077
41.91060310380077
41.91060310380077
41.91060310380077
41.91060310380077
42.00353127032804
42.932812935600786
42.932812935600786
42.932812935600786
42.932812935600786
42.932812935600786
42.932812935600786
42.932812935600786
42.932812935600786
42.932812935600786
42.932812935600786
42.932812935600786
42.932812935600786
42.932812935600786
42.932812935600786
42.932812935600786
42.932812935600786
42.932812935600786
42.932812935600786
42.932812935600786
42.932812935600786
42.932812935600786
42.932812935600786
42.932812935600786
42.932812935600786
42.932812935600786
42.932812935600786
42.932812935600786
42.932812935600786
42.932812935600786
42.932812935600786
42.932812935600786
42.932812935600786
42.932812935600786
42.932812935600786
42.932812935600786
42.932812935600786
42.932812935600786
42.932812935600786
42.932812935600786
42.932812935600786
43.629774184555345
43.955022767400806
43.955022767400806
43.955022767400806
43.955022767400806
43.955022767400806
43.955022767400806
43.955022767400806
43.955022767400806
43.955022767400806
43.955022767400806
43.955022767400806
43.955022767400806
43.955022767400806
43.955022767400806
43.955022767400806
43.955022767400806
43.955022767400806
43.955022767400806
43.955022767400806
43.955022767400806
43.955022767400806
43.955022767400806
43.955022767400806
43.955022767400806
43.955022767400806
43.955022767400806
43.955022767400806
43.955022767400806
43.955022767400806
43.955022767400806
43.955022767400806
43.955022767400806
43.955022767400806
43.955022767400806
43.955022767400806
43.955022767400806
43.955022767400806
43.955022767400806
43.955022767400806
43.955022767400806
43.955022767400806
43.955022767400806
43.955022767400806
43.955022767400806
43.955022767400806
43.955022767400806
43.955022767400806
43.955022767400806
43.955022767400806
43.955022767400806
43.955022767400806
43.955022767400806
43.955022767400806
43.955022767400806
43.955022767400806
43.955022767400806
43.955022767400806
43.955022767400806
43.955022767400806
43.955022767400806
43.955022767400806
43.955022767400806
43.955022767400806
43.955022767400806
43.955022767400806
43.955022767400806
43.955022767400806
43.955022767400806
43.955022767400806
43.955022767400806
43.955022767400806
43.955022767400806
43.955022767400806
43.955022767400806
43.955022767400806
43.955022767400806
43.955022767400806
43.955022767400806
43.955022767400806
43.955022767400806
43.955022767400806
43.955022767400806
43.955022767400806
43.955022767400806
43.955022767400806
42.932812935600786
42.932812935600786
42.932812935600786
42.932812935600786
42.932812935600786
42.932812935600786
42.932812935600786
42.932812935600786
42.932812935600786
42.932812935600786
42.932812935600786
42.932812935600786
42.932812935600786
42.932812935600786
42.932812935600786
42.932812935600786
42.932812935600786
42.932812935600786
42.932812935600786
42.932812935600786
42.932812935600786
42.932812935600786
42.932812935600786
42.932812935600786
42.932812935600786
42.932812935600786
42.932812935600786
42.932812935600786
42.932812935600786
42.932812935600786
42.932812935600786
42.932812935600786
42.932812935600786
42.932812935600786
42.932812935600786
42.932812935600786
42.932812935600786
44.3267354335099
44.97723259920082
44.97723259920082
44.97723259920082
44.97723259920082
44.97723259920082
44.97723259920082
44.97723259920082
44.97723259920082
44.97723259920082
44.97723259920082
44.97723259920082
44.97723259920082
44.97723259920082
44.97723259920082
44.97723259920082
44.97723259920082
44.97723259920082
44.97723259920082
44.97723259920082
44.97723259920082
44.97723259920082
44.97723259920082
44.97723259920082
44.97723259920082
44.97723259920082
44.97723259920082
44.97723259920082
44.97723259920082
44.97723259920082
44.97723259920082
44.97723259920082
44.97723259920082
44.97723259920082
44.97723259920082
44.97723259920082
44.97723259920082
44.97723259920082
44.97723259920082
44.97723259920082
44.744912182882636
43.955022767400806
43.955022767400806
43.955022767400806
43.955022767400806
43.955022767400806
43.955022767400806
43.955022767400806
43.955022767400806
43.955022767400806
43.955022767400806
43.955022767400806
43.955022767400806
43.955022767400806
43.955022767400806
43.955022767400806
43.955022767400806
43.955022767400806
43.955022767400806
43.955022767400806
43.955022767400806
43.955022767400806
43.955022767400806
43.955022767400806
43.955022767400806
43.955022767400806
43.955022767400806
43.955022767400806
43.955022767400806
43.955022767400806
43.955022767400806
43.955022767400806
43.955022767400806
43.955022767400806
43.955022767400806
43.955022767400806
43.955022767400806
43.955022767400806
43.955022767400806
43.955022767400806
43.955022767400806
43.955022767400806
43.955022767400806
43.955022767400806
44.60551993309172
45.99944243100084
45.99944243100084
45.99944243100084
45.99944243100084
45.99944243100084
45.99944243100084
45.99944243100084
45.99944243100084
45.99944243100084
45.99944243100084
45.99944243100084
45.99944243100084
45.99944243100084
45.99944243100084
45.99944243100084
45.99944243100084
45.99944243100084
45.99944243100084
45.99944243100084
45.99944243100084
45.99944243100084
45.99944243100084
45.99944243100084
45.99944243100084
45.99944243100084
45.99944243100084
45.99944243100084
45.99944243100084
45.99944243100084
45.99944243100084
45.99944243100084
45.99944243100084
45.99944243100084
45.99944243100084
45.99944243100084
45.99944243100084
45.99944243100084
45.99944243100084
45.99944243100084
45.99944243100084
45.99944243100084
45.99944243100084
45.99944243100084
45.99944243100084
47.021652262800856
47.021652262800856
47.021652262800856
47.021652262800856
47.021652262800856
47.021652262800856
47.021652262800856
47.021652262800856
47.021652262800856
47.021652262800856
47.021652262800856
47.021652262800856
47.021652262800856
47.021652262800856
47.021652262800856
47.021652262800856
47.021652262800856
47.021652262800856
47.021652262800856
47.021652262800856
47.021652262800856
47.021652262800856
47.021652262800856
47.021652262800856
47.021652262800856
47.021652262800856
47.021652262800856
47.021652262800856
47.021652262800856
47.021652262800856
47.021652262800856
47.021652262800856
47.021652262800856
47.021652262800856
47.021652262800856
47.021652262800856
47.021652262800856
47.021652262800856
49.25192825945545
50.088281758200914
50.088281758200914
50.088281758200914
50.088281758200914
50.088281758200914
50.088281758200914
50.088281758200914
50.088281758200914
50.088281758200914
50.088281758200914
50.088281758200914
50.088281758200914
50.088281758200914
50.088281758200914
50.088281758200914
50.088281758200914
50.088281758200914
50.088281758200914
50.088281758200914
50.088281758200914
50.088281758200914
50.088281758200914
50.088281758200914
50.088281758200914
50.088281758200914
