75.98784194528876
75.98784194528876
75.98784194528876
75.98784194528876
75.98784194528876
75.98784194528876
75.98784194528876
75.98784194528876
75.98784194528876
75.98784194528876
75.98784194528876
75.98784194528876
75.98784194528876
75.98784194528876
75.98784194528876
75.98784194528876
75.98784194528876
75.98784194528876
75.98784194528876
75.98784194528876
75.98784194528876
75.98784194528876
75.98784194528876
75.98784194528876
75.98784194528876
75.98784194528876
75.98784194528876
75.98784194528876
75.98784194528876
75.98784194528876
75.98784194528876
75.98784194528876
75.98784194528876
75.98784194528876
75.98784194528876
75.98784194528876
75.98784194528876
75.98784194528876
75.98784194528876
75.98784194528876
75.98784194528876
75.98784194528876
75.98784194528876
75.98784194528876
75.98784194528876
75.98784194528876
75.98784194528876
75.98784194528876
75.98784194528876
75.98784194528876
75.98784194528876
75.98784194528876
75.98784194528876
75.98784194528876
75.98784194528876
75.98784194528876
75.98784194528876
75.98784194528876
75.98784194528876
75.98784194528876
75.98784194528876
75.98784194528876
75.98784194528876
75.98784194528876
75.98784194528876
75.98784194528876
75.98784194528876
75.98784194528876
75.98784194528876
75.98784194528876
75.98784194528876
75.98784194528876
75.98784194528876
51.29179331306991
0.0
0.0
0.0
0.0
33.15602836879433
120.56737588652483
120.56737588652483
120.56737588652483
120.56737588652483
120.56737588652483
120.56737588652483
120.56737588652483
120.56737588652483
120.56737588652483
120.56737588652483
120.56737588652483
120.56737588652483
120.56737588652483
120.56737588652483
120.56737588652483
120.56737588652483
120.56737588652483
120.56737588652483
120.56737588652483
120.56737588652483
120.56737588652483
120.56737588652483
120.56737588652483
120.56737588652483
120.56737588652483
120.56737588652483
120.56737588652483
120.56737588652483
120.56737588652483
120.56737588652483
120.56737588652483
120.56737588652483
120.56737588652483
120.56737588652483
120.56737588652483
120.56737588652483
120.56737588652483
120.56737588652483
120.56737588652483
120.56737588652483
120.56737588652483
120.56737588652483
120.56737588652483
120.56737588652483
120.56737588652483
120.56737588652483
120.56737588652483
120.56737588652483
27.127659574468087
0.0
0.0
0.0
0.0
0.0
0.0
0.0
0.0
0.0
0.0
0.0
0.0
0.0
0.0
0.0
0.0
0.0
0.0
0.0
16.717325227963528
66.86930091185411
66.86930091185411
66.86930091185411
66.86930091185411
66.86930091185411
66.86930091185411
66.86930091185411
66.86930091185411
66.86930091185411
66.86930091185411
66.86930091185411
66.86930091185411
66.86930091185411
66.86930091185411
66.86930091185411
66.86930091185411
66.86930091185411
66.86930091185411
66.86930091185411
66.86930091185411
66.86930091185411
66.86930091185411
66.86930091185411
66.86930091185411
66.86930091185411
66.86930091185411
66.86930091185411
75.98784194528876
75.98784194528876
75.98784194528876
77.60891590678825
78.01418439716312
78.01418439716312
78.01418439716312
78.01418439716312
78.01418439716312
78.01418439716312
78.01418439716312
78.01418439716312
78.01418439716312
78.01418439716312
78.01418439716312
78.01418439716312
78.01418439716312
78.01418439716312
78.01418439716312
78.01418439716312
78.01418439716312
78.01418439716312
78.01418439716312
78.01418439716312
78.01418439716312
78.01418439716312
77.10233029381966
74.97467071935158
74.97467071935158
74.97467071935158
74.97467071935158
74.97467071935158
74.97467071935158
74.97467071935158
74.97467071935158
74.97467071935158
74.97467071935158
74.97467071935158
74.97467071935158
74.97467071935158
74.97467071935158
74.97467071935158
74.97467071935158
74.97467071935158
74.97467071935158
74.97467071935158
74.97467071935158
74.822695035461
73.9614994934144
73.9614994934144
73.9614994934144
73.9614994934144
73.9614994934144
73.9614994934144
73.9614994934144
73.9614994934144
73.9614994934144
73.9614994934144
73.9614994934144
73.9614994934144
73.9614994934144
73.9614994934144
73.9614994934144
73.9614994934144
73.9614994934144
73.9614994934144
73.9614994934144
73.9614994934144
73.9614994934144
73.9614994934144
73.9614994934144
74.41742654508613
74.97467071935158
74.97467071935158
74.97467071935158
74.97467071935158
74.97467071935158
74.97467071935158
74.97467071935158
74.97467071935158
74.97467071935158
74.97467071935158
74.97467071935158
74.97467071935158
74.97467071935158
74.97467071935158
74.97467071935158
74.97467071935158
74.97467071935158
74.97467071935158
74.97467071935158
74.97467071935158
74.97467071935158
74.97467071935158
74.97467071935158
74.97467071935158
74.08814589665654
73.9614994934144
73.9614994934144
73.9614994934144
73.9614994934144
73.9614994934144
73.9614994934144
73.9614994934144
73.9614994934144
73.9614994934144
73.9614994934144
73.9614994934144
73.9614994934144
73.9614994934144
73.9614994934144
73.9614994934144
73.9614994934144
73.9614994934144
73.9614994934144
73.9614994934144
73.9614994934144
73.9614994934144
73.9614994934144
73.9614994934144
73.9614994934144
73.9614994934144
73.9614994934144
73.9614994934144
73.9614994934144
73.9614994934144
73.9614994934144
73.9614994934144
73.9614994934144
73.9614994934144
73.9614994934144
73.9614994934144
73.9614994934144
73.9614994934144
73.9614994934144
73.9614994934144
73.9614994934144
73.9614994934144
73.9614994934144
73.9614994934144
73.9614994934144
73.9614994934144
73.9614994934144
73.9614994934144
73.9614994934144
73.9614994934144
73.9614994934144
72.64437689969606
71.93515704154002
71.93515704154002
71.93515704154002
71.93515704154002
71.93515704154002
71.93515704154002
71.93515704154002
71.93515704154002
71.93515704154002
71.93515704154002
71.93515704154002
71.93515704154002
71.93515704154002
71.93515704154002
71.93515704154002
71.93515704154002
71.93515704154002
71.93515704154002
71.93515704154002
71.93515704154002
71.93515704154002
71.93515704154002
70.46605876393112
69.90881458966565
69.90881458966565
69.90881458966565
69.90881458966565
69.90881458966565
69.90881458966565
69.90881458966565
69.90881458966565
69.90881458966565
69.90881458966565
69.90881458966565
69.90881458966565
69.90881458966565
69.90881458966565
69.90881458966565
69.90881458966565
69.90881458966565
69.90881458966565
69.90881458966565
69.90881458966565
69.90881458966565
69.90881458966565
69.90881458966565
71.22593718338399
73.9614994934144
73.9614994934144
73.9614994934144
73.9614994934144
73.9614994934144
73.9614994934144
73.9614994934144
73.9614994934144
73.9614994934144
73.9614994934144
73.9614994934144
73.9614994934144
73.9614994934144
73.9614994934144
73.9614994934144
73.9614994934144
73.9614994934144
73.9614994934144
73.9614994934144
73.9614994934144
73.9614994934144
73.9614994934144
73.9614994934144
73.25227963525836
72.94832826747721
72.94832826747721
72.94832826747721
72.94832826747721
72.94832826747721
72.94832826747721
72.94832826747721
72.94832826747721
72.94832826747721
72.94832826747721
72.94832826747721
72.94832826747721
72.94832826747721
72.94832826747721
72.94832826747721
72.94832826747721
72.94832826747721
72.94832826747721
72.94832826747721
72.94832826747721
72.94832826747721
72.94832826747721
72.94832826747721
72.94832826747721
72.94832826747721
72.94832826747721
72.94832826747721
72.94832826747721
72.94832826747721
72.94832826747721
72.94832826747721
72.94832826747721
72.94832826747721
72.94832826747721
72.94832826747721
72.94832826747721
72.94832826747721
72.94832826747721
72.94832826747721
72.94832826747721
72.94832826747721
72.94832826747721
72.94832826747721
72.94832826747721
72.94832826747721
72.94832826747721
72.94832826747721
72.94832826747721
72.94832826747721
72.94832826747721
72.94832826747721
72.97365754812564
73.9614994934144
73.9614994934144
73.9614994934144
73.9614994934144
73.9614994934144
73.9614994934144
73.9614994934144
73.9614994934144
73.9614994934144
73.9614994934144
73.9614994934144
73.9614994934144
73.9614994934144
73.9614994934144
73.9614994934144
73.9614994934144
73.9614994934144
73.9614994934144
73.9614994934144
73.9614994934144
73.9614994934144
73.9614994934144
73.9614994934144
73.9614994934144
73.9614994934144
73.9614994934144
73.9614994934144
73.9614994934144
73.9614994934144
73.9614994934144
73.9614994934144
73.9614994934144
73.9614994934144
73.9614994934144
73.9614994934144
73.9614994934144
73.9614994934144
73.9614994934144
73.9614994934144
73.9614994934144
73.9614994934144
73.9614994934144
73.9614994934144
73.9614994934144
73.9614994934144
73.9614994934144
73.9614994934144
73.9614994934144
73.9614994934144
73.9614994934144
73.9614994934144
73.25227963525836
72.94832826747721
72.94832826747721
72.94832826747721
72.94832826747721
72.94832826747721
72.94832826747721
72.94832826747721
72.94832826747721
72.94832826747721
72.94832826747721
72.94832826747721
72.94832826747721
72.94832826747721
72.94832826747721
72.94832826747721
72.94832826747721
72.94832826747721
72.94832826747721
72.94832826747721
72.94832826747721
72.94832826747721
72.94832826747721
72.94832826747721
72.94832826747721
72.94832826747721
73.37892603850051
73.9614994934144
73.9614994934144
73.9614994934144
73.9614994934144
73.9614994934144
73.9614994934144
73.9614994934144
73.9614994934144
73.9614994934144
73.9614994934144
73.9614994934144
73.9614994934144
73.9614994934144
73.9614994934144
73.9614994934144
73.9614994934144
73.9614994934144
73.9614994934144
73.9614994934144
73.9614994934144
73.9614994934144
73.9614994934144
73.9614994934144
73.9614994934144
73.9614994934144
73.9614994934144
73.9614994934144
73.9614994934144
73.9614994934144
73.9614994934144
73.9614994934144
73.9614994934144
73.9614994934144
73.9614994934144
73.9614994934144
73.9614994934144
73.9614994934144
73.9614994934144
73.9614994934144
73.9614994934144
73.9614994934144
73.9614994934144
73.9614994934144
73.9614994934144
73.9614994934144
73.9614994934144
73.9614994934144
73.9614994934144
73.9614994934144
73.9614994934144
73.9614994934144
73.9614994934144
74.16413373860183
74.97467071935158
74.97467071935158
74.97467071935158
74.97467071935158
74.97467071935158
74.97467071935158
74.97467071935158
74.97467071935158
74.97467071935158
74.97467071935158
74.97467071935158
74.97467071935158
74.97467071935158
74.97467071935158
74.97467071935158
74.97467071935158
74.97467071935158
74.97467071935158
74.97467071935158
74.97467071935158
74.97467071935158
74.97467071935158
74.97467071935158
74.97467071935158
74.97467071935158
74.97467071935158
75.96251266464033
75.98784194528876
75.98784194528876
75.98784194528876
75.98784194528876
75.98784194528876
75.98784194528876
75.98784194528876
75.98784194528876
75.98784194528876
75.98784194528876
75.98784194528876
75.98784194528876
75.98784194528876
75.98784194528876
75.98784194528876
75.98784194528876
75.98784194528876
75.98784194528876
75.98784194528876
75.98784194528876
75.98784194528876
75.98784194528876
75.98784194528876
75.98784194528876
79.0273556231003
79.0273556231003
79.0273556231003
79.0273556231003
79.0273556231003
79.0273556231003
79.0273556231003
79.0273556231003
79.0273556231003
79.0273556231003
79.0273556231003
79.0273556231003
79.0273556231003
79.0273556231003
79.0273556231003
79.0273556231003
79.0273556231003
79.0273556231003
79.0273556231003
79.0273556231003
79.0273556231003
79.0273556231003
77.15298885511652
77.00101317122595
77.00101317122595
77.00101317122595
77.00101317122595
77.00101317122595
77.00101317122595
77.00101317122595
77.00101317122595
77.00101317122595
77.00101317122595
77.00101317122595
77.00101317122595
77.00101317122595
77.00101317122595
77.00101317122595
77.00101317122595
77.00101317122595
77.00101317122595
77.00101317122595
77.00101317122595
77.00101317122595
77.00101317122595
77.00101317122595
77.00101317122595
77.00101317122595
77.00101317122595
77.00101317122595
77.00101317122595
77.00101317122595
77.00101317122595
77.00101317122595
77.00101317122595
77.00101317122595
77.00101317122595
77.00101317122595
77.00101317122595
77.00101317122595
77.00101317122595
77.00101317122595
77.00101317122595
77.00101317122595
77.00101317122595
77.00101317122595
77.00101317122595
77.00101317122595
77.00101317122595
77.00101317122595
77.00101317122595
77.00101317122595
77.00101317122595
77.00101317122595
77.00101317122595
77.00101317122595
26.95035460992908
0.0
0.0
0.0
0.0
0.0
0.0
0.0
0.0
0.0
0.0
0.0
0.0
0.0
0.0
0.0
0.0
0.0
0.0
0.0
0.0
3.495440729483283
69.90881458966565
69.90881458966565
69.90881458966565
69.90881458966565
69.90881458966565
69.90881458966565
69.90881458966565
69.90881458966565
69.90881458966565
69.90881458966565
69.90881458966565
69.90881458966565
69.90881458966565
69.90881458966565
69.90881458966565
69.90881458966565
69.90881458966565
69.90881458966565
69.90881458966565
69.90881458966565
69.90881458966565
69.90881458966565
69.90881458966565
69.22492401215806
68.89564336372848
68.89564336372848
68.89564336372848
68.89564336372848
68.89564336372848
68.89564336372848
68.89564336372848
68.89564336372848
68.89564336372848
68.89564336372848
68.89564336372848
68.89564336372848
68.89564336372848
68.89564336372848
68.89564336372848
68.89564336372848
68.89564336372848
68.89564336372848
68.89564336372848
68.89564336372848
68.89564336372848
68.89564336372848
68.89564336372848
68.89564336372848
68.89564336372848
68.89564336372848
68.89564336372848
68.89564336372848
68.89564336372848
68.89564336372848
68.89564336372848
68.89564336372848
68.89564336372848
68.89564336372848
68.89564336372848
68.89564336372848
68.89564336372848
68.89564336372848
68.89564336372848
68.89564336372848
68.89564336372848
68.89564336372848
68.89564336372848
68.89564336372848
68.89564336372848
68.89564336372848
68.89564336372848
68.89564336372848
68.89564336372848
68.89564336372848
68.89564336372848
68.89564336372848
68.89564336372848
68.89564336372848
68.89564336372848
68.89564336372848
68.89564336372848
68.89564336372848
68.89564336372848
68.89564336372848
68.89564336372848
68.89564336372848
68.89564336372848
68.89564336372848
68.89564336372848
68.89564336372848
68.89564336372848
68.89564336372848
68.89564336372848
68.89564336372848
68.89564336372848
68.89564336372848
68.89564336372848
68.89564336372848
68.89564336372848
68.89564336372848
68.89564336372848
68.89564336372848
68.89564336372848
68.89564336372848
68.89564336372848
68.89564336372848
68.89564336372848
68.89564336372848
68.89564336372848
68.89564336372848
68.89564336372848
68.89564336372848
68.89564336372848
69.30091185410335
70.92198581560284
70.92198581560284
70.92198581560284
70.92198581560284
70.92198581560284
70.92198581560284
70.92198581560284
70.92198581560284
70.92198581560284
70.92198581560284
70.92198581560284
70.92198581560284
70.92198581560284
70.92198581560284
70.92198581560284
70.92198581560284
70.92198581560284
70.92198581560284
70.92198581560284
70.0354609929078
69.90881458966565
69.90881458966565
69.90881458966565
69.90881458966565
69.90881458966565
69.90881458966565
69.90881458966565
69.90881458966565
69.90881458966565
69.90881458966565
69.90881458966565
69.90881458966565
69.90881458966565
69.90881458966565
69.90881458966565
69.90881458966565
69.90881458966565
69.90881458966565
69.90881458966565
69.90881458966565
69.90881458966565
70.36474164133739
71.93515704154002
71.93515704154002
71.93515704154002
71.93515704154002
71.93515704154002
71.93515704154002
71.93515704154002
71.93515704154002
71.93515704154002
71.93515704154002
71.93515704154002
71.93515704154002
71.93515704154002
71.93515704154002
71.93515704154002
71.93515704154002
71.93515704154002
71.93515704154002
71.93515704154002
71.93515704154002
71.93515704154002
71.93515704154002
71.93515704154002
71.93515704154002
71.93515704154002
70.61803444782169
69.90881458966565
69.90881458966565
69.90881458966565
69.90881458966565
69.90881458966565
69.90881458966565
69.90881458966565
69.90881458966565
69.90881458966565
69.90881458966565
69.90881458966565
69.90881458966565
69.90881458966565
69.90881458966565
69.90881458966565
69.90881458966565
69.90881458966565
69.90881458966565
69.90881458966565
69.90881458966565
69.70618034447823
68.89564336372848
68.89564336372848
68.89564336372848
68.89564336372848
68.89564336372848
68.89564336372848
68.89564336372848
68.89564336372848
68.89564336372848
68.89564336372848
68.89564336372848
68.89564336372848
68.89564336372848
68.89564336372848
68.89564336372848
68.89564336372848
68.89564336372848
68.89564336372848
68.89564336372848
68.89564336372848
68.89564336372848
68.89564336372848
69.12360688956434
69.90881458966565
69.90881458966565
69.90881458966565
69.90881458966565
69.90881458966565
69.90881458966565
69.90881458966565
69.90881458966565
69.90881458966565
69.90881458966565
