-6.890438006205424
-6.0442438650924775
-6.0442438650924775
-6.0442438650924775
-6.0442438650924775
-6.0442438650924775
-6.0442438650924775
-6.0845388241930936
-7.05161784260789
-7.05161784260789
-7.05161784260789
-7.05161784260789
-7.05161784260789
-7.05161784260789
-7.05161784260789
-7.05161784260789
-7.05161784260789
-7.05161784260789
-7.05161784260789
-7.05161784260789
-7.05161784260789
-7.629178923050061
-8.058991820123303
-8.058991820123303
-8.058991820123303
-8.058991820123303
-8.058991820123303
-8.058991820123303
-8.058991820123303
-8.058991820123303
-8.058991820123303
-8.058991820123303
-8.058991820123303
-8.058991820123303
-7.253092638110973
-7.05161784260789
-7.05161784260789
-7.05161784260789
-7.05161784260789
-7.05161784260789
-6.406898496998026
-6.0442438650924775
-6.0442438650924775
-6.0442438650924775
-6.0442438650924775
-6.0442438650924775
-6.0442438650924775
-6.0442438650924775
-6.420330150031565
-7.05161784260789
-7.05161784260789
-7.05161784260789
-7.05161784260789
-7.05161784260789
-7.05161784260789
-7.05161784260789
-7.05161784260789
-7.05161784260789
-7.05161784260789
-7.05161784260789
-7.05161784260789
-7.05161784260789
-7.05161784260789
-7.05161784260789
-7.05161784260789
-7.05161784260789
-7.05161784260789
-7.951538595854992
-8.058991820123303
-8.058991820123303
-8.058991820123303
-7.776927106418988
-7.05161784260789
-7.05161784260789
-7.05161784260789
-7.05161784260789
-7.05161784260789
-7.05161784260789
-6.675531557668803
-6.0442438650924775
-6.0442438650924775
-6.0442438650924775
-6.0442438650924775
-6.0442438650924775
-6.0442438650924775
-6.0442438650924775
-6.0442438650924775
-6.500920068232798
-7.05161784260789
-7.05161784260789
-7.05161784260789
-7.05161784260789
-7.05161784260789
-7.05161784260789
-7.05161784260789
-7.05161784260789
-7.05161784260789
-7.05161784260789
-7.05161784260789
-7.05161784260789
-7.951538595854992
-8.058991820123303
-8.058991820123303
-8.058991820123303
-8.058991820123303
-8.058991820123303
-8.058991820123303
-8.058991820123303
-8.058991820123303
-8.058991820123303
-8.058991820123303
-8.058991820123303
-8.058991820123303
-7.145639413842662
-7.05161784260789
-7.05161784260789
-7.05161784260789
-7.05161784260789
-7.05161784260789
-7.05161784260789
-7.05161784260789
-7.05161784260789
-7.05161784260789
-7.05161784260789
-7.05161784260789
-6.460625109132182
-7.05161784260789
-7.05161784260789
-7.05161784260789
-7.05161784260789
-7.05161784260789
-7.05161784260789
-7.05161784260789
-7.05161784260789
-7.05161784260789
-7.05161784260789
-7.2262293320438955
-8.058991820123303
-8.058991820123303
-7.951538595854992
-7.05161784260789
-7.05161784260789
-7.05161784260789
-7.05161784260789
-7.05161784260789
-7.05161784260789
-7.05161784260789
-6.191992048461405
-6.0442438650924775
-6.0442438650924775
-6.0442438650924775
-6.0442438650924775
-6.0442438650924775
-6.0442438650924775
-6.0442438650924775
-6.0442438650924775
-6.971027924406657
-7.05161784260789
-7.05161784260789
-7.05161784260789
-7.05161784260789
-7.05161784260789
-7.05161784260789
-7.05161784260789
-7.97840190192207
-8.058991820123303
-8.058991820123303
-8.058991820123303
-8.058991820123303
-8.058991820123303
-8.058991820123303
-8.058991820123303
-8.058991820123303
-7.548589004848828
-7.05161784260789
-7.05161784260789
-7.05161784260789
-7.024754536540812
-6.0442438650924775
-6.0442438650924775
-5.0503015406106035
-5.0368698875770646
-5.0368698875770646
-5.0368698875770646
-5.0368698875770646
-5.130891458811837
-6.0442438650924775
-6.0442438650924775
-6.0442438650924775
-6.581509986434031
-7.05161784260789
-7.05161784260789
-7.05161784260789
-7.05161784260789
-7.05161784260789
-7.05161784260789
-7.05161784260789
-7.1053444547420455
-8.058991820123303
-8.058991820123303
-8.058991820123303
-8.058991820123303
-8.058991820123303
-8.058991820123303
-8.058991820123303
-8.058991820123303
-8.058991820123303
-8.058991820123303
-7.535157351815289
-7.05161784260789
-7.05161784260789
-6.971027924406657
-6.0442438650924775
-6.0442438650924775
-5.305502948247842
-5.0368698875770646
-5.0368698875770646
-5.0368698875770646
-5.0368698875770646
-5.936790640824166
-6.0442438650924775
-6.0442438650924775
-6.0442438650924775
-6.742689822836497
-7.05161784260789
-7.05161784260789
-7.05161784260789
-7.05161784260789
-7.991833554955609
-8.058991820123303
-8.058991820123303
-8.058991820123303
-8.058991820123303
-8.058991820123303
-8.058991820123303
-8.058991820123303
-8.058991820123303
-7.763495453385449
-7.05161784260789
-7.05161784260789
-7.05161784260789
-6.205423701494944
-5.963653946891244
-5.0368698875770646
-4.324992276799506
-4.029495910061652
-4.029495910061652
-4.029495910061652
-4.029495910061652
-4.701078561738593
-5.0368698875770646
-5.762179151388162
-6.0442438650924775
-6.1382654363272495
-7.05161784260789
-7.05161784260789
-7.05161784260789
-7.05161784260789
-7.615747270016522
-8.058991820123303
-8.058991820123303
-8.058991820123303
-8.058991820123303
-8.058991820123303
-8.058991820123303
-8.058991820123303
-8.058991820123303
-8.058991820123303
-8.058991820123303
-7.1053444547420455
-7.05161784260789
-6.957596271373118
-6.0442438650924775
-5.292071295214303
-4.499603766235511
-4.029495910061652
-3.1564384628816273
-3.774294502424414
-4.029495910061652
-4.795100132973365
-5.0368698875770646
-6.0173805590253995
-6.0442438650924775
-6.24571866059556
-7.05161784260789
-7.05161784260789
-7.05161784260789
-7.05161784260789
-7.05161784260789
-7.320250903278668
-8.058991820123303
-8.058991820123303
-8.058991820123303
-8.058991820123303
-7.441135780580517
-7.05161784260789
-7.05161784260789
-6.608373292501109
-5.963653946891244
-5.0368698875770646
-4.096654175229346
-3.4385031765859426
-3.0221219325462387
-3.0221219325462387
-3.5862513599548698
-4.096654175229346
-5.0368698875770646
-5.533841049818002
-6.0442438650924775
-6.527783374299876
-7.05161784260789
-7.05161784260789
-7.05161784260789
-7.884380330687298
-8.058991820123303
-8.058991820123303
-8.058991820123303
-8.058991820123303
-8.058991820123303
-8.058991820123303
-8.058991820123303
-7.427704127546978
-7.05161784260789
-7.05161784260789
-6.729258169802958
-6.0442438650924775
-5.345797907348458
-5.0368698875770646
-5.0368698875770646
-5.0368698875770646
-5.0368698875770646
-5.0368698875770646
-5.654725927119851
-6.0442438650924775
-6.447193456098643
-7.05161784260789
-7.05161784260789
-7.0919128017085065
-8.058991820123303
-8.058991820123303
-8.058991820123303
-8.058991820123303
-8.058991820123303
-8.058991820123303
-7.562020657882366
-7.05161784260789
-7.05161784260789
-7.05161784260789
-6.326308578796793
-5.963653946891244
-5.0368698875770646
-4.230970705564734
-3.9489059918604186
-3.0221219325462387
-3.6265463190554863
-4.029495910061652
-4.419013848034278
-5.0368698875770646
-5.560704355885079
-6.0442438650924775
-6.514351721266337
-7.05161784260789
-7.05161784260789
-7.4008408214799
-8.058991820123303
-8.058991820123303
-8.058991820123303
-8.058991820123303
-8.058991820123303
-8.058991820123303
-7.333682556312206
-7.05161784260789
-7.05161784260789
-6.24571866059556
-5.708452539254006
-4.9562799693758315
-4.029495910061652
-4.029495910061652
-4.029495910061652
-4.16381244039704
-5.0368698875770646
-5.224913030046609
-6.0442438650924775
-6.0442438650924775
-6.688963210702342
-7.05161784260789
-7.05161784260789
-7.159071066876201
-8.058991820123303
-8.058991820123303
-8.058991820123303
-8.058991820123303
-8.058991820123303
-7.279955944178051
-7.05161784260789
-6.621804945534648
-5.762179151388162
-4.835395092073982
-4.029495910061652
-3.0624168916468553
-3.0221219325462387
-3.0221219325462387
-3.0221219325462387
-3.6399779720890253
-4.110085828262885
-5.0368698875770646
-5.426387825549691
-6.0442438650924775
-6.0442438650924775
-6.0442438650924775
-6.420330150031565
-7.05161784260789
-7.05161784260789
-7.05161784260789
-7.05161784260789
-7.05161784260789
-7.05161784260789
-7.05161784260789
-7.05161784260789
-7.05161784260789
-6.554646680366953
-5.923358987790628
-5.0368698875770646
-4.029495910061652
-3.2773233401834765
-3.0221219325462387
-2.0684745671649813
-2.014747955030826
-2.014747955030826
-2.014747955030826
-2.968395320412083
-3.478798135686559
-4.150380787363501
-5.0368698875770646
-5.493546090717385
-6.0442438650924775
-6.0442438650924775
-6.165128742394327
-7.05161784260789
-7.05161784260789
-7.05161784260789
-7.05161784260789
-7.723200494284832
-8.058991820123303
-8.058991820123303
-7.602315616982983
-7.05161784260789
-7.05161784260789
-6.729258169802958
-5.950222293857705
-4.9965749284764485
-4.029495910061652
-3.116143503781011
-3.0221219325462387
-3.0221219325462387
-3.0221219325462387
-3.317618299284093
-4.029495910061652
-4.875690051174598
-5.144323111845376
-6.0442438650924775
-6.0442438650924775
-6.0442438650924775
-6.635236598568186
-7.05161784260789
-7.05161784260789
-7.05161784260789
-7.05161784260789
-7.05161784260789
-7.05161784260789
-7.05161784260789
-6.944164618339579
-6.0442438650924775
-5.43981947858323
-4.633920296570899
-4.029495910061652
-3.0758485446803943
-3.0221219325462387
-3.5593880538877922
-4.029495910061652
-4.445877154101356
-5.0368698875770646
-5.426387825549691
-6.0442438650924775
-6.0442438650924775
-6.782984781937113
-7.05161784260789
-7.05161784260789
-7.05161784260789
-7.05161784260789
-7.05161784260789
-7.05161784260789
-7.038186189574351
-6.0442438650924775
-5.265207989147225
-4.311560623765967
-3.4653664826530206
-3.0221219325462387
-2.2833810157016026
-2.404265893003452
-3.0221219325462387
-3.505661441753637
-4.029495910061652
-4.9965749284764485
-5.171186417912453
-6.0442438650924775
-6.0442438650924775
-6.0442438650924775
-6.0442438650924775
-6.0442438650924775
-6.944164618339579
-7.05161784260789
-7.05161784260789
-7.05161784260789
-7.05161784260789
-8.032128514056225
-8.058991820123303
-8.058991820123303
-8.058991820123303
-8.058991820123303
-7.1053444547420455
-7.05161784260789
-6.635236598568186
-5.7756108044217
-4.795100132973365
-3.9489059918604186
-3.0221219325462387
-2.7131939127748455
-2.014747955030826
-2.028179608064365
-3.0221219325462387
-3.263891687149938
-4.029495910061652
-4.687646908705055
-5.0368698875770646
-5.574136008918618
-6.0442438650924775
-6.0442438650924775
-6.0442438650924775
-6.0442438650924775
-6.836711394071269
-7.05161784260789
-7.05161784260789
-7.05161784260789
-7.05161784260789
-7.05161784260789
-7.709768841251294
-8.058991820123303
-8.058991820123303
-8.058991820123303
-8.058991820123303
-7.97840190192207
-7.05161784260789
-7.05161784260789
-7.05161784260789
-6.178560395427866
-5.842769069589395
-5.0368698875770646
-4.096654175229346
-3.854884420625647
-3.0221219325462387
-4.029495910061652
-4.029495910061652
-4.754805173872749
-5.0368698875770646
-5.829337416555856
-6.0442438650924775
-6.0442438650924775
-6.0442438650924775
-6.863574700138346
-7.05161784260789
-7.05161784260789
-7.05161784260789
-7.05161784260789
-7.897811983720837
-8.058991820123303
-8.058991820123303
-8.058991820123303
-8.058991820123303
-7.481430739681133
-7.05161784260789
-7.05161784260789
-6.729258169802958
-6.0442438650924775
-5.198049723979531
-4.3921505419672
-3.8683160736591855
-3.0221219325462387
-3.0221219325462387
-3.5862513599548698
-4.029495910061652
-4.472740460168433
-5.0368698875770646
-5.466682784650307
-6.0442438650924775
-6.0442438650924775
-6.0442438650924775
-6.272581966662638
-7.05161784260789
-7.05161784260789
-7.05161784260789
-7.05161784260789
-7.05161784260789
-7.05161784260789
-7.05161784260789
-7.05161784260789
-7.05161784260789
-7.05161784260789
-6.729258169802958
-6.0442438650924775
-5.386092866449074
-4.633920296570899
-4.029495910061652
-3.0758485446803943
-3.0221219325462387
-3.0221219325462387
-3.2773233401834765
-4.029495910061652
-4.633920296570899
-5.0368698875770646
-5.829337416555856
-6.0442438650924775
-6.0442438650924775
-6.0442438650924775
-6.0442438650924775
-7.024754536540812
-7.05161784260789
-7.05161784260789
-7.05161784260789
-7.05161784260789
-7.05161784260789
-7.05161784260789
-7.05161784260789
-7.05161784260789
-6.433761803065104
-6.0442438650924775
-5.789042457455239
-5.0368698875770646
-5.0368698875770646
-5.0368698875770646
-5.0368698875770646
-5.0368698875770646
-5.0368698875770646
-5.950222293857705
-6.0442438650924775
-6.299445272729716
-7.05161784260789
-7.05161784260789
-7.05161784260789
-7.05161784260789
-8.005265207989147
-7.1725027199097395
-7.05161784260789
-7.05161784260789
-7.05161784260789
-6.715826516769419
-6.0442438650924775
-5.654725927119851
-5.0368698875770646
-4.150380787363501
-4.029495910061652
-4.029495910061652
-4.029495910061652
-4.029495910061652
-5.023438234543526
-5.0368698875770646
-5.130891458811837
-6.0442438650924775
-6.0442438650924775
-6.0442438650924775
-6.0442438650924775
-6.0442438650924775
-6.0442438650924775
-6.0442438650924775
-7.038186189574351
-7.05161784260789
-7.05161784260789
-7.05161784260789
-7.05161784260789
-7.05161784260789
-7.05161784260789
-7.05161784260789
-7.05161784260789
-6.487488415199259
-6.0442438650924775
-6.0442438650924775
-5.412956172516152
-5.0368698875770646
-5.0368698875770646
-5.0368698875770646
-4.069790869162268
-4.9294166633087535
-5.0368698875770646
-5.0368698875770646
-5.359229560381997
-6.0442438650924775
-6.0442438650924775
-6.0442438650924775
-6.0442438650924775
-7.038186189574351
-7.05161784260789
-7.05161784260789
-7.05161784260789
-7.05161784260789
-7.05161784260789
-7.05161784260789
-7.05161784260789
-7.05161784260789
-7.05161784260789
-6.24571866059556
-5.695020886220468
-4.84882674510752
-4.029495910061652
-3.169870115915166
-3.0221219325462387
-3.0221219325462387
-3.0624168916468553
-4.029495910061652
-4.150380787363501
-5.0368698875770646
-5.171186417912453
-6.0442438650924775
-6.0442438650924775
-6.0442438650924775
-6.232287007562022
-7.05161784260789
-7.05161784260789
-7.05161784260789
-7.05161784260789
-7.951538595854992
-8.058991820123303
-8.058991820123303
-8.058991820123303
-8.058991820123303
-8.058991820123303
-8.058991820123303
-7.05161784260789
-7.05161784260789
-7.05161784260789
-6.24571866059556
-6.0442438650924775
-5.359229560381997
-5.0368698875770646
-4.566762031403205
-4.029495910061652
-4.365287235900123
-5.0368698875770646
-5.0368698875770646
-5.493546090717385
-6.0442438650924775
-6.0442438650924775
-6.0442438650924775
-6.0442438650924775
-7.038186189574351
-7.05161784260789
-7.05161784260789
-7.05161784260789
-7.05161784260789
-7.05161784260789
-7.05161784260789
-7.05161784260789
-7.05161784260789
-7.884380330687298
-8.058991820123303
-8.058991820123303
-7.870948677653759
-7.05161784260789
-7.05161784260789
-7.05161784260789
-7.05161784260789
-7.05161784260789
-6.702394863735881
-6.0442438650924775
-6.0442438650924775
-5.184618070945992
-5.0368698875770646
-5.0368698875770646
-5.0368698875770646
-5.0368698875770646
-5.0368698875770646
-5.0368698875770646
-6.003948905991861
-6.0442438650924775
-6.0442438650924775
-6.0442438650924775
-6.0442438650924775
-6.0442438650924775
-6.0442438650924775
-6.0442438650924775
-6.0442438650924775
-6.0442438650924775
-6.0442438650924775
-6.0442438650924775
-6.0442438650924775
-5.614430968019235
-5.0368698875770646
-4.821963439040443
-4.029495910061652
-4.029495910061652
-4.029495910061652
-4.029495910061652
-4.204107399497657
-5.0368698875770646
-5.0368698875770646
-5.0368698875770646
-5.762179151388162
-6.0442438650924775
-6.0442438650924775
-6.0442438650924775
-6.0442438650924775
-6.0442438650924775
-6.0442438650924775
-6.0442438650924775
-6.0442438650924775
-5.453251131616769
-5.0368698875770646
-4.74137352083921
-4.029495910061652
-4.029495910061652
-4.029495910061652
-4.029495910061652
-4.029495910061652
-4.472740460168433
-5.0368698875770646
-5.0368698875770646
-5.0368698875770646
-5.533841049818002
-6.0442438650924775
-6.0442438650924775
-6.0442438650924775
-6.0442438650924775
-6.0442438650924775
-6.0442438650924775
-6.0442438650924775
-6.0442438650924775
-6.0442438650924775
-6.0442438650924775
-6.0442438650924775
-6.0442438650924775
-6.0442438650924775
-6.0442438650924775
-5.829337416555856
-5.0368698875770646
-5.0368698875770646
-5.0368698875770646
-5.0368698875770646
-4.150380787363501
-5.010006581509987
-5.0368698875770646
-5.0368698875770646
-5.480114437683846
-6.0442438650924775
-6.0442438650924775
-6.0442438650924775
-6.0442438650924775
-6.984459577440196
-7.05161784260789
-7.05161784260789
-7.05161784260789
-7.05161784260789
-7.05161784260789
-7.05161784260789
-7.05161784260789
-7.05161784260789
-6.809848088004191
-6.0442438650924775
-6.0442438650924775
-6.0442438650924775
-5.0503015406106035
-5.0368698875770646
-5.0368698875770646
-5.0368698875770646
-5.0368698875770646
-5.0368698875770646
-5.0368698875770646
-5.735315845321084
-6.0442438650924775
-6.0442438650924775
-6.0442438650924775
-6.0442438650924775
-6.917301312272502
-7.05161784260789
-7.05161784260789
-7.05161784260789
-7.05161784260789
-7.05161784260789
-7.05161784260789
-7.05161784260789
-7.05161784260789
-7.05161784260789
-6.353171884863871
-6.0442438650924775
-6.0442438650924775
-6.0442438650924775
-6.0442438650924775
-6.0442438650924775
-6.0442438650924775
-6.0442438650924775
-6.0442438650924775
-6.0442438650924775
-6.0442438650924775
-6.0442438650924775
-6.0442438650924775
-6.36660353789741
-7.05161784260789
-7.05161784260789
-7.05161784260789
-7.05161784260789
-7.05161784260789
-7.05161784260789
-7.05161784260789
-7.05161784260789
-7.05161784260789
-7.05161784260789
-7.05161784260789
-7.05161784260789
-6.0442438650924775
-6.0442438650924775
-6.0442438650924775
-5.31893460128138
-5.0368698875770646
-5.0368698875770646
-5.0368698875770646
-5.0368698875770646
-5.0368698875770646
-5.0368698875770646
-5.695020886220468
-6.0442438650924775
-6.0442438650924775
-6.0442438650924775
-6.0442438650924775
-6.1114021302601715
-7.05161784260789
-7.05161784260789
-7.05161784260789
-7.05161784260789
-7.05161784260789
-7.05161784260789
-7.05161784260789
-7.05161784260789
-7.05161784260789
-7.05161784260789
-7.05161784260789
-7.05161784260789
-7.05161784260789
-6.500920068232798
-6.0442438650924775
-6.0442438650924775
-6.0442438650924775
-6.0442438650924775
-6.0442438650924775
-6.0442438650924775
-6.0442438650924775
-6.0442438650924775
-6.0442438650924775
-6.0442438650924775
-6.0442438650924775
-6.0442438650924775
-6.47405676216572
-7.05161784260789
-7.05161784260789
-7.05161784260789
-7.05161784260789
-7.05161784260789
-7.05161784260789
-7.05161784260789
-7.05161784260789
-7.05161784260789
-7.05161784260789
-6.675531557668803
-6.0442438650924775
-6.0442438650924775
-6.0442438650924775
-5.829337416555856
-5.0368698875770646
-5.0368698875770646
-5.0368698875770646
-5.0368698875770646
-5.520409396784463
