110.51910488658852
110.51910488658852
110.51910488658852
109.1794793728117
108.50966661592328
108.50966661592328
108.50966661592328
108.50966661592328
108.50966661592328
108.50966661592328
108.50966661592328
108.50966661592328
108.50966661592328
108.50966661592328
108.50966661592328
108.50966661592328
108.50966661592328
108.50966661592328
108.50966661592328
108.50966661592328
108.50966661592328
108.50966661592328
108.50966661592328
108.50966661592328
108.50966661592328
108.50966661592328
108.50966661592328
108.50966661592328
108.50966661592328
108.50966661592328
108.50966661592328
108.50966661592328
105.92175369158167
103.48607093926016
103.48607093926016
103.48607093926016
103.48607093926016
103.48607093926016
103.48607093926016
103.48607093926016
103.48607093926016
103.48607093926016
103.48607093926016
103.48607093926016
103.48607093926016
103.48607093926016
103.48607093926016
103.48607093926016
103.48607093926016
103.48607093926016
103.48607093926016
103.48607093926016
103.48607093926016
103.48607093926016
103.48607093926016
103.48607093926016
103.48607093926016
103.48607093926016
103.48607093926016
103.48607093926016
103.48607093926016
103.48607093926016
106.07398386360177
108.50966661592328
108.50966661592328
108.50966661592328
108.50966661592328
108.50966661592328
108.50966661592328
108.50966661592328
108.50966661592328
108.50966661592328
108.50966661592328
108.50966661592328
108.50966661592328
108.50966661592328
108.50966661592328
108.50966661592328
108.50966661592328
108.50966661592328
108.50966661592328
108.50966661592328
108.50966661592328
108.50966661592328
108.50966661592328
108.50966661592328
108.50966661592328
108.50966661592328
108.50966661592328
108.50966661592328
108.50966661592328
108.50966661592328
107.04825696453037
105.49550920992542
105.49550920992542
105.49550920992542
105.49550920992542
105.49550920992542
105.49550920992542
105.49550920992542
105.49550920992542
105.49550920992542
105.49550920992542
105.49550920992542
105.49550920992542
105.49550920992542
105.49550920992542
105.49550920992542
105.49550920992542
105.49550920992542
105.49550920992542
105.49550920992542
105.49550920992542
105.49550920992542
105.49550920992542
105.49550920992542
105.49550920992542
105.49550920992542
105.49550920992542
105.49550920992542
105.49550920992542
105.49550920992542
105.49550920992542
105.49550920992542
105.49550920992542
107.20048713655046
107.50494748059066
107.50494748059066
107.50494748059066
107.50494748059066
107.50494748059066
107.50494748059066
107.50494748059066
107.50494748059066
107.50494748059066
107.50494748059066
107.50494748059066
107.50494748059066
107.50494748059066
107.50494748059066
107.50494748059066
107.50494748059066
107.50494748059066
107.50494748059066
107.50494748059066
107.50494748059066
107.50494748059066
107.50494748059066
107.50494748059066
107.50494748059066
107.50494748059066
107.50494748059066
107.50494748059066
107.50494748059066
107.50494748059066
107.50494748059066
106.50022834525804
106.50022834525804
106.50022834525804
106.50022834525804
106.50022834525804
106.50022834525804
106.50022834525804
106.50022834525804
106.50022834525804
106.50022834525804
106.50022834525804
106.50022834525804
106.50022834525804
106.50022834525804
106.50022834525804
106.50022834525804
106.50022834525804
106.50022834525804
106.50022834525804
106.50022834525804
106.50022834525804
106.50022834525804
106.50022834525804
106.50022834525804
106.50022834525804
106.50022834525804
106.50022834525804
106.50022834525804
106.50022834525804
106.50022834525804
106.50022834525804
106.50022834525804
106.50022834525804
106.50022834525804
103.66874714568428
103.48607093926016
103.48607093926016
103.48607093926016
103.48607093926016
103.48607093926016
103.48607093926016
103.48607093926016
103.48607093926016
103.48607093926016
103.48607093926016
103.48607093926016
103.48607093926016
103.48607093926016
103.48607093926016
103.48607093926016
103.48607093926016
103.48607093926016
103.48607093926016
103.48607093926016
103.48607093926016
103.48607093926016
103.48607093926016
103.48607093926016
103.48607093926016
103.48607093926016
103.48607093926016
103.48607093926016
103.48607093926016
103.48607093926016
103.48607093926016
103.48607093926016
103.48607093926016
104.21677576495662
105.49550920992542
105.49550920992542
105.49550920992542
105.49550920992542
105.49550920992542
105.49550920992542
105.49550920992542
105.49550920992542
105.49550920992542
105.49550920992542
105.49550920992542
105.49550920992542
105.49550920992542
105.49550920992542
105.49550920992542
105.49550920992542
105.49550920992542
105.49550920992542
105.49550920992542
105.49550920992542
105.49550920992542
105.49550920992542
105.49550920992542
105.49550920992542
105.49550920992542
105.49550920992542
105.49550920992542
105.49550920992542
105.49550920992542
106.19576800121784
106.50022834525804
106.50022834525804
106.50022834525804
106.50022834525804
106.50022834525804
106.50022834525804
106.50022834525804
106.50022834525804
106.50022834525804
106.50022834525804
106.50022834525804
106.50022834525804
106.50022834525804
106.50022834525804
106.50022834525804
106.50022834525804
106.50022834525804
106.50022834525804
106.50022834525804
106.50022834525804
106.50022834525804
106.50022834525804
106.50022834525804
106.50022834525804
106.50022834525804
106.50022834525804
106.50022834525804
106.50022834525804
106.50022834525804
106.50022834525804
106.50022834525804
106.50022834525804
106.50022834525804
102.45090576952353
99.46719439792967
99.46719439792967
99.46719439792967
99.46719439792967
99.46719439792967
99.46719439792967
99.46719439792967
99.46719439792967
99.46719439792967
99.46719439792967
99.46719439792967
99.46719439792967
99.46719439792967
99.46719439792967
99.46719439792967
99.46719439792967
99.46719439792967
99.46719439792967
99.46719439792967
99.46719439792967
99.46719439792967
99.46719439792967
99.46719439792967
99.46719439792967
99.46719439792967
99.46719439792967
99.46719439792967
99.46719439792967
99.46719439792967
98.5538133658091
97.45775612726443
97.45775612726443
97.45775612726443
97.45775612726443
97.45775612726443
97.45775612726443
97.45775612726443
97.45775612726443
97.45775612726443
97.45775612726443
97.45775612726443
97.45775612726443
97.45775612726443
97.45775612726443
97.45775612726443
97.45775612726443
97.45775612726443
97.45775612726443
97.45775612726443
97.45775612726443
97.45775612726443
97.45775612726443
97.45775612726443
97.45775612726443
97.45775612726443
97.45775612726443
97.45775612726443
97.45775612726443
97.45775612726443
97.45775612726443
97.45775612726443
97.45775612726443
97.45775612726443
97.45775612726443
97.45775612726443
97.45775612726443
97.45775612726443
97.45775612726443
97.45775612726443
97.45775612726443
97.45775612726443
97.45775612726443
97.45775612726443
97.45775612726443
97.45775612726443
97.45775612726443
97.45775612726443
97.45775612726443
97.45775612726443
97.45775612726443
97.45775612726443
97.45775612726443
97.45775612726443
97.45775612726443
97.45775612726443
97.45775612726443
97.45775612726443
97.45775612726443
97.45775612726443
97.45775612726443
97.45775612726443
97.45775612726443
97.45775612726443
97.45775612726443
99.89343887958594
105.49550920992542
105.49550920992542
105.49550920992542
105.49550920992542
105.49550920992542
105.49550920992542
105.49550920992542
105.49550920992542
105.49550920992542
105.49550920992542
105.49550920992542
105.49550920992542
105.49550920992542
105.49550920992542
105.49550920992542
105.49550920992542
105.49550920992542
105.49550920992542
105.49550920992542
105.49550920992542
105.49550920992542
105.49550920992542
105.49550920992542
105.49550920992542
105.49550920992542
105.49550920992542
105.49550920992542
105.49550920992542
105.49550920992542
105.49550920992542
105.49550920992542
105.49550920992542
105.49550920992542
105.49550920992542
105.49550920992542
105.49550920992542
105.49550920992542
105.49550920992542
105.49550920992542
105.49550920992542
105.49550920992542
105.49550920992542
105.49550920992542
105.49550920992542
105.49550920992542
105.49550920992542
105.49550920992542
105.49550920992542
105.49550920992542
105.49550920992542
105.49550920992542
105.49550920992542
105.49550920992542
105.49550920992542
105.49550920992542
105.49550920992542
105.49550920992542
105.49550920992542
105.49550920992542
105.49550920992542
105.49550920992542
105.49550920992542
105.4650631755214
104.4907900745928
104.4907900745928
104.4907900745928
104.4907900745928
104.4907900745928
104.4907900745928
104.4907900745928
104.4907900745928
104.4907900745928
104.4907900745928
104.4907900745928
104.4907900745928
104.4907900745928
104.4907900745928
104.4907900745928
104.4907900745928
104.4907900745928
104.4907900745928
104.4907900745928
104.4907900745928
104.4907900745928
104.4907900745928
104.4907900745928
104.4907900745928
104.4907900745928
104.4907900745928
104.4907900745928
104.4907900745928
104.4907900745928
104.4907900745928
104.4907900745928
104.4907900745928
104.4907900745928
98.46247526259705
98.46247526259705
98.46247526259705
98.46247526259705
98.46247526259705
98.46247526259705
98.46247526259705
98.46247526259705
98.46247526259705
98.46247526259705
98.46247526259705
98.46247526259705
98.46247526259705
98.46247526259705
98.46247526259705
98.46247526259705
98.46247526259705
98.46247526259705
98.46247526259705
98.46247526259705
98.46247526259705
98.46247526259705
98.46247526259705
98.46247526259705
98.46247526259705
98.46247526259705
98.46247526259705
98.46247526259705
98.46247526259705
98.46247526259705
98.46247526259705
98.46247526259705
98.46247526259705
98.46247526259705
98.46247526259705
98.46247526259705
103.15116456081596
105.49550920992542
105.49550920992542
105.49550920992542
105.49550920992542
105.49550920992542
105.49550920992542
105.49550920992542
105.49550920992542
105.49550920992542
105.49550920992542
105.49550920992542
105.49550920992542
105.49550920992542
105.49550920992542
105.49550920992542
105.49550920992542
105.49550920992542
105.49550920992542
105.49550920992542
105.49550920992542
105.49550920992542
105.49550920992542
105.49550920992542
105.49550920992542
105.49550920992542
105.49550920992542
105.49550920992542
105.49550920992542
105.49550920992542
105.49550920992542
105.49550920992542
105.49550920992542
105.49550920992542
105.49550920992542
105.49550920992542
105.49550920992542
105.49550920992542
105.49550920992542
105.49550920992542
105.49550920992542
105.49550920992542
105.49550920992542
105.49550920992542
105.49550920992542
105.49550920992542
105.49550920992542
105.49550920992542
105.49550920992542
105.49550920992542
105.49550920992542
105.49550920992542
105.49550920992542
105.49550920992542
105.49550920992542
105.49550920992542
105.49550920992542
105.49550920992542
105.49550920992542
105.49550920992542
105.49550920992542
105.49550920992542
105.49550920992542
105.49550920992542
105.49550920992542
105.49550920992542
105.49550920992542
105.49550920992542
105.49550920992542
105.49550920992542
105.49550920992542
105.49550920992542
105.49550920992542
105.49550920992542
105.49550920992542
105.49550920992542
105.49550920992542
105.49550920992542
105.49550920992542
105.49550920992542
105.49550920992542
105.49550920992542
105.49550920992542
105.49550920992542
105.49550920992542
105.49550920992542
105.49550920992542
105.49550920992542
105.49550920992542
105.49550920992542
105.49550920992542
105.49550920992542
105.49550920992542
99.46719439792967
99.46719439792967
99.46719439792967
99.46719439792967
99.46719439792967
99.46719439792967
99.46719439792967
99.46719439792967
99.46719439792967
99.46719439792967
99.46719439792967
99.46719439792967
99.46719439792967
99.46719439792967
99.46719439792967
99.46719439792967
99.46719439792967
99.46719439792967
99.46719439792967
99.46719439792967
99.46719439792967
99.46719439792967
99.46719439792967
99.46719439792967
99.46719439792967
99.46719439792967
99.46719439792967
99.46719439792967
99.46719439792967
99.46719439792967
99.46719439792967
99.46719439792967
99.46719439792967
99.46719439792967
100.56325163647435
102.48135180392754
102.48135180392754
102.48135180392754
102.48135180392754
102.48135180392754
102.48135180392754
102.48135180392754
102.48135180392754
102.48135180392754
102.48135180392754
102.48135180392754
102.48135180392754
102.48135180392754
102.48135180392754
102.48135180392754
102.48135180392754
102.48135180392754
102.48135180392754
102.48135180392754
102.48135180392754
102.48135180392754
102.48135180392754
102.48135180392754
102.48135180392754
102.48135180392754
102.48135180392754
102.48135180392754
102.48135180392754
102.48135180392754
102.48135180392754
105.52595524432942
106.50022834525804
106.50022834525804
106.50022834525804
106.50022834525804
106.50022834525804
106.50022834525804
106.50022834525804
106.50022834525804
106.50022834525804
106.50022834525804
106.50022834525804
106.50022834525804
106.50022834525804
106.50022834525804
106.50022834525804
106.50022834525804
106.50022834525804
106.50022834525804
106.50022834525804
106.50022834525804
106.50022834525804
106.50022834525804
106.50022834525804
106.50022834525804
106.50022834525804
106.50022834525804
106.50022834525804
106.50022834525804
106.50022834525804
106.50022834525804
106.50022834525804
106.50022834525804
106.50022834525804
106.50022834525804
106.50022834525804
106.50022834525804
106.50022834525804
106.50022834525804
106.50022834525804
106.50022834525804
106.50022834525804
106.50022834525804
106.50022834525804
106.50022834525804
106.50022834525804
106.50022834525804
106.50022834525804
106.50022834525804
106.50022834525804
106.50022834525804
106.50022834525804
106.50022834525804
106.50022834525804
106.50022834525804
106.50022834525804
106.50022834525804
106.50022834525804
106.50022834525804
106.50022834525804
106.50022834525804
106.50022834525804
106.50022834525804
106.50022834525804
41.954635408738014
0.0
0.0
0.0
0.0
0.0
0.0
0.0
0.0
0.0
0.0
0.0
0.0
0.0
0.0
0.0
99.46719439792967
99.46719439792967
99.46719439792967
99.46719439792967
99.46719439792967
99.46719439792967
99.46719439792967
99.46719439792967
99.46719439792967
99.46719439792967
99.46719439792967
99.46719439792967
99.46719439792967
99.46719439792967
99.46719439792967
99.46719439792967
99.46719439792967
99.46719439792967
99.46719439792967
99.77165474196987
100.4719135332623
100.4719135332623
100.4719135332623
100.4719135332623
100.4719135332623
100.4719135332623
100.4719135332623
100.4719135332623
100.4719135332623
100.4719135332623
100.4719135332623
100.4719135332623
100.4719135332623
100.4719135332623
100.4719135332623
100.4719135332623
100.4719135332623
100.4719135332623
100.4719135332623
100.4719135332623
100.4719135332623
100.4719135332623
100.4719135332623
100.4719135332623
100.4719135332623
100.4719135332623
100.4719135332623
100.4719135332623
100.4719135332623
100.4719135332623
100.4719135332623
100.4719135332623
100.4719135332623
101.32440249657482
104.4907900745928
104.4907900745928
104.4907900745928
104.4907900745928
104.4907900745928
104.4907900745928
104.4907900745928
104.4907900745928
104.4907900745928
104.4907900745928
104.4907900745928
104.4907900745928
104.4907900745928
104.4907900745928
104.4907900745928
104.4907900745928
104.4907900745928
104.4907900745928
104.4907900745928
104.4907900745928
104.4907900745928
104.4907900745928
104.4907900745928
104.4907900745928
104.4907900745928
104.4907900745928
104.4907900745928
104.4907900745928
104.4907900745928
104.4907900745928
103.66874714568428
101.47663266859492
101.47663266859492
101.47663266859492
101.47663266859492
101.47663266859492
101.47663266859492
101.47663266859492
101.47663266859492
101.47663266859492
101.47663266859492
101.47663266859492
101.47663266859492
101.47663266859492
101.47663266859492
101.47663266859492
101.47663266859492
101.47663266859492
101.47663266859492
101.47663266859492
101.47663266859492
101.47663266859492
101.47663266859492
101.47663266859492
101.47663266859492
101.47663266859492
101.47663266859492
101.47663266859492
101.47663266859492
101.47663266859492
101.47663266859492
101.47663266859492
101.47663266859492
101.47663266859492
101.47663266859492
101.47663266859492
101.47663266859492
101.47663266859492
101.47663266859492
101.47663266859492
101.47663266859492
101.47663266859492
101.47663266859492
101.47663266859492
101.47663266859492
101.47663266859492
101.47663266859492
101.47663266859492
101.47663266859492
101.47663266859492
101.47663266859492
101.47663266859492
101.47663266859492
101.47663266859492
101.47663266859492
101.47663266859492
101.47663266859492
101.47663266859492
101.47663266859492
101.47663266859492
101.47663266859492
101.47663266859492
101.47663266859492
101.47663266859492
101.47663266859492
98.5538133658091
98.46247526259705
98.46247526259705
98.46247526259705
98.46247526259705
98.46247526259705
98.46247526259705
98.46247526259705
98.46247526259705
98.46247526259705
98.46247526259705
98.46247526259705
98.46247526259705
98.46247526259705
98.46247526259705
98.46247526259705
98.46247526259705
98.46247526259705
98.46247526259705
98.46247526259705
98.46247526259705
98.46247526259705
98.46247526259705
98.46247526259705
98.46247526259705
98.46247526259705
98.46247526259705
98.46247526259705
98.46247526259705
98.94961181306135
100.4719135332623
100.4719135332623
100.4719135332623
100.4719135332623
100.4719135332623
100.4719135332623
100.4719135332623
100.4719135332623
100.4719135332623
100.4719135332623
100.4719135332623
100.4719135332623
100.4719135332623
100.4719135332623
100.4719135332623
100.4719135332623
100.4719135332623
100.4719135332623
100.4719135332623
100.4719135332623
100.4719135332623
100.4719135332623
100.4719135332623
100.4719135332623
100.4719135332623
100.4719135332623
99.95433094839397
99.46719439792967
99.46719439792967
99.46719439792967
99.46719439792967
99.46719439792967
99.46719439792967
99.46719439792967
