78.02874743326488
78.02874743326488
78.02874743326488
78.02874743326488
78.02874743326488
78.02874743326488
78.02874743326488
78.02874743326488
78.02874743326488
78.02874743326488
78.02874743326488
78.02874743326488
78.02874743326488
78.02874743326488
78.02874743326488
78.02874743326488
78.02874743326488
78.02874743326488
77.97741273100615
77.00205338809035
77.00205338809035
77.00205338809035
77.00205338809035
77.00205338809035
77.00205338809035
77.00205338809035
77.00205338809035
77.00205338809035
77.00205338809035
77.00205338809035
77.00205338809035
77.00205338809035
77.00205338809035
77.00205338809035
77.00205338809035
77.00205338809035
77.00205338809035
77.00205338809035
77.00205338809035
77.00205338809035
77.00205338809035
77.00205338809035
77.00205338809035
77.00205338809035
77.00205338809035
77.00205338809035
77.00205338809035
77.00205338809035
77.00205338809035
77.00205338809035
77.00205338809035
77.00205338809035
77.00205338809035
77.00205338809035
77.00205338809035
77.00205338809035
77.00205338809035
77.00205338809035
77.00205338809035
77.00205338809035
77.00205338809035
77.00205338809035
77.00205338809035
77.00205338809035
77.00205338809035
76.07802874743327
74.94866529774127
74.94866529774127
74.94866529774127
74.94866529774127
74.94866529774127
74.94866529774127
74.94866529774127
74.94866529774127
74.94866529774127
74.94866529774127
74.94866529774127
74.94866529774127
74.94866529774127
74.94866529774127
74.94866529774127
74.94866529774127
74.94866529774127
74.94866529774127
74.94866529774127
74.94866529774127
74.94866529774127
74.94866529774127
74.94866529774127
74.94866529774127
74.94866529774127
74.94866529774127
74.94866529774127
74.94866529774127
74.94866529774127
74.94866529774127
74.94866529774127
74.94866529774127
74.94866529774127
74.94866529774127
74.94866529774127
74.94866529774127
74.94866529774127
74.94866529774127
74.94866529774127
74.94866529774127
74.94866529774127
74.94866529774127
74.94866529774127
74.94866529774127
74.17864476386036
73.92197125256673
73.92197125256673
73.92197125256673
73.92197125256673
73.92197125256673
73.92197125256673
73.92197125256673
73.92197125256673
73.92197125256673
73.92197125256673
73.92197125256673
73.92197125256673
73.92197125256673
73.92197125256673
73.92197125256673
73.92197125256673
73.92197125256673
73.92197125256673
73.92197125256673
73.92197125256673
73.92197125256673
73.92197125256673
73.92197125256673
73.92197125256673
73.92197125256673
73.92197125256673
73.92197125256673
73.92197125256673
73.92197125256673
73.92197125256673
73.92197125256673
73.92197125256673
73.92197125256673
73.92197125256673
73.92197125256673
73.92197125256673
73.92197125256673
73.92197125256673
73.92197125256673
73.92197125256673
73.92197125256673
73.92197125256673
73.92197125256673
73.92197125256673
73.92197125256673
73.76796714579055
70.84188911704312
70.84188911704312
70.84188911704312
70.84188911704312
70.84188911704312
70.84188911704312
70.84188911704312
70.84188911704312
70.84188911704312
70.84188911704312
70.84188911704312
70.84188911704312
70.84188911704312
70.84188911704312
70.84188911704312
70.84188911704312
70.84188911704312
70.84188911704312
70.84188911704312
70.84188911704312
70.84188911704312
70.84188911704312
70.84188911704312
70.84188911704312
70.84188911704312
70.84188911704312
70.84188911704312
70.84188911704312
70.84188911704312
70.84188911704312
70.84188911704312
70.84188911704312
70.84188911704312
70.84188911704312
70.84188911704312
70.84188911704312
70.84188911704312
70.84188911704312
70.84188911704312
70.84188911704312
70.84188911704312
70.84188911704312
70.84188911704312
70.84188911704312
70.84188911704312
70.84188911704312
70.84188911704312
70.84188911704312
70.84188911704312
70.84188911704312
70.84188911704312
70.84188911704312
70.84188911704312
70.84188911704312
70.84188911704312
70.84188911704312
70.84188911704312
70.84188911704312
70.84188911704312
70.84188911704312
70.84188911704312
70.84188911704312
70.84188911704312
70.84188911704312
70.84188911704312
70.84188911704312
70.84188911704312
70.84188911704312
70.84188911704312
70.84188911704312
70.84188911704312
70.84188911704312
70.84188911704312
70.84188911704312
70.84188911704312
70.84188911704312
70.84188911704312
70.84188911704312
70.84188911704312
70.84188911704312
70.84188911704312
70.84188911704312
70.84188911704312
70.84188911704312
70.84188911704312
70.84188911704312
70.84188911704312
70.32854209445586
69.81519507186859
69.81519507186859
69.81519507186859
69.81519507186859
69.81519507186859
69.81519507186859
69.81519507186859
69.81519507186859
69.81519507186859
69.81519507186859
69.81519507186859
69.81519507186859
69.81519507186859
69.81519507186859
69.81519507186859
69.81519507186859
69.81519507186859
69.81519507186859
69.81519507186859
69.81519507186859
69.81519507186859
69.81519507186859
69.81519507186859
69.81519507186859
69.81519507186859
69.81519507186859
69.81519507186859
69.81519507186859
69.81519507186859
69.81519507186859
69.81519507186859
69.81519507186859
69.81519507186859
69.81519507186859
69.81519507186859
69.81519507186859
69.81519507186859
69.81519507186859
69.81519507186859
69.81519507186859
69.81519507186859
69.81519507186859
69.81519507186859
71.86858316221766
71.86858316221766
71.86858316221766
71.86858316221766
71.86858316221766
71.86858316221766
71.86858316221766
71.86858316221766
71.86858316221766
71.86858316221766
71.86858316221766
71.86858316221766
71.86858316221766
71.86858316221766
71.86858316221766
71.86858316221766
71.86858316221766
71.86858316221766
71.86858316221766
71.86858316221766
71.86858316221766
71.86858316221766
71.86858316221766
71.86858316221766
71.86858316221766
71.86858316221766
71.86858316221766
71.86858316221766
71.86858316221766
71.86858316221766
71.86858316221766
71.86858316221766
71.86858316221766
71.86858316221766
71.86858316221766
71.86858316221766
71.86858316221766
71.86858316221766
71.86858316221766
71.86858316221766
71.86858316221766
72.53593429158111
72.8952772073922
72.8952772073922
72.8952772073922
72.8952772073922
72.8952772073922
72.8952772073922
72.8952772073922
72.8952772073922
72.8952772073922
72.8952772073922
72.8952772073922
72.8952772073922
72.8952772073922
72.8952772073922
72.8952772073922
72.8952772073922
72.8952772073922
72.8952772073922
72.8952772073922
72.8952772073922
72.8952772073922
72.8952772073922
72.8952772073922
72.8952772073922
72.8952772073922
72.8952772073922
72.8952772073922
72.8952772073922
72.8952772073922
72.8952772073922
72.8952772073922
72.8952772073922
72.8952772073922
72.8952772073922
72.8952772073922
72.8952772073922
72.8952772073922
72.8952772073922
72.8952772073922
72.8952772073922
72.8952772073922
72.8952772073922
72.8952772073922
72.8952772073922
72.8952772073922
72.8952772073922
72.38193018480493
71.86858316221766
71.86858316221766
71.86858316221766
71.86858316221766
71.86858316221766
71.86858316221766
71.86858316221766
71.86858316221766
71.86858316221766
71.86858316221766
71.86858316221766
71.86858316221766
71.86858316221766
71.86858316221766
71.86858316221766
71.86858316221766
71.86858316221766
71.86858316221766
71.86858316221766
71.86858316221766
71.86858316221766
71.86858316221766
71.86858316221766
71.86858316221766
71.86858316221766
71.86858316221766
71.86858316221766
71.86858316221766
71.86858316221766
71.86858316221766
71.86858316221766
71.86858316221766
71.86858316221766
71.86858316221766
71.86858316221766
71.86858316221766
71.86858316221766
71.86858316221766
71.86858316221766
71.86858316221766
71.86858316221766
71.86858316221766
71.86858316221766
71.86858316221766
71.86858316221766
71.86858316221766
71.86858316221766
71.86858316221766
71.86858316221766
71.81724845995893
70.84188911704312
70.84188911704312
70.84188911704312
70.84188911704312
70.84188911704312
70.84188911704312
70.84188911704312
70.84188911704312
70.84188911704312
70.84188911704312
70.84188911704312
70.84188911704312
70.84188911704312
70.84188911704312
70.84188911704312
70.84188911704312
70.84188911704312
70.84188911704312
70.84188911704312
70.84188911704312
70.84188911704312
70.84188911704312
70.84188911704312
70.84188911704312
70.84188911704312
70.84188911704312
70.84188911704312
70.84188911704312
70.84188911704312
70.84188911704312
70.84188911704312
70.84188911704312
70.84188911704312
70.84188911704312
70.84188911704312
70.84188911704312
73.92197125256673
73.92197125256673
73.92197125256673
73.92197125256673
73.92197125256673
73.92197125256673
73.92197125256673
73.92197125256673
73.92197125256673
73.92197125256673
73.92197125256673
73.92197125256673
73.92197125256673
73.92197125256673
73.92197125256673
71.7659137577002
70.84188911704312
70.84188911704312
70.84188911704312
70.84188911704312
70.84188911704312
70.84188911704312
70.84188911704312
70.84188911704312
70.84188911704312
70.84188911704312
70.84188911704312
70.84188911704312
70.84188911704312
70.84188911704312
70.84188911704312
70.84188911704312
70.84188911704312
70.84188911704312
70.84188911704312
70.84188911704312
70.84188911704312
70.84188911704312
70.84188911704312
70.84188911704312
70.84188911704312
70.84188911704312
70.84188911704312
70.84188911704312
70.84188911704312
70.84188911704312
70.84188911704312
70.84188911704312
70.84188911704312
70.84188911704312
70.84188911704312
70.84188911704312
70.84188911704312
70.84188911704312
70.84188911704312
70.84188911704312
70.84188911704312
70.84188911704312
70.84188911704312
70.84188911704312
70.84188911704312
70.84188911704312
70.84188911704312
70.73921971252567
69.81519507186859
69.81519507186859
69.81519507186859
69.81519507186859
69.81519507186859
69.81519507186859
69.81519507186859
69.81519507186859
69.81519507186859
69.81519507186859
69.81519507186859
69.81519507186859
69.81519507186859
69.81519507186859
69.81519507186859
69.81519507186859
69.81519507186859
69.81519507186859
69.81519507186859
69.81519507186859
69.81519507186859
69.81519507186859
69.81519507186859
69.81519507186859
69.81519507186859
69.81519507186859
69.81519507186859
69.81519507186859
69.81519507186859
69.81519507186859
69.81519507186859
69.81519507186859
69.81519507186859
69.81519507186859
69.81519507186859
69.81519507186859
69.81519507186859
69.81519507186859
69.81519507186859
69.81519507186859
69.81519507186859
69.81519507186859
69.81519507186859
70.68788501026694
70.84188911704312
70.84188911704312
70.84188911704312
70.84188911704312
70.84188911704312
70.84188911704312
70.84188911704312
70.84188911704312
70.84188911704312
70.84188911704312
70.84188911704312
70.84188911704312
70.84188911704312
70.84188911704312
70.84188911704312
70.84188911704312
70.84188911704312
70.84188911704312
70.84188911704312
70.84188911704312
70.84188911704312
70.84188911704312
70.84188911704312
70.84188911704312
70.84188911704312
70.84188911704312
70.84188911704312
70.84188911704312
70.84188911704312
70.84188911704312
70.84188911704312
69.96919917864476
69.81519507186859
69.81519507186859
69.81519507186859
69.81519507186859
69.81519507186859
69.81519507186859
69.81519507186859
69.81519507186859
69.81519507186859
69.81519507186859
69.81519507186859
69.81519507186859
69.81519507186859
69.81519507186859
69.81519507186859
69.81519507186859
69.81519507186859
69.81519507186859
69.81519507186859
69.81519507186859
69.81519507186859
69.81519507186859
69.81519507186859
69.81519507186859
69.81519507186859
69.81519507186859
69.81519507186859
69.81519507186859
69.81519507186859
69.81519507186859
69.81519507186859
69.81519507186859
69.81519507186859
69.81519507186859
69.50718685831622
67.76180698151951
67.76180698151951
67.76180698151951
67.76180698151951
67.76180698151951
67.76180698151951
67.76180698151951
67.76180698151951
67.76180698151951
67.76180698151951
67.76180698151951
67.76180698151951
67.76180698151951
67.76180698151951
67.76180698151951
67.76180698151951
67.76180698151951
67.76180698151951
67.76180698151951
67.76180698151951
67.76180698151951
67.76180698151951
67.76180698151951
67.76180698151951
67.76180698151951
67.76180698151951
67.76180698151951
67.76180698151951
67.76180698151951
67.76180698151951
67.76180698151951
67.76180698151951
67.76180698151951
67.76180698151951
68.6858316221766
68.78850102669405
68.78850102669405
68.78850102669405
68.78850102669405
68.78850102669405
68.78850102669405
68.78850102669405
68.78850102669405
68.78850102669405
68.78850102669405
68.78850102669405
68.78850102669405
68.78850102669405
68.78850102669405
68.78850102669405
68.78850102669405
68.78850102669405
68.78850102669405
68.78850102669405
68.78850102669405
68.78850102669405
68.78850102669405
68.78850102669405
68.78850102669405
68.78850102669405
68.78850102669405
68.78850102669405
68.78850102669405
68.78850102669405
68.78850102669405
68.78850102669405
68.78850102669405
68.78850102669405
68.78850102669405
69.19917864476386
70.84188911704312
70.84188911704312
70.84188911704312
70.84188911704312
70.84188911704312
70.84188911704312
70.84188911704312
70.84188911704312
70.84188911704312
70.84188911704312
70.84188911704312
70.84188911704312
70.84188911704312
70.84188911704312
70.84188911704312
70.84188911704312
70.84188911704312
70.84188911704312
70.84188911704312
70.84188911704312
70.84188911704312
70.84188911704312
70.84188911704312
70.84188911704312
70.84188911704312
70.84188911704312
70.84188911704312
70.84188911704312
70.84188911704312
70.84188911704312
70.84188911704312
70.84188911704312
70.84188911704312
70.84188911704312
70.84188911704312
70.84188911704312
71.86858316221766
71.86858316221766
71.86858316221766
71.86858316221766
71.86858316221766
71.86858316221766
71.86858316221766
71.86858316221766
71.86858316221766
71.86858316221766
71.86858316221766
71.86858316221766
71.86858316221766
71.86858316221766
71.86858316221766
71.86858316221766
71.86858316221766
71.86858316221766
71.86858316221766
71.86858316221766
71.86858316221766
71.86858316221766
71.86858316221766
71.86858316221766
71.86858316221766
71.86858316221766
71.86858316221766
71.86858316221766
71.86858316221766
71.86858316221766
71.86858316221766
71.86858316221766
71.86858316221766
71.86858316221766
71.86858316221766
71.86858316221766
71.86858316221766
71.86858316221766
71.25256673511294
69.81519507186859
69.81519507186859
69.81519507186859
69.81519507186859
69.81519507186859
69.81519507186859
69.81519507186859
69.81519507186859
69.81519507186859
69.81519507186859
69.81519507186859
69.81519507186859
69.81519507186859
69.81519507186859
69.81519507186859
69.81519507186859
69.81519507186859
69.81519507186859
69.81519507186859
69.81519507186859
69.81519507186859
69.81519507186859
69.81519507186859
69.81519507186859
69.81519507186859
69.81519507186859
69.81519507186859
69.81519507186859
69.81519507186859
69.81519507186859
69.81519507186859
69.81519507186859
69.81519507186859
69.81519507186859
69.81519507186859
69.81519507186859
69.81519507186859
69.81519507186859
69.81519507186859
69.81519507186859
69.81519507186859
69.81519507186859
69.81519507186859
69.76386036960986
68.78850102669405
68.78850102669405
68.78850102669405
68.78850102669405
68.78850102669405
68.78850102669405
68.78850102669405
68.78850102669405
68.78850102669405
68.78850102669405
68.78850102669405
68.78850102669405
68.78850102669405
68.78850102669405
68.78850102669405
68.78850102669405
68.78850102669405
68.78850102669405
68.78850102669405
68.78850102669405
68.78850102669405
68.78850102669405
68.78850102669405
68.78850102669405
68.78850102669405
68.78850102669405
68.78850102669405
68.78850102669405
68.78850102669405
68.78850102669405
68.78850102669405
68.78850102669405
68.78850102669405
68.78850102669405
68.78850102669405
68.78850102669405
68.78850102669405
68.78850102669405
68.78850102669405
71.45790554414785
72.8952772073922
72.8952772073922
72.8952772073922
72.8952772073922
72.8952772073922
72.8952772073922
72.8952772073922
72.8952772073922
72.8952772073922
72.8952772073922
72.8952772073922
72.8952772073922
72.8952772073922
72.8952772073922
72.8952772073922
72.8952772073922
72.8952772073922
72.8952772073922
72.8952772073922
72.8952772073922
72.8952772073922
72.8952772073922
72.8952772073922
72.8952772073922
72.8952772073922
72.8952772073922
72.8952772073922
72.8952772073922
72.8952772073922
72.8952772073922
72.8952772073922
72.8952772073922
72.8952772073922
72.8952772073922
72.8952772073922
72.8952772073922
72.8952772073922
72.8952772073922
72.8952772073922
72.8952772073922
72.8952772073922
72.07392197125256
71.86858316221766
71.86858316221766
71.86858316221766
71.86858316221766
71.86858316221766
71.86858316221766
71.86858316221766
71.86858316221766
71.86858316221766
71.86858316221766
71.86858316221766
71.86858316221766
71.86858316221766
71.86858316221766
71.86858316221766
71.86858316221766
71.86858316221766
71.86858316221766
