-3.1596452328159645
-3.1596452328159645
-2.106430155210643
-2.106430155210643
-2.106430155210643
-2.106430155210643
-2.106430155210643
-2.106430155210643
-2.106430155210643
-2.106430155210643
-2.106430155210643
-2.106430155210643
-2.106430155210643
-2.106430155210643
-1.9401330376940134
-1.0532150776053215
-1.0532150776053215
-1.0532150776053215
-1.0532150776053215
-1.0532150776053215
-1.0532150776053215
-1.0532150776053215
-1.0532150776053215
-1.0532150776053215
-1.0532150776053215
-1.0532150776053215
-1.0532150776053215
-1.0532150776053215
-1.0532150776053215
-1.0532150776053215
-1.0532150776053215
-1.0532150776053215
-1.0532150776053215
-1.0532150776053215
-1.0532150776053215
-0.6097560975609756
0.0
0.0
0.0
0.0
0.0
0.0
0.0
0.0
0.0
0.0
0.0
0.0
0.0
0.0
0.0
0.0
0.0
0.0
0.0
0.0
0.0
0.0
0.0
0.0
0.0
0.0
0.0
0.0
0.0
0.0
0.0
0.0
0.0
0.0
0.0
0.0
0.0
0.0
0.0
0.0
0.0
0.0
0.0
0.0
0.0
0.0
0.0
0.0
0.0
0.0
0.0
0.0
0.0
0.0
0.0
0.0
0.0
0.0
0.0
0.0
0.0
0.0
0.0
0.0
0.0
0.0
0.0
0.0
0.0
0.0
0.0
0.0
0.0
0.0
0.0
0.0
0.0
0.0
0.0
0.0
0.0
0.0
0.0
0.0
0.0
0.0
0.0
0.0
0.0
0.0
0.0
0.0
0.0
0.0
0.0
0.0
0.0
0.0
0.0
0.0
0.0
0.0
0.0
0.0
0.0
0.0
0.0
0.0
0.0
0.0
0.0
0.0
0.0
0.0
0.0
0.0
0.0
0.0
0.0
0.0
0.0
0.0
0.0
0.0
0.0
0.0
0.0
0.0
0.0
0.0
0.0
0.0
0.0
0.0
0.0
0.0
0.0
0.0
0.0
0.0
0.0
0.0
0.0
0.0
0.0
0.0
0.0
0.0
0.0
0.0
0.0
0.0
0.0
0.0
0.0
0.0
0.0
0.0
0.0
0.0
0.0
0.0
0.0
0.0
0.0
0.0
0.0
0.0
0.0
0.0
0.0
0.0
0.0
0.0
0.0
0.0
0.0
0.0
0.0
0.0
0.0
0.0
0.0
0.0
0.0
0.0
0.0
0.0
0.0
0.0
0.0
0.0
0.0
0.0
0.0
0.0
0.0
0.0
0.0
0.0
0.0
0.0
0.0
0.0
0.0
0.0
0.0
0.0
0.0
0.0
0.0
0.0
0.0
0.0
0.0
0.0
0.0
0.0
0.0
0.0
0.0
0.0
0.0
0.0
0.0
0.0
0.0
0.0
0.0
0.0
0.0
0.0
0.0
0.0
0.0
0.0
0.0
0.0
0.0
0.0
0.0
0.0
0.0
0.0
0.0
0.0
0.0
0.0
0.0
0.0
0.0
0.0
0.0
0.0
0.0
0.0
0.0
0.0
0.0
0.0
0.0
0.0
0.0
0.0
0.0
0.0
0.0
0.0
0.0
0.0
0.0
0.0
0.6097560975609756
1.0532150776053215
1.0532150776053215
1.0532150776053215
1.0532150776053215
1.0532150776053215
1.0532150776053215
1.0532150776053215
1.0532150776053215
1.0532150776053215
1.0532150776053215
1.0532150776053215
1.0532150776053215
1.0532150776053215
1.0532150776053215
1.0532150776053215
1.0532150776053215
1.0532150776053215
1.0532150776053215
1.0532150776053215
1.0532150776053215
1.0532150776053215
1.0532150776053215
1.0532150776053215
1.0532150776053215
1.0532150776053215
1.0532150776053215
1.0532150776053215
1.0532150776053215
1.0532150776053215
1.0532150776053215
1.0532150776053215
1.0532150776053215
1.0532150776053215
1.0532150776053215
1.0532150776053215
1.0532150776053215
1.0532150776053215
1.0532150776053215
1.0532150776053215
1.0532150776053215
1.0532150776053215
1.0532150776053215
1.0532150776053215
1.0532150776053215
1.0532150776053215
1.0532150776053215
1.0532150776053215
1.0532150776053215
1.0532150776053215
1.0532150776053215
1.0532150776053215
1.0532150776053215
1.0532150776053215
1.0532150776053215
1.0532150776053215
1.0532150776053215
1.0532150776053215
1.0532150776053215
1.0532150776053215
1.0532150776053215
1.0532150776053215
1.0532150776053215
1.0532150776053215
1.0532150776053215
1.0532150776053215
1.0532150776053215
1.0532150776053215
1.0532150776053215
1.0532150776053215
1.0532150776053215
1.0532150776053215
1.0532150776053215
0.6097560975609756
0.0
0.0
0.0
0.0
0.0
0.0
0.0
0.0
0.0
0.0
0.0
0.0
0.0
0.0
0.0
0.0
0.0
0.0
0.0
0.0
0.0
0.0
0.0
0.0
0.0
0.0
0.0
0.0
0.0
0.0
0.0
0.0
0.0
0.0
0.0
0.0
0.0
0.0
0.0
0.0
0.0
0.0
0.0
0.0
0.0
0.0
0.0
0.0
0.0
-0.05543237250554324
-1.0532150776053215
-1.0532150776053215
-1.0532150776053215
-1.0532150776053215
-1.0532150776053215
-1.0532150776053215
-1.0532150776053215
-1.0532150776053215
-1.0532150776053215
-1.0532150776053215
-1.0532150776053215
-1.0532150776053215
-1.0532150776053215
-1.0532150776053215
-1.0532150776053215
-1.0532150776053215
-1.0532150776053215
-1.0532150776053215
-1.385809312638581
-2.106430155210643
-2.106430155210643
-2.106430155210643
-2.106430155210643
-2.106430155210643
-2.106430155210643
-2.106430155210643
-2.106430155210643
-2.106430155210643
-2.106430155210643
-2.106430155210643
-2.993348115299335
-3.1596452328159645
-3.1596452328159645
-3.1596452328159645
-3.1596452328159645
-3.1596452328159645
-3.1596452328159645
-3.1596452328159645
-3.1596452328159645
-3.1596452328159645
-3.1596452328159645
-3.1596452328159645
-3.1596452328159645
-3.1596452328159645
-3.1596452328159645
-3.1596452328159645
-3.1596452328159645
-3.1596452328159645
-3.1596452328159645
-3.1596452328159645
-3.1596452328159645
-3.1596452328159645
-3.1596452328159645
-3.1596452328159645
-3.1596452328159645
-3.1596452328159645
-3.1596452328159645
-3.1596452328159645
-3.1596452328159645
-3.1596452328159645
-3.1596452328159645
-3.1596452328159645
-3.1596452328159645
-3.1596452328159645
-3.1596452328159645
-3.1596452328159645
-3.1596452328159645
-2.9379157427937916
-2.106430155210643
-2.106430155210643
-2.106430155210643
-2.106430155210643
-2.106430155210643
-2.106430155210643
-2.106430155210643
-2.106430155210643
-1.9401330376940134
-1.0532150776053215
-1.0532150776053215
-1.0532150776053215
-1.0532150776053215
-1.0532150776053215
-1.0532150776053215
-1.0532150776053215
-1.0532150776053215
-1.0532150776053215
-1.0532150776053215
-1.0532150776053215
-0.7760532150776054
0.0
0.0
0.0
0.0
0.0
0.0
0.0
0.0
0.0
0.0
0.0
0.0
0.0
0.0
0.0
0.0
0.0
0.0
0.0
0.0
0.0
0.0
0.0
0.0
0.0
0.0
0.0
0.0
0.0
0.0
0.0
0.0
-0.3880266075388027
-1.0532150776053215
-1.0532150776053215
-1.0532150776053215
-1.0532150776053215
-2.106430155210643
-2.106430155210643
-2.106430155210643
-3.048780487804878
-3.1596452328159645
-3.1596452328159645
-3.991130820399113
-4.212860310421286
-4.212860310421286
-4.3791574279379155
-5.266075388026608
-5.266075388026608
-5.266075388026608
-5.266075388026608
-5.487804878048781
-6.319290465631929
-6.319290465631929
-6.319290465631929
-6.319290465631929
-6.319290465631929
-6.319290465631929
-6.319290465631929
-6.319290465631929
-6.319290465631929
-6.319290465631929
-6.319290465631929
-6.319290465631929
-6.319290465631929
-6.319290465631929
-6.319290465631929
-6.319290465631929
-6.319290465631929
-6.319290465631929
-6.319290465631929
-6.319290465631929
-6.319290465631929
-6.319290465631929
-6.319290465631929
-6.319290465631929
-6.319290465631929
-6.319290465631929
-5.98669623059867
-5.266075388026608
-5.266075388026608
-5.266075388026608
-5.266075388026608
-5.266075388026608
-5.266075388026608
-5.155210643015521
-4.212860310421286
-4.212860310421286
-4.212860310421286
-4.212860310421286
-4.212860310421286
-3.8248337028824837
-3.1596452328159645
-3.1596452328159645
-3.1596452328159645
-3.1596452328159645
-3.1596452328159645
-3.1596452328159645
-2.2172949002217295
-2.106430155210643
-2.106430155210643
-2.106430155210643
-2.106430155210643
-2.106430155210643
-2.106430155210643
-2.106430155210643
-2.106430155210643
-2.106430155210643
-2.106430155210643
-2.106430155210643
-2.106430155210643
-2.106430155210643
-2.106430155210643
-2.106430155210643
-2.106430155210643
-2.106430155210643
-1.0532150776053215
-1.0532150776053215
-1.0532150776053215
-1.0532150776053215
-1.0532150776053215
-1.0532150776053215
-1.0532150776053215
-1.0532150776053215
-1.0532150776053215
-1.0532150776053215
-1.0532150776053215
-1.0532150776053215
-1.0532150776053215
-1.0532150776053215
-1.0532150776053215
-1.0532150776053215
-1.0532150776053215
-1.0532150776053215
-1.0532150776053215
-1.0532150776053215
-1.0532150776053215
-1.0532150776053215
-1.0532150776053215
-1.0532150776053215
-1.0532150776053215
-1.0532150776053215
-1.0532150776053215
-1.0532150776053215
-1.0532150776053215
-1.0532150776053215
0.0
0.0
0.0
0.0
0.0
0.0
0.0
0.0
0.0
0.0
-0.5543237250554324
-1.0532150776053215
-1.0532150776053215
-1.0532150776053215
-1.0532150776053215
-1.4412416851441243
-2.106430155210643
-2.106430155210643
-2.1618625277161865
-3.1596452328159645
-3.1596452328159645
-3.1596452328159645
-4.212860310421286
-4.212860310421286
-4.212860310421286
-4.988913525498892
-5.266075388026608
-5.266075388026608
-5.266075388026608
-6.042128603104213
-6.319290465631929
-6.319290465631929
-6.319290465631929
-6.319290465631929
-6.319290465631929
-6.319290465631929
-6.319290465631929
-6.319290465631929
-6.319290465631929
-6.319290465631929
-6.319290465631929
-6.319290465631929
-6.319290465631929
-6.319290465631929
-6.319290465631929
-6.319290465631929
-6.319290465631929
-6.319290465631929
-6.319290465631929
-5.82039911308204
-5.266075388026608
-5.266075388026608
-5.266075388026608
-5.266075388026608
-5.266075388026608
-5.266075388026608
-5.266075388026608
-5.266075388026608
-4.767184035476719
-4.212860310421286
-4.212860310421286
-4.212860310421286
-4.212860310421286
-4.212860310421286
-4.212860310421286
-3.436807095343681
-3.1596452328159645
-3.1596452328159645
-3.1596452328159645
-3.1596452328159645
-3.1596452328159645
-3.1596452328159645
-2.6607538802660757
-2.106430155210643
-2.106430155210643
-2.106430155210643
-2.106430155210643
-2.106430155210643
-2.106430155210643
-2.106430155210643
-2.106430155210643
-2.106430155210643
-1.4412416851441243
-1.0532150776053215
-1.0532150776053215
-1.0532150776053215
-1.0532150776053215
-1.0532150776053215
-1.0532150776053215
-1.0532150776053215
-1.0532150776053215
-1.0532150776053215
-1.0532150776053215
-1.0532150776053215
-1.0532150776053215
-1.0532150776053215
-1.0532150776053215
-1.0532150776053215
-1.164079822616408
-2.106430155210643
-2.106430155210643
-2.106430155210643
-2.106430155210643
-2.106430155210643
-2.106430155210643
-2.106430155210643
-2.106430155210643
-2.106430155210643
-2.9379157427937916
-3.1596452328159645
-3.1596452328159645
-3.1596452328159645
-3.1596452328159645
-3.1596452328159645
-3.1596452328159645
-3.7139689578713972
-4.212860310421286
-4.212860310421286
-4.212860310421286
-4.212860310421286
-4.212860310421286
-4.212860310421286
-4.212860310421286
-4.212860310421286
-4.212860310421286
-4.878048780487805
-5.266075388026608
-5.266075388026608
-5.266075388026608
-5.266075388026608
-5.266075388026608
-5.266075388026608
-5.266075388026608
-5.266075388026608
-5.266075388026608
-5.266075388026608
-5.266075388026608
-5.266075388026608
-5.266075388026608
-5.266075388026608
-5.266075388026608
-5.266075388026608
-5.266075388026608
-5.266075388026608
-5.266075388026608
-5.266075388026608
-5.266075388026608
-4.212860310421286
-4.212860310421286
-4.212860310421286
-4.212860310421286
-4.212860310421286
-4.212860310421286
-3.436807095343681
-3.1596452328159645
-3.1596452328159645
-3.1596452328159645
-3.1596452328159645
-3.1596452328159645
-3.1596452328159645
-2.106430155210643
-2.106430155210643
-2.106430155210643
-2.106430155210643
-2.106430155210643
-2.106430155210643
-2.106430155210643
-2.106430155210643
-2.106430155210643
-2.106430155210643
-2.106430155210643
-2.106430155210643
-2.106430155210643
-1.1086474501108647
-1.0532150776053215
-1.0532150776053215
-1.0532150776053215
-1.0532150776053215
-1.0532150776053215
-1.0532150776053215
-1.0532150776053215
-1.0532150776053215
-1.0532150776053215
-1.0532150776053215
-1.0532150776053215
-1.0532150776053215
-1.0532150776053215
-1.0532150776053215
-1.0532150776053215
-1.0532150776053215
-1.0532150776053215
-1.0532150776053215
-1.0532150776053215
-1.0532150776053215
-1.0532150776053215
-1.0532150776053215
-1.0532150776053215
-1.0532150776053215
-1.0532150776053215
-1.0532150776053215
-1.0532150776053215
-0.05543237250554324
0.0
0.0
0.0
0.0
0.0
0.0
0.0
0.0
0.0
0.0
0.0
0.0
0.0
0.0
0.0
0.0
0.0
0.0
0.0
0.0
0.0
0.0
0.0
0.0
0.0
0.0
0.0
-0.16629711751662973
-1.0532150776053215
-1.0532150776053215
-1.0532150776053215
-1.0532150776053215
-1.0532150776053215
