82.97406859275465
85.32269480728395
98.8353387812882
102.69609420243228
94.17025931407245
91.72511421401454
90.59906054951419
90.59906054951419
89.63387169422816
87.67132102181327
87.51045621259892
87.51045621259892
86.73830512837011
84.74358149411235
83.39231709671192
82.5236471269545
82.36278231774017
82.36278231774017
82.36278231774017
82.00887973746863
81.33324753876842
81.33324753876842
81.33324753876842
81.33324753876842
81.78366900456857
101.44134869056045
96.39019368123029
93.68766488642945
93.2372434206293
92.07901679428608
90.79209832057138
88.86172060999935
88.53999099157068
88.53999099157068
88.41129914419922
86.77047809021299
85.16182999806962
83.93925744804066
83.45666302039766
83.39231709671192
83.03841451644038
82.45930120326877
82.36278231774017
82.36278231774017
81.62280419535422
81.26890161508268
80.52892349269673
84.38967891384081
85.7731162730841
107.6829032880767
93.46245415352938
90.85644424425712
90.59906054951419
90.59906054951419
90.14863908371404
88.82954764815649
88.53999099157068
87.80001286918474
87.51045621259892
86.03049996782704
84.96879222701241
84.0036033717264
83.39231709671192
82.39495527958303
82.36278231774017
82.36278231774017
81.42976642429701
81.10803680586835
80.30371275979667
79.37069686635351
81.78366900456857
86.57744031915578
107.39334663149089
97.96666881153078
90.40602277845699
88.79737468631362
88.53999099157068
88.21826137314201
87.86435879287048
87.41393732707033
86.73830512837011
86.48092143362717
85.99832700598417
83.45666302039766
82.62016601248311
82.33060935589731
81.59063123351136
81.33324753876842
81.33324753876842
81.07586384402548
80.33588572163953
80.33588572163953
80.62544237822534
81.9445338137829
100.63702464448878
95.93977221543015
92.62595714561482
91.72511421401454
90.59906054951419
89.95560131265684
89.56952577054244
88.18608841129914
87.51045621259892
87.51045621259892
87.51045621259892
86.38440254809858
83.84273856251207
83.39231709671192
83.39231709671192
83.39231709671192
82.36278231774017
82.36278231774017
82.36278231774017
82.2340904703687
81.52628530982562
81.52628530982562
82.36278231774017
92.14336271797181
113.79576603822147
97.45190142204491
91.98249790875748
90.85644424425712
90.69557943504279
90.50254166398558
88.08956952577054
87.51045621259892
87.51045621259892
87.41393732707033
85.38704073096969
83.7140467151406
83.00624155459751
82.36278231774017
82.36278231774017
82.29843639405443
81.71932308088283
81.33324753876842
80.40023164532526
79.98198314136799
79.20983205713918
79.1776590952963
84.4861977993694
99.44662505630268
91.1781738626858
88.86172060999935
87.5426291744418
87.51045621259892
87.41393732707033
86.09484589151278
85.45138665465542
85.41921369281256
85.35486776912683
83.9070844861978
81.78366900456857
81.33324753876842
81.33324753876842
81.33324753876842
80.68978830191107
80.43240460716814
80.30371275979667
80.30371275979667
80.30371275979667
83.03841451644038
99.25358728524547
106.2029470433048
95.97194517727301
92.49726529824335
90.37384981661411
89.92342835081398
90.34167685477125
89.98777427449971
88.60433691525641
88.53999099157068
88.53999099157068
88.53999099157068
87.02786178495592
84.22881410462647
83.39231709671192
83.39231709671192
83.39231709671192
83.36014413486906
83.29579821118332
82.36278231774017
82.07322566115437
81.33324753876842
82.36278231774017
85.45138665465542
108.19767067756257
94.62068077987259
92.88334084035776
91.98249790875748
93.10855157325783
93.20507045878644
90.14863908371404
88.76520172447076
88.70085580078502
88.95823949552796
88.21826137314201
86.0626729296699
85.16182999806962
84.42185187568367
84.42185187568367
83.61752782961199
83.39231709671192
83.36014413486906
82.36278231774017
81.71932308088283
81.33324753876842
83.9070844861978
94.7171996654012
103.30738047744676
104.01518563798983
92.01467087060034
90.63123351135705
90.59906054951419
90.47036870214272
89.05475838105656
88.53999099157068
88.53999099157068
88.53999099157068
87.99305064024193
85.54790554018403
82.94189563091177
82.39495527958303
82.26626343221157
82.07322566115437
81.52628530982562
81.36542050061128
81.23672865323981
80.30371275979667
80.30371275979667
80.33588572163953
87.41393732707033
104.01518563798983
105.97773631040474
93.36593526800077
91.04948201531433
89.6016987323853
89.56952577054244
89.4086609613281
88.53999099157068
88.15391544945628
86.60961328099864
85.90180812045557
84.35750595199794
83.39231709671192
82.84537674538318
82.36278231774017
82.20191750852584
81.81584196641143
82.26626343221157
81.33324753876842
81.33324753876842
80.43240460716814
80.30371275979667
83.74621967698346
102.82478604980375
105.7203526156618
93.94504858117239
90.79209832057138
90.56688758767132
90.50254166398558
90.40602277845699
89.18345022842803
87.8321858310276
87.5426291744418
87.51045621259892
85.80528923492696
84.67923557042661
84.03577633356926
83.39231709671192
83.39231709671192
83.39231709671192
83.10276044012612
81.88018789009716
81.33324753876842
81.33324753876842
80.43240460716814
86.25571070072711
106.46033073804774
105.39862299723312
92.9476867640435
92.23988160350042
92.14336271797181
93.59114600090084
91.21034682452867
88.70085580078502
88.53999099157068
88.53999099157068
88.53999099157068
87.22089955601312
86.09484589151278
85.45138665465542
84.93661926516955
84.42185187568367
83.64970079145486
84.32533299015508
83.9070844861978
83.45666302039766
83.16710636381185
82.36278231774017
82.36278231774017
82.20191750852584
81.33324753876842
94.68502670355832
97.96666881153078
94.84589151277267
94.23460523775819
94.81371855092979
95.52152371147288
92.14336271797181
88.66868283894215
88.53999099157068
88.53999099157068
88.53999099157068
88.53999099157068
86.96351586127018
84.80792741779808
83.48883598224052
83.39231709671192
83.39231709671192
83.39231709671192
83.39231709671192
82.78103082169744
82.36278231774017
82.2340904703687
81.68715011903996
81.33324753876842
81.46193938613989
97.09799884177338
98.41709027733093
94.68502670355832
93.94504858117239
92.9476867640435
93.62331896274371
91.371211633743
90.56688758767132
89.92342835081398
89.56952577054244
90.01994723634257
89.4086609613281
88.1217424876134
86.96351586127018
85.90180812045557
85.45138665465542
85.29052184544109
84.55054372305514
84.42185187568367
83.77839263882633
83.39231709671192
83.39231709671192
87.51045621259892
96.00411813911589
109.58110803680587
96.61540441413037
95.58586963515862
95.26414001672994
95.74673444437295
94.81371855092979
92.23988160350042
91.62859532848594
91.62859532848594
91.62859532848594
91.30686571005727
90.11646612187118
88.41129914419922
87.51045621259892
87.28524547969886
86.48092143362717
85.64442442571263
85.09748407438389
83.7140467151406
83.39231709671192
82.55582008879738
82.36278231774017
82.36278231774017
82.36278231774017
94.87806447461553
100.95875426291744
95.55369667331574
94.7171996654012
96.80844218518757
96.29367479570169
92.59378418377196
90.59906054951419
90.59906054951419
90.59906054951419
89.79473650344251
87.51045621259892
86.60961328099864
85.51573257834116
85.16182999806962
84.90444630332668
84.13229521909787
83.45666302039766
83.19927932565471
82.36278231774017
82.04105269931149
81.39759346245415
81.33324753876842
81.33324753876842
83.45666302039766
103.11434270638955
93.1407245351007
92.6581301074577
92.8511678785149
93.97722154301525
91.59642236664307
88.95823949552796
88.53999099157068
88.73302876262788
88.53999099157068
86.3522295862557
85.45138665465542
84.42185187568367
84.42185187568367
84.1966411427836
83.64970079145486
83.4244900585548
83.39231709671192
83.36014413486906
82.36278231774017
82.36278231774017
83.23145228749759
102.92130493533234
97.00147995624476
94.65285374171546
93.68766488642945
94.07374042854384
94.68502670355832
92.33640048902902
90.59906054951419
90.43819574029985
90.53471462582846
88.89389357184223
87.735666945499
86.77047809021299
86.44874847178431
85.45138665465542
85.45138665465542
85.06531111254102
84.42185187568367
84.13229521909787
83.48883598224052
83.39231709671192
87.51045621259892
99.99356540763142
109.19503249469146
96.7762692233447
96.06846406280162
95.87542629174442
98.5457821247024
96.7762692233447
94.55633485618687
91.62859532848594
91.62859532848594
91.62859532848594
90.92079016794285
88.86172060999935
87.6391480599704
86.51309439547005
86.3522295862557
85.7731162730841
85.45138665465542
84.87227334148382
84.42185187568367
83.58535486776913
83.00624155459751
81.62280419535422
81.91236085194002
84.67923557042661
108.71243806704845
95.23196705488706
93.04420564957209
92.6581301074577
92.8511678785149
93.07637861141497
90.43819574029985
88.53999099157068
88.53999099157068
88.53999099157068
88.53999099157068
86.89916993758445
85.51573257834116
84.93661926516955
83.23145228749759
82.39495527958303
82.04105269931149
81.33324753876842
81.07586384402548
80.30371275979667
80.27153979795379
79.75677240846792
80.1750209124252
88.53999099157068
95.84325332990154
105.14123930249019
90.85644424425712
90.53471462582846
91.78946013770027
92.27205456534328
89.15127726658515
87.51045621259892
87.51045621259892
87.51045621259892
87.51045621259892
87.47828325075606
86.41657550994144
85.45138665465542
84.90444630332668
84.42185187568367
83.58535486776913
83.4244900585548
83.39231709671192
83.39231709671192
82.39495527958303
81.6549771571971
82.4271282414259
83.39231709671192
91.21034682452867
107.2003088604337
93.81635673380092
92.40074641271475
92.04684383244322
93.91287561932951
92.9476867640435
89.56952577054244
88.53999099157068
88.53999099157068
88.53999099157068
87.86435879287048
85.41921369281256
83.58535486776913
82.68451193616885
82.33060935589731
81.91236085194002
81.39759346245415
80.947171996654
80.30371275979667
79.66025352293931
79.27417798082492
79.27417798082492
79.27417798082492
79.27417798082492
80.23936683611093
97.41972846020204
97.19451772730197
93.59114600090084
90.82427128241426
91.85380606138601
94.00939450485812
90.82427128241426
87.67132102181327
87.51045621259892
87.51045621259892
87.51045621259892
86.83482401389871
85.35486776912683
84.42185187568367
83.52100894408339
83.39231709671192
82.39495527958303
82.36278231774017
82.04105269931149
81.33324753876842
81.14020976771121
80.30371275979667
80.40023164532526
81.33324753876842
94.87806447461553
101.05527314844605
93.75201081011518
90.24515796924264
89.4086609613281
91.1781738626858
91.69294125217168
89.63387169422816
89.56952577054244
89.56952577054244
89.56952577054244
85.41921369281256
83.64970079145486
82.55582008879738
81.91236085194002
81.23672865323981
80.30371275979667
79.62808056109645
79.27417798082492
78.43768097291037
78.24464320185317
77.53683804131008
77.21510842288141
77.95508654526735
83.26362524934045
103.75780194324689
91.04948201531433
88.34695322051348
87.60697509812753
89.73039057975677
90.43819574029985
87.41393732707033
86.48092143362717
86.28788366256997
85.45138665465542
85.38704073096969
83.87491152435493
82.78103082169744
82.16974454668296
81.39759346245415
81.33324753876842
80.33588572163953
80.33588572163953
80.33588572163953
80.27153979795379
79.27417798082492
81.52628530982562
89.3121420757995
101.98828904188919
90.82427128241426
89.98777427449971
88.89389357184223
89.27996911395662
89.56952577054244
88.86172060999935
87.51045621259892
87.28524547969886
86.48092143362717
85.32269480728395
83.61752782961199
82.74885785985458
82.36278231774017
81.97670677562576
82.26626343221157
81.42976642429701
81.68715011903996
81.39759346245415
81.33324753876842
81.39759346245415
93.68766488642945
97.38755549835918
93.81635673380092
92.30422752718616
91.62859532848594
92.40074641271475
91.98249790875748
89.18345022842803
87.57480213628466
87.51045621259892
87.51045621259892
87.47828325075606
85.80528923492696
84.96879222701241
84.0036033717264
83.39231709671192
83.23145228749759
82.36278231774017
82.26626343221157
81.6549771571971
81.33324753876842
85.99832700598417
90.24515796924264
110.90019947236343
102.92130493533234
93.94504858117239
93.46245415352938
94.49198893250113
95.16762113120133
89.92342835081398
89.56952577054244
88.89389357184223
89.05475838105656
87.76783990734187
86.60961328099864
85.61225146386977
84.1966411427836
83.48883598224052
83.39231709671192
83.39231709671192
82.55582008879738
82.36278231774017
81.59063123351136
81.33324753876842
84.06794929541213
94.68502670355832
105.7203526156618
93.84852969564378
93.04420564957209
93.10855157325783
94.29895116144392
93.7198378482723
90.56688758767132
88.82954764815649
88.79737468631362
88.57216395341355
88.08956952577054
87.51045621259892
86.32005662441284
85.45138665465542
84.90444630332668
83.87491152435493
83.00624155459751
82.36278231774017
81.6549771571971
81.33324753876842
80.56109645453961
80.52892349269673
81.33324753876842
84.55054372305514
103.62911009587542
92.01467087060034
91.72511421401454
95.71456148253007
96.58323145228749
93.81635673380092
89.44083392317097
88.53999099157068
88.18608841129914
87.28524547969886
84.84010037964094
83.97143040988354
83.45666302039766
83.48883598224052
83.39231709671192
83.03841451644038
82.36278231774017
82.36278231774017
82.29843639405443
81.55845827166848
81.33324753876842
81.33324753876842
81.04369088218262
81.81584196641143
99.96139244578856
96.32584775754455
93.20507045878644
92.6581301074577
93.30158934431503
95.006756321987
93.46245415352938
89.95560131265684
89.1191043047423
89.3121420757995
88.34695322051348
87.09220770864165
85.61225146386977
84.61488964674088
84.32533299015508
83.39231709671192
83.39231709671192
83.39231709671192
83.00624155459751
82.36278231774017
81.59063123351136
81.30107457692554
80.40023164532526
82.00887973746863
83.48883598224052
101.40917572871759
97.2588636509877
91.98249790875748
91.62859532848594
92.91551380220062
93.39810822984364
89.08693134289942
86.67395920468438
86.48092143362717
86.48092143362717
86.48092143362717
85.5800785020269
84.4861977993694
83.52100894408339
83.23145228749759
82.26626343221157
81.33324753876842
81.17238272955409
80.33588572163953
80.30371275979667
79.43504279003925
78.75941059133903
80.49675053085387
85.25834888359822
104.20822340904704
92.27205456534328
89.66604465607104
88.53999099157068
88.66868283894215
89.56952577054244
88.73302876262788
87.12438067048453
85.54790554018403
85.45138665465542
85.09748407438389
83.10276044012612
82.36278231774017
82.07322566115437
81.39759346245415
80.68978830191107
80.30371275979667
80.30371275979667
80.30371275979667
81.62280419535422
81.46193938613989
81.33324753876842
88.73302876262788
105.23775818801879
97.51624734573065
87.89653175471334
89.21562319027089
93.17289749694356
93.7198378482723
92.43291937455761
89.1191043047423
87.6391480599704
87.51045621259892
87.06003474679879
83.68187375329772
83.36014413486906
82.36278231774017
81.30107457692554
80.68978830191107
80.43240460716814
80.30371275979667
80.30371275979667
80.1750209124252
79.27417798082492
79.49938871372498
81.30107457692554
85.25834888359822
106.23512000514768
97.54842030757351
89.56952577054244
90.21298500739978
91.85380606138601
91.14600090084294
86.96351586127018
85.4835596164983
85.51573257834116
85.45138665465542
85.12965703622675
83.9070844861978
82.36278231774017
82.26626343221157
82.10539862299723
81.55845827166848
81.49411234798275
81.33324753876842
80.78630718743968
80.43240460716814
80.23936683611093
80.947171996654
84.4861977993694
102.76044012611801
92.6581301074577
90.92079016794285
90.59906054951419
92.36857345087188
93.33376230615791
89.47300688501383
86.51309439547005
86.48092143362717
86.48092143362717
84.38967891384081
81.84801492825429
81.33324753876842
81.46193938613989
82.00887973746863
82.07322566115437
82.04105269931149
82.16974454668296
82.36278231774017
82.36278231774017
83.4244900585548
86.09484589151278
105.36645003539026
100.99092722476031
92.11118975612895
92.6581301074577
92.78682195482916
95.42500482594427
89.63387169422816
88.53999099157068
88.53999099157068
89.53735280869957
89.8912553889711
88.53999099157068
87.57480213628466
86.80265105205585
86.48092143362717
85.61225146386977
85.45138665465542
84.67923557042661
84.42185187568367
83.68187375329772
83.29579821118332
82.36278231774017
83.23145228749759
103.08216974454668
95.61804259700148
94.62068077987259
97.03365291808764
99.86487356025995
99.06054951418827
94.29895116144392
90.66340647319993
90.59906054951419
90.63123351135705
90.63123351135705
90.72775239688565
90.59906054951419
88.60433691525641
87.47828325075606
86.60961328099864
86.19136477704137
85.45138665465542
85.22617592175536
84.84010037964094
84.38967891384081
83.39231709671192
83.39231709671192
83.4244900585548
88.89389357184223
104.40126118010424
113.31317161057846
96.80844218518757
96.93713403255903
102.05263496557492
102.1813268129464
98.12753362074513
93.2372434206293
92.6581301074577
92.75464899298629
93.68766488642945
92.69030306930055
91.75728717585741
90.56688758767132
88.99041245737082
88.15391544945628
87.51045621259892
87.12438067048453
87.38176436522745
86.64178624284152
85.99832700598417
