89.39360035802193
89.61736406354889
89.39360035802193
88.61042738867755
88.61042738867755
89.64533452673976
92.6381740881629
108.4414857910047
105.33676437681807
101.02931304542402
99.71470127545311
99.68673081226224
99.01543969568135
96.86171402998433
95.68695457596777
95.6589841127769
95.1834862385321
93.44931752069813
92.02282389796375
90.68024166480197
90.00895054822107
89.58939360035802
88.61042738867755
88.44260460953232
87.60349071380621
86.96017006041619
88.19087044081449
89.25374804206757
108.27366301185947
110.53927053031997
98.1203848735735
98.2042962631461
98.51197135824569
97.61691653613784
96.3302752293578
95.9386887446856
95.68695457596777
94.17654956366077
93.05773103602596
92.13470575072722
91.43544417095546
90.62430073842022
90.62430073842022
90.62430073842022
90.26068471693891
89.61736406354889
92.4423808458268
107.82613560080554
105.1130006712911
101.00134258223315
99.71470127545311
99.8265831282166
99.68673081226224
98.4000895054822
97.67285746251957
97.67285746251957
97.00156634593868
94.79189975385992
94.06466771089728
93.0017901096442
92.21861714029984
91.63123741329156
91.46341463414633
91.04385768628327
90.62430073842022
89.75721637950323
90.28865518012978
97.81270977847393
114.8746923249049
104.38576862832848
101.95233833072275
101.19713582456924
101.1411948981875
100.24614007607966
98.14835533676437
97.72879838890131
96.44215708212127
95.04363392257775
94.20452002685164
93.1136719624077
91.82703065562765
90.79212351756544
90.62430073842022
90.51241888565674
89.05795479973148
88.58245692548668
87.60349071380621
87.37972700827925
87.63146117699708
99.68673081226224
103.88230029089281
100.19019914969792
98.84761691653613
98.67979413739091
98.5958827478183
97.14141866189303
95.74289550234951
94.98769299619602
94.48422465876034
93.14164242559856
91.93891250839113
90.62430073842022
89.61736406354889
88.61042738867755
88.58245692548668
87.74334302976057
87.2398746923249
86.59655403893488
85.7294696800179
87.9950771984784
93.61714029984336
107.07093309465203
98.5958827478183
95.91071828149474
95.6589841127769
95.60304318639515
94.344372342806
93.64511076303422
92.75005594092637
92.05079436115462
90.42850749608412
88.66636831505929
87.2398746923249
86.59655403893488
86.23293801745356
85.58961736406354
85.28194226896397
84.5826806891922
84.10718281494741
91.63123741329156
104.10606399641978
103.77041843812933
97.56097560975608
94.56813604833296
93.64511076303422
93.64511076303422
92.88990825688073
92.6381740881629
91.99485343477288
91.51935556052807
90.12083240098455
88.69433877825016
87.60349071380621
86.79234728127098
85.7294696800179
85.58961736406354
85.56164690087267
84.89035578429178
84.7784739315283
88.61042738867755
103.82635936451106
98.62385321100916
94.65204743790557
93.6730812262251
93.78496307898858
93.64511076303422
92.86193779368986
92.38643991944505
91.63123741329156
90.79212351756544
89.2257775788767
88.21884090400536
86.93219959722532
86.59655403893488
85.925262922354
85.5336764376818
85.30991273215484
84.5826806891922
85.22600134258222
94.48422465876034
108.27366301185947
100.27411053927052
95.82680689192212
94.48422465876034
94.65204743790557
94.48422465876034
93.70105168941598
93.50525844707988
92.47035130901767
91.35153278138286
90.09286193779369
89.00201387334974
87.9950771984784
86.98814052360707
86.56858357574401
86.56858357574401
85.58961736406354
85.50570597449094
86.79234728127098
93.92481539494294
109.64421570821212
101.02931304542402
95.99462967106734
95.63101364958604
95.6589841127769
95.04363392257775
94.65204743790557
94.03669724770641
92.41441038263594
91.37950324457373
90.03692101141195
88.69433877825016
87.74334302976057
87.26784515551577
86.62452450212575
86.0091743119266
85.58961736406354
85.47773551130007
86.14902662788096
92.66614455135377
105.58849854553591
96.72186171402998
95.09957484895949
94.65204743790557
94.65204743790557
94.1485791004699
92.86193779368986
92.58223316178115
92.30252852987245
91.79906019243678
90.14880286417542
88.61042738867755
87.435667934661
86.59655403893488
86.59655403893488
85.75744014320877
85.42179458491832
86.2049675542627
88.97404341015887
104.60953233385544
97.33721190422912
95.29536809129559
94.65204743790557
94.65204743790557
94.344372342806
93.64511076303422
92.833967330499
92.6381740881629
91.09979861266503
90.34459610651152
89.16983665249496
88.58245692548668
87.74334302976057
87.15596330275228
86.62452450212575
86.59655403893488
92.24658760349071
108.97292459163123
104.02215260684716
96.63795032445736
95.6589841127769
95.6589841127769
95.6589841127769
94.65204743790557
93.64511076303422
93.33743566793466
92.13470575072722
90.68024166480197
90.20474379055716
89.08592526292234
88.55448646229581
87.65943164018796
87.5195793242336
86.98814052360707
86.84828820765271
88.66636831505929
94.7079883642873
107.21078541060639
98.84761691653613
96.83374356679346
96.66592078764823
96.66592078764823
96.38621615573953
95.6589841127769
94.68001790109643
93.47728798388901
92.10673528753635
90.84806444394718
89.61736406354889
88.77825016782278
88.38666368315059
88.07898858805102
87.60349071380621
86.84828820765271
87.18393376594315
103.91027075408368
108.86104273886775
101.896397404341
99.68673081226224
96.38621615573953
95.71492503915864
95.54710226001342
94.344372342806
93.64511076303422
92.97381964645334
92.05079436115462
90.79212351756544
89.61736406354889
88.77825016782278
88.61042738867755
87.85522488252406
87.60349071380621
87.60349071380621
87.07205191317968
91.77108972924592
110.2315954352204
104.66547326023718
99.3510852539718
96.77780264041172
96.91765495636606
97.67285746251957
96.6099798612665
95.35130901767732
94.65204743790557
94.65204743790557
94.56813604833296
92.05079436115462
90.90400537032893
90.59633027522935
89.7851868426941
89.61736406354889
89.05795479973148
88.61042738867755
90.06489147460282
99.3510852539718
112.74893712239874
110.59521145670172
101.00134258223315
99.01543969568135
99.3510852539718
98.2042962631461
96.72186171402998
96.66592078764823
96.19042291340344
95.54710226001342
93.44931752069813
92.10673528753635
91.07182814947414
90.65227120161109
90.56835981203848
89.61736406354889
89.28171850525844
88.61042738867755
87.60349071380621
87.60349071380621
99.93846498098007
105.14097113448199
100.97337211904228
99.26717386439918
98.79167599015439
98.93152830610875
97.6448869993287
96.27433430297604
95.6589841127769
94.98769299619602
93.75699261579771
92.80599686730811
91.77108972924592
91.0158872230924
90.62430073842022
90.40053703289325
89.53345267397627
88.61042738867755
88.05101812486014
87.37972700827925
88.30275229357798
100.30208100246139
105.42067576639069
99.79861266502573
98.81964645334526
97.70082792571044
97.70082792571044
97.33721190422912
95.88274781830387
95.21145670172298
94.65204743790557
93.84090400537032
92.07876482434548
90.456477959275
89.61736406354889
89.4215708212128
88.21884090400536
86.87625867084358
86.59655403893488
85.89729245916311
86.37279033340792
92.30252852987245
107.37860818975162
105.64443947191765
96.27433430297604
95.57507272320429
95.6589841127769
95.35130901767732
94.31640187961511
93.64511076303422
93.64511076303422
93.3933765943164
91.46341463414633
90.17677332736629
88.77825016782278
88.38666368315059
87.60349071380621
87.60349071380621
87.29581561870664
86.7643768180801
86.93219959722532
87.07205191317968
103.37883195345714
101.1411948981875
97.8406802416648
96.66592078764823
96.66592078764823
96.38621615573953
95.6589841127769
95.51913179682255
94.65204743790557
93.0017901096442
91.4074737077646
90.20474379055716
89.11389572611321
88.61042738867755
88.16289997762362
87.60349071380621
87.2398746923249
86.45670172298053
87.37972700827925
91.85500111881852
109.33654061311255
101.56075184605056
99.01543969568135
96.91765495636606
96.66592078764823
96.66592078764823
95.79883642873125
94.65204743790557
93.95278585813381
93.64511076303422
92.55426269859028
90.90400537032893
89.19780711568583
88.38666368315059
87.60349071380621
87.60349071380621
87.04408144998881
86.59655403893488
88.38666368315059
98.79167599015439
109.7560975609756
98.5958827478183
96.6938912508391
96.66592078764823
96.66592078764823
96.05057059744908
94.56813604833296
93.75699261579771
93.64511076303422
92.75005594092637
91.15573953904676
90.456477959275
89.33765943164018
88.61042738867755
88.19087044081449
87.60349071380621
87.21190422913403
86.59655403893488
86.59655403893488
89.11389572611321
105.50458715596329
100.02237637055269
97.36518236742
96.66592078764823
96.66592078764823
96.05057059744908
94.12060863727903
93.64511076303422
92.7220854777355
92.10673528753635
90.62430073842022
89.56142313716714
88.61042738867755
88.07898858805102
87.18393376594315
86.59655403893488
85.8133810695905
85.95323338554486
87.60349071380621
100.44193331841575
103.49071380622063
100.19019914969792
97.02953680912955
95.96665920787648
95.63101364958604
94.26046095323338
93.64511076303422
92.9178787200716
92.55426269859028
90.70821212799284
89.44954128440367
88.58245692548668
87.9950771984784
87.60349071380621
87.21190422913403
86.82031774446185
96.30230476616693
105.28082345043633
103.6025956589841
97.75676885209218
96.4141866189304
96.49809800850302
96.19042291340344
94.87581114343253
94.6240769747147
93.72902215260684
92.61020362497203
90.90400537032893
90.54038934884761
89.33765943164018
88.61042738867755
88.61042738867755
88.30275229357798
87.10002237637055
87.10002237637055
92.61020362497203
104.27388677556499
102.26001342582232
98.00850302081002
97.6448869993287
97.67285746251957
97.22533005146565
96.1344819870217
95.6589841127769
94.65204743790557
93.98075632132468
92.6381740881629
91.4913850973372
90.62430073842022
89.7851868426941
88.63839785186842
88.13492951443276
87.57552025061534
86.82031774446185
86.59655403893488
91.37950324457373
104.69344372342805
99.49093756992615
97.8406802416648
97.67285746251957
97.6448869993287
96.55403893488476
95.04363392257775
94.00872678451555
93.50525844707988
92.13470575072722
91.09979861266503
90.14880286417542
88.97404341015887
88.61042738867755
88.55448646229581
88.16289997762362
87.60349071380621
87.60349071380621
88.91810248377712
94.31640187961511
108.63727903334079
99.68673081226224
96.10651152383083
95.99462967106734
96.66592078764823
95.74289550234951
95.57507272320429
94.56813604833296
93.98075632132468
92.7220854777355
91.93891250839113
90.62430073842022
89.64533452673976
88.33072275676885
87.04408144998881
86.34481987021705
85.7294696800179
85.56164690087267
85.03020810024613
85.98120384873573
104.07809353322891
101.00134258223315
99.12732154844484
97.67285746251957
97.75676885209218
98.17632579995524
97.39315283061087
96.16245245021257
95.6589841127769
95.46319087044081
92.80599686730811
91.2116804654285
89.67330498993063
89.61736406354889
88.72230924144104
87.57552025061534
86.65249496531662
86.17699709107183
85.67352875363615
85.58961736406354
88.89013202058625
95.29536809129559
106.5394942940255
97.25330051465652
95.68695457596777
95.6589841127769
95.6589841127769
94.84784068024166
92.97381964645334
92.27455806668158
91.46341463414633
89.86909823226672
88.55448646229581
87.26784515551577
86.59655403893488
85.70149921682703
85.47773551130007
84.7784739315283
84.5826806891922
83.68762586708435
83.54777355113
84.52673976281046
97.67285746251957
100.02237637055269
94.17654956366077
92.47035130901767
92.58223316178115
92.6381740881629
92.02282389796375
91.57529648690982
90.62430073842022
89.72924591631237
87.93913627209666
86.68046542850749
85.58961736406354
85.58961736406354
85.56164690087267
84.72253300514656
84.24703513090176
83.93936003580218
85.58961736406354
90.59633027522935
104.41373909151935
95.68695457596777
93.70105168941598
93.64511076303422
93.64511076303422
93.64511076303422
92.6381740881629
92.6381740881629
91.54732602371895
90.14880286417542
88.2747818303871
87.15596330275228
86.59655403893488
85.61758782725441
85.58961736406354
85.03020810024613
83.99530096218393
85.78541060639964
97.28127097784738
105.22488252405459
96.02260013425821
94.68001790109643
94.4282837323786
94.68001790109643
94.48422465876034
93.64511076303422
92.9178787200716
92.6381740881629
90.65227120161109
88.66636831505929
87.60349071380621
87.60349071380621
87.60349071380621
87.10002237637055
86.31684940702617
85.03020810024613
84.5826806891922
85.42179458491832
101.47684045647796
97.50503468337435
95.96665920787648
95.6589841127769
95.6589841127769
94.03669724770641
92.58223316178115
91.77108972924592
91.63123741329156
91.54732602371895
89.84112776907585
87.29581561870664
86.59655403893488
86.59655403893488
86.59655403893488
86.45670172298053
85.95323338554486
86.59655403893488
88.75027970463191
104.69344372342805
97.89662116804654
95.6589841127769
94.95972253300513
95.51913179682255
95.15551577534123
94.37234280599687
93.89684493175206
93.64511076303422
92.13470575072722
90.59633027522935
89.4215708212128
88.61042738867755
88.61042738867755
88.58245692548668
88.77825016782278
95.60304318639515
108.69321995972253
106.42761244126201
98.56791228462743
97.00156634593868
96.66592078764823
96.44215708212127
94.95972253300513
94.09263817408815
93.86887446856119
93.33743566793466
90.84806444394718
89.61736406354889
89.44954128440367
88.33072275676885
87.60349071380621
87.5195793242336
86.90422913403445
87.82725441933317
90.56835981203848
109.33654061311255
102.14813157305885
98.95949876929961
97.70082792571044
97.67285746251957
97.67285746251957
96.38621615573953
95.01566345938689
94.1485791004699
92.833967330499
91.54732602371895
90.54038934884761
89.36562989483106
88.61042738867755
88.19087044081449
87.60349071380621
87.35175654508838
87.26784515551577
98.23226672633699
110.1476840456478
106.31573058849854
102.8473931528306
98.1203848735735
97.58894607294697
97.56097560975608
96.19042291340344
94.65204743790557
94.37234280599687
93.61714029984336
91.37950324457373
90.40053703289325
89.05795479973148
88.61042738867755
88.10695905124189
87.60349071380621
87.07205191317968
86.37279033340792
85.58961736406354
84.63862161557395
89.92503915864846
106.62340568359811
100.88946072946968
97.28127097784738
95.68695457596777
95.6589841127769
95.63101364958604
94.00872678451555
93.64511076303422
93.64511076303422
93.08570149921682
91.65920787648243
90.456477959275
89.61736406354889
89.16983665249496
88.61042738867755
88.61042738867755
87.77131349295144
86.87625867084358
88.44260460953232
95.09957484895949
111.4622958156187
99.29514432759005
96.6099798612665
96.66592078764823
96.66592078764823
96.1344819870217
94.87581114343253
94.17654956366077
93.64511076303422
92.58223316178115
90.70821212799284
88.97404341015887
88.05101812486014
87.46363839785187
87.21190422913403
87.37972700827925
86.73640635488923
86.2049675542627
88.55448646229581
92.86193779368986
110.87491608861042
98.79167599015439
96.66592078764823
96.83374356679346
97.98053255761914
97.30924144103825
95.6589841127769
94.4282837323786
93.53322891027075
90.7361825911837
89.00201387334974
88.58245692548668
88.61042738867755
88.41463414634146
87.60349071380621
86.93219959722532
85.86932199597224
86.87625867084358
89.14186618930408
108.66524949653166
100.63772656075184
97.61691653613784
96.55403893488476
98.42805996867307
97.86865070485567
95.46319087044081
94.65204743790557
94.1485791004699
93.75699261579771
92.10673528753635
90.00895054822107
88.4705750727232
87.60349071380621
86.68046542850749
86.2049675542627
85.42179458491832
84.5826806891922
90.82009398075631
104.66547326023718
107.9659879167599
100.44193331841575
95.63101364958604
94.65204743790557
95.43522040724994
95.26739762810472
93.16961288878943
92.6381740881629
92.35846945625418
91.88297158200939
89.56142313716714
88.13492951443276
87.60349071380621
87.10002237637055
86.59655403893488
86.2049675542627
85.58961736406354
92.94584918326247
111.51823674200044
106.42761244126201
100.74960841351532
96.63795032445736
95.68695457596777
95.77086596554038
95.6589841127769
94.68001790109643
94.28843141642425
93.64511076303422
92.77802640411724
90.59633027522935
89.61736406354889
88.63839785186842
88.61042738867755
88.30275229357798
87.49160886104274
87.15596330275228
90.26068471693891
103.99418214365629
105.84023271425374
98.79167599015439
97.67285746251957
98.42805996867307
98.65182367420003
97.16938912508391
96.05057059744908
95.23942716491385
94.344372342806
93.14164242559856
92.4423808458268
91.63123741329156
91.51935556052807
90.84806444394718
89.92503915864846
88.02304766166927
85.89729245916311
87.68740210337883
91.09979861266503
113.83978518684269
106.48355336764376
99.85455359140747
98.67979413739091
99.65876034907137
98.98746923249048
97.70082792571044
96.24636383978518
95.96665920787648
95.32333855448645
93.14164242559856
90.12083240098455
88.75027970463191
88.58245692548668
88.13492951443276
87.60349071380621
87.26784515551577
86.59655403893488
93.86887446856119
101.253076750951
114.34325352427835
102.45580666815842
99.74267173864399
99.51890803311701
99.6307898858805
98.1203848735735
95.854777355113
95.6589841127769
94.7079883642873
93.42134705750726
92.33049899306332
90.90400537032893
90.40053703289325
89.61736406354889
89.4215708212128
86.96017006041619
84.97426717386439
83.57574401432088
86.93219959722532
100.97337211904228
109.44842246587602
102.42783620496755
98.84761691653613
97.67285746251957
97.6448869993287
96.3302752293578
93.89684493175206
92.58223316178115
91.4913850973372
90.56835981203848
89.61736406354889
88.63839785186842
