80.30371275979667
80.30371275979667
81.17238272955409
81.33324753876842
81.33324753876842
81.33324753876842
81.33324753876842
81.33324753876842
81.33324753876842
81.33324753876842
81.33324753876842
81.33324753876842
81.33324753876842
81.33324753876842
81.33324753876842
81.33324753876842
81.33324753876842
81.33324753876842
81.33324753876842
81.33324753876842
81.33324753876842
81.33324753876842
81.33324753876842
81.33324753876842
81.33324753876842
81.33324753876842
81.33324753876842
81.33324753876842
81.33324753876842
81.33324753876842
81.33324753876842
81.33324753876842
81.33324753876842
81.33324753876842
81.33324753876842
81.33324753876842
81.33324753876842
81.33324753876842
81.33324753876842
81.33324753876842
81.33324753876842
81.33324753876842
81.33324753876842
81.33324753876842
81.33324753876842
81.33324753876842
81.33324753876842
81.33324753876842
81.20455569139695
80.30371275979667
80.30371275979667
80.30371275979667
80.30371275979667
80.30371275979667
80.30371275979667
80.30371275979667
80.30371275979667
80.30371275979667
80.30371275979667
80.30371275979667
80.30371275979667
80.30371275979667
80.30371275979667
80.30371275979667
80.30371275979667
80.30371275979667
80.30371275979667
80.30371275979667
80.30371275979667
80.30371275979667
80.30371275979667
80.1750209124252
79.27417798082492
79.27417798082492
79.27417798082492
79.27417798082492
79.27417798082492
79.27417798082492
79.27417798082492
79.27417798082492
79.27417798082492
79.27417798082492
79.27417798082492
79.27417798082492
79.27417798082492
79.27417798082492
79.27417798082492
79.27417798082492
79.27417798082492
79.27417798082492
79.27417798082492
79.27417798082492
79.27417798082492
79.27417798082492
80.0785020268966
80.30371275979667
80.30371275979667
80.30371275979667
80.30371275979667
80.30371275979667
80.30371275979667
80.30371275979667
80.30371275979667
80.30371275979667
80.30371275979667
80.30371275979667
80.30371275979667
80.30371275979667
80.30371275979667
80.30371275979667
80.30371275979667
80.30371275979667
80.30371275979667
80.30371275979667
80.30371275979667
80.30371275979667
80.30371275979667
80.7541342255968
81.33324753876842
81.33324753876842
81.33324753876842
81.33324753876842
81.33324753876842
81.33324753876842
81.33324753876842
81.33324753876842
81.33324753876842
81.33324753876842
81.33324753876842
81.33324753876842
81.33324753876842
81.33324753876842
81.33324753876842
81.33324753876842
81.33324753876842
81.33324753876842
81.33324753876842
81.33324753876842
81.33324753876842
81.33324753876842
81.04369088218262
78.24464320185317
78.24464320185317
78.24464320185317
78.24464320185317
78.24464320185317
78.24464320185317
78.24464320185317
78.24464320185317
78.24464320185317
78.24464320185317
78.24464320185317
78.24464320185317
78.24464320185317
78.24464320185317
78.24464320185317
78.24464320185317
78.24464320185317
78.24464320185317
78.24464320185317
78.24464320185317
78.56637282028183
80.30371275979667
80.30371275979667
80.30371275979667
80.30371275979667
80.30371275979667
80.30371275979667
80.30371275979667
80.30371275979667
80.30371275979667
80.30371275979667
80.30371275979667
80.30371275979667
80.30371275979667
80.30371275979667
80.30371275979667
80.30371275979667
80.30371275979667
80.30371275979667
80.30371275979667
80.30371275979667
80.30371275979667
80.30371275979667
80.30371275979667
80.52892349269673
81.33324753876842
81.33324753876842
81.33324753876842
81.33324753876842
81.33324753876842
81.33324753876842
81.33324753876842
81.33324753876842
81.33324753876842
81.33324753876842
81.33324753876842
81.33324753876842
81.33324753876842
81.33324753876842
81.33324753876842
81.33324753876842
81.33324753876842
81.33324753876842
81.33324753876842
81.33324753876842
81.33324753876842
81.33324753876842
81.33324753876842
81.33324753876842
81.33324753876842
81.33324753876842
81.33324753876842
81.33324753876842
81.33324753876842
81.33324753876842
81.33324753876842
81.33324753876842
81.33324753876842
81.33324753876842
81.33324753876842
81.33324753876842
81.33324753876842
81.33324753876842
81.33324753876842
81.33324753876842
81.33324753876842
81.33324753876842
81.33324753876842
81.33324753876842
81.33324753876842
81.33324753876842
79.46721575188212
79.27417798082492
79.27417798082492
79.27417798082492
79.27417798082492
79.27417798082492
79.27417798082492
79.27417798082492
79.27417798082492
79.27417798082492
79.27417798082492
79.27417798082492
79.27417798082492
79.27417798082492
79.27417798082492
79.27417798082492
79.27417798082492
79.27417798082492
79.27417798082492
79.27417798082492
79.27417798082492
79.27417798082492
79.27417798082492
79.27417798082492
79.27417798082492
79.27417798082492
79.27417798082492
79.27417798082492
79.27417798082492
79.27417798082492
79.27417798082492
79.27417798082492
79.27417798082492
79.27417798082492
79.27417798082492
79.27417798082492
79.27417798082492
79.27417798082492
79.27417798082492
79.27417798082492
79.27417798082492
79.27417798082492
79.27417798082492
79.27417798082492
79.27417798082492
79.40286982819639
80.30371275979667
80.30371275979667
80.30371275979667
80.30371275979667
80.30371275979667
80.30371275979667
80.30371275979667
80.30371275979667
80.30371275979667
80.30371275979667
80.30371275979667
80.30371275979667
80.30371275979667
80.30371275979667
80.30371275979667
80.30371275979667
80.30371275979667
80.30371275979667
80.30371275979667
80.30371275979667
80.30371275979667
80.30371275979667
80.30371275979667
80.30371275979667
80.30371275979667
81.01151792033974
81.33324753876842
81.33324753876842
81.33324753876842
81.33324753876842
81.33324753876842
81.33324753876842
81.33324753876842
81.33324753876842
81.33324753876842
81.33324753876842
81.33324753876842
81.33324753876842
81.33324753876842
81.33324753876842
81.33324753876842
81.33324753876842
81.33324753876842
81.33324753876842
81.33324753876842
81.33324753876842
81.33324753876842
81.33324753876842
81.33324753876842
81.33324753876842
81.33324753876842
81.33324753876842
81.33324753876842
81.33324753876842
81.33324753876842
81.33324753876842
81.33324753876842
81.33324753876842
81.33324753876842
81.33324753876842
81.33324753876842
81.33324753876842
81.33324753876842
81.33324753876842
81.33324753876842
81.33324753876842
81.33324753876842
81.33324753876842
81.33324753876842
81.33324753876842
81.33324753876842
81.33324753876842
81.33324753876842
82.4271282414259
83.39231709671192
83.39231709671192
83.39231709671192
83.39231709671192
83.39231709671192
83.39231709671192
83.39231709671192
83.39231709671192
83.39231709671192
83.39231709671192
83.39231709671192
83.39231709671192
83.39231709671192
83.39231709671192
83.39231709671192
83.39231709671192
83.39231709671192
83.39231709671192
83.39231709671192
83.39231709671192
83.39231709671192
83.39231709671192
83.39231709671192
83.39231709671192
82.74885785985458
82.36278231774017
82.36278231774017
82.36278231774017
82.36278231774017
82.36278231774017
82.36278231774017
82.36278231774017
82.36278231774017
82.36278231774017
82.36278231774017
82.36278231774017
82.36278231774017
82.36278231774017
82.36278231774017
82.36278231774017
82.36278231774017
82.36278231774017
82.36278231774017
82.36278231774017
82.36278231774017
82.36278231774017
82.36278231774017
82.36278231774017
82.26626343221157
81.33324753876842
81.33324753876842
81.33324753876842
81.33324753876842
81.33324753876842
81.33324753876842
81.33324753876842
81.33324753876842
81.33324753876842
81.33324753876842
81.33324753876842
81.33324753876842
81.33324753876842
81.33324753876842
81.33324753876842
81.33324753876842
81.33324753876842
81.33324753876842
81.33324753876842
81.33324753876842
81.33324753876842
81.33324753876842
82.36278231774017
82.36278231774017
82.36278231774017
82.36278231774017
82.36278231774017
82.36278231774017
82.36278231774017
82.36278231774017
82.36278231774017
82.36278231774017
82.36278231774017
82.36278231774017
82.36278231774017
82.36278231774017
82.36278231774017
82.36278231774017
82.36278231774017
82.36278231774017
82.36278231774017
82.36278231774017
82.36278231774017
82.36278231774017
83.00624155459751
83.39231709671192
83.39231709671192
83.39231709671192
83.39231709671192
83.39231709671192
83.39231709671192
83.39231709671192
83.39231709671192
83.39231709671192
83.39231709671192
83.39231709671192
83.39231709671192
83.39231709671192
83.39231709671192
83.39231709671192
83.39231709671192
83.39231709671192
83.39231709671192
83.39231709671192
83.39231709671192
83.39231709671192
83.39231709671192
83.39231709671192
83.32797117302619
81.33324753876842
81.33324753876842
81.33324753876842
81.33324753876842
81.33324753876842
81.33324753876842
81.33324753876842
81.33324753876842
81.33324753876842
81.33324753876842
81.33324753876842
81.33324753876842
81.33324753876842
81.33324753876842
81.33324753876842
81.33324753876842
81.33324753876842
81.33324753876842
81.33324753876842
81.33324753876842
81.33324753876842
81.33324753876842
81.33324753876842
81.33324753876842
80.23936683611093
79.27417798082492
79.27417798082492
79.27417798082492
79.27417798082492
79.27417798082492
79.27417798082492
79.27417798082492
79.27417798082492
79.27417798082492
79.27417798082492
79.27417798082492
79.27417798082492
79.27417798082492
79.27417798082492
79.27417798082492
79.27417798082492
79.27417798082492
79.27417798082492
79.27417798082492
79.27417798082492
79.27417798082492
79.27417798082492
79.27417798082492
80.43240460716814
81.33324753876842
81.33324753876842
81.33324753876842
81.33324753876842
81.33324753876842
81.33324753876842
81.33324753876842
81.33324753876842
81.33324753876842
81.33324753876842
81.33324753876842
81.33324753876842
81.33324753876842
81.33324753876842
81.33324753876842
81.33324753876842
81.33324753876842
81.33324753876842
81.33324753876842
81.33324753876842
81.33324753876842
81.33324753876842
81.33324753876842
81.33324753876842
81.33324753876842
79.66025352293931
79.27417798082492
79.27417798082492
79.27417798082492
79.27417798082492
79.27417798082492
79.27417798082492
79.27417798082492
79.27417798082492
79.27417798082492
79.27417798082492
79.27417798082492
79.27417798082492
79.27417798082492
79.27417798082492
79.27417798082492
79.27417798082492
79.27417798082492
79.27417798082492
79.27417798082492
79.27417798082492
79.27417798082492
79.27417798082492
79.27417798082492
80.11067498873946
80.30371275979667
80.30371275979667
80.30371275979667
80.30371275979667
80.30371275979667
80.30371275979667
80.30371275979667
80.30371275979667
80.30371275979667
80.30371275979667
80.30371275979667
80.30371275979667
80.30371275979667
80.30371275979667
80.30371275979667
80.30371275979667
80.30371275979667
80.30371275979667
80.30371275979667
80.30371275979667
80.30371275979667
80.30371275979667
80.30371275979667
80.11067498873946
77.21510842288141
77.21510842288141
77.21510842288141
77.21510842288141
77.21510842288141
77.21510842288141
77.21510842288141
77.21510842288141
77.21510842288141
77.21510842288141
77.21510842288141
77.21510842288141
77.21510842288141
77.21510842288141
77.21510842288141
77.21510842288141
77.21510842288141
77.21510842288141
77.21510842288141
77.21510842288141
77.21510842288141
77.21510842288141
78.43768097291037
79.27417798082492
79.27417798082492
79.27417798082492
79.27417798082492
79.27417798082492
79.27417798082492
79.27417798082492
79.27417798082492
79.27417798082492
79.27417798082492
79.27417798082492
79.27417798082492
79.27417798082492
79.27417798082492
79.27417798082492
79.27417798082492
79.27417798082492
79.27417798082492
79.27417798082492
79.27417798082492
79.27417798082492
80.3680586834824
81.33324753876842
81.33324753876842
81.33324753876842
81.33324753876842
81.33324753876842
81.33324753876842
81.33324753876842
81.33324753876842
81.33324753876842
81.33324753876842
81.33324753876842
81.33324753876842
81.33324753876842
81.33324753876842
81.33324753876842
81.33324753876842
81.33324753876842
81.33324753876842
81.33324753876842
81.33324753876842
81.33324753876842
81.33324753876842
81.33324753876842
81.33324753876842
81.33324753876842
81.33324753876842
81.33324753876842
81.33324753876842
81.33324753876842
81.33324753876842
81.33324753876842
81.33324753876842
81.33324753876842
81.33324753876842
81.33324753876842
81.33324753876842
81.33324753876842
81.33324753876842
81.33324753876842
81.33324753876842
81.33324753876842
81.33324753876842
81.33324753876842
81.33324753876842
81.33324753876842
81.33324753876842
81.33324753876842
81.33324753876842
81.33324753876842
81.33324753876842
81.33324753876842
81.33324753876842
81.33324753876842
81.33324753876842
81.33324753876842
81.33324753876842
81.33324753876842
81.33324753876842
81.33324753876842
81.33324753876842
81.33324753876842
81.33324753876842
81.33324753876842
81.33324753876842
81.33324753876842
81.33324753876842
81.33324753876842
81.33324753876842
81.20455569139695
80.30371275979667
80.30371275979667
80.30371275979667
80.30371275979667
80.30371275979667
80.30371275979667
80.30371275979667
80.30371275979667
80.30371275979667
80.30371275979667
80.30371275979667
80.30371275979667
80.30371275979667
80.30371275979667
80.30371275979667
80.30371275979667
80.30371275979667
80.30371275979667
80.30371275979667
80.30371275979667
80.30371275979667
80.30371275979667
80.30371275979667
80.30371275979667
80.30371275979667
80.30371275979667
80.30371275979667
80.30371275979667
80.30371275979667
80.30371275979667
80.30371275979667
80.30371275979667
80.30371275979667
80.30371275979667
80.30371275979667
80.30371275979667
80.30371275979667
80.30371275979667
80.30371275979667
80.30371275979667
80.30371275979667
80.30371275979667
80.30371275979667
80.30371275979667
80.30371275979667
80.30371275979667
80.30371275979667
80.30371275979667
80.30371275979667
80.30371275979667
80.30371275979667
80.30371275979667
80.30371275979667
80.30371275979667
80.30371275979667
80.30371275979667
80.30371275979667
80.30371275979667
80.30371275979667
80.30371275979667
80.30371275979667
80.30371275979667
80.30371275979667
80.30371275979667
80.30371275979667
80.30371275979667
80.30371275979667
80.30371275979667
80.30371275979667
80.30371275979667
80.30371275979667
80.30371275979667
80.11067498873946
78.24464320185317
78.24464320185317
78.24464320185317
78.24464320185317
78.24464320185317
78.24464320185317
78.24464320185317
78.24464320185317
78.24464320185317
78.24464320185317
78.24464320185317
78.24464320185317
78.24464320185317
78.24464320185317
78.24464320185317
78.24464320185317
78.24464320185317
78.24464320185317
78.24464320185317
78.24464320185317
78.24464320185317
78.24464320185317
79.08114020976771
80.30371275979667
80.30371275979667
80.30371275979667
80.30371275979667
80.30371275979667
80.30371275979667
80.30371275979667
80.30371275979667
80.30371275979667
80.30371275979667
80.30371275979667
80.30371275979667
80.30371275979667
80.30371275979667
80.30371275979667
80.30371275979667
80.30371275979667
80.30371275979667
80.30371275979667
80.30371275979667
80.30371275979667
80.30371275979667
80.30371275979667
80.14284795058232
79.27417798082492
79.27417798082492
79.27417798082492
79.27417798082492
79.27417798082492
79.27417798082492
79.27417798082492
79.27417798082492
79.27417798082492
79.27417798082492
79.27417798082492
79.27417798082492
79.27417798082492
79.27417798082492
79.27417798082492
79.27417798082492
79.27417798082492
79.27417798082492
79.27417798082492
79.27417798082492
79.27417798082492
79.27417798082492
79.27417798082492
79.27417798082492
79.27417798082492
79.27417798082492
79.27417798082492
79.27417798082492
79.27417798082492
79.27417798082492
79.27417798082492
79.27417798082492
79.27417798082492
79.27417798082492
79.27417798082492
79.27417798082492
79.27417798082492
79.27417798082492
79.27417798082492
79.27417798082492
79.27417798082492
79.27417798082492
79.27417798082492
79.27417798082492
79.85329129399652
81.33324753876842
81.33324753876842
81.33324753876842
81.33324753876842
81.33324753876842
81.33324753876842
81.33324753876842
81.33324753876842
81.33324753876842
81.33324753876842
81.33324753876842
81.33324753876842
81.33324753876842
81.33324753876842
81.33324753876842
81.33324753876842
81.33324753876842
81.33324753876842
81.33324753876842
81.33324753876842
81.33324753876842
81.33324753876842
81.33324753876842
82.33060935589731
82.36278231774017
82.36278231774017
82.36278231774017
82.36278231774017
82.36278231774017
82.36278231774017
82.36278231774017
82.36278231774017
82.36278231774017
82.36278231774017
82.36278231774017
82.36278231774017
82.36278231774017
82.36278231774017
82.36278231774017
82.36278231774017
82.36278231774017
82.36278231774017
82.36278231774017
82.36278231774017
82.36278231774017
82.36278231774017
82.36278231774017
82.36278231774017
83.26362524934045
83.39231709671192
83.39231709671192
83.39231709671192
83.39231709671192
83.39231709671192
83.39231709671192
83.39231709671192
83.39231709671192
83.39231709671192
83.39231709671192
83.39231709671192
83.39231709671192
83.39231709671192
83.39231709671192
83.39231709671192
83.39231709671192
83.39231709671192
83.39231709671192
83.39231709671192
83.39231709671192
