109.92366412213741
109.92366412213741
109.92366412213741
109.92366412213741
109.92366412213741
109.92366412213741
117.55725190839695
119.08396946564886
119.08396946564886
119.08396946564886
119.08396946564886
119.08396946564886
119.08396946564886
119.08396946564886
119.08396946564886
119.08396946564886
119.08396946564886
119.08396946564886
119.08396946564886
119.08396946564886
122.05258693808312
124.17302798982189
124.17302798982189
124.17302798982189
124.17302798982189
124.17302798982189
124.17302798982189
124.17302798982189
124.17302798982189
124.17302798982189
124.17302798982189
124.17302798982189
124.17302798982189
124.17302798982189
124.17302798982189
124.17302798982189
123.57930449533504
117.04834605597965
117.04834605597965
117.04834605597965
117.04834605597965
117.04834605597965
117.04834605597965
117.04834605597965
117.04834605597965
117.04834605597965
117.04834605597965
117.04834605597965
117.04834605597965
117.04834605597965
117.04834605597965
117.04834605597965
117.04834605597965
115.09754028837999
115.01272264631044
115.01272264631044
115.01272264631044
115.01272264631044
115.01272264631044
115.01272264631044
115.01272264631044
115.01272264631044
115.01272264631044
115.01272264631044
115.01272264631044
115.01272264631044
115.01272264631044
115.01272264631044
115.01272264631044
115.01272264631044
118.06615776081426
118.06615776081426
118.06615776081426
118.06615776081426
118.06615776081426
118.06615776081426
118.06615776081426
118.06615776081426
118.06615776081426
118.06615776081426
118.06615776081426
118.06615776081426
118.06615776081426
118.06615776081426
118.06615776081426
118.06615776081426
117.6420695504665
117.04834605597965
117.04834605597965
117.04834605597965
117.04834605597965
117.04834605597965
117.04834605597965
117.04834605597965
117.04834605597965
117.04834605597965
117.04834605597965
117.04834605597965
117.04834605597965
117.04834605597965
117.04834605597965
117.04834605597965
117.04834605597965
117.57845631891435
118.06615776081426
118.06615776081426
118.06615776081426
118.06615776081426
118.06615776081426
118.06615776081426
118.06615776081426
118.06615776081426
118.06615776081426
118.06615776081426
118.06615776081426
118.06615776081426
118.06615776081426
118.06615776081426
118.06615776081426
118.06615776081426
118.06615776081426
112.97709923664122
109.92366412213741
109.92366412213741
109.92366412213741
109.92366412213741
109.92366412213741
109.92366412213741
109.92366412213741
109.92366412213741
109.92366412213741
109.92366412213741
109.92366412213741
109.92366412213741
109.92366412213741
109.92366412213741
109.92366412213741
109.92366412213741
109.92366412213741
109.92366412213741
109.92366412213741
109.92366412213741
109.92366412213741
109.92366412213741
109.92366412213741
109.92366412213741
109.92366412213741
109.92366412213741
109.92366412213741
109.92366412213741
109.92366412213741
109.92366412213741
109.92366412213741
109.92366412213741
109.92366412213741
109.92366412213741
109.92366412213741
109.92366412213741
109.92366412213741
112.59541984732826
112.97709923664122
112.97709923664122
112.97709923664122
112.97709923664122
112.97709923664122
112.97709923664122
112.97709923664122
112.97709923664122
112.97709923664122
112.97709923664122
112.97709923664122
112.97709923664122
112.97709923664122
112.97709923664122
112.97709923664122
112.97709923664122
112.97709923664122
112.97709923664122
112.97709923664122
112.97709923664122
112.97709923664122
112.97709923664122
112.97709923664122
112.97709923664122
112.97709923664122
112.97709923664122
112.97709923664122
112.97709923664122
112.97709923664122
112.97709923664122
112.97709923664122
112.97709923664122
112.97709923664122
112.97709923664122
112.97709923664122
112.97709923664122
112.97709923664122
113.69804919423241
113.99491094147584
113.99491094147584
113.99491094147584
113.99491094147584
113.99491094147584
113.99491094147584
113.99491094147584
113.99491094147584
113.99491094147584
113.99491094147584
113.99491094147584
113.99491094147584
113.99491094147584
113.99491094147584
113.99491094147584
113.99491094147584
113.99491094147584
114.33418150975403
118.06615776081426
118.06615776081426
118.06615776081426
118.06615776081426
118.06615776081426
118.06615776081426
118.06615776081426
118.06615776081426
118.06615776081426
118.06615776081426
118.06615776081426
118.06615776081426
118.06615776081426
118.06615776081426
118.06615776081426
118.06615776081426
118.06615776081426
118.06615776081426
118.06615776081426
118.06615776081426
118.06615776081426
118.06615776081426
118.06615776081426
118.06615776081426
118.06615776081426
118.06615776081426
118.06615776081426
118.06615776081426
118.06615776081426
118.06615776081426
118.06615776081426
118.06615776081426
118.06615776081426
118.06615776081426
118.06615776081426
118.06615776081426
118.06615776081426
118.06615776081426
118.06615776081426
118.06615776081426
118.06615776081426
118.06615776081426
118.06615776081426
118.06615776081426
118.06615776081426
118.06615776081426
118.06615776081426
118.06615776081426
118.06615776081426
118.06615776081426
118.06615776081426
118.06615776081426
118.06615776081426
118.06615776081426
118.06615776081426
118.06615776081426
118.06615776081426
115.83969465648856
115.01272264631044
115.01272264631044
115.01272264631044
115.01272264631044
115.01272264631044
115.01272264631044
115.01272264631044
115.01272264631044
115.01272264631044
115.01272264631044
115.01272264631044
115.01272264631044
115.01272264631044
115.01272264631044
115.01272264631044
115.01272264631044
115.01272264631044
116.85750636132316
118.06615776081426
118.06615776081426
118.06615776081426
118.06615776081426
118.06615776081426
118.06615776081426
118.06615776081426
118.06615776081426
118.06615776081426
118.06615776081426
118.06615776081426
118.06615776081426
118.06615776081426
118.06615776081426
118.06615776081426
118.06615776081426
118.06615776081426
118.06615776081426
117.3027989821883
115.01272264631044
115.01272264631044
115.01272264631044
115.01272264631044
115.01272264631044
115.01272264631044
115.01272264631044
115.01272264631044
115.01272264631044
115.01272264631044
115.01272264631044
115.01272264631044
115.01272264631044
115.01272264631044
115.01272264631044
115.01272264631044
115.01272264631044
115.01272264631044
116.41221374045803
118.06615776081426
118.06615776081426
118.06615776081426
118.06615776081426
118.06615776081426
118.06615776081426
118.06615776081426
118.06615776081426
118.06615776081426
118.06615776081426
118.06615776081426
118.06615776081426
118.06615776081426
118.06615776081426
118.06615776081426
118.06615776081426
118.06615776081426
118.06615776081426
118.06615776081426
115.2671755725191
115.01272264631044
115.01272264631044
115.01272264631044
115.01272264631044
115.01272264631044
115.01272264631044
115.01272264631044
115.01272264631044
115.01272264631044
115.01272264631044
115.01272264631044
115.01272264631044
115.01272264631044
115.01272264631044
115.01272264631044
115.01272264631044
115.01272264631044
113.57082273112809
112.97709923664122
112.97709923664122
112.97709923664122
112.97709923664122
112.97709923664122
112.97709923664122
112.97709923664122
112.97709923664122
112.97709923664122
112.97709923664122
112.97709923664122
112.97709923664122
112.97709923664122
112.97709923664122
112.97709923664122
112.97709923664122
112.97709923664122
112.97709923664122
112.97709923664122
112.97709923664122
112.97709923664122
112.97709923664122
112.97709923664122
112.97709923664122
112.97709923664122
112.97709923664122
112.97709923664122
112.97709923664122
112.97709923664122
112.97709923664122
112.97709923664122
112.97709923664122
112.97709923664122
112.97709923664122
112.97709923664122
112.97709923664122
112.97709923664122
112.97709923664122
110.98388464800679
110.94147582697202
110.94147582697202
110.94147582697202
110.94147582697202
110.94147582697202
110.94147582697202
110.94147582697202
110.94147582697202
110.94147582697202
110.94147582697202
110.94147582697202
110.94147582697202
110.94147582697202
110.94147582697202
110.94147582697202
110.94147582697202
110.94147582697202
114.50381679389314
117.04834605597965
117.04834605597965
117.04834605597965
117.04834605597965
117.04834605597965
117.04834605597965
117.04834605597965
117.04834605597965
117.04834605597965
117.04834605597965
117.04834605597965
117.04834605597965
117.04834605597965
117.04834605597965
117.04834605597965
117.04834605597965
117.04834605597965
117.04834605597965
115.13994910941477
113.99491094147584
113.99491094147584
113.99491094147584
113.99491094147584
113.99491094147584
113.99491094147584
113.99491094147584
113.99491094147584
113.99491094147584
113.99491094147584
113.99491094147584
113.99491094147584
113.99491094147584
113.99491094147584
113.99491094147584
113.99491094147584
113.99491094147584
113.99491094147584
113.99491094147584
113.99491094147584
113.99491094147584
113.99491094147584
113.99491094147584
113.99491094147584
113.99491094147584
113.99491094147584
113.99491094147584
113.99491094147584
113.99491094147584
113.99491094147584
113.99491094147584
113.99491094147584
113.99491094147584
113.99491094147584
113.99491094147584
113.99491094147584
113.99491094147584
113.99491094147584
113.78286683630196
112.97709923664122
112.97709923664122
112.97709923664122
112.97709923664122
112.97709923664122
112.97709923664122
112.97709923664122
112.97709923664122
112.97709923664122
112.97709923664122
112.97709923664122
112.97709923664122
112.97709923664122
112.97709923664122
112.97709923664122
112.97709923664122
112.97709923664122
112.97709923664122
112.97709923664122
113.3799830364716
113.99491094147584
113.99491094147584
113.99491094147584
113.99491094147584
113.99491094147584
113.99491094147584
113.99491094147584
113.99491094147584
113.99491094147584
113.99491094147584
113.99491094147584
113.99491094147584
113.99491094147584
113.99491094147584
113.99491094147584
113.99491094147584
113.91009329940628
112.97709923664122
112.97709923664122
112.97709923664122
112.97709923664122
112.97709923664122
112.97709923664122
112.97709923664122
112.97709923664122
112.97709923664122
112.97709923664122
112.97709923664122
112.97709923664122
112.97709923664122
112.97709923664122
112.97709923664122
112.97709923664122
112.97709923664122
112.97709923664122
112.97709923664122
112.97709923664122
101.84478371501272
91.6030534351145
91.6030534351145
91.6030534351145
91.6030534351145
91.6030534351145
91.6030534351145
91.6030534351145
91.6030534351145
91.6030534351145
91.6030534351145
91.6030534351145
91.6030534351145
91.6030534351145
91.6030534351145
91.6030534351145
91.6030534351145
91.6030534351145
93.19338422391859
106.8702290076336
106.8702290076336
106.8702290076336
106.8702290076336
106.8702290076336
106.8702290076336
106.8702290076336
106.8702290076336
106.8702290076336
106.8702290076336
106.8702290076336
106.8702290076336
106.8702290076336
106.8702290076336
106.8702290076336
106.8702290076336
106.8702290076336
107.65479219677694
107.8880407124682
107.8880407124682
107.8880407124682
107.8880407124682
107.8880407124682
107.8880407124682
107.8880407124682
107.8880407124682
107.8880407124682
107.8880407124682
107.8880407124682
107.8880407124682
107.8880407124682
107.8880407124682
107.8880407124682
107.8880407124682
107.8880407124682
107.8880407124682
107.8880407124682
107.8880407124682
107.8880407124682
107.8880407124682
107.8880407124682
107.8880407124682
107.8880407124682
107.8880407124682
107.8880407124682
107.8880407124682
107.8880407124682
107.8880407124682
107.8880407124682
107.8880407124682
107.8880407124682
107.8880407124682
107.8880407124682
107.8880407124682
107.8880407124682
107.8880407124682
108.5665818490246
109.92366412213741
109.92366412213741
109.92366412213741
109.92366412213741
109.92366412213741
109.92366412213741
109.92366412213741
109.92366412213741
109.92366412213741
109.92366412213741
109.92366412213741
109.92366412213741
109.92366412213741
109.92366412213741
109.92366412213741
109.92366412213741
109.92366412213741
109.92366412213741
109.92366412213741
109.92366412213741
109.92366412213741
109.92366412213741
109.92366412213741
109.92366412213741
109.92366412213741
109.92366412213741
109.92366412213741
109.92366412213741
109.92366412213741
109.92366412213741
109.92366412213741
109.92366412213741
109.92366412213741
109.92366412213741
109.92366412213741
109.92366412213741
108.99067005937236
107.8880407124682
107.8880407124682
107.8880407124682
107.8880407124682
107.8880407124682
107.8880407124682
107.8880407124682
107.8880407124682
107.8880407124682
107.8880407124682
107.8880407124682
107.8880407124682
107.8880407124682
107.8880407124682
107.8880407124682
107.8880407124682
107.8880407124682
107.8880407124682
110.22052586938084
112.97709923664122
112.97709923664122
112.97709923664122
112.97709923664122
112.97709923664122
112.97709923664122
112.97709923664122
112.97709923664122
112.97709923664122
112.97709923664122
112.97709923664122
112.97709923664122
112.97709923664122
112.97709923664122
112.97709923664122
112.97709923664122
114.92790500424088
115.01272264631044
115.01272264631044
115.01272264631044
115.01272264631044
115.01272264631044
115.01272264631044
115.01272264631044
115.01272264631044
115.01272264631044
115.01272264631044
115.01272264631044
115.01272264631044
115.01272264631044
115.01272264631044
115.01272264631044
115.01272264631044
115.01272264631044
111.95928753180662
111.95928753180662
111.95928753180662
111.95928753180662
111.95928753180662
111.95928753180662
111.95928753180662
111.95928753180662
111.95928753180662
111.95928753180662
111.95928753180662
111.95928753180662
111.95928753180662
111.95928753180662
111.95928753180662
111.95928753180662
111.95928753180662
111.95928753180662
110.68702290076337
108.90585241730281
108.90585241730281
108.90585241730281
108.90585241730281
108.90585241730281
108.90585241730281
108.90585241730281
108.90585241730281
108.90585241730281
108.90585241730281
108.90585241730281
108.90585241730281
108.90585241730281
108.90585241730281
108.90585241730281
108.90585241730281
108.90585241730281
108.90585241730281
109.03307888040713
111.95928753180662
111.95928753180662
111.95928753180662
111.95928753180662
111.95928753180662
111.95928753180662
111.95928753180662
111.95928753180662
111.95928753180662
111.95928753180662
111.95928753180662
111.95928753180662
111.95928753180662
111.95928753180662
111.95928753180662
111.95928753180662
111.95928753180662
111.95928753180662
111.95928753180662
111.95928753180662
107.50636132315522
106.8702290076336
106.8702290076336
106.8702290076336
106.8702290076336
106.8702290076336
106.8702290076336
106.8702290076336
106.8702290076336
106.8702290076336
106.8702290076336
106.8702290076336
106.8702290076336
106.8702290076336
106.8702290076336
106.8702290076336
106.8702290076336
106.8702290076336
109.7540288379983
110.94147582697202
110.94147582697202
110.94147582697202
110.94147582697202
110.94147582697202
110.94147582697202
110.94147582697202
110.94147582697202
110.94147582697202
110.94147582697202
110.94147582697202
110.94147582697202
110.94147582697202
110.94147582697202
110.94147582697202
110.94147582697202
109.16030534351145
107.8880407124682
107.8880407124682
107.8880407124682
107.8880407124682
107.8880407124682
107.8880407124682
107.8880407124682
107.8880407124682
107.8880407124682
107.8880407124682
107.8880407124682
107.8880407124682
107.8880407124682
107.8880407124682
107.8880407124682
107.8880407124682
107.8880407124682
107.8880407124682
107.8880407124682
107.8880407124682
107.8880407124682
107.8880407124682
107.8880407124682
107.8880407124682
107.8880407124682
107.8880407124682
107.8880407124682
107.8880407124682
107.8880407124682
107.8880407124682
107.8880407124682
107.8880407124682
107.8880407124682
107.8880407124682
107.8880407124682
107.8880407124682
107.0186598812553
106.8702290076336
106.8702290076336
106.8702290076336
106.8702290076336
106.8702290076336
106.8702290076336
106.8702290076336
106.8702290076336
106.8702290076336
106.8702290076336
106.8702290076336
106.8702290076336
106.8702290076336
106.8702290076336
106.8702290076336
106.8702290076336
106.8702290076336
106.8702290076336
112.12892281594573
115.01272264631044
115.01272264631044
115.01272264631044
115.01272264631044
115.01272264631044
115.01272264631044
115.01272264631044
115.01272264631044
115.01272264631044
115.01272264631044
115.01272264631044
115.01272264631044
115.01272264631044
115.01272264631044
115.01272264631044
114.33418150975403
112.97709923664122
112.97709923664122
112.97709923664122
112.97709923664122
112.97709923664122
112.97709923664122
112.97709923664122
112.97709923664122
112.97709923664122
112.97709923664122
112.97709923664122
112.97709923664122
112.97709923664122
112.97709923664122
112.97709923664122
112.97709923664122
112.97709923664122
112.59541984732826
110.94147582697202
110.94147582697202
110.94147582697202
110.94147582697202
110.94147582697202
110.94147582697202
110.94147582697202
110.94147582697202
110.94147582697202
110.94147582697202
110.94147582697202
110.94147582697202
110.94147582697202
110.94147582697202
110.94147582697202
110.94147582697202
110.94147582697202
110.94147582697202
110.94147582697202
110.94147582697202
109.9660729431722
109.92366412213741
109.92366412213741
109.92366412213741
109.92366412213741
109.92366412213741
109.92366412213741
109.92366412213741
109.92366412213741
109.92366412213741
109.92366412213741
109.92366412213741
109.92366412213741
109.92366412213741
109.92366412213741
109.92366412213741
109.92366412213741
112.46819338422392
116.03053435114505
116.03053435114505
116.03053435114505
116.03053435114505
116.03053435114505
116.03053435114505
116.03053435114505
116.03053435114505
116.03053435114505
116.03053435114505
116.03053435114505
116.03053435114505
116.03053435114505
116.03053435114505
116.03053435114505
116.03053435114505
116.03053435114505
116.03053435114505
115.92451229855811
110.94147582697202
110.94147582697202
110.94147582697202
110.94147582697202
110.94147582697202
110.94147582697202
110.94147582697202
110.94147582697202
110.94147582697202
110.94147582697202
110.94147582697202
110.94147582697202
110.94147582697202
110.94147582697202
110.94147582697202
