-1.6462499394761052
-2.0336028664116594
-2.0336028664116594
-2.0336028664116594
-2.0336028664116594
-2.0336028664116594
-2.0336028664116594
-2.0336028664116594
-2.0336028664116594
-2.0336028664116594
-2.0336028664116594
-2.0336028664116594
-2.0336028664116594
-2.0336028664116594
-2.0336028664116594
-2.0336028664116594
-2.0336028664116594
-2.469374909214158
-3.0504042996174894
-3.0504042996174894
-3.0504042996174894
-3.0504042996174894
-3.0504042996174894
-3.0504042996174894
-3.0504042996174894
-3.0504042996174894
-3.0504042996174894
-3.0504042996174894
-3.534595458286932
-4.067205732823319
-4.067205732823319
-4.067205732823319
-4.067205732823319
-4.067205732823319
-4.067205732823319
-4.067205732823319
-4.067205732823319
-4.067205732823319
-4.067205732823319
-4.067205732823319
-4.067205732823319
-4.067205732823319
-4.067205732823319
-4.067205732823319
-4.067205732823319
-4.406139543891928
-5.084007166029148
-5.084007166029148
-5.084007166029148
-5.084007166029148
-5.084007166029148
-5.084007166029148
-5.084007166029148
-5.084007166029148
-5.084007166029148
-5.084007166029148
-5.084007166029148
-5.084007166029148
-5.084007166029148
-5.084007166029148
-5.084007166029148
-5.084007166029148
-5.084007166029148
-5.084007166029148
-5.084007166029148
-5.084007166029148
-5.084007166029148
-5.084007166029148
-5.084007166029148
-5.084007166029148
-5.084007166029148
-5.084007166029148
-5.084007166029148
-5.084007166029148
-5.084007166029148
-5.084007166029148
-5.084007166029148
-5.084007166029148
-4.64823512322665
-4.067205732823319
-4.067205732823319
-4.067205732823319
-4.067205732823319
-4.067205732823319
-4.067205732823319
-4.067205732823319
-3.2440807630852664
-3.0504042996174894
-3.0504042996174894
-3.0504042996174894
-3.0504042996174894
-3.0504042996174894
-2.082021982278604
-2.0336028664116594
-2.0336028664116594
-2.0336028664116594
-2.0336028664116594
-2.0336028664116594
-2.0336028664116594
-1.065220549072774
-1.0168014332058297
-1.0168014332058297
-1.0168014332058297
-1.0168014332058297
-1.0168014332058297
-1.0168014332058297
-1.0168014332058297
-1.0168014332058297
-1.0168014332058297
-0.9683823173388855
0.0
0.0
0.0
0.0
0.0
0.0
0.0
0.0
0.0
0.0
0.0
0.0
0.0
0.0
0.0
0.0
0.0
0.0
0.0
0.0
0.0
0.0
0.0
-0.6294485062702756
-1.0168014332058297
-1.0168014332058297
-1.0168014332058297
-1.0168014332058297
-1.0168014332058297
-1.0168014332058297
-1.0168014332058297
-1.0168014332058297
-1.0168014332058297
-1.0168014332058297
-1.0168014332058297
-1.0168014332058297
-1.0168014332058297
-1.0168014332058297
-1.0168014332058297
-1.0168014332058297
-1.3557352442744397
-2.0336028664116594
-2.0336028664116594
-2.0336028664116594
-2.0336028664116594
-2.0336028664116594
-2.0336028664116594
-2.0336028664116594
-2.0336028664116594
-2.0336028664116594
-2.0336028664116594
-2.469374909214158
-3.0504042996174894
-3.0504042996174894
-3.0504042996174894
-3.0504042996174894
-3.0504042996174894
-3.0504042996174894
-3.0504042996174894
-3.0504042996174894
-3.0504042996174894
-3.0504042996174894
-3.0504042996174894
-3.0504042996174894
-3.0504042996174894
-3.0504042996174894
-3.534595458286932
-4.067205732823319
-4.067205732823319
-4.067205732823319
-4.067205732823319
-4.067205732823319
-4.067205732823319
-4.067205732823319
-4.067205732823319
-4.067205732823319
-4.067205732823319
-4.067205732823319
-4.067205732823319
-4.067205732823319
-4.067205732823319
-4.067205732823319
-4.067205732823319
-4.067205732823319
-4.067205732823319
-4.067205732823319
-4.067205732823319
-4.067205732823319
-4.067205732823319
-4.067205732823319
-4.067205732823319
-4.067205732823319
-4.067205732823319
-4.067205732823319
-4.067205732823319
-4.067205732823319
-4.067205732823319
-4.067205732823319
-4.067205732823319
-4.067205732823319
-4.067205732823319
-4.067205732823319
-4.067205732823319
-4.067205732823319
-4.067205732823319
-4.067205732823319
-4.067205732823319
-3.534595458286932
-3.0504042996174894
-3.0504042996174894
-3.0504042996174894
-3.0504042996174894
-3.0504042996174894
-2.7598896044158234
-2.0336028664116594
-2.0336028664116594
-2.0336028664116594
-2.0336028664116594
-2.0336028664116594
-2.0336028664116594
-2.0336028664116594
-1.0168014332058297
-1.0168014332058297
-1.0168014332058297
-1.0168014332058297
-1.0168014332058297
-1.0168014332058297
-1.0168014332058297
-1.0168014332058297
-1.0168014332058297
-1.0168014332058297
-1.0168014332058297
-0.04841911586694427
0.0
0.0
0.0
0.0
0.0
0.0
0.0
0.0
0.0
0.0
0.0
0.0
0.0
0.0
0.0
0.0
0.0
0.0
0.0
0.0
0.0
0.0
0.0
0.0
0.0
0.0
0.0
0.0
0.0
0.0
0.0
0.0
0.0
0.0
-0.24209557933472137
-1.0168014332058297
-1.0168014332058297
-1.0168014332058297
-1.0168014332058297
-1.0168014332058297
-1.0168014332058297
-1.0168014332058297
-1.0168014332058297
-1.0168014332058297
-1.2588970125405512
-2.0336028664116594
-2.0336028664116594
-2.0336028664116594
-2.0336028664116594
-2.0336028664116594
-2.0336028664116594
-2.0336028664116594
-2.0336028664116594
-2.0336028664116594
-2.0336028664116594
-2.0336028664116594
-2.0336028664116594
-2.663051372681935
-3.0504042996174894
-3.0504042996174894
-3.0504042996174894
-3.0504042996174894
-3.0504042996174894
-3.0504042996174894
-3.0504042996174894
-3.0504042996174894
-3.0504042996174894
-3.0504042996174894
-3.0504042996174894
-3.0504042996174894
-3.0504042996174894
-3.0504042996174894
-3.0504042996174894
-3.0504042996174894
-3.0504042996174894
-3.0504042996174894
-3.0504042996174894
-3.0504042996174894
-3.0504042996174894
-3.0504042996174894
-3.0504042996174894
-3.0504042996174894
-3.0504042996174894
-3.0504042996174894
-3.0504042996174894
-3.0504042996174894
-3.0504042996174894
-3.0504042996174894
-3.0504042996174894
-3.0504042996174894
-3.0504042996174894
-3.0504042996174894
-3.0504042996174894
-3.0504042996174894
-3.0504042996174894
-3.0504042996174894
-3.921948385222486
-4.067205732823319
-4.067205732823319
-4.067205732823319
-4.357720428024985
-5.084007166029148
-5.084007166029148
-5.084007166029148
-5.422940977097759
-6.100808599234979
-6.100808599234979
-6.100808599234979
-6.100808599234979
-7.117610032440808
-7.117610032440808
-7.117610032440808
-7.117610032440808
-7.117610032440808
-7.117610032440808
-7.553382075243307
-8.134411465646638
-8.134411465646638
-8.134411465646638
-8.134411465646638
-8.134411465646638
-8.134411465646638
-8.134411465646638
-8.134411465646638
-8.134411465646638
-8.134411465646638
-8.134411465646638
-8.134411465646638
-8.134411465646638
-8.134411465646638
-8.134411465646638
-8.134411465646638
-8.134411465646638
-8.134411465646638
-8.134411465646638
-8.134411465646638
-8.134411465646638
-8.134411465646638
-8.134411465646638
-8.134411465646638
-8.134411465646638
-8.134411465646638
-8.134411465646638
-7.117610032440808
-7.117610032440808
-7.117610032440808
-7.117610032440808
-7.117610032440808
-7.117610032440808
-7.117610032440808
-7.117610032440808
-7.117610032440808
-7.117610032440808
-7.117610032440808
-7.117610032440808
-7.117610032440808
-6.294485062702756
-6.100808599234979
-6.100808599234979
-6.100808599234979
-6.100808599234979
-6.100808599234979
-6.100808599234979
-6.100808599234979
-6.100808599234979
-6.100808599234979
-6.100808599234979
-6.100808599234979
-6.100808599234979
-6.100808599234979
-6.100808599234979
-6.100808599234979
-6.100808599234979
-6.100808599234979
-6.100808599234979
-6.100808599234979
-6.100808599234979
-6.100808599234979
-6.100808599234979
-6.100808599234979
-6.100808599234979
-6.100808599234979
-6.100808599234979
-6.100808599234979
-6.100808599234979
-6.100808599234979
-6.100808599234979
-6.100808599234979
-6.100808599234979
-6.100808599234979
-6.100808599234979
-6.100808599234979
-6.100808599234979
-6.100808599234979
-6.100808599234979
-6.100808599234979
-6.100808599234979
-6.100808599234979
-6.100808599234979
-6.100808599234979
-6.100808599234979
-6.100808599234979
-5.810293904033313
-5.084007166029148
-5.084007166029148
-5.084007166029148
-5.084007166029148
-5.084007166029148
-5.084007166029148
-5.084007166029148
-5.084007166029148
-5.084007166029148
-5.084007166029148
-5.084007166029148
-5.084007166029148
-5.084007166029148
-5.084007166029148
-5.084007166029148
-5.084007166029148
-5.084007166029148
-5.084007166029148
-5.084007166029148
-5.084007166029148
-5.084007166029148
-5.084007166029148
-5.084007166029148
-5.084007166029148
-5.084007166029148
-5.084007166029148
-5.084007166029148
-5.084007166029148
-5.084007166029148
-5.084007166029148
-5.084007166029148
-5.084007166029148
-5.084007166029148
-5.084007166029148
-5.084007166029148
-5.084007166029148
-5.084007166029148
-5.084007166029148
-5.084007166029148
-5.084007166029148
-5.084007166029148
-5.084007166029148
-5.084007166029148
-5.084007166029148
-5.084007166029148
-5.084007166029148
-5.084007166029148
-5.084007166029148
-5.084007166029148
-5.084007166029148
-5.084007166029148
-5.084007166029148
-5.084007166029148
-5.084007166029148
-5.084007166029148
-5.084007166029148
-4.30930131215804
-4.067205732823319
-4.067205732823319
-4.067205732823319
-4.067205732823319
-4.067205732823319
-4.067205732823319
-4.067205732823319
-4.067205732823319
-3.7766910376216534
-3.0504042996174894
-3.0504042996174894
-3.0504042996174894
-3.0504042996174894
-3.0504042996174894
-3.0504042996174894
-3.0504042996174894
-3.0504042996174894
-3.0504042996174894
-2.5177940250811024
-2.0336028664116594
-2.0336028664116594
-2.0336028664116594
-2.0336028664116594
-2.0336028664116594
-2.0336028664116594
-2.0336028664116594
-2.0336028664116594
-2.0336028664116594
-2.0336028664116594
-2.0336028664116594
-2.0336028664116594
-2.0336028664116594
-2.0336028664116594
-2.0336028664116594
-2.0336028664116594
-2.0336028664116594
-2.0336028664116594
-2.0336028664116594
-2.0336028664116594
-2.0336028664116594
-2.0336028664116594
-2.0336028664116594
-2.0336028664116594
-2.0336028664116594
-2.0336028664116594
-2.0336028664116594
-2.0336028664116594
-2.4209557933472134
-3.0504042996174894
-3.0504042996174894
-3.0504042996174894
-3.0504042996174894
-3.0504042996174894
-3.9703675010894304
-4.067205732823319
-4.067205732823319
-4.454558659758873
-5.084007166029148
-5.084007166029148
-5.180845397763037
-6.100808599234979
-6.100808599234979
-6.100808599234979
-6.439742410303588
-7.117610032440808
-7.117610032440808
-7.117610032440808
-7.117610032440808
-7.117610032440808
-7.940735002178861
-8.134411465646638
-8.134411465646638
-8.134411465646638
-8.134411465646638
-8.134411465646638
-8.134411465646638
-8.134411465646638
-8.134411465646638
-8.134411465646638
-8.134411465646638
-8.134411465646638
-8.134411465646638
-8.134411465646638
-8.134411465646638
-8.134411465646638
-8.134411465646638
-8.134411465646638
-8.134411465646638
-8.134411465646638
-8.134411465646638
-8.134411465646638
-8.134411465646638
-8.134411465646638
-8.134411465646638
-8.134411465646638
-8.134411465646638
-8.134411465646638
-8.134411465646638
-8.134411465646638
-8.134411465646638
-8.134411465646638
-8.134411465646638
-8.134411465646638
-8.134411465646638
-8.134411465646638
-8.134411465646638
-8.134411465646638
-8.134411465646638
-8.134411465646638
-8.134411465646638
-8.134411465646638
-8.134411465646638
-8.134411465646638
-8.134411465646638
-8.134411465646638
-8.134411465646638
-8.134411465646638
-8.134411465646638
-8.134411465646638
-7.843896770444972
-7.117610032440808
-7.117610032440808
-7.117610032440808
-7.117610032440808
-7.117610032440808
-7.117610032440808
-7.117610032440808
-7.117610032440808
-7.117610032440808
-7.117610032440808
-7.117610032440808
-7.117610032440808
-7.117610032440808
-7.117610032440808
-6.827095337239142
-6.100808599234979
-6.100808599234979
-6.100808599234979
-6.100808599234979
-5.713455672299424
-5.084007166029148
-5.084007166029148
-5.084007166029148
-5.084007166029148
-5.084007166029148
-4.115624848690263
-4.067205732823319
-4.067205732823319
-4.067205732823319
-4.067205732823319
-3.9703675010894304
-3.0504042996174894
-3.0504042996174894
-3.0504042996174894
-3.0504042996174894
-3.0504042996174894
-3.0504042996174894
-3.0504042996174894
-3.0504042996174894
-3.0504042996174894
-3.0504042996174894
-3.0504042996174894
-3.0504042996174894
-3.0504042996174894
-3.0504042996174894
-3.0504042996174894
-3.534595458286932
-4.067205732823319
-4.067205732823319
-4.067205732823319
-4.067205732823319
-4.067205732823319
-4.067205732823319
-4.067205732823319
-4.067205732823319
-4.067205732823319
-4.067205732823319
-4.067205732823319
-4.067205732823319
-4.067205732823319
-4.067205732823319
-4.067205732823319
-4.067205732823319
-3.679852805887765
-3.0504042996174894
-3.0504042996174894
-3.0504042996174894
-3.0504042996174894
-3.0504042996174894
-3.0504042996174894
-3.0504042996174894
-3.0504042996174894
-3.0504042996174894
-3.0504042996174894
-3.0504042996174894
-3.0504042996174894
-2.4209557933472134
-2.0336028664116594
-2.0336028664116594
-2.0336028664116594
-2.0336028664116594
-2.0336028664116594
-2.0336028664116594
-2.0336028664116594
-2.0336028664116594
-2.0336028664116594
-2.0336028664116594
-2.0336028664116594
-2.0336028664116594
-2.0336028664116594
-2.0336028664116594
-2.0336028664116594
-1.1136396649397182
-1.0168014332058297
-1.0168014332058297
-1.0168014332058297
-1.0168014332058297
-1.0168014332058297
-1.0168014332058297
-1.0168014332058297
-1.0168014332058297
-1.0168014332058297
-1.0168014332058297
-1.0168014332058297
-1.0168014332058297
-1.0168014332058297
-1.0168014332058297
-1.0168014332058297
-1.0168014332058297
-1.0168014332058297
-1.0168014332058297
-1.0168014332058297
-1.0168014332058297
-1.0168014332058297
-1.0168014332058297
-1.0168014332058297
-1.0168014332058297
-1.0168014332058297
-1.0168014332058297
-1.0168014332058297
-1.0168014332058297
-1.0168014332058297
-1.0168014332058297
-1.0168014332058297
-1.0168014332058297
-1.0168014332058297
-1.0168014332058297
-1.0168014332058297
-1.0168014332058297
-1.0168014332058297
-1.0168014332058297
-1.0168014332058297
-1.0168014332058297
-1.0168014332058297
-1.0168014332058297
-1.0168014332058297
-1.0168014332058297
-1.0168014332058297
-1.0168014332058297
-1.0168014332058297
-1.0168014332058297
-1.0168014332058297
-1.0168014332058297
-1.0168014332058297
-1.0168014332058297
-1.0168014332058297
-1.0168014332058297
-1.0168014332058297
-1.0168014332058297
-1.0168014332058297
-1.0168014332058297
-1.0168014332058297
-1.0168014332058297
-1.0168014332058297
-1.0168014332058297
-1.0168014332058297
-1.0168014332058297
-1.0168014332058297
-1.0168014332058297
-1.0168014332058297
-1.9851837505447152
-2.0336028664116594
-2.0336028664116594
-2.0336028664116594
-2.0336028664116594
-2.0336028664116594
-2.0336028664116594
-2.0336028664116594
-2.0336028664116594
-2.0336028664116594
-2.0336028664116594
-2.0336028664116594
-2.0336028664116594
-2.0336028664116594
-2.0336028664116594
-2.0336028664116594
-2.0336028664116594
-2.0336028664116594
-2.0336028664116594
-2.0336028664116594
-2.0336028664116594
-2.0336028664116594
-2.0336028664116594
-2.0336028664116594
-2.0336028664116594
-2.0336028664116594
-2.0336028664116594
-2.0336028664116594
-2.0336028664116594
-2.0336028664116594
-2.0336028664116594
-2.0336028664116594
-2.082021982278604
-3.0504042996174894
-3.0504042996174894
-3.0504042996174894
-3.0504042996174894
-3.0504042996174894
-3.0504042996174894
-3.0504042996174894
-3.0504042996174894
-3.0504042996174894
-3.0504042996174894
-3.0504042996174894
-3.0504042996174894
-3.0504042996174894
-3.0504042996174894
-3.0504042996174894
-3.0504042996174894
-3.0504042996174894
-3.0504042996174894
-3.0504042996174894
-3.0504042996174894
-3.0504042996174894
-3.0504042996174894
-3.0504042996174894
-3.0504042996174894
-3.0504042996174894
-3.0504042996174894
-3.0504042996174894
-3.0504042996174894
-3.0504042996174894
-3.0504042996174894
-3.0504042996174894
-3.0504042996174894
-3.0504042996174894
-3.0504042996174894
-3.0504042996174894
-2.324117561613325
-2.0336028664116594
-2.0336028664116594
-2.0336028664116594
-2.0336028664116594
-2.0336028664116594
-2.0336028664116594
-2.0336028664116594
-2.0336028664116594
-2.0336028664116594
-2.0336028664116594
-1.597830823609161
-1.0168014332058297
-1.0168014332058297
-1.0168014332058297
-1.0168014332058297
-1.0168014332058297
-1.0168014332058297
-1.0168014332058297
-1.0168014332058297
-1.0168014332058297
-0.9199632014719412
0.0
0.0
0.0
0.0
0.0
0.0
0.0
0.0
0.0
0.0
0.0
0.0
0.0
0.0
0.0
0.0
0.0
0.0
0.0
0.0
0.0
0.0
0.0
0.0
0.0
0.0
0.0
0.0
0.0
0.0
0.0
0.0
0.0
0.0
0.0
0.0
0.0
0.0
0.0
0.0
0.0
0.0
0.0
-0.1936764634677771
-1.0168014332058297
-1.0168014332058297
-1.0168014332058297
-1.0168014332058297
-1.0168014332058297
-1.0168014332058297
-1.0168014332058297
-1.0168014332058297
-1.0168014332058297
-1.0168014332058297
-1.0168014332058297
-1.0168014332058297
-2.0336028664116594
-2.0336028664116594
-2.0336028664116594
-2.0336028664116594
-2.0336028664116594
-2.0336028664116594
-2.0336028664116594
-2.0336028664116594
-2.0336028664116594
