4.063893435683243
4.063893435683243
4.063893435683243
4.063893435683243
4.063893435683243
4.063893435683243
4.063893435683243
4.063893435683243
4.063893435683243
4.063893435683243
4.854094937066095
5.079866794604053
5.079866794604053
5.079866794604053
5.079866794604053
5.079866794604053
5.079866794604053
5.079866794604053
5.079866794604053
5.079866794604053
5.079866794604053
5.079866794604053
5.079866794604053
5.079866794604053
5.079866794604053
5.079866794604053
5.079866794604053
5.079866794604053
5.079866794604053
5.079866794604053
5.079866794604053
5.079866794604053
5.079866794604053
5.079866794604053
5.079866794604053
5.079866794604053
4.2896652932212005
4.063893435683243
4.063893435683243
4.063893435683243
4.063893435683243
4.063893435683243
4.063893435683243
4.063893435683243
4.063893435683243
4.063893435683243
4.063893435683243
4.063893435683243
4.063893435683243
4.063893435683243
4.063893435683243
4.063893435683243
4.063893435683243
4.063893435683243
4.063893435683243
4.063893435683243
4.063893435683243
3.443020827453858
3.047920076762432
3.047920076762432
3.047920076762432
3.047920076762432
3.047920076762432
3.047920076762432
3.047920076762432
3.047920076762432
3.047920076762432
3.047920076762432
3.047920076762432
3.047920076762432
3.047920076762432
3.047920076762432
3.047920076762432
3.047920076762432
3.047920076762432
3.047920076762432
2.0319467178416213
2.0319467178416213
2.0319467178416213
2.0319467178416213
2.0319467178416213
2.0319467178416213
2.0319467178416213
2.0319467178416213
2.0319467178416213
2.0319467178416213
2.0319467178416213
2.0319467178416213
2.0319467178416213
2.0319467178416213
2.0319467178416213
2.0883896822261105
3.047920076762432
3.047920076762432
3.047920076762432
3.047920076762432
3.047920076762432
3.047920076762432
3.047920076762432
3.047920076762432
3.047920076762432
3.047920076762432
3.047920076762432
3.047920076762432
3.047920076762432
3.047920076762432
3.668792684991816
4.063893435683243
4.063893435683243
4.063893435683243
4.063893435683243
4.063893435683243
4.063893435683243
4.063893435683243
4.063893435683243
4.063893435683243
4.063893435683243
4.063893435683243
4.063893435683243
4.063893435683243
4.063893435683243
4.063893435683243
5.079866794604053
5.079866794604053
5.079866794604053
5.079866794604053
5.079866794604053
5.079866794604053
5.079866794604053
5.079866794604053
5.079866794604053
5.079866794604053
5.079866794604053
4.063893435683243
4.063893435683243
4.063893435683243
4.063893435683243
4.063893435683243
4.063893435683243
4.063893435683243
4.063893435683243
4.063893435683243
4.063893435683243
4.063893435683243
4.063893435683243
4.063893435683243
4.063893435683243
4.063893435683243
3.8381215781452847
3.047920076762432
3.047920076762432
3.047920076762432
3.047920076762432
3.047920076762432
3.047920076762432
3.047920076762432
3.047920076762432
3.047920076762432
3.047920076762432
3.047920076762432
3.047920076762432
3.047920076762432
3.047920076762432
2.0319467178416213
2.0319467178416213
2.0319467178416213
2.0319467178416213
2.0319467178416213
2.0319467178416213
2.0319467178416213
2.0319467178416213
2.0319467178416213
2.0319467178416213
2.0319467178416213
2.0319467178416213
2.0319467178416213
2.0319467178416213
2.0319467178416213
2.0319467178416213
2.0319467178416213
2.0319467178416213
2.0319467178416213
2.0319467178416213
2.0319467178416213
2.0319467178416213
2.0319467178416213
2.0319467178416213
2.0319467178416213
2.0319467178416213
2.0319467178416213
2.0319467178416213
2.0319467178416213
2.0319467178416213
2.0319467178416213
2.0319467178416213
2.0319467178416213
2.0319467178416213
2.0319467178416213
2.0319467178416213
2.0319467178416213
2.0319467178416213
2.0319467178416213
2.0319467178416213
1.8626178246881528
1.0159733589208106
1.0159733589208106
1.0159733589208106
1.0159733589208106
1.0159733589208106
1.0159733589208106
1.0159733589208106
1.0159733589208106
1.0159733589208106
1.0159733589208106
1.0159733589208106
1.0159733589208106
1.0159733589208106
1.0159733589208106
1.0159733589208106
1.411074109612237
2.0319467178416213
2.0319467178416213
2.0319467178416213
2.0319467178416213
2.0319467178416213
2.0319467178416213
2.0319467178416213
2.0319467178416213
2.0319467178416213
2.483490432917537
3.047920076762432
3.047920076762432
3.047920076762432
3.047920076762432
3.047920076762432
3.047920076762432
3.047920076762432
3.047920076762432
3.047920076762432
3.047920076762432
3.047920076762432
3.047920076762432
3.047920076762432
3.047920076762432
3.27369193430039
4.063893435683243
4.063893435683243
4.063893435683243
4.063893435683243
4.063893435683243
4.063893435683243
4.063893435683243
4.063893435683243
4.063893435683243
4.063893435683243
4.063893435683243
4.063893435683243
4.063893435683243
4.063893435683243
4.063893435683243
4.063893435683243
4.063893435683243
4.063893435683243
4.063893435683243
3.2172489699159
3.047920076762432
3.047920076762432
3.047920076762432
3.047920076762432
3.047920076762432
3.047920076762432
3.047920076762432
3.047920076762432
3.047920076762432
3.047920076762432
3.047920076762432
3.047920076762432
3.047920076762432
3.047920076762432
3.047920076762432
3.047920076762432
3.047920076762432
3.047920076762432
3.047920076762432
3.047920076762432
3.047920076762432
3.047920076762432
3.047920076762432
3.047920076762432
3.047920076762432
3.047920076762432
3.047920076762432
3.047920076762432
3.047920076762432
3.047920076762432
3.047920076762432
3.047920076762432
3.047920076762432
3.047920076762432
3.047920076762432
3.047920076762432
3.047920076762432
3.047920076762432
3.047920076762432
3.047920076762432
3.047920076762432
3.047920076762432
3.047920076762432
3.047920076762432
3.047920076762432
3.047920076762432
3.047920076762432
3.047920076762432
3.047920076762432
3.047920076762432
3.047920076762432
3.047920076762432
3.047920076762432
3.047920076762432
3.047920076762432
3.047920076762432
2.2012756109950895
2.0319467178416213
2.0319467178416213
2.0319467178416213
2.0319467178416213
2.0319467178416213
2.0319467178416213
2.0319467178416213
2.0319467178416213
2.0319467178416213
2.0319467178416213
2.0319467178416213
2.0319467178416213
2.0319467178416213
2.0319467178416213
2.0319467178416213
2.0319467178416213
2.0319467178416213
2.0319467178416213
2.0319467178416213
2.0319467178416213
2.0319467178416213
2.0319467178416213
2.0319467178416213
2.0319467178416213
2.0319467178416213
2.596376361686516
3.047920076762432
3.047920076762432
3.047920076762432
3.047920076762432
3.047920076762432
3.047920076762432
3.047920076762432
3.047920076762432
3.047920076762432
3.047920076762432
3.047920076762432
3.047920076762432
3.047920076762432
3.7252356493763057
4.063893435683243
4.063893435683243
4.063893435683243
4.063893435683243
4.063893435683243
4.063893435683243
4.063893435683243
4.063893435683243
4.063893435683243
4.402551221990179
5.079866794604053
5.079866794604053
5.079866794604053
5.079866794604053
5.079866794604053
5.079866794604053
5.079866794604053
5.079866794604053
5.079866794604053
5.079866794604053
5.079866794604053
5.079866794604053
5.079866794604053
4.402551221990179
4.063893435683243
4.063893435683243
4.063893435683243
4.063893435683243
4.063893435683243
4.063893435683243
4.063893435683243
3.555906756222837
3.047920076762432
3.047920076762432
3.047920076762432
3.047920076762432
3.047920076762432
3.047920076762432
3.047920076762432
2.0883896822261105
2.0319467178416213
2.0319467178416213
2.0319467178416213
2.0319467178416213
2.0319467178416213
2.0319467178416213
2.0319467178416213
2.0319467178416213
1.7497318959191739
1.0159733589208106
1.0159733589208106
1.0159733589208106
1.0159733589208106
1.0159733589208106
1.0159733589208106
1.0159733589208106
1.0159733589208106
1.0159733589208106
1.0159733589208106
1.0159733589208106
1.0159733589208106
1.0159733589208106
1.0159733589208106
1.298188180843258
2.0319467178416213
2.0319467178416213
2.0319467178416213
2.0319467178416213
3.047920076762432
3.047920076762432
3.047920076762432
3.047920076762432
3.9510075069142636
4.063893435683243
4.063893435683243
4.063893435683243
4.063893435683243
4.571880115143648
5.079866794604053
5.079866794604053
5.079866794604053
5.079866794604053
5.079866794604053
5.079866794604053
5.079866794604053
5.079866794604053
5.079866794604053
5.079866794604053
5.079866794604053
5.079866794604053
5.079866794604053
5.079866794604053
5.079866794604053
5.079866794604053
5.079866794604053
5.079866794604053
5.079866794604053
5.079866794604053
5.079866794604053
5.079866794604053
5.079866794604053
5.079866794604053
5.079866794604053
5.079866794604053
5.079866794604053
5.079866794604053
5.079866794604053
5.192752723373032
6.095840153524864
6.095840153524864
6.095840153524864
6.095840153524864
6.095840153524864
6.095840153524864
6.095840153524864
6.095840153524864
6.095840153524864
6.095840153524864
6.095840153524864
6.095840153524864
6.095840153524864
6.095840153524864
6.095840153524864
6.095840153524864
6.095840153524864
6.095840153524864
6.095840153524864
6.095840153524864
5.136309758988542
5.079866794604053
5.079866794604053
5.079866794604053
5.079866794604053
5.079866794604053
5.079866794604053
5.079866794604053
5.079866794604053
5.079866794604053
5.079866794604053
5.079866794604053
4.571880115143648
4.063893435683243
4.063893435683243
4.063893435683243
4.063893435683243
4.063893435683243
3.4994637918383478
3.047920076762432
3.047920076762432
3.047920076762432
3.047920076762432
3.047920076762432
3.047920076762432
3.047920076762432
3.047920076762432
3.047920076762432
2.2012756109950895
2.0319467178416213
2.0319467178416213
2.0319467178416213
2.0319467178416213
2.0319467178416213
2.0319467178416213
2.0319467178416213
2.0319467178416213
2.0319467178416213
2.0319467178416213
2.0319467178416213
2.0319467178416213
2.0319467178416213
2.6528193260710053
3.047920076762432
3.047920076762432
3.047920076762432
3.047920076762432
3.047920076762432
3.047920076762432
3.047920076762432
3.047920076762432
3.047920076762432
3.160806005531411
4.063893435683243
4.063893435683243
4.063893435683243
4.063893435683243
4.063893435683243
4.063893435683243
4.515437150759158
5.079866794604053
5.079866794604053
5.079866794604053
5.079866794604053
5.079866794604053
5.079866794604053
5.079866794604053
5.079866794604053
5.079866794604053
5.079866794604053
5.41852458091099
6.095840153524864
6.095840153524864
6.095840153524864
6.095840153524864
6.095840153524864
6.095840153524864
6.095840153524864
6.095840153524864
6.095840153524864
6.095840153524864
6.095840153524864
6.095840153524864
6.095840153524864
6.095840153524864
6.095840153524864
6.095840153524864
6.095840153524864
6.095840153524864
6.095840153524864
6.095840153524864
6.095840153524864
6.095840153524864
5.249195687757521
5.079866794604053
5.079866794604053
5.079866794604053
5.079866794604053
5.079866794604053
5.079866794604053
5.079866794604053
5.079866794604053
5.079866794604053
5.079866794604053
5.079866794604053
5.079866794604053
5.079866794604053
5.079866794604053
5.079866794604053
5.079866794604053
5.079866794604053
5.079866794604053
5.079866794604053
5.079866794604053
5.079866794604053
5.136309758988542
6.095840153524864
6.095840153524864
6.095840153524864
6.095840153524864
6.095840153524864
6.095840153524864
6.095840153524864
6.095840153524864
6.095840153524864
6.095840153524864
6.095840153524864
6.095840153524864
5.644296438448948
5.079866794604053
5.079866794604053
5.079866794604053
5.079866794604053
5.079866794604053
5.079866794604053
5.079866794604053
5.079866794604053
4.402551221990179
4.063893435683243
4.063893435683243
4.063893435683243
4.063893435683243
4.063893435683243
4.063893435683243
4.063893435683243
4.063893435683243
4.063893435683243
4.063893435683243
4.063893435683243
4.063893435683243
4.063893435683243
4.063893435683243
4.063893435683243
4.063893435683243
4.063893435683243
4.063893435683243
4.063893435683243
4.063893435683243
4.063893435683243
4.063893435683243
4.063893435683243
4.063893435683243
4.063893435683243
4.063893435683243
4.063893435683243
4.063893435683243
4.063893435683243
4.063893435683243
4.063893435683243
4.063893435683243
4.063893435683243
4.063893435683243
4.063893435683243
4.063893435683243
4.063893435683243
4.063893435683243
4.063893435683243
4.063893435683243
4.063893435683243
4.063893435683243
4.063893435683243
4.063893435683243
4.063893435683243
4.063893435683243
4.063893435683243
4.063893435683243
4.063893435683243
4.063893435683243
4.063893435683243
4.063893435683243
4.063893435683243
4.063893435683243
4.063893435683243
4.063893435683243
4.063893435683243
4.063893435683243
4.063893435683243
4.063893435683243
4.063893435683243
4.063893435683243
4.063893435683243
4.063893435683243
4.063893435683243
4.063893435683243
4.063893435683243
4.063893435683243
4.063893435683243
4.063893435683243
4.063893435683243
4.063893435683243
4.063893435683243
4.063893435683243
4.063893435683243
4.063893435683243
4.063893435683243
4.063893435683243
4.063893435683243
4.063893435683243
4.063893435683243
4.063893435683243
4.063893435683243
4.063893435683243
4.063893435683243
4.063893435683243
4.233222328836711
5.079866794604053
5.079866794604053
5.079866794604053
5.079866794604053
5.079866794604053
5.079866794604053
5.079866794604053
5.079866794604053
5.079866794604053
5.079866794604053
5.079866794604053
5.079866794604053
5.079866794604053
5.079866794604053
5.079866794604053
5.079866794604053
5.079866794604053
5.079866794604053
5.079866794604053
5.079866794604053
5.079866794604053
5.079866794604053
5.079866794604053
5.079866794604053
5.079866794604053
5.079866794604053
4.063893435683243
4.063893435683243
4.063893435683243
4.063893435683243
4.063893435683243
4.063893435683243
4.063893435683243
3.6123497206073267
3.047920076762432
3.047920076762432
3.047920076762432
3.047920076762432
3.047920076762432
3.047920076762432
3.047920076762432
3.047920076762432
2.4270474685330474
2.0319467178416213
2.0319467178416213
2.0319467178416213
2.0319467178416213
2.0319467178416213
2.0319467178416213
2.0319467178416213
2.0319467178416213
2.0319467178416213
2.0319467178416213
2.0319467178416213
2.0319467178416213
2.0319467178416213
2.0319467178416213
2.0319467178416213
2.0319467178416213
2.0319467178416213
2.0319467178416213
1.0724163233053001
1.0159733589208106
1.0159733589208106
1.0159733589208106
1.0159733589208106
1.0159733589208106
1.0159733589208106
1.0159733589208106
1.0159733589208106
1.0159733589208106
1.0159733589208106
1.0159733589208106
1.0159733589208106
1.0159733589208106
1.0159733589208106
1.0159733589208106
1.0159733589208106
1.0159733589208106
1.0159733589208106
1.0159733589208106
1.0159733589208106
1.0159733589208106
1.0159733589208106
1.0159733589208106
1.0159733589208106
1.0159733589208106
1.0159733589208106
1.0159733589208106
1.0159733589208106
1.0159733589208106
1.0159733589208106
1.0159733589208106
1.0159733589208106
1.0159733589208106
1.0159733589208106
1.0159733589208106
1.0159733589208106
1.0159733589208106
1.0159733589208106
1.0159733589208106
1.0159733589208106
1.0159733589208106
1.0159733589208106
1.0159733589208106
1.0159733589208106
1.0159733589208106
1.0159733589208106
1.0159733589208106
1.0159733589208106
1.0159733589208106
1.0159733589208106
1.0159733589208106
1.0159733589208106
1.0159733589208106
1.0159733589208106
1.0159733589208106
1.0159733589208106
1.0159733589208106
1.0159733589208106
1.0159733589208106
1.0159733589208106
1.0159733589208106
1.0159733589208106
1.0159733589208106
1.0159733589208106
1.0159733589208106
1.0159733589208106
1.0159733589208106
1.0159733589208106
1.0159733589208106
1.0159733589208106
1.0159733589208106
1.0159733589208106
1.0159733589208106
1.0159733589208106
1.0159733589208106
1.0159733589208106
1.0159733589208106
1.0159733589208106
1.0159733589208106
1.0159733589208106
1.0159733589208106
1.0159733589208106
1.0159733589208106
1.0159733589208106
1.0159733589208106
1.0159733589208106
1.0159733589208106
1.0159733589208106
1.0159733589208106
1.0159733589208106
1.0159733589208106
1.0159733589208106
1.0159733589208106
1.0159733589208106
1.0159733589208106
1.0159733589208106
1.0159733589208106
1.0159733589208106
1.0159733589208106
1.0159733589208106
1.0159733589208106
1.0159733589208106
1.0159733589208106
1.0159733589208106
1.0159733589208106
1.0159733589208106
1.0159733589208106
1.0159733589208106
1.0159733589208106
1.0159733589208106
1.0159733589208106
1.0159733589208106
1.0159733589208106
1.0159733589208106
1.0159733589208106
1.0159733589208106
1.0159733589208106
1.0159733589208106
1.0159733589208106
1.0159733589208106
1.0159733589208106
1.0159733589208106
1.0159733589208106
1.0159733589208106
1.0159733589208106
1.0159733589208106
1.0159733589208106
1.0159733589208106
1.0159733589208106
1.0159733589208106
1.0159733589208106
1.0159733589208106
1.0159733589208106
1.0159733589208106
1.0159733589208106
1.0159733589208106
1.0159733589208106
1.0159733589208106
1.0159733589208106
1.0159733589208106
1.0159733589208106
1.0159733589208106
1.0159733589208106
1.0159733589208106
1.0159733589208106
1.0159733589208106
1.0159733589208106
1.0159733589208106
1.0159733589208106
1.0159733589208106
1.0159733589208106
1.0159733589208106
1.0159733589208106
1.0159733589208106
1.0159733589208106
