113.26530612244898
113.26530612244898
113.26530612244898
113.26530612244898
113.26530612244898
113.26530612244898
113.26530612244898
113.26530612244898
113.26530612244898
113.26530612244898
113.26530612244898
113.26530612244898
113.26530612244898
113.26530612244898
113.26530612244898
113.26530612244898
113.26530612244898
113.26530612244898
113.26530612244898
113.26530612244898
113.26530612244898
113.53541416566627
114.28571428571429
114.28571428571429
114.28571428571429
114.28571428571429
114.28571428571429
114.28571428571429
114.28571428571429
114.28571428571429
114.28571428571429
114.28571428571429
114.28571428571429
114.28571428571429
114.28571428571429
114.28571428571429
114.28571428571429
114.28571428571429
114.28571428571429
114.28571428571429
114.28571428571429
114.28571428571429
114.28571428571429
114.28571428571429
114.28571428571429
114.28571428571429
114.28571428571429
114.28571428571429
114.28571428571429
114.28571428571429
114.28571428571429
114.28571428571429
114.28571428571429
114.28571428571429
114.28571428571429
114.28571428571429
114.28571428571429
114.28571428571429
114.28571428571429
114.28571428571429
114.28571428571429
114.28571428571429
114.28571428571429
114.28571428571429
114.28571428571429
114.28571428571429
115.21608643457382
115.3061224489796
115.3061224489796
115.3061224489796
115.3061224489796
115.3061224489796
115.3061224489796
115.3061224489796
115.3061224489796
115.3061224489796
115.3061224489796
115.3061224489796
115.3061224489796
115.3061224489796
115.3061224489796
115.3061224489796
115.3061224489796
115.3061224489796
115.3061224489796
115.3061224489796
115.3061224489796
115.3061224489796
114.34573829531813
114.28571428571429
114.28571428571429
114.28571428571429
114.28571428571429
114.28571428571429
114.28571428571429
114.28571428571429
114.28571428571429
114.28571428571429
114.28571428571429
114.28571428571429
114.28571428571429
114.28571428571429
114.28571428571429
114.28571428571429
114.28571428571429
114.28571428571429
114.28571428571429
114.28571428571429
114.28571428571429
114.28571428571429
113.02521008403362
111.22448979591837
111.22448979591837
111.22448979591837
111.22448979591837
111.22448979591837
111.22448979591837
111.22448979591837
111.22448979591837
111.22448979591837
111.22448979591837
111.22448979591837
111.22448979591837
111.22448979591837
111.22448979591837
111.22448979591837
111.22448979591837
111.22448979591837
111.22448979591837
111.22448979591837
111.22448979591837
111.22448979591837
111.22448979591837
111.22448979591837
111.22448979591837
112.4249699879952
113.26530612244898
113.26530612244898
113.26530612244898
113.26530612244898
113.26530612244898
113.26530612244898
113.26530612244898
113.26530612244898
113.26530612244898
113.26530612244898
113.26530612244898
113.26530612244898
113.26530612244898
113.26530612244898
113.26530612244898
113.26530612244898
113.26530612244898
113.26530612244898
113.26530612244898
113.26530612244898
113.26530612244898
113.26530612244898
112.81512605042016
112.24489795918367
112.24489795918367
112.24489795918367
112.24489795918367
112.24489795918367
112.24489795918367
112.24489795918367
112.24489795918367
112.24489795918367
112.24489795918367
112.24489795918367
112.24489795918367
112.24489795918367
112.24489795918367
112.24489795918367
112.24489795918367
112.24489795918367
112.24489795918367
112.24489795918367
112.24489795918367
112.24489795918367
112.24489795918367
112.24489795918367
112.24489795918367
111.37454981992796
111.22448979591837
111.22448979591837
111.22448979591837
111.22448979591837
111.22448979591837
111.22448979591837
111.22448979591837
111.22448979591837
111.22448979591837
111.22448979591837
111.22448979591837
111.22448979591837
111.22448979591837
111.22448979591837
111.22448979591837
111.22448979591837
111.22448979591837
111.22448979591837
111.22448979591837
111.22448979591837
111.22448979591837
111.22448979591837
110.50420168067227
110.20408163265306
110.20408163265306
110.20408163265306
110.20408163265306
110.20408163265306
110.20408163265306
110.20408163265306
110.20408163265306
110.20408163265306
110.20408163265306
110.20408163265306
110.20408163265306
110.20408163265306
110.20408163265306
110.20408163265306
110.20408163265306
110.20408163265306
110.20408163265306
110.20408163265306
110.20408163265306
110.20408163265306
110.20408163265306
110.20408163265306
110.20408163265306
110.20408163265306
110.20408163265306
110.20408163265306
110.20408163265306
110.20408163265306
110.20408163265306
110.20408163265306
110.20408163265306
110.20408163265306
110.20408163265306
110.20408163265306
110.20408163265306
110.20408163265306
110.20408163265306
110.20408163265306
110.20408163265306
110.20408163265306
110.20408163265306
110.20408163265306
110.20408163265306
110.20408163265306
110.20408163265306
110.20408163265306
110.20408163265306
110.20408163265306
110.20408163265306
110.20408163265306
110.20408163265306
110.20408163265306
110.20408163265306
110.20408163265306
110.20408163265306
110.20408163265306
110.20408163265306
110.20408163265306
110.20408163265306
110.20408163265306
110.20408163265306
110.20408163265306
110.20408163265306
110.20408163265306
110.20408163265306
110.20408163265306
110.20408163265306
110.20408163265306
110.20408163265306
109.87394957983193
109.18367346938776
109.18367346938776
109.18367346938776
109.18367346938776
109.18367346938776
109.18367346938776
109.18367346938776
109.18367346938776
109.18367346938776
109.18367346938776
109.18367346938776
109.18367346938776
109.18367346938776
109.18367346938776
109.18367346938776
109.18367346938776
109.18367346938776
109.18367346938776
109.18367346938776
109.18367346938776
108.28331332533013
107.14285714285714
107.14285714285714
107.14285714285714
107.14285714285714
107.14285714285714
107.14285714285714
107.14285714285714
107.14285714285714
107.14285714285714
107.14285714285714
107.14285714285714
107.14285714285714
107.14285714285714
107.14285714285714
107.14285714285714
107.14285714285714
107.14285714285714
107.14285714285714
107.14285714285714
107.14285714285714
107.14285714285714
107.14285714285714
107.14285714285714
107.14285714285714
107.14285714285714
107.14285714285714
107.14285714285714
107.14285714285714
107.14285714285714
107.14285714285714
107.14285714285714
107.14285714285714
107.14285714285714
107.14285714285714
107.14285714285714
107.14285714285714
107.14285714285714
107.14285714285714
107.14285714285714
107.14285714285714
107.14285714285714
107.14285714285714
107.14285714285714
107.14285714285714
107.14285714285714
108.58343337334934
110.20408163265306
110.20408163265306
110.20408163265306
110.20408163265306
110.20408163265306
110.20408163265306
110.20408163265306
110.20408163265306
110.20408163265306
110.20408163265306
110.20408163265306
110.20408163265306
110.20408163265306
110.20408163265306
108.94357743097238
108.16326530612245
108.16326530612245
108.16326530612245
108.16326530612245
108.16326530612245
108.16326530612245
108.16326530612245
108.16326530612245
108.16326530612245
108.16326530612245
108.16326530612245
108.16326530612245
108.16326530612245
108.16326530612245
108.16326530612245
108.16326530612245
108.16326530612245
108.16326530612245
107.953181272509
107.14285714285714
107.14285714285714
107.14285714285714
107.14285714285714
107.14285714285714
107.14285714285714
107.14285714285714
107.14285714285714
107.14285714285714
107.14285714285714
107.14285714285714
107.14285714285714
107.14285714285714
107.14285714285714
107.14285714285714
107.14285714285714
107.14285714285714
107.14285714285714
107.14285714285714
107.14285714285714
107.14285714285714
107.14285714285714
107.14285714285714
107.14285714285714
107.14285714285714
107.14285714285714
107.14285714285714
107.14285714285714
107.14285714285714
107.14285714285714
107.14285714285714
107.14285714285714
107.14285714285714
107.14285714285714
107.14285714285714
107.14285714285714
107.14285714285714
107.14285714285714
107.14285714285714
107.14285714285714
107.14285714285714
107.14285714285714
107.14285714285714
107.14285714285714
107.14285714285714
106.45258103241297
106.12244897959184
106.12244897959184
106.12244897959184
106.12244897959184
106.12244897959184
106.12244897959184
106.12244897959184
106.12244897959184
106.12244897959184
106.12244897959184
106.12244897959184
106.12244897959184
106.12244897959184
106.12244897959184
106.12244897959184
106.12244897959184
106.12244897959184
106.12244897959184
106.12244897959184
106.12244897959184
106.12244897959184
106.12244897959184
106.12244897959184
106.12244897959184
106.12244897959184
106.12244897959184
106.12244897959184
106.12244897959184
106.12244897959184
106.12244897959184
106.12244897959184
106.12244897959184
106.12244897959184
106.12244897959184
106.12244897959184
106.12244897959184
106.12244897959184
106.12244897959184
106.12244897959184
106.12244897959184
106.12244897959184
106.12244897959184
104.0516206482593
103.06122448979592
103.06122448979592
103.06122448979592
103.06122448979592
103.06122448979592
103.06122448979592
103.06122448979592
103.06122448979592
103.06122448979592
103.06122448979592
103.06122448979592
103.06122448979592
103.06122448979592
103.06122448979592
103.06122448979592
103.06122448979592
103.06122448979592
103.06122448979592
103.06122448979592
103.06122448979592
103.06122448979592
103.06122448979592
103.06122448979592
103.06122448979592
103.06122448979592
103.06122448979592
103.06122448979592
103.06122448979592
103.06122448979592
103.06122448979592
103.06122448979592
103.06122448979592
103.06122448979592
103.06122448979592
103.06122448979592
103.33133253301321
106.12244897959184
106.12244897959184
106.12244897959184
106.12244897959184
106.12244897959184
106.12244897959184
106.12244897959184
106.12244897959184
106.12244897959184
106.12244897959184
106.12244897959184
106.12244897959184
106.12244897959184
106.12244897959184
106.12244897959184
106.12244897959184
109.48379351740697
110.20408163265306
110.20408163265306
110.20408163265306
110.20408163265306
110.20408163265306
110.20408163265306
110.20408163265306
110.20408163265306
110.20408163265306
110.20408163265306
110.20408163265306
110.20408163265306
110.20408163265306
110.20408163265306
110.20408163265306
110.20408163265306
110.20408163265306
110.20408163265306
110.20408163265306
110.20408163265306
110.20408163265306
110.20408163265306
110.20408163265306
110.20408163265306
110.20408163265306
110.20408163265306
110.20408163265306
110.20408163265306
110.20408163265306
110.20408163265306
110.20408163265306
110.20408163265306
110.20408163265306
110.20408163265306
110.20408163265306
110.20408163265306
110.20408163265306
110.20408163265306
110.20408163265306
110.20408163265306
110.20408163265306
110.20408163265306
110.20408163265306
110.20408163265306
110.20408163265306
110.20408163265306
110.20408163265306
110.20408163265306
110.20408163265306
110.20408163265306
110.20408163265306
110.20408163265306
110.20408163265306
61.58463385354142
0.0
0.0
0.0
0.0
35.294117647058826
100.0
100.0
100.0
100.0
100.0
100.0
100.0
100.0
100.0
100.0
100.0
100.0
100.0
100.0
100.0
100.0
100.0
100.0
100.96038415366147
104.08163265306122
104.08163265306122
104.08163265306122
104.08163265306122
104.08163265306122
104.08163265306122
104.08163265306122
104.08163265306122
104.08163265306122
104.08163265306122
104.08163265306122
104.08163265306122
104.08163265306122
104.08163265306122
104.08163265306122
104.08163265306122
104.08163265306122
103.84153661464586
102.04081632653062
102.04081632653062
102.04081632653062
102.04081632653062
102.04081632653062
102.04081632653062
102.04081632653062
102.04081632653062
102.04081632653062
102.04081632653062
102.04081632653062
102.04081632653062
102.04081632653062
102.04081632653062
102.04081632653062
102.04081632653062
102.04081632653062
102.04081632653062
102.04081632653062
102.04081632653062
102.04081632653062
102.04081632653062
102.04081632653062
102.40096038415366
103.06122448979592
103.06122448979592
103.06122448979592
103.06122448979592
103.06122448979592
103.06122448979592
103.06122448979592
103.06122448979592
103.06122448979592
103.06122448979592
103.06122448979592
103.06122448979592
103.06122448979592
103.06122448979592
103.06122448979592
103.06122448979592
103.06122448979592
103.06122448979592
103.06122448979592
103.06122448979592
103.06122448979592
103.06122448979592
103.06122448979592
103.06122448979592
103.06122448979592
103.06122448979592
103.06122448979592
103.06122448979592
103.06122448979592
103.06122448979592
103.06122448979592
103.06122448979592
103.06122448979592
103.06122448979592
103.06122448979592
103.06122448979592
103.06122448979592
103.06122448979592
103.06122448979592
103.06122448979592
103.06122448979592
103.06122448979592
103.06122448979592
103.06122448979592
103.06122448979592
100.66026410564226
98.9795918367347
98.9795918367347
98.9795918367347
98.9795918367347
98.9795918367347
98.9795918367347
98.9795918367347
98.9795918367347
98.9795918367347
98.9795918367347
98.9795918367347
98.9795918367347
98.9795918367347
98.9795918367347
98.9795918367347
98.9795918367347
98.9795918367347
98.9795918367347
98.9795918367347
98.9795918367347
98.9795918367347
98.9795918367347
98.9795918367347
98.16926770708284
97.95918367346938
97.95918367346938
97.95918367346938
97.95918367346938
97.95918367346938
97.95918367346938
97.95918367346938
97.95918367346938
97.95918367346938
97.95918367346938
97.95918367346938
97.95918367346938
97.95918367346938
97.95918367346938
97.95918367346938
97.95918367346938
97.95918367346938
97.95918367346938
97.95918367346938
97.95918367346938
99.93997599039616
100.0
100.0
100.0
100.0
100.0
100.0
100.0
100.0
100.0
100.0
100.0
100.0
100.0
100.0
100.0
100.0
100.0
100.0
100.0
100.0
100.0
100.0
100.0
100.0
100.0
100.0
100.0
100.0
100.0
100.0
100.0
100.0
100.0
100.0
100.0
100.0
100.0
100.0
100.0
100.0
100.0
100.0
100.0
100.21008403361344
101.0204081632653
101.0204081632653
101.0204081632653
101.0204081632653
101.0204081632653
101.0204081632653
101.0204081632653
101.0204081632653
101.0204081632653
101.0204081632653
101.0204081632653
101.0204081632653
101.0204081632653
101.0204081632653
101.0204081632653
101.0204081632653
101.0204081632653
101.0204081632653
101.0204081632653
100.06002400960384
100.0
100.0
100.0
100.0
100.0
100.0
100.0
100.0
100.0
100.0
100.0
100.0
100.0
100.0
100.0
100.0
100.0
100.0
100.0
100.0
100.0
100.0
100.0
100.0
100.0
99.69987995198079
98.9795918367347
98.9795918367347
98.9795918367347
98.9795918367347
98.9795918367347
98.9795918367347
98.9795918367347
98.9795918367347
98.9795918367347
98.9795918367347
98.9795918367347
98.9795918367347
98.9795918367347
98.9795918367347
98.9795918367347
98.9795918367347
98.9795918367347
98.9795918367347
98.9795918367347
98.9795918367347
98.9795918367347
98.9795918367347
98.9795918367347
99.93997599039616
100.0
100.0
100.0
100.0
100.0
100.0
100.0
100.0
100.0
100.0
100.0
100.0
100.0
100.0
100.0
100.0
100.0
100.0
100.24009603841536
101.0204081632653
101.0204081632653
101.0204081632653
101.0204081632653
101.0204081632653
101.0204081632653
101.0204081632653
101.0204081632653
101.0204081632653
101.0204081632653
101.0204081632653
101.0204081632653
101.0204081632653
101.0204081632653
101.0204081632653
101.0204081632653
101.0204081632653
101.0204081632653
101.0204081632653
101.0204081632653
101.0204081632653
101.0204081632653
101.0204081632653
101.0204081632653
101.0204081632653
101.0204081632653
101.0204081632653
101.0204081632653
101.0204081632653
101.0204081632653
101.0204081632653
101.0204081632653
101.0204081632653
101.0204081632653
101.0204081632653
101.0204081632653
101.0204081632653
101.0204081632653
101.0204081632653
101.0204081632653
101.0204081632653
101.0204081632653
100.72028811524609
98.9795918367347
98.9795918367347
98.9795918367347
98.9795918367347
98.9795918367347
98.9795918367347
98.9795918367347
98.9795918367347
98.9795918367347
98.9795918367347
98.9795918367347
98.9795918367347
98.9795918367347
98.9795918367347
98.9795918367347
98.9795918367347
98.9795918367347
98.9795918367347
98.9795918367347
98.9795918367347
98.9795918367347
98.9795918367347
98.9795918367347
98.9795918367347
98.9795918367347
98.9795918367347
98.9795918367347
98.9795918367347
98.9795918367347
98.9795918367347
98.9795918367347
98.9795918367347
98.9795918367347
98.9795918367347
98.9795918367347
98.9795918367347
98.9795918367347
98.9795918367347
98.9795918367347
98.9795918367347
98.9795918367347
98.9795918367347
98.9795918367347
98.9795918367347
