54.76371372131894
57.31651724661905
58.349794864002426
62.99954414222762
61.63197082510256
53.578483513143894
47.80428506306033
44.0054702932685
41.08798055006838
38.26166236134326
36.37745023552652
41.72618143139341
70.23248746391126
111.65476371372131
115.87904573772983
107.64321531682114
103.32776173833763
89.83437167603708
58.137061236894084
52.11973864154383
54.79410423947728
56.161677556602335
58.28901382768576
64.51907005014435
58.83604315453578
51.84622397811882
47.74350402674366
45.008357392493544
42.303601276401764
40.11548396900167
39.44689256951831
43.73195562984349
75.21653244187813
104.81689712809603
116.63880869168818
93.57240540951223
71.93435648077799
60.53791217140252
54.27746543078559
54.15590335815225
58.62330952742744
63.91125968697766
67.25421668439446
65.67390974016106
52.60598693207719
50.84333687889378
47.71311350858532
43.06336423036013
40.784075368485034
38.83908220635162
40.17626500531834
52.75793952286886
91.4450691384288
118.12794408144659
118.91809755356329
107.73438687129615
87.3119586688953
71.99513751709466
62.239781188269255
60.325178544294175
63.820088132502654
68.89530466494453
72.08630907156967
70.65795471812794
57.225345692144046
52.058957605227164
49.41498252545206
46.072025528035255
43.701565111685156
41.66540039507674
39.993921896368335
42.09086764929342
65.94742440358608
110.4087524692296
121.25816745175504
121.19738641543837
110.07445676948791
77.00957301321988
67.9835891201945
63.21227776933596
64.97492782251938
66.19054854885276
67.40616927518614
76.46254368636986
67.34538823886948
59.3830724813858
55.705819784227316
52.48442485944385
50.20513599756876
48.19936179911868
47.37881780884364
49.99240237046042
54.21668439446892
93.48123385503723
120.68074760674669
114.60264397507977
99.8632426682875
86.70414830572861
77.43504026743656
72.54216684394468
72.35982373499468
74.06169275186141
76.34098161373652
78.04285063060325
76.2498100592615
66.3121106214861
57.86354657346907
54.12551283999392
51.603099832852145
48.86795319860204
47.652332472268654
51.63349035101048
89.80398115787874
117.9759914906549
120.31606138884668
112.87038444005469
100.59261510408753
84.88071721622853
75.85473332320316
70.65795471812794
70.87068834523629
75.15575140556146
79.44081446588665
81.23385503722838
68.37866585625285
62.20939067011092
59.3830724813858
55.18918097553563
52.666767968393856
49.99240237046042
47.80428506306033
47.0749126272603
51.11685154231879
52.15012915970217
76.31059109557818
113.38702324874639
110.31758091475459
97.88785898799574
82.75338094514511
73.6058349794864
69.5638960644279
72.75490047105303
78.83300410271995
81.93283695487008
81.23385503722838
73.45388238869472
59.32229144506913
54.94605683026895
52.332472268652175
50.569822215468776
49.96201185230208
49.111077343868715
50.05318340677709
57.681203464519065
101.01808235830421
129.06853061844703
111.32046801397964
98.64762194195411
81.17307400091171
70.59717368181127
65.40039507673606
67.2846072025528
73.57544446132806
76.31059109557818
80.96034037380338
71.93435648077799
57.19495517398571
53.912779212885575
52.84911107734386
52.60598693207719
53.791217140252236
55.73621030238565
57.225345692144046
64.48867953198602
91.38428810211214
122.5345692144051
126.24221242972192
115.08889226561313
93.90670110925392
82.11518006382009
76.64488679531986
73.66661601580307
74.97340829661145
79.77511016562832
83.54353441726181
84.0601732259535
78.92417565719495
63.364230360127635
58.25862330952742
54.61176113052727
52.48442485944385
51.23841361495213
51.147242060477126
50.3266980702021
49.47576356176873
74.45676948791977
116.42607506457985
123.08159854125512
119.95137517094666
108.1294636073545
90.71569670262878
82.44947576356176
76.67527731347819
75.49004710530315
78.1644127032366
80.23096793800335
82.02400850934508
80.200577419845
62.05743807931925
57.92432760978574
55.18918097553563
53.09223522261054
50.72177480626044
49.901230815985414
49.171858380185384
49.14146786202705
58.65370004558577
82.41908524540344
117.03388542774654
121.89636833308008
113.38702324874639
93.45084333687889
85.36696550676189
78.31636529402826
73.90974016106975
75.73317125056982
81.81127488223675
84.1513447804285
84.39446892569518
67.83163652940283
63.029934660385955
59.474244035860806
57.620422428202396
56.617535328977354
55.766600820543985
54.73332320316061
55.61464822975231
64.09360279592767
97.24965810667072
119.82981309831332
119.64746998936332
108.15985412551284
92.78225193739553
84.8503266980702
79.1369092843033
77.70855493086157
80.26135845616167
83.23962923567846
84.6679835891202
80.13979638352833
68.25710378361951
65.0053183406777
61.87509497036924
58.77526211821911
56.73909740161069
55.371524084485635
53.54809299498556
52.15012915970217
52.393253304968844
60.99376994377754
96.48989515271235
121.37972952438838
120.89348123385503
115.81826470141316
103.44932381097097
95.73013219875399
88.83148457681203
84.21212581674517
84.12095426227017
84.63759307096186
86.64336726941194
86.94727245099529
72.26865218051968
67.80124601124449
63.57696398723598
61.32806564351922
59.41346299954414
57.55964139188573
56.00972496581066
54.79410423947728
54.15590335815225
54.12551283999392
57.55964139188573
105.7590031910044
120.43762346148002
120.164108798055
111.32046801397964
99.31621334143748
93.3596717824039
88.74031302233703
85.39735602492023
85.24540343412855
85.97477586992858
86.2482905333536
86.5218051967786
79.38003342956998
67.74046497492782
63.78969761434432
61.41923719799422
59.535025072177476
56.98222154687737
55.52347667527731
54.36863698526059
53.27457833156055
52.058957605227164
52.42364382312718
56.28323962923567
94.69685458137062
119.61707947120497
111.71554475003798
103.20619966570429
95.51739857164564
82.96611457225346
79.07612824798663
80.38292052879501
83.05728612672846
83.60431545357848
83.9690016714785
71.38732715392797
65.7043002583194
62.66524844248594
60.1732259535025
59.04877678164412
57.86354657346907
57.07339310135237
56.19206807476067
54.36863698526059
56.67831636529402
84.48564048017019
115.75748366509649
119.89059413462999
114.14678620270475
100.41027199513752
91.14116395684546
85.33657498860356
80.7172162285367
80.59565415590336
81.99361799118675
82.4798662817201
84.51603099832852
82.78377146330345
68.92569518310287
63.97204072329433
61.81431393405257
59.990882844552495
58.68409056374411
57.83315605531074
56.161677556602335
55.52347667527731
55.310743048168966
67.9835891201945
106.27564199969609
122.13949247834675
121.59246315149673
116.00060781036316
105.57666008205439
98.5564503874791
93.8155295547789
88.37562680443702
85.79243276097857
86.2482905333536
86.88649141467862
85.82282327913691
73.57544446132806
67.49734082966114
64.42789849566935
61.35845616167755
59.50463455401914
57.55964139188573
57.04300258319404
55.85777237501899
53.973560249202244
53.396140404193886
66.09937699437775
112.23218355872967
118.73575444461328
109.49703692447956
98.25254520589576
93.99787266372891
89.53046649445373
84.48564048017019
81.41619814617839
81.99361799118675
82.51025679987843
83.90822063516183
76.70566783163653
64.76219419541103
61.176113052727544
57.7115939826774
55.766600820543985
55.15879045737729
54.21668439446892
53.061844704452206
55.06761890290229
56.25284911107734
78.07324114876158
115.30162589272146
113.69092843032973
102.99346603859595
92.5695183102872
82.90533353593679
77.19191612216989
75.67239021425316
77.98206959428659
80.32213949247834
80.96034037380338
76.49293420452818
62.93876310591095
58.16745175505242
55.61464822975231
53.6696550676189
52.11973864154383
50.569822215468776
49.566935116243734
48.41209542622702
51.08646102416046
69.5638960644279
108.37258775262117
117.30740009117154
114.51147242060476
103.90518158334599
93.8155295547789
89.98632426682875
85.30618447044522
81.5073697006534
81.29463607354505
82.23674213645343
83.23962923567846
83.23962923567846
69.22960036468622
64.06321227776934
59.869320771919156
57.49886035556906
55.766600820543985
54.4598085397356
53.54809299498556
52.271691232335506
50.72177480626044
52.48442485944385
55.21957149369396
86.00516638808692
116.60841817352986
112.9615559945297
102.53760826622093
94.4233399179456
90.62452514815378
84.9414982525452
81.44658866433673
81.81127488223675
82.32791369092843
83.42197234462847
81.26424555538672
68.31788481993618
62.81720103327761
59.656587144810814
57.681203464519065
55.766600820543985
55.15879045737729
54.307855948943924
52.84911107734386
51.32958516942713
50.3266980702021
54.27746543078559
91.38428810211214
119.22200273514663
118.00638200881325
107.21774806260446
93.72435800030391
88.43640784075369
84.33368788937851
80.41331104695335
80.65643519222003
82.23674213645343
83.0876766448868
82.93572405409512
69.22960036468622
63.94165020513599
61.32806564351922
59.200729372435795
57.346907764777384
56.25284911107734
55.21957149369396
54.39902750341893
53.82160765841057
54.61176113052727
81.05151192827837
112.32335511320467
118.55341133566327
111.989059413463
99.2554323051208
90.9892113660538
85.15423187965355
80.8083877830117
78.6202704756116
81.38580762802006
82.35830420908677
84.09056374411183
78.6202704756116
64.88375626804437
60.62908372587752
58.015499164260746
56.46558273818568
54.67254216684394
53.48731195866889
52.271691232335506
50.72177480626044
49.14146786202705
50.08357392493542
79.28886187509497
114.99772071113811
121.80519677860507
116.69958972800485
104.63455401914602
99.49855645038748
94.18021577267892
89.04421820392038
86.91688193283696
83.99939218963684
83.23962923567846
84.24251633490351
81.75049384592008
69.68545813706123
64.00243124145267
61.02416046193587
58.927214709010784
57.52925087372739
55.97933444765233
54.702932685002274
53.061844704452206
51.42075672390214
49.901230815985414
51.32958516942713
69.53350554626957
109.37547485184622
120.71113812490502
118.43184926302993
108.61571189788785
98.2829357240541
94.3321683634706
89.95593374867042
85.15423187965355
84.30329737122018
85.24540343412855
86.06594742440359
79.16729980246163
75.21653244187813
70.59717368181127
65.49156663121106
61.6623613432609
59.62619662665248
58.31940434584409
56.951831028719035
55.888162893177324
54.247074912627255
52.54520589576052
62.42212429721926
103.66205743807932
119.76903206199665
118.27989667223825
107.73438687129615
97.61434432457074
90.80686825710379
85.36696550676189
81.38580762802006
81.20346451907005
83.0876766448868
83.9690016714785
85.24540343412855
72.96763409816137
65.5219571493694
61.783923415894236
59.10955781796079
56.98222154687737
55.12839993921896
53.70004558577723
53.15301625892721
51.81583345996049
50.96489895152712
60.720255280352525
97.91824950615408
119.49551739857164
121.8355872967634
109.25391277921288
99.40738489591247
94.93997872663729
90.95882084789545
85.09345084333688
82.44947576356176
83.23962923567846
83.78665856252849
83.99939218963684
76.31059109557818
66.09937699437775
61.87509497036924
58.95760522716912
56.70870688345236
54.79410423947728
53.456921440510555
51.542318796535476
50.08357392493542
48.776781644127034
48.29053335359368
50.752165324418776
77.3742592311199
98.5564503874791
121.19738641543837
107.79516790761282
99.0730891961708
93.32928126424555
88.95304664944537
84.48564048017019
82.23674213645343
82.23674213645343
82.60142835435344
82.02400850934508
73.48427290685306
66.88953046649445
61.905485488527574
59.139948336119126
57.65081294636073
56.07050600212733
54.85488527579395
53.912779212885575
52.9706731499772
51.72466190548548
50.752165324418776
54.73332320316061
62.87798206959428
106.24525148153775
119.95137517094666
111.62437319556298
104.087524692296
92.53912779212885
86.49141467862027
83.54353441726181
80.65643519222003
81.84166540039507
82.72299042698678
83.23962923567846
70.74912627260295
62.39173377906093
58.65370004558577
56.52636377450235
55.21957149369396
54.307855948943924
52.8795015955022
51.542318796535476
50.174745479410426
48.80717216228537
49.01990578939371
53.63926454946056
97.6751253608874
120.28567087068834
116.57802765537151
108.76766448867953
97.4927822519374
91.14116395684546
87.0384440054703
82.3886947272451
81.38580762802006
82.20635161829509
82.2975231727701
82.51025679987843
79.86628172010333
69.07764777389454
62.908372587752616
58.410575900319095
56.19206807476067
54.88527579395228
53.396140404193886
52.058957605227164
50.84333687889378
49.384592007293726
60.41635009876918
101.9905789393709
118.91809755356329
118.06716304512992
108.9196170794712
97.31043914298739
92.78225193739553
88.6187509497037
83.9690016714785
82.20635161829509
82.26713265461176
83.30041027199513
83.30041027199513
72.14709010788634
66.06898647621942
61.26728460720255
58.25862330952742
56.891049992402365
55.705819784227316
54.33824646710226
53.517702476827225
52.42364382312718
50.44826014283544
48.92873423491871
55.21957149369396
95.33505546269564
118.94848807172161
119.5562984348883
112.080230967938
99.55933748670415
90.10788633946208
86.15711897887859
82.3886947272451
81.32502659170339
82.72299042698678
83.75626804437016
84.24251633490351
72.51177632578636
65.24844248594438
61.388846679835886
59.656587144810814
58.015499164260746
56.617535328977354
55.766600820543985
54.36863698526059
52.727549004710525
52.90989211366053
68.80413311046954
107.82555842577115
114.93693967482145
119.67786050752164
110.04406625132958
104.78650660993769
98.31332624221243
94.51451147242061
89.98632426682875
88.31484576812035
89.10499924023705
89.19617079471205
89.22656131287039
75.82434280504482
69.80702020969457
64.76219419541103
61.99665704300258
60.385959580610844
58.532137972952434
57.31651724661905
55.85777237501899
54.307855948943924
53.30496884971888
61.449627716152555
100.44066251329585
118.97887858987995
119.03965962619662
112.29296459504634
104.42182039203767
99.65050904117915
96.12520893481233
91.08038292052879
86.76492934204528
86.18750949703693
86.2482905333536
86.2482905333536
78.80261358456161
69.44233399179456
64.215164868561
61.26728460720255
60.0820543990275
58.77526211821911
57.620422428202396
56.28323962923567
55.28035253001063
53.54809299498556
55.79699133870232
59.96049232639416
92.11366053791217
117.61130527275489
111.16851542318796
101.20042546725422
97.00653396140405
89.92554323051208
85.06306032517854
82.66220939067011
83.81704908068683
84.24251633490351
85.24540343412855
80.13979638352833
71.41771767208631
69.13842881021121
64.06321227776934
60.84181735298586
59.62619662665248
58.471356936635765
57.31651724661905
55.888162893177324
56.131287038444
60.53791217140252
95.57817960796231
115.9398267740465
115.05850174745478
109.22352226105454
98.03981157878742
92.47834675581218
88.16289317732867
83.66509648989515
82.2975231727701
83.23962923567846
84.09056374411183
79.62315757483665
71.44810819024464
65.40039507673606
61.72314237957757
59.595806108494145
57.86354657346907
56.617535328977354
55.15879045737729
54.03434128551891
52.90989211366053
51.75505242364382
53.851998176568905
83.48275338094514
112.11062148609633
116.48685610089652
115.08889226561313
108.67649293420452
96.45950463455402
92.7518614192372
87.46391125968698
83.54353441726181
84.09056374411183
84.24251633490351
84.24251633490351
76.43215316821151
68.56100896520286
63.60735450539431
60.8722078711442
59.01838626348579
58.349794864002426
57.13417413766904
55.97933444765233
54.702932685002274
53.21379729524388
51.2991946512688
55.705819784227316
81.08190244643671
111.41163956845463
115.87904573772983
115.27123537456313
108.43336878893784
91.62741224737881
87.49430177784531
83.57392493542015
83.20923871752014
84.57681203464519
85.70126120650357
86.21790001519526
76.67527731347819
68.46983741072785
64.33672694119434
62.02704756116091
60.50752165324418
59.62619662665248
58.25862330952742
57.407688801094054
56.40480170186901
56.73909740161069
61.54079927062756
89.92554323051208
117.1858380185382
114.78498708402978
109.83133262422123
102.62877982069594
99.2554323051208
95.76052271691232
89.74320012156207
86.30907156967027
86.2482905333536
86.58258623309527
82.66220939067011
72.05591855341133
68.28749430177784
63.88086916881932
61.7535328977359
61.176113052727544
61.176113052727544
60.446740616927514
59.56541559033581
58.137061236894084
56.131287038444
65.82586233095275
100.22792888618751
114.93693967482145
114.51147242060476
107.12657650812946
101.65628323962923
98.19176416957909
94.81841665400395
91.38428810211214
89.25695183102872
89.50007597629539
90.25983893025376
87.16000607810363
79.59276705667831
74.18325482449475
70.50600212733627
69.10803829205288
66.16015803069442
61.08494149825254
54.42941802157726
50.44826014283544
47.74350402674366
46.345540191460266
53.54809299498556
91.99209846527883
111.10773438687129
111.92827837714633
101.29159702172922
93.26850022792888
88.102112141012
85.51891809755357
81.53776021881173
79.65354809299498
80.200577419845
80.38292052879501
81.23385503722838
70.5363926454946
64.06321227776934
60.720255280352525
58.137061236894084
57.16456465582738
56.161677556602335
56.161677556602335
55.371524084485635
58.10667071873575
60.1732259535025
78.77222306640328
109.22352226105454
107.70399635313781
96.67223826166236
87.58547333232032
81.65932229144506
77.46543078559489
77.22230664032821
79.53198602036164
81.44658866433673
81.5073697006534
70.05014435496125
63.759307096185985
59.990882844552495
58.076280200577415
56.46558273818568
55.28035253001063
54.52058957605227
53.36574988603555
54.581370612368936
69.80702020969457
108.40297827077951
116.33490351010484
113.5693663576964
103.51010484728764
92.81264245555387
89.43929493997872
84.69837410727853
82.23674213645343
82.26713265461176
83.23962923567846
83.23962923567846
76.67527731347819
68.46983741072785
62.695638960644274
59.68697766296915
57.77237501899407
56.19206807476067
54.85488527579395
