99.66237145335151
99.66237145335151
99.66237145335151
97.67996530789246
97.64899021186966
97.64899021186966
97.64899021186966
97.64899021186966
97.64899021186966
97.64899021186966
97.64899021186966
97.64899021186966
97.64899021186966
97.64899021186966
97.64899021186966
97.88130343204064
98.65568083261059
98.65568083261059
98.65568083261059
98.65568083261059
98.65568083261059
98.65568083261059
98.65568083261059
98.65568083261059
98.65568083261059
98.65568083261059
98.65568083261059
98.65568083261059
98.65568083261059
98.65568083261059
98.65568083261059
98.65568083261059
98.65568083261059
98.65568083261059
98.65568083261059
98.65568083261059
98.65568083261059
98.65568083261059
98.65568083261059
98.65568083261059
98.65568083261059
98.65568083261059
98.65568083261059
98.65568083261059
98.14459174823442
95.6356089703878
95.6356089703878
95.6356089703878
95.6356089703878
95.6356089703878
95.6356089703878
95.6356089703878
95.6356089703878
95.6356089703878
95.6356089703878
95.6356089703878
95.6356089703878
95.6356089703878
95.6356089703878
95.6356089703878
95.6356089703878
95.6356089703878
95.6356089703878
95.6356089703878
95.6356089703878
95.6356089703878
95.6356089703878
95.6356089703878
95.6356089703878
95.6356089703878
95.6356089703878
96.13121050675258
96.64229959112873
96.64229959112873
96.64229959112873
96.64229959112873
96.64229959112873
96.64229959112873
96.64229959112873
96.64229959112873
96.64229959112873
96.64229959112873
96.64229959112873
96.64229959112873
95.68207161442201
95.6356089703878
95.6356089703878
95.6356089703878
95.6356089703878
95.6356089703878
95.6356089703878
95.6356089703878
95.6356089703878
95.6356089703878
95.6356089703878
95.6356089703878
95.6356089703878
95.6356089703878
95.6356089703878
95.6356089703878
95.6356089703878
95.6356089703878
95.6356089703878
95.6356089703878
95.6356089703878
95.6356089703878
95.6356089703878
95.6356089703878
95.6356089703878
95.6356089703878
95.6356089703878
95.6356089703878
95.6356089703878
95.6356089703878
95.6356089703878
95.6356089703878
95.6356089703878
95.6356089703878
95.6356089703878
95.6356089703878
95.6356089703878
95.6356089703878
95.6356089703878
95.6356089703878
95.6356089703878
95.6356089703878
95.6356089703878
95.6356089703878
95.6356089703878
95.6356089703878
95.6356089703878
95.6356089703878
95.6356089703878
95.6356089703878
95.6356089703878
95.6356089703878
95.6356089703878
95.6356089703878
95.6356089703878
95.6356089703878
95.6356089703878
95.6356089703878
95.6356089703878
95.6356089703878
95.6356089703878
95.6356089703878
95.6356089703878
95.9453599306158
96.64229959112873
96.64229959112873
96.64229959112873
96.64229959112873
96.64229959112873
96.64229959112873
96.64229959112873
96.64229959112873
96.64229959112873
96.64229959112873
97.75740304794945
98.65568083261059
98.65568083261059
98.65568083261059
98.65568083261059
98.65568083261059
98.65568083261059
98.65568083261059
98.65568083261059
98.65568083261059
98.65568083261059
98.65568083261059
97.77289059596085
97.64899021186966
97.64899021186966
97.64899021186966
97.64899021186966
97.64899021186966
97.64899021186966
97.64899021186966
97.64899021186966
97.64899021186966
97.64899021186966
97.43216453971007
96.64229959112873
96.64229959112873
96.64229959112873
96.64229959112873
96.64229959112873
96.64229959112873
96.64229959112873
96.64229959112873
96.64229959112873
96.64229959112873
96.64229959112873
96.64229959112873
95.99182257464999
95.6356089703878
95.6356089703878
95.6356089703878
95.6356089703878
95.6356089703878
95.6356089703878
95.6356089703878
95.6356089703878
95.6356089703878
95.6356089703878
95.6356089703878
95.6356089703878
95.6356089703878
95.6356089703878
95.6356089703878
95.6356089703878
95.6356089703878
95.6356089703878
95.6356089703878
95.6356089703878
95.6356089703878
95.6356089703878
95.6356089703878
95.6356089703878
95.6356089703878
95.6356089703878
96.02279767067279
96.64229959112873
96.64229959112873
96.64229959112873
96.64229959112873
96.64229959112873
96.64229959112873
96.64229959112873
96.64229959112873
96.64229959112873
96.64229959112873
96.64229959112873
96.64229959112873
96.64229959112873
96.64229959112873
96.64229959112873
96.64229959112873
96.64229959112873
96.64229959112873
96.64229959112873
96.64229959112873
96.64229959112873
96.64229959112873
96.64229959112873
96.64229959112873
96.64229959112873
96.64229959112873
95.75950935447901
95.6356089703878
95.6356089703878
95.6356089703878
95.6356089703878
95.6356089703878
95.6356089703878
95.6356089703878
95.6356089703878
95.6356089703878
95.6356089703878
95.6356089703878
95.17098253004585
93.62222772890597
93.62222772890597
93.62222772890597
93.62222772890597
93.62222772890597
93.62222772890597
93.62222772890597
93.62222772890597
93.62222772890597
93.62222772890597
93.62222772890597
93.62222772890597
93.62222772890597
93.96295378515674
94.62891834964688
94.62891834964688
94.62891834964688
94.62891834964688
94.62891834964688
94.62891834964688
94.62891834964688
94.62891834964688
94.62891834964688
94.62891834964688
94.62891834964688
94.62891834964688
95.12451988601165
95.6356089703878
95.6356089703878
95.6356089703878
95.6356089703878
95.6356089703878
95.6356089703878
95.6356089703878
95.6356089703878
95.6356089703878
95.6356089703878
95.6356089703878
95.49622103828523
94.62891834964688
94.62891834964688
94.62891834964688
94.62891834964688
94.62891834964688
94.62891834964688
94.62891834964688
94.62891834964688
94.62891834964688
94.62891834964688
94.62891834964688
94.62891834964688
94.62891834964688
96.14669805476397
96.64229959112873
96.64229959112873
96.64229959112873
96.64229959112873
96.64229959112873
96.64229959112873
96.64229959112873
96.64229959112873
96.64229959112873
96.64229959112873
96.64229959112873
95.09354478998885
94.62891834964688
94.62891834964688
94.62891834964688
94.62891834964688
94.62891834964688
94.62891834964688
94.62891834964688
94.62891834964688
94.62891834964688
94.62891834964688
94.62891834964688
94.62891834964688
94.62891834964688
94.62891834964688
94.62891834964688
94.62891834964688
94.62891834964688
94.62891834964688
94.62891834964688
94.62891834964688
94.62891834964688
94.62891834964688
94.62891834964688
94.62891834964688
94.62891834964688
94.3656300334531
93.62222772890597
93.62222772890597
93.62222772890597
93.62222772890597
93.62222772890597
93.62222772890597
93.62222772890597
93.62222772890597
93.62222772890597
93.62222772890597
93.62222772890597
93.62222772890597
93.62222772890597
93.62222772890597
93.62222772890597
93.62222772890597
93.62222772890597
93.62222772890597
93.62222772890597
93.62222772890597
93.62222772890597
93.62222772890597
93.62222772890597
93.62222772890597
93.62222772890597
93.62222772890597
93.62222772890597
93.62222772890597
93.62222772890597
94.4895304175443
94.62891834964688
94.62891834964688
94.62891834964688
94.62891834964688
94.62891834964688
94.62891834964688
94.62891834964688
94.62891834964688
94.62891834964688
94.62891834964688
94.62891834964688
94.62891834964688
94.62891834964688
94.62891834964688
94.62891834964688
94.62891834964688
94.62891834964688
94.62891834964688
94.62891834964688
94.62891834964688
94.62891834964688
94.62891834964688
94.62891834964688
94.62891834964688
94.62891834964688
94.62891834964688
94.62891834964688
94.62891834964688
94.62891834964688
94.62891834964688
94.62891834964688
94.62891834964688
94.62891834964688
94.62891834964688
94.62891834964688
94.62891834964688
94.62891834964688
94.62891834964688
94.62891834964688
94.62891834964688
94.62891834964688
94.62891834964688
94.62891834964688
94.62891834964688
94.62891834964688
94.62891834964688
94.62891834964688
94.62891834964688
94.62891834964688
94.62891834964688
94.62891834964688
94.62891834964688
94.62891834964688
94.62891834964688
94.62891834964688
94.62891834964688
94.62891834964688
95.31037046214844
95.6356089703878
95.6356089703878
95.6356089703878
95.6356089703878
95.6356089703878
95.6356089703878
95.6356089703878
95.6356089703878
95.6356089703878
95.6356089703878
95.6356089703878
92.84785032833602
91.60884648742412
91.60884648742412
91.60884648742412
91.60884648742412
91.60884648742412
91.60884648742412
91.60884648742412
91.60884648742412
91.60884648742412
91.60884648742412
91.60884648742412
91.60884648742412
91.60884648742412
92.29029859992566
93.62222772890597
93.62222772890597
93.62222772890597
93.62222772890597
93.62222772890597
93.62222772890597
93.62222772890597
93.62222772890597
93.62222772890597
93.62222772890597
93.62222772890597
93.62222772890597
93.62222772890597
93.62222772890597
93.62222772890597
93.62222772890597
93.62222772890597
93.62222772890597
93.62222772890597
93.62222772890597
93.62222772890597
93.62222772890597
93.62222772890597
92.69297484822204
91.60884648742412
91.60884648742412
91.60884648742412
91.60884648742412
91.60884648742412
91.60884648742412
91.60884648742412
91.60884648742412
91.60884648742412
91.60884648742412
91.60884648742412
91.60884648742412
91.60884648742412
92.22834840788006
92.61553710816504
92.61553710816504
92.61553710816504
92.61553710816504
92.61553710816504
92.61553710816504
92.61553710816504
92.61553710816504
92.61553710816504
92.61553710816504
92.61553710816504
92.61553710816504
91.7327468715153
91.60884648742412
91.60884648742412
91.60884648742412
91.60884648742412
91.60884648742412
91.60884648742412
91.60884648742412
91.60884648742412
91.60884648742412
91.60884648742412
91.60884648742412
91.60884648742412
91.60884648742412
91.60884648742412
91.60884648742412
91.60884648742412
91.60884648742412
91.60884648742412
91.60884648742412
91.60884648742412
91.60884648742412
91.60884648742412
91.60884648742412
91.60884648742412
91.60884648742412
91.60884648742412
91.60884648742412
91.60884648742412
91.60884648742412
91.60884648742412
91.60884648742412
91.60884648742412
91.60884648742412
91.60884648742412
91.60884648742412
91.60884648742412
91.60884648742412
91.60884648742412
91.60884648742412
91.60884648742412
91.60884648742412
91.60884648742412
91.60884648742412
91.60884648742412
91.60884648742412
91.60884648742412
91.60884648742412
91.60884648742412
91.60884648742412
91.60884648742412
91.60884648742412
91.60884648742412
91.60884648742412
91.60884648742412
91.60884648742412
91.60884648742412
91.60884648742412
91.60884648742412
91.60884648742412
91.60884648742412
91.60884648742412
91.60884648742412
91.60884648742412
91.60884648742412
91.60884648742412
91.60884648742412
91.60884648742412
91.60884648742412
91.60884648742412
91.60884648742412
91.60884648742412
91.60884648742412
91.60884648742412
91.60884648742412
91.60884648742412
91.60884648742412
91.60884648742412
91.60884648742412
91.60884648742412
91.60884648742412
91.60884648742412
91.60884648742412
91.60884648742412
91.60884648742412
91.60884648742412
91.60884648742412
90.64861851071738
90.60215586668319
90.60215586668319
90.60215586668319
90.60215586668319
90.60215586668319
90.60215586668319
90.60215586668319
90.60215586668319
90.60215586668319
90.60215586668319
90.88093173088836
91.60884648742412
91.60884648742412
91.60884648742412
91.60884648742412
91.60884648742412
91.60884648742412
91.60884648742412
91.60884648742412
91.60884648742412
91.60884648742412
91.60884648742412
91.60884648742412
91.60884648742412
91.60884648742412
91.60884648742412
91.60884648742412
91.60884648742412
91.60884648742412
91.60884648742412
91.60884648742412
91.60884648742412
91.60884648742412
91.60884648742412
91.59335893941271
90.60215586668319
90.60215586668319
90.60215586668319
90.60215586668319
90.60215586668319
90.60215586668319
90.60215586668319
90.60215586668319
90.60215586668319
90.60215586668319
90.60215586668319
90.60215586668319
90.60215586668319
90.60215586668319
90.60215586668319
90.60215586668319
90.60215586668319
90.60215586668319
90.60215586668319
90.60215586668319
90.60215586668319
90.60215586668319
90.60215586668319
90.60215586668319
90.60215586668319
90.60215586668319
90.60215586668319
90.60215586668319
90.60215586668319
90.60215586668319
90.60215586668319
90.60215586668319
90.60215586668319
90.60215586668319
90.60215586668319
90.60215586668319
90.60215586668319
90.60215586668319
90.60215586668319
90.60215586668319
90.60215586668319
90.60215586668319
90.60215586668319
90.60215586668319
90.60215586668319
90.60215586668319
90.60215586668319
90.60215586668319
90.60215586668319
90.60215586668319
91.17519514310494
91.60884648742412
91.60884648742412
91.60884648742412
91.60884648742412
91.60884648742412
91.60884648742412
91.60884648742412
91.60884648742412
91.60884648742412
91.60884648742412
91.60884648742412
91.15970759509355
90.60215586668319
90.60215586668319
90.60215586668319
90.60215586668319
90.60215586668319
90.60215586668319
90.60215586668319
90.60215586668319
90.60215586668319
90.60215586668319
90.60215586668319
90.60215586668319
89.85875356213604
89.59546524594226
89.59546524594226
89.59546524594226
89.59546524594226
89.59546524594226
89.59546524594226
89.59546524594226
89.59546524594226
89.59546524594226
89.59546524594226
89.59546524594226
89.59546524594226
89.59546524594226
89.59546524594226
89.59546524594226
89.59546524594226
89.59546524594226
89.59546524594226
89.59546524594226
89.59546524594226
89.59546524594226
89.59546524594226
89.59546524594226
89.59546524594226
89.88972865815884
90.60215586668319
90.60215586668319
90.60215586668319
90.60215586668319
90.60215586668319
90.60215586668319
90.60215586668319
90.60215586668319
90.60215586668319
90.60215586668319
90.60215586668319
90.60215586668319
89.71936563003345
89.59546524594226
89.59546524594226
89.59546524594226
89.59546524594226
89.59546524594226
89.59546524594226
89.59546524594226
89.59546524594226
89.59546524594226
89.59546524594226
89.59546524594226
89.59546524594226
90.06009168628422
90.60215586668319
90.60215586668319
90.60215586668319
90.60215586668319
90.60215586668319
90.60215586668319
90.60215586668319
90.60215586668319
90.60215586668319
90.60215586668319
90.77251889480857
91.60884648742412
91.60884648742412
91.60884648742412
91.60884648742412
91.60884648742412
91.60884648742412
91.60884648742412
91.60884648742412
91.60884648742412
91.60884648742412
91.60884648742412
91.60884648742412
90.67959360674018
90.60215586668319
90.60215586668319
90.60215586668319
90.60215586668319
90.60215586668319
90.60215586668319
90.60215586668319
90.60215586668319
90.60215586668319
90.60215586668319
90.60215586668319
90.60215586668319
90.60215586668319
90.60215586668319
90.60215586668319
90.60215586668319
90.60215586668319
90.60215586668319
90.60215586668319
90.60215586668319
90.60215586668319
90.60215586668319
90.60215586668319
90.60215586668319
90.60215586668319
90.60215586668319
90.60215586668319
90.60215586668319
90.60215586668319
90.60215586668319
90.60215586668319
90.60215586668319
90.60215586668319
90.60215586668319
90.60215586668319
91.11324495105936
91.60884648742412
91.60884648742412
91.60884648742412
91.60884648742412
91.60884648742412
91.60884648742412
91.60884648742412
91.60884648742412
91.60884648742412
91.60884648742412
91.60884648742412
91.60884648742412
91.60884648742412
91.60884648742412
91.60884648742412
91.60884648742412
91.60884648742412
91.60884648742412
91.60884648742412
91.60884648742412
91.60884648742412
91.60884648742412
91.60884648742412
91.57787139140132
89.59546524594226
89.59546524594226
89.59546524594226
89.59546524594226
89.59546524594226
89.59546524594226
89.59546524594226
89.59546524594226
89.59546524594226
89.59546524594226
89.59546524594226
89.59546524594226
89.59546524594226
89.59546524594226
89.59546524594226
89.59546524594226
89.59546524594226
89.59546524594226
89.59546524594226
89.59546524594226
89.59546524594226
89.59546524594226
89.59546524594226
89.59546524594226
89.59546524594226
89.59546524594226
89.59546524594226
89.59546524594226
89.59546524594226
89.59546524594226
89.59546524594226
89.59546524594226
89.59546524594226
89.59546524594226
89.59546524594226
89.59546524594226
89.59546524594226
89.1463263536117
88.58877462520134
88.58877462520134
88.58877462520134
88.58877462520134
88.58877462520134
88.58877462520134
88.58877462520134
88.58877462520134
88.58877462520134
88.58877462520134
88.58877462520134
88.58877462520134
88.58877462520134
88.58877462520134
88.58877462520134
88.58877462520134
88.58877462520134
88.58877462520134
88.58877462520134
88.58877462520134
88.82108784537232
89.59546524594226
89.59546524594226
89.59546524594226
89.59546524594226
89.59546524594226
89.59546524594226
89.59546524594226
89.59546524594226
89.59546524594226
89.59546524594226
89.27022673770288
88.58877462520134
88.58877462520134
88.58877462520134
88.58877462520134
88.58877462520134
88.58877462520134
88.58877462520134
88.58877462520134
88.58877462520134
88.58877462520134
88.58877462520134
90.26142981043242
90.60215586668319
90.60215586668319
90.60215586668319
90.60215586668319
90.60215586668319
90.60215586668319
90.60215586668319
90.60215586668319
90.60215586668319
90.60215586668319
89.36315202577129
88.58877462520134
88.58877462520134
88.58877462520134
88.58877462520134
88.58877462520134
88.58877462520134
88.58877462520134
88.58877462520134
88.58877462520134
88.58877462520134
88.58877462520134
88.58877462520134
88.58877462520134
88.58877462520134
88.58877462520134
88.58877462520134
88.58877462520134
88.58877462520134
88.58877462520134
88.58877462520134
88.58877462520134
89.39412712179409
89.59546524594226
89.59546524594226
89.59546524594226
89.59546524594226
89.59546524594226
89.59546524594226
89.59546524594226
89.59546524594226
89.59546524594226
89.59546524594226
89.59546524594226
89.59546524594226
89.59546524594226
