75.67608514506476
75.67608514506476
75.67608514506476
76.28209984092113
77.72138474358003
77.72138474358003
77.72138474358003
77.72138474358003
77.72138474358003
77.72138474358003
77.72138474358003
77.72138474358003
77.72138474358003
77.72138474358003
77.72138474358003
77.72138474358003
77.72138474358003
77.72138474358003
77.72138474358003
77.72138474358003
77.72138474358003
77.72138474358003
77.72138474358003
77.72138474358003
77.72138474358003
77.72138474358003
77.72138474358003
78.10014392849027
78.74403454283767
78.74403454283767
78.74403454283767
78.74403454283767
78.74403454283767
78.74403454283767
78.74403454283767
78.74403454283767
78.74403454283767
78.74403454283767
78.74403454283767
78.74403454283767
78.74403454283767
78.74403454283767
78.74403454283767
78.74403454283767
78.74403454283767
78.74403454283767
78.74403454283767
78.74403454283767
78.74403454283767
78.74403454283767
78.74403454283767
78.74403454283767
78.74403454283767
76.6987349443224
76.6987349443224
76.6987349443224
76.6987349443224
76.6987349443224
76.6987349443224
76.6987349443224
76.6987349443224
76.6987349443224
76.6987349443224
76.6987349443224
76.6987349443224
76.6987349443224
76.6987349443224
76.6987349443224
76.6987349443224
76.6987349443224
76.6987349443224
76.6987349443224
76.6987349443224
76.6987349443224
76.6987349443224
76.6987349443224
76.6987349443224
77.45625331414287
78.74403454283767
78.74403454283767
78.74403454283767
78.74403454283767
78.74403454283767
78.74403454283767
78.74403454283767
78.74403454283767
78.74403454283767
78.74403454283767
78.74403454283767
78.74403454283767
78.74403454283767
78.74403454283767
78.74403454283767
78.74403454283767
78.74403454283767
78.74403454283767
78.74403454283767
78.74403454283767
78.74403454283767
78.74403454283767
78.74403454283767
78.74403454283767
78.74403454283767
78.74403454283767
78.74403454283767
78.74403454283767
78.74403454283767
78.74403454283767
78.74403454283767
78.74403454283767
78.74403454283767
78.74403454283767
78.74403454283767
78.74403454283767
78.74403454283767
78.74403454283767
78.74403454283767
78.74403454283767
78.74403454283767
78.74403454283767
78.74403454283767
78.74403454283767
78.74403454283767
78.74403454283767
78.74403454283767
78.74403454283767
78.74403454283767
78.74403454283767
78.74403454283767
77.5320051511249
76.6987349443224
76.6987349443224
76.6987349443224
76.6987349443224
76.6987349443224
76.6987349443224
76.6987349443224
76.6987349443224
76.6987349443224
76.6987349443224
76.6987349443224
76.6987349443224
76.6987349443224
76.6987349443224
76.6987349443224
76.6987349443224
76.6987349443224
76.6987349443224
76.6987349443224
76.6987349443224
76.6987349443224
76.6987349443224
76.6987349443224
76.6987349443224
76.6987349443224
76.6987349443224
76.81236269979547
79.76668434209529
79.76668434209529
79.76668434209529
79.76668434209529
79.76668434209529
79.76668434209529
79.76668434209529
79.76668434209529
79.76668434209529
79.76668434209529
79.76668434209529
79.76668434209529
79.76668434209529
79.76668434209529
79.76668434209529
79.76668434209529
79.76668434209529
79.76668434209529
79.76668434209529
79.76668434209529
79.76668434209529
79.76668434209529
79.76668434209529
79.76668434209529
79.76668434209529
79.76668434209529
82.60737822892204
84.87993333838345
84.87993333838345
84.87993333838345
84.87993333838345
84.87993333838345
84.87993333838345
84.87993333838345
84.87993333838345
84.87993333838345
84.87993333838345
84.87993333838345
84.87993333838345
84.87993333838345
84.87993333838345
84.87993333838345
84.87993333838345
84.87993333838345
84.87993333838345
84.87993333838345
84.87993333838345
84.87993333838345
84.87993333838345
84.87993333838345
84.87993333838345
84.87993333838345
84.87993333838345
81.96348761457465
77.72138474358003
77.72138474358003
77.72138474358003
77.72138474358003
77.72138474358003
77.72138474358003
77.72138474358003
77.72138474358003
77.72138474358003
77.72138474358003
77.72138474358003
77.72138474358003
77.72138474358003
77.72138474358003
77.72138474358003
77.72138474358003
77.72138474358003
77.72138474358003
77.72138474358003
77.72138474358003
77.72138474358003
77.72138474358003
77.72138474358003
77.72138474358003
77.72138474358003
77.72138474358003
76.13059616695705
75.67608514506476
75.67608514506476
75.67608514506476
75.67608514506476
75.67608514506476
75.67608514506476
75.67608514506476
75.67608514506476
75.67608514506476
75.67608514506476
75.67608514506476
75.67608514506476
75.67608514506476
75.67608514506476
75.67608514506476
75.67608514506476
75.67608514506476
75.67608514506476
75.67608514506476
75.67608514506476
75.67608514506476
75.67608514506476
75.67608514506476
75.67608514506476
75.67608514506476
75.67608514506476
76.35785167790318
78.74403454283767
78.74403454283767
78.74403454283767
78.74403454283767
78.74403454283767
78.74403454283767
78.74403454283767
78.74403454283767
78.74403454283767
78.74403454283767
78.74403454283767
78.74403454283767
78.74403454283767
78.74403454283767
78.74403454283767
78.74403454283767
78.74403454283767
78.74403454283767
78.74403454283767
78.74403454283767
78.74403454283767
78.74403454283767
78.74403454283767
78.74403454283767
78.74403454283767
78.74403454283767
78.74403454283767
77.15324596621468
76.6987349443224
76.6987349443224
76.6987349443224
76.6987349443224
76.6987349443224
76.6987349443224
76.6987349443224
76.6987349443224
76.6987349443224
76.6987349443224
76.6987349443224
76.6987349443224
76.6987349443224
76.6987349443224
76.6987349443224
76.6987349443224
76.6987349443224
76.6987349443224
76.6987349443224
76.6987349443224
76.6987349443224
76.6987349443224
76.6987349443224
76.6987349443224
76.6987349443224
76.6987349443224
76.6987349443224
74.88069085675328
74.65343534580714
74.65343534580714
74.65343534580714
74.65343534580714
74.65343534580714
74.65343534580714
74.65343534580714
74.65343534580714
74.65343534580714
74.65343534580714
74.65343534580714
74.65343534580714
74.65343534580714
74.65343534580714
74.65343534580714
74.65343534580714
74.65343534580714
74.65343534580714
74.65343534580714
74.65343534580714
74.65343534580714
74.65343534580714
74.65343534580714
74.65343534580714
74.65343534580714
74.65343534580714
74.65343534580714
74.65343534580714
74.65343534580714
74.65343534580714
74.65343534580714
74.65343534580714
74.65343534580714
74.65343534580714
74.65343534580714
74.65343534580714
74.65343534580714
74.65343534580714
74.65343534580714
74.65343534580714
74.65343534580714
74.65343534580714
74.65343534580714
74.65343534580714
74.65343534580714
74.65343534580714
74.65343534580714
74.65343534580714
74.65343534580714
74.65343534580714
74.65343534580714
74.65343534580714
74.65343534580714
74.65343534580714
74.19892432391485
72.60813574729187
72.60813574729187
72.60813574729187
72.60813574729187
72.60813574729187
72.60813574729187
72.60813574729187
72.60813574729187
72.60813574729187
72.60813574729187
72.60813574729187
72.60813574729187
72.60813574729187
72.60813574729187
72.60813574729187
72.60813574729187
72.60813574729187
72.60813574729187
72.60813574729187
72.60813574729187
72.60813574729187
72.60813574729187
72.60813574729187
72.60813574729187
72.60813574729187
72.60813574729187
72.60813574729187
71.77486554048936
70.56283614877661
70.56283614877661
70.56283614877661
70.56283614877661
70.56283614877661
70.56283614877661
70.56283614877661
70.56283614877661
70.56283614877661
70.56283614877661
70.56283614877661
70.56283614877661
70.56283614877661
70.56283614877661
70.56283614877661
70.56283614877661
70.56283614877661
70.56283614877661
70.56283614877661
70.56283614877661
70.56283614877661
70.56283614877661
70.56283614877661
70.56283614877661
70.56283614877661
71.01734717066888
74.65343534580714
74.65343534580714
74.65343534580714
74.65343534580714
74.65343534580714
74.65343534580714
74.65343534580714
74.65343534580714
74.65343534580714
74.65343534580714
74.65343534580714
74.65343534580714
74.65343534580714
74.65343534580714
74.65343534580714
74.65343534580714
74.65343534580714
74.65343534580714
74.65343534580714
74.65343534580714
74.65343534580714
74.65343534580714
74.65343534580714
74.65343534580714
74.65343534580714
74.65343534580714
74.50193167184304
73.6307855465495
73.6307855465495
73.6307855465495
73.6307855465495
73.6307855465495
73.6307855465495
73.6307855465495
73.6307855465495
73.6307855465495
73.6307855465495
73.6307855465495
73.6307855465495
73.6307855465495
73.6307855465495
73.6307855465495
73.6307855465495
73.6307855465495
73.6307855465495
73.6307855465495
73.6307855465495
73.6307855465495
73.6307855465495
73.6307855465495
73.6307855465495
73.6307855465495
75.90334065601091
78.74403454283767
78.74403454283767
78.74403454283767
78.74403454283767
78.74403454283767
78.74403454283767
78.74403454283767
78.74403454283767
78.74403454283767
78.74403454283767
78.74403454283767
78.74403454283767
78.74403454283767
78.74403454283767
78.74403454283767
78.74403454283767
78.74403454283767
78.74403454283767
78.74403454283767
78.74403454283767
78.74403454283767
79.50155291265813
82.8346337398682
82.8346337398682
82.8346337398682
82.8346337398682
82.8346337398682
82.8346337398682
82.8346337398682
82.8346337398682
82.8346337398682
82.8346337398682
82.8346337398682
82.8346337398682
82.8346337398682
82.8346337398682
82.8346337398682
82.8346337398682
82.8346337398682
82.8346337398682
82.8346337398682
82.8346337398682
82.8346337398682
82.8346337398682
82.8346337398682
82.8346337398682
82.8346337398682
81.69835618513748
77.72138474358003
77.72138474358003
77.72138474358003
77.72138474358003
77.72138474358003
77.72138474358003
77.72138474358003
77.72138474358003
77.72138474358003
77.72138474358003
77.72138474358003
77.72138474358003
77.72138474358003
77.72138474358003
77.72138474358003
77.72138474358003
77.72138474358003
77.72138474358003
77.72138474358003
77.72138474358003
77.72138474358003
77.72138474358003
77.72138474358003
77.72138474358003
77.72138474358003
77.72138474358003
76.81236269979547
75.67608514506476
75.67608514506476
75.67608514506476
75.67608514506476
75.67608514506476
75.67608514506476
75.67608514506476
75.67608514506476
75.67608514506476
75.67608514506476
75.67608514506476
75.67608514506476
75.67608514506476
75.67608514506476
75.67608514506476
75.67608514506476
75.67608514506476
75.67608514506476
75.67608514506476
75.67608514506476
75.67608514506476
75.67608514506476
75.67608514506476
75.67608514506476
75.67608514506476
75.67608514506476
74.99431861222634
73.6307855465495
73.6307855465495
73.6307855465495
73.6307855465495
73.6307855465495
73.6307855465495
73.6307855465495
73.6307855465495
73.6307855465495
73.6307855465495
73.6307855465495
73.6307855465495
73.6307855465495
73.6307855465495
73.6307855465495
73.6307855465495
73.6307855465495
73.6307855465495
73.6307855465495
73.6307855465495
73.6307855465495
73.6307855465495
73.6307855465495
73.6307855465495
73.6307855465495
73.6307855465495
73.6307855465495
73.6307855465495
73.6307855465495
73.6307855465495
73.6307855465495
73.6307855465495
73.6307855465495
73.6307855465495
73.6307855465495
73.6307855465495
73.6307855465495
73.6307855465495
73.6307855465495
73.6307855465495
73.6307855465495
73.6307855465495
73.6307855465495
73.6307855465495
73.6307855465495
73.6307855465495
73.6307855465495
73.6307855465495
73.6307855465495
73.6307855465495
73.6307855465495
73.6307855465495
73.6307855465495
73.6307855465495
78.55465495038254
78.74403454283767
78.74403454283767
78.74403454283767
78.74403454283767
78.74403454283767
78.74403454283767
78.74403454283767
78.74403454283767
78.74403454283767
78.74403454283767
78.74403454283767
78.74403454283767
78.74403454283767
78.74403454283767
78.74403454283767
78.74403454283767
78.74403454283767
78.74403454283767
78.74403454283767
78.74403454283767
78.74403454283767
78.74403454283767
78.74403454283767
78.74403454283767
78.74403454283767
78.74403454283767
77.60775698810696
76.6987349443224
76.6987349443224
76.6987349443224
76.6987349443224
76.6987349443224
76.6987349443224
76.6987349443224
76.6987349443224
76.6987349443224
76.6987349443224
76.6987349443224
76.6987349443224
76.6987349443224
76.6987349443224
76.6987349443224
76.6987349443224
76.6987349443224
76.6987349443224
76.6987349443224
76.6987349443224
76.6987349443224
76.6987349443224
76.6987349443224
76.6987349443224
76.6987349443224
76.6987349443224
76.6987349443224
79.57730474964018
80.78933414135292
80.78933414135292
80.78933414135292
80.78933414135292
80.78933414135292
80.78933414135292
80.78933414135292
80.78933414135292
80.78933414135292
80.78933414135292
80.78933414135292
80.78933414135292
80.78933414135292
80.78933414135292
80.78933414135292
80.78933414135292
80.78933414135292
80.78933414135292
80.78933414135292
80.78933414135292
80.78933414135292
80.78933414135292
80.78933414135292
80.78933414135292
80.78933414135292
80.78933414135292
80.78933414135292
82.53162639194
82.8346337398682
82.8346337398682
82.8346337398682
82.8346337398682
82.8346337398682
82.8346337398682
82.8346337398682
82.8346337398682
82.8346337398682
82.8346337398682
82.8346337398682
82.8346337398682
82.8346337398682
82.8346337398682
82.8346337398682
82.8346337398682
82.8346337398682
82.8346337398682
82.8346337398682
82.8346337398682
82.8346337398682
82.8346337398682
82.8346337398682
82.8346337398682
82.8346337398682
82.8346337398682
82.11499128853875
81.81198394061056
81.81198394061056
81.81198394061056
81.81198394061056
81.81198394061056
81.81198394061056
81.81198394061056
81.81198394061056
81.81198394061056
81.81198394061056
81.81198394061056
81.81198394061056
81.81198394061056
81.81198394061056
81.81198394061056
81.81198394061056
81.81198394061056
81.81198394061056
81.81198394061056
81.81198394061056
81.81198394061056
81.81198394061056
81.81198394061056
81.81198394061056
81.81198394061056
73.6307855465495
73.6307855465495
73.6307855465495
73.6307855465495
73.6307855465495
73.6307855465495
73.6307855465495
73.6307855465495
73.6307855465495
73.6307855465495
73.6307855465495
73.6307855465495
73.6307855465495
73.6307855465495
73.6307855465495
73.6307855465495
73.6307855465495
73.6307855465495
73.6307855465495
73.6307855465495
73.6307855465495
73.6307855465495
73.6307855465495
73.6307855465495
73.6307855465495
72.3430043178547
71.58548594803423
71.58548594803423
71.58548594803423
71.58548594803423
71.58548594803423
71.58548594803423
71.58548594803423
71.58548594803423
71.58548594803423
71.58548594803423
71.58548594803423
71.58548594803423
71.58548594803423
71.58548594803423
71.58548594803423
71.58548594803423
71.58548594803423
71.58548594803423
71.58548594803423
71.58548594803423
71.58548594803423
71.58548594803423
71.58548594803423
71.58548594803423
73.97166881296872
80.78933414135292
80.78933414135292
80.78933414135292
80.78933414135292
80.78933414135292
80.78933414135292
80.78933414135292
80.78933414135292
80.78933414135292
80.78933414135292
80.78933414135292
80.78933414135292
80.78933414135292
80.78933414135292
80.78933414135292
80.78933414135292
80.78933414135292
80.78933414135292
80.78933414135292
80.78933414135292
80.78933414135292
80.78933414135292
80.78933414135292
80.78933414135292
80.78933414135292
78.89553821680175
78.74403454283767
78.74403454283767
78.74403454283767
78.74403454283767
78.74403454283767
78.74403454283767
78.74403454283767
78.74403454283767
78.74403454283767
78.74403454283767
78.74403454283767
78.74403454283767
78.74403454283767
78.74403454283767
78.74403454283767
78.74403454283767
78.74403454283767
78.74403454283767
78.74403454283767
78.74403454283767
78.74403454283767
78.74403454283767
78.74403454283767
78.74403454283767
78.74403454283767
79.80456026058631
80.78933414135292
80.78933414135292
80.78933414135292
80.78933414135292
80.78933414135292
80.78933414135292
80.78933414135292
80.78933414135292
80.78933414135292
80.78933414135292
80.78933414135292
80.78933414135292
80.78933414135292
80.78933414135292
80.78933414135292
80.78933414135292
80.78933414135292
80.78933414135292
80.78933414135292
80.78933414135292
80.78933414135292
80.78933414135292
80.78933414135292
80.78933414135292
80.78933414135292
82.8346337398682
83.85728353912582
83.85728353912582
83.85728353912582
83.85728353912582
83.85728353912582
83.85728353912582
83.85728353912582
83.85728353912582
83.85728353912582
83.85728353912582
83.85728353912582
83.85728353912582
83.85728353912582
83.85728353912582
83.85728353912582
83.85728353912582
83.85728353912582
83.85728353912582
83.85728353912582
83.85728353912582
83.85728353912582
83.85728353912582
83.85728353912582
83.85728353912582
83.85728353912582
84.19816680554503
84.87993333838345
84.87993333838345
84.87993333838345
84.87993333838345
84.87993333838345
84.87993333838345
84.87993333838345
84.87993333838345
84.87993333838345
84.87993333838345
84.87993333838345
84.87993333838345
