76.47897362794014
76.47897362794014
76.47897362794014
76.47897362794014
76.47897362794014
76.47897362794014
76.47897362794014
76.47897362794014
76.47897362794014
76.47897362794014
76.47897362794014
76.47897362794014
76.47897362794014
76.47897362794014
76.47897362794014
76.47897362794014
76.47897362794014
76.47897362794014
76.47897362794014
76.47897362794014
76.47897362794014
76.47897362794014
76.47897362794014
76.47897362794014
76.47897362794014
76.47897362794014
76.90662865288668
77.51247327156095
77.51247327156095
77.51247327156095
77.51247327156095
77.51247327156095
77.51247327156095
77.51247327156095
77.51247327156095
77.51247327156095
77.51247327156095
77.51247327156095
77.51247327156095
77.51247327156095
77.51247327156095
77.51247327156095
77.51247327156095
77.51247327156095
77.51247327156095
77.51247327156095
77.51247327156095
77.51247327156095
77.51247327156095
77.51247327156095
77.51247327156095
77.51247327156095
77.51247327156095
77.51247327156095
74.83962936564505
74.4119743406985
74.4119743406985
74.4119743406985
74.4119743406985
74.4119743406985
74.4119743406985
74.4119743406985
74.4119743406985
74.4119743406985
74.4119743406985
74.4119743406985
74.4119743406985
74.4119743406985
74.4119743406985
74.4119743406985
74.4119743406985
74.4119743406985
74.4119743406985
74.4119743406985
74.4119743406985
74.4119743406985
74.4119743406985
74.4119743406985
74.4119743406985
74.4119743406985
74.4119743406985
74.4119743406985
74.4119743406985
74.4119743406985
74.4119743406985
74.4119743406985
74.4119743406985
74.4119743406985
74.4119743406985
74.4119743406985
74.4119743406985
74.4119743406985
74.4119743406985
74.4119743406985
74.4119743406985
74.4119743406985
74.4119743406985
74.4119743406985
74.4119743406985
74.4119743406985
74.4119743406985
74.4119743406985
74.4119743406985
74.4119743406985
74.4119743406985
74.4119743406985
44.11974340698504
39.27298645759088
39.27298645759088
39.27298645759088
39.27298645759088
39.27298645759088
39.27298645759088
39.27298645759088
39.27298645759088
39.27298645759088
39.27298645759088
39.27298645759088
39.27298645759088
39.27298645759088
39.27298645759088
39.27298645759088
39.27298645759088
39.27298645759088
39.27298645759088
39.27298645759088
39.27298645759088
39.27298645759088
39.27298645759088
39.27298645759088
39.27298645759088
39.27298645759088
39.27298645759088
39.27298645759088
39.27298645759088
39.27298645759088
65.11047754811119
69.24447612259445
69.24447612259445
69.24447612259445
69.24447612259445
69.24447612259445
69.24447612259445
69.24447612259445
69.24447612259445
69.24447612259445
69.24447612259445
69.24447612259445
69.24447612259445
69.24447612259445
69.24447612259445
69.24447612259445
69.24447612259445
69.24447612259445
69.24447612259445
69.24447612259445
69.24447612259445
69.24447612259445
69.24447612259445
69.24447612259445
69.24447612259445
69.24447612259445
69.24447612259445
69.95723449750535
73.37847469707769
73.37847469707769
73.37847469707769
73.37847469707769
73.37847469707769
73.37847469707769
73.37847469707769
73.37847469707769
73.37847469707769
73.37847469707769
73.37847469707769
73.37847469707769
73.37847469707769
73.37847469707769
73.37847469707769
73.37847469707769
73.37847469707769
73.37847469707769
73.37847469707769
73.37847469707769
73.37847469707769
73.37847469707769
73.37847469707769
73.37847469707769
73.37847469707769
73.37847469707769
73.37847469707769
73.37847469707769
73.37847469707769
73.37847469707769
73.37847469707769
73.37847469707769
73.37847469707769
73.37847469707769
73.37847469707769
73.37847469707769
73.37847469707769
73.37847469707769
73.37847469707769
73.37847469707769
73.37847469707769
73.37847469707769
73.37847469707769
73.37847469707769
73.37847469707769
73.37847469707769
73.37847469707769
73.37847469707769
73.37847469707769
73.37847469707769
73.37847469707769
73.37847469707769
73.37847469707769
73.37847469707769
73.37847469707769
73.37847469707769
73.37847469707769
73.37847469707769
70.52744119743407
68.21097647897363
68.21097647897363
68.21097647897363
68.21097647897363
68.21097647897363
68.21097647897363
68.21097647897363
68.21097647897363
68.21097647897363
68.21097647897363
68.21097647897363
68.21097647897363
68.21097647897363
68.21097647897363
68.21097647897363
68.21097647897363
68.21097647897363
68.21097647897363
68.21097647897363
68.21097647897363
68.21097647897363
68.21097647897363
68.21097647897363
68.21097647897363
68.21097647897363
68.21097647897363
68.21097647897363
68.21097647897363
68.21097647897363
68.21097647897363
67.2487526728439
67.17747683535282
67.17747683535282
67.17747683535282
67.17747683535282
67.17747683535282
67.17747683535282
67.17747683535282
67.17747683535282
67.17747683535282
67.17747683535282
67.17747683535282
67.17747683535282
67.17747683535282
67.17747683535282
67.17747683535282
67.17747683535282
67.17747683535282
67.17747683535282
67.17747683535282
67.17747683535282
67.17747683535282
67.17747683535282
67.17747683535282
67.17747683535282
67.17747683535282
67.17747683535282
67.17747683535282
67.17747683535282
67.67640769779045
69.24447612259445
69.24447612259445
69.24447612259445
69.24447612259445
69.24447612259445
69.24447612259445
69.24447612259445
69.24447612259445
69.24447612259445
69.24447612259445
69.24447612259445
69.24447612259445
69.24447612259445
69.24447612259445
69.24447612259445
69.24447612259445
69.24447612259445
69.24447612259445
69.24447612259445
69.24447612259445
69.24447612259445
69.24447612259445
69.24447612259445
69.24447612259445
69.24447612259445
69.24447612259445
69.24447612259445
69.24447612259445
69.24447612259445
70.02851033499644
70.27797576621526
70.27797576621526
70.27797576621526
70.27797576621526
70.27797576621526
70.27797576621526
70.27797576621526
70.27797576621526
70.27797576621526
70.27797576621526
70.27797576621526
70.27797576621526
70.27797576621526
70.27797576621526
70.27797576621526
70.27797576621526
70.27797576621526
70.27797576621526
70.27797576621526
70.27797576621526
70.27797576621526
70.27797576621526
70.27797576621526
70.27797576621526
70.27797576621526
70.27797576621526
70.27797576621526
70.27797576621526
70.27797576621526
69.28011404133998
66.143977191732
66.143977191732
66.143977191732
66.143977191732
66.143977191732
66.143977191732
66.143977191732
66.143977191732
66.143977191732
66.143977191732
66.143977191732
66.143977191732
66.143977191732
66.143977191732
66.143977191732
66.143977191732
66.143977191732
66.143977191732
66.143977191732
66.143977191732
66.143977191732
66.143977191732
66.143977191732
66.143977191732
66.143977191732
66.143977191732
66.143977191732
66.143977191732
66.143977191732
66.143977191732
66.42908054169637
67.17747683535282
67.17747683535282
67.17747683535282
67.17747683535282
67.17747683535282
67.17747683535282
67.17747683535282
67.17747683535282
67.17747683535282
67.17747683535282
67.17747683535282
67.17747683535282
67.17747683535282
67.17747683535282
67.17747683535282
67.17747683535282
67.17747683535282
67.17747683535282
67.17747683535282
67.17747683535282
67.17747683535282
67.17747683535282
67.17747683535282
67.17747683535282
67.17747683535282
67.17747683535282
68.92373485388454
74.4119743406985
74.4119743406985
74.4119743406985
74.4119743406985
74.4119743406985
74.4119743406985
74.4119743406985
74.4119743406985
74.4119743406985
74.4119743406985
74.4119743406985
74.4119743406985
74.4119743406985
74.4119743406985
74.4119743406985
74.4119743406985
74.4119743406985
74.4119743406985
74.4119743406985
74.4119743406985
74.4119743406985
74.4119743406985
74.4119743406985
74.4119743406985
74.4119743406985
74.4119743406985
74.4119743406985
74.4119743406985
74.4119743406985
74.4119743406985
74.4119743406985
67.67640769779045
67.17747683535282
67.17747683535282
67.17747683535282
67.17747683535282
67.17747683535282
67.17747683535282
67.17747683535282
67.17747683535282
67.17747683535282
67.17747683535282
67.17747683535282
67.17747683535282
67.17747683535282
67.17747683535282
67.17747683535282
67.17747683535282
67.17747683535282
67.17747683535282
67.17747683535282
67.17747683535282
67.17747683535282
67.17747683535282
67.17747683535282
67.17747683535282
67.17747683535282
67.17747683535282
67.17747683535282
67.17747683535282
68.46044191019244
69.24447612259445
69.24447612259445
69.24447612259445
69.24447612259445
69.24447612259445
69.24447612259445
69.24447612259445
69.24447612259445
69.24447612259445
69.24447612259445
69.24447612259445
69.24447612259445
69.24447612259445
69.24447612259445
69.24447612259445
69.24447612259445
69.24447612259445
69.24447612259445
69.24447612259445
69.24447612259445
69.24447612259445
69.24447612259445
69.24447612259445
69.24447612259445
69.24447612259445
69.24447612259445
69.24447612259445
69.24447612259445
71.16892373485389
71.31147540983606
71.31147540983606
71.31147540983606
71.31147540983606
71.31147540983606
71.31147540983606
71.31147540983606
71.31147540983606
71.31147540983606
71.31147540983606
71.31147540983606
71.31147540983606
71.31147540983606
71.31147540983606
71.31147540983606
71.31147540983606
71.31147540983606
71.31147540983606
71.31147540983606
71.31147540983606
71.31147540983606
71.31147540983606
71.31147540983606
71.31147540983606
71.31147540983606
71.31147540983606
71.31147540983606
71.31147540983606
71.31147540983606
68.42480399144691
68.21097647897363
68.21097647897363
68.21097647897363
68.21097647897363
68.21097647897363
68.21097647897363
68.21097647897363
68.21097647897363
68.21097647897363
68.21097647897363
68.21097647897363
68.21097647897363
68.21097647897363
68.21097647897363
68.21097647897363
68.21097647897363
68.21097647897363
68.21097647897363
68.21097647897363
68.21097647897363
68.21097647897363
68.21097647897363
68.21097647897363
68.21097647897363
68.21097647897363
68.21097647897363
68.21097647897363
68.21097647897363
69.49394155381326
70.27797576621526
70.27797576621526
70.27797576621526
70.27797576621526
70.27797576621526
70.27797576621526
70.27797576621526
70.27797576621526
70.27797576621526
70.27797576621526
70.27797576621526
70.27797576621526
70.27797576621526
70.27797576621526
70.27797576621526
70.27797576621526
70.27797576621526
70.27797576621526
70.27797576621526
70.27797576621526
70.27797576621526
70.27797576621526
70.27797576621526
70.27797576621526
70.27797576621526
70.27797576621526
71.98859586600143
76.47897362794014
76.47897362794014
76.47897362794014
76.47897362794014
76.47897362794014
76.47897362794014
76.47897362794014
76.47897362794014
76.47897362794014
76.47897362794014
76.47897362794014
76.47897362794014
76.47897362794014
76.47897362794014
76.47897362794014
76.47897362794014
76.47897362794014
76.47897362794014
76.47897362794014
76.47897362794014
76.47897362794014
76.47897362794014
76.47897362794014
76.47897362794014
76.47897362794014
76.47897362794014
76.47897362794014
76.47897362794014
71.4896650035638
71.31147540983606
71.31147540983606
71.31147540983606
71.31147540983606
71.31147540983606
71.31147540983606
71.31147540983606
71.31147540983606
71.31147540983606
71.31147540983606
71.31147540983606
71.31147540983606
71.31147540983606
71.31147540983606
71.31147540983606
71.31147540983606
71.31147540983606
71.31147540983606
71.31147540983606
71.31147540983606
71.31147540983606
71.31147540983606
71.31147540983606
71.31147540983606
71.31147540983606
71.31147540983606
71.31147540983606
73.37847469707769
73.37847469707769
73.37847469707769
73.37847469707769
73.37847469707769
73.37847469707769
73.37847469707769
73.37847469707769
73.37847469707769
73.37847469707769
73.37847469707769
73.37847469707769
73.37847469707769
73.37847469707769
73.37847469707769
73.37847469707769
73.37847469707769
73.37847469707769
73.37847469707769
73.37847469707769
73.37847469707769
73.37847469707769
73.37847469707769
73.37847469707769
73.37847469707769
73.37847469707769
76.08695652173914
77.51247327156095
77.51247327156095
77.51247327156095
77.51247327156095
77.51247327156095
77.51247327156095
77.51247327156095
77.51247327156095
77.51247327156095
77.51247327156095
77.51247327156095
77.51247327156095
77.51247327156095
77.51247327156095
77.51247327156095
77.51247327156095
77.51247327156095
77.51247327156095
77.51247327156095
77.51247327156095
77.51247327156095
77.51247327156095
77.51247327156095
77.51247327156095
77.51247327156095
77.51247327156095
76.87099073414113
75.44547398431932
75.44547398431932
75.44547398431932
75.44547398431932
75.44547398431932
75.44547398431932
75.44547398431932
75.44547398431932
75.44547398431932
75.44547398431932
75.44547398431932
75.44547398431932
75.44547398431932
75.44547398431932
75.44547398431932
75.44547398431932
75.44547398431932
75.44547398431932
75.44547398431932
75.44547398431932
75.44547398431932
75.44547398431932
75.44547398431932
75.44547398431932
75.44547398431932
75.44547398431932
76.15823235923023
77.51247327156095
77.51247327156095
77.51247327156095
77.51247327156095
77.51247327156095
77.51247327156095
77.51247327156095
77.51247327156095
77.51247327156095
77.51247327156095
77.51247327156095
77.51247327156095
77.51247327156095
77.51247327156095
77.51247327156095
77.51247327156095
77.51247327156095
77.51247327156095
77.51247327156095
77.51247327156095
77.51247327156095
77.51247327156095
77.51247327156095
77.51247327156095
77.51247327156095
77.51247327156095
77.51247327156095
75.44547398431932
75.44547398431932
75.44547398431932
75.44547398431932
75.44547398431932
75.44547398431932
75.44547398431932
75.44547398431932
75.44547398431932
75.44547398431932
75.44547398431932
75.44547398431932
75.44547398431932
75.44547398431932
75.44547398431932
75.44547398431932
75.44547398431932
75.44547398431932
75.44547398431932
75.44547398431932
75.44547398431932
75.44547398431932
75.44547398431932
75.44547398431932
75.44547398431932
75.44547398431932
75.44547398431932
75.44547398431932
74.44761225944406
71.31147540983606
71.31147540983606
71.31147540983606
71.31147540983606
71.31147540983606
71.31147540983606
71.31147540983606
71.31147540983606
71.31147540983606
71.31147540983606
71.31147540983606
71.31147540983606
71.31147540983606
71.31147540983606
71.31147540983606
71.31147540983606
71.31147540983606
71.31147540983606
71.31147540983606
71.31147540983606
71.31147540983606
71.31147540983606
71.31147540983606
71.31147540983606
71.31147540983606
71.31147540983606
71.31147540983606
71.31147540983606
71.31147540983606
70.27797576621526
70.27797576621526
70.27797576621526
70.27797576621526
70.27797576621526
70.27797576621526
70.27797576621526
70.27797576621526
70.27797576621526
70.27797576621526
70.27797576621526
70.27797576621526
70.27797576621526
70.27797576621526
70.27797576621526
70.27797576621526
70.27797576621526
70.27797576621526
70.27797576621526
70.27797576621526
70.27797576621526
70.27797576621526
70.27797576621526
70.27797576621526
70.27797576621526
70.27797576621526
70.27797576621526
73.84176764076979
75.44547398431932
75.44547398431932
75.44547398431932
75.44547398431932
75.44547398431932
75.44547398431932
75.44547398431932
75.44547398431932
75.44547398431932
75.44547398431932
75.44547398431932
75.44547398431932
75.44547398431932
75.44547398431932
75.44547398431932
75.44547398431932
75.44547398431932
75.44547398431932
75.44547398431932
75.44547398431932
75.44547398431932
75.44547398431932
75.44547398431932
75.44547398431932
75.44547398431932
75.44547398431932
75.44547398431932
75.44547398431932
72.5944404846757
71.31147540983606
71.31147540983606
71.31147540983606
71.31147540983606
71.31147540983606
71.31147540983606
71.31147540983606
71.31147540983606
71.31147540983606
71.31147540983606
71.31147540983606
71.31147540983606
71.31147540983606
71.31147540983606
71.31147540983606
71.31147540983606
71.31147540983606
71.31147540983606
71.31147540983606
71.31147540983606
71.31147540983606
71.31147540983606
71.31147540983606
71.31147540983606
71.31147540983606
71.31147540983606
71.31147540983606
71.31147540983606
71.31147540983606
69.88595866001425
67.17747683535282
67.17747683535282
67.17747683535282
67.17747683535282
67.17747683535282
67.17747683535282
67.17747683535282
67.17747683535282
67.17747683535282
67.17747683535282
67.17747683535282
67.17747683535282
67.17747683535282
67.17747683535282
67.17747683535282
67.17747683535282
67.17747683535282
67.17747683535282
67.17747683535282
67.17747683535282
67.17747683535282
67.17747683535282
67.17747683535282
67.17747683535282
67.17747683535282
67.17747683535282
77.51247327156095
77.51247327156095
77.51247327156095
77.51247327156095
77.51247327156095
77.51247327156095
77.51247327156095
77.51247327156095
77.51247327156095
77.51247327156095
77.51247327156095
77.51247327156095
77.51247327156095
77.51247327156095
77.51247327156095
77.51247327156095
77.51247327156095
77.51247327156095
77.51247327156095
77.51247327156095
77.51247327156095
77.51247327156095
77.51247327156095
