3.691121709022016
4.050434441758672
4.050434441758672
4.050434441758672
4.050434441758672
4.050434441758672
4.050434441758672
4.050434441758672
4.050434441758672
4.050434441758672
4.050434441758672
4.050434441758672
4.050434441758672
4.050434441758672
4.050434441758672
4.050434441758672
4.050434441758672
4.050434441758672
4.050434441758672
4.050434441758672
4.050434441758672
4.050434441758672
4.050434441758672
4.050434441758672
4.050434441758672
4.050434441758672
4.050434441758672
4.050434441758672
4.050434441758672
4.050434441758672
4.050434441758672
4.050434441758672
4.050434441758672
4.050434441758672
4.050434441758672
4.050434441758672
4.050434441758672
4.050434441758672
4.050434441758672
4.050434441758672
4.050434441758672
4.050434441758672
4.050434441758672
4.050434441758672
4.050434441758672
4.050434441758672
4.050434441758672
4.050434441758672
4.050434441758672
4.050434441758672
4.050434441758672
4.050434441758672
4.050434441758672
4.050434441758672
4.050434441758672
4.050434441758672
4.050434441758672
4.44241196838048
5.06304305219834
5.06304305219834
5.06304305219834
5.06304305219834
5.06304305219834
5.06304305219834
5.06304305219834
5.06304305219834
5.06304305219834
5.06304305219834
5.06304305219834
5.06304305219834
5.06304305219834
5.06304305219834
5.06304305219834
5.06304305219834
5.06304305219834
4.981381067485464
4.050434441758672
4.050434441758672
4.050434441758672
4.050434441758672
4.050434441758672
4.050434441758672
4.050434441758672
4.050434441758672
4.050434441758672
4.050434441758672
4.050434441758672
4.050434441758672
4.050434441758672
4.050434441758672
4.050434441758672
4.050434441758672
4.050434441758672
4.050434441758672
4.050434441758672
4.050434441758672
4.050434441758672
4.050434441758672
4.050434441758672
4.050434441758672
4.050434441758672
4.050434441758672
4.050434441758672
4.050434441758672
4.050434441758672
4.050434441758672
4.050434441758672
4.050434441758672
4.050434441758672
4.050434441758672
4.050434441758672
4.050434441758672
4.050434441758672
4.050434441758672
4.050434441758672
4.050434441758672
4.050434441758672
4.050434441758672
4.44241196838048
5.06304305219834
5.06304305219834
5.06304305219834
5.06304305219834
5.06304305219834
5.06304305219834
5.06304305219834
5.06304305219834
5.06304305219834
5.06304305219834
5.06304305219834
5.06304305219834
4.899719082772587
4.050434441758672
4.050434441758672
4.050434441758672
4.050434441758672
4.050434441758672
4.050434441758672
4.050434441758672
4.050434441758672
4.050434441758672
4.050434441758672
4.050434441758672
4.050434441758672
4.050434441758672
4.050434441758672
4.050434441758672
4.050434441758672
4.050434441758672
4.050434441758672
4.050434441758672
4.050434441758672
4.050434441758672
4.050434441758672
4.050434441758672
4.050434441758672
4.050434441758672
4.050434441758672
4.050434441758672
4.050434441758672
4.050434441758672
4.050434441758672
4.050434441758672
4.050434441758672
4.050434441758672
4.050434441758672
4.050434441758672
4.050434441758672
4.050434441758672
4.050434441758672
4.050434441758672
4.050434441758672
4.050434441758672
4.050434441758672
4.050434441758672
4.050434441758672
4.050434441758672
4.050434441758672
4.050434441758672
4.050434441758672
4.050434441758672
4.050434441758672
4.050434441758672
4.050434441758672
4.050434441758672
4.050434441758672
4.050434441758672
4.050434441758672
4.050434441758672
4.050434441758672
4.050434441758672
4.050434441758672
4.050434441758672
4.050434441758672
4.050434441758672
4.050434441758672
3.625792121251715
3.0378258313190045
3.0378258313190045
3.0378258313190045
3.0378258313190045
3.0378258313190045
3.0378258313190045
3.0378258313190045
3.0378258313190045
3.0378258313190045
3.0378258313190045
3.0378258313190045
3.6747893120794406
4.050434441758672
4.050434441758672
4.050434441758672
4.050434441758672
4.050434441758672
4.050434441758672
4.050434441758672
4.050434441758672
4.050434441758672
4.050434441758672
4.050434441758672
4.050434441758672
4.050434441758672
4.050434441758672
4.050434441758672
4.050434441758672
4.050434441758672
4.050434441758672
4.050434441758672
4.050434441758672
4.050434441758672
4.050434441758672
4.050434441758672
4.050434441758672
4.050434441758672
4.050434441758672
4.050434441758672
4.050434441758672
4.050434441758672
4.050434441758672
4.050434441758672
4.050434441758672
4.050434441758672
4.050434441758672
4.050434441758672
4.050434441758672
4.050434441758672
4.050434441758672
4.050434441758672
4.050434441758672
4.050434441758672
4.050434441758672
3.511465342653688
3.0378258313190045
3.0378258313190045
3.0378258313190045
3.4788005487685374
4.050434441758672
4.050434441758672
4.050434441758672
4.050434441758672
4.050434441758672
4.050434441758672
4.050434441758672
4.050434441758672
4.050434441758672
4.050434441758672
4.050434441758672
4.050434441758672
4.050434441758672
4.050434441758672
4.050434441758672
4.050434441758672
4.050434441758672
4.050434441758672
4.050434441758672
4.050434441758672
4.050434441758672
4.050434441758672
4.050434441758672
4.050434441758672
4.050434441758672
4.050434441758672
4.050434441758672
4.050434441758672
4.050434441758672
4.050434441758672
4.050434441758672
4.050434441758672
4.050434441758672
4.050434441758672
4.050434441758672
4.050434441758672
4.050434441758672
4.050434441758672
4.050434441758672
4.050434441758672
4.050434441758672
4.050434441758672
4.050434441758672
4.050434441758672
4.050434441758672
4.050434441758672
4.050434441758672
4.050434441758672
4.050434441758672
4.050434441758672
4.050434441758672
4.050434441758672
4.050434441758672
4.050434441758672
4.050434441758672
4.050434441758672
4.050434441758672
4.050434441758672
4.050434441758672
4.050434441758672
4.050434441758672
4.050434441758672
4.050434441758672
4.050434441758672
4.050434441758672
4.050434441758672
4.050434441758672
4.050434441758672
4.050434441758672
4.050434441758672
4.050434441758672
4.050434441758672
4.050434441758672
4.050434441758672
4.050434441758672
4.050434441758672
4.050434441758672
4.050434441758672
4.050434441758672
4.050434441758672
4.050434441758672
4.050434441758672
4.050434441758672
4.050434441758672
4.050434441758672
4.050434441758672
4.050434441758672
3.1194878160318806
3.0378258313190045
3.0378258313190045
3.0378258313190045
3.0378258313190045
3.0378258313190045
3.0378258313190045
3.0378258313190045
3.0378258313190045
3.0378258313190045
3.0378258313190045
3.0378258313190045
3.0378258313190045
3.0378258313190045
3.0378258313190045
3.0378258313190045
3.0378258313190045
3.413470960998236
4.050434441758672
4.050434441758672
4.050434441758672
4.050434441758672
4.050434441758672
4.050434441758672
4.050434441758672
4.050434441758672
4.050434441758672
4.050434441758672
4.050434441758672
4.050434441758672
4.050434441758672
4.050434441758672
4.050434441758672
4.050434441758672
4.050434441758672
4.050434441758672
4.050434441758672
4.050434441758672
4.050434441758672
4.050434441758672
4.050434441758672
4.050434441758672
4.050434441758672
4.050434441758672
4.050434441758672
4.050434441758672
4.050434441758672
4.050434441758672
4.050434441758672
4.050434441758672
4.050434441758672
4.050434441758672
4.050434441758672
3.707454105964591
3.0378258313190045
3.0378258313190045
3.0378258313190045
3.0378258313190045
3.0378258313190045
3.0378258313190045
3.0378258313190045
3.0378258313190045
3.0378258313190045
3.0378258313190045
3.0378258313190045
3.0378258313190045
3.0378258313190045
3.0378258313190045
3.691121709022016
4.050434441758672
4.050434441758672
4.050434441758672
4.050434441758672
4.050434441758672
4.050434441758672
4.050434441758672
4.050434441758672
4.050434441758672
4.050434441758672
4.050434441758672
4.050434441758672
4.050434441758672
4.050434441758672
4.050434441758672
4.050434441758672
4.050434441758672
4.050434441758672
4.050434441758672
4.050434441758672
4.050434441758672
4.050434441758672
4.050434441758672
4.050434441758672
4.050434441758672
4.050434441758672
4.050434441758672
4.050434441758672
4.050434441758672
4.050434441758672
4.050434441758672
4.050434441758672
4.050434441758672
4.050434441758672
3.462468151825962
3.0378258313190045
3.0378258313190045
3.0378258313190045
3.0378258313190045
3.0378258313190045
3.0378258313190045
3.0378258313190045
3.0378258313190045
3.0378258313190045
3.0378258313190045
3.0378258313190045
3.0378258313190045
3.0378258313190045
3.0378258313190045
3.6584569151368656
4.050434441758672
4.050434441758672
4.050434441758672
4.050434441758672
4.050434441758672
4.050434441758672
4.050434441758672
4.050434441758672
4.050434441758672
4.050434441758672
4.050434441758672
4.050434441758672
4.050434441758672
4.050434441758672
4.050434441758672
4.050434441758672
4.050434441758672
4.050434441758672
4.050434441758672
4.050434441758672
4.050434441758672
4.050434441758672
4.050434441758672
4.050434441758672
4.050434441758672
4.050434441758672
4.050434441758672
4.050434441758672
4.050434441758672
4.050434441758672
4.050434441758672
4.050434441758672
4.050434441758672
4.050434441758672
4.050434441758672
4.050434441758672
4.050434441758672
4.050434441758672
4.050434441758672
4.050434441758672
4.050434441758672
4.050434441758672
4.050434441758672
4.050434441758672
4.050434441758672
4.050434441758672
4.050434441758672
4.050434441758672
4.050434441758672
4.050434441758672
4.050434441758672
4.050434441758672
4.050434441758672
4.050434441758672
4.050434441758672
4.050434441758672
4.050434441758672
4.050434441758672
4.050434441758672
4.050434441758672
4.050434441758672
4.050434441758672
4.050434441758672
4.050434441758672
4.050434441758672
4.050434441758672
4.050434441758672
4.050434441758672
4.050434441758672
4.050434441758672
4.050434441758672
4.050434441758672
4.050434441758672
4.050434441758672
4.050434441758672
4.050434441758672
4.050434441758672
4.050434441758672
4.050434441758672
4.050434441758672
4.050434441758672
4.050434441758672
4.050434441758672
4.050434441758672
4.050434441758672
4.050434441758672
4.050434441758672
4.050434441758672
4.050434441758672
4.050434441758672
4.050434441758672
4.050434441758672
4.050434441758672
4.050434441758672
4.050434441758672
4.050434441758672
4.050434441758672
4.050434441758672
4.050434441758672
4.050434441758672
4.050434441758672
4.050434441758672
4.050434441758672
4.050434441758672
4.050434441758672
4.050434441758672
4.050434441758672
4.050434441758672
4.050434441758672
4.050434441758672
4.050434441758672
4.050434441758672
4.050434441758672
4.050434441758672
4.050434441758672
4.050434441758672
4.050434441758672
4.050434441758672
4.050434441758672
4.050434441758672
4.050434441758672
4.050434441758672
4.050434441758672
4.050434441758672
4.050434441758672
4.050434441758672
4.377082380610179
5.06304305219834
5.06304305219834
5.06304305219834
5.06304305219834
5.06304305219834
5.06304305219834
5.06304305219834
5.06304305219834
5.06304305219834
4.540406350035931
4.050434441758672
4.050434441758672
4.050434441758672
4.050434441758672
4.050434441758672
4.050434441758672
4.050434441758672
4.050434441758672
4.050434441758672
4.050434441758672
4.050434441758672
4.050434441758672
4.050434441758672
4.050434441758672
4.050434441758672
4.050434441758672
4.050434441758672
4.050434441758672
4.050434441758672
4.050434441758672
4.050434441758672
4.050434441758672
4.050434441758672
4.050434441758672
4.050434441758672
4.050434441758672
4.050434441758672
4.050434441758672
4.050434441758672
4.050434441758672
4.050434441758672
4.050434441758672
4.050434441758672
4.050434441758672
4.050434441758672
4.050434441758672
4.050434441758672
4.050434441758672
4.050434441758672
4.050434441758672
4.050434441758672
4.050434441758672
4.050434441758672
4.050434441758672
4.050434441758672
4.050434441758672
4.050434441758672
4.050434441758672
4.050434441758672
4.050434441758672
4.050434441758672
4.050434441758672
4.050434441758672
4.050434441758672
4.050434441758672
4.050434441758672
4.050434441758672
4.050434441758672
4.050434441758672
4.050434441758672
4.050434441758672
4.050434441758672
4.050434441758672
4.050434441758672
4.050434441758672
4.050434441758672
4.050434441758672
4.050434441758672
4.050434441758672
4.050434441758672
4.050434441758672
4.050434441758672
4.050434441758672
4.050434441758672
4.050434441758672
4.050434441758672
4.050434441758672
4.050434441758672
4.050434441758672
4.050434441758672
4.050434441758672
4.050434441758672
4.050434441758672
4.050434441758672
4.050434441758672
4.050434441758672
4.050434441758672
4.050434441758672
4.050434441758672
4.050434441758672
4.050434441758672
4.050434441758672
4.050434441758672
4.050434441758672
4.050434441758672
4.050434441758672
4.050434441758672
4.050434441758672
4.050434441758672
4.050434441758672
4.050434441758672
4.050434441758672
4.050434441758672
4.050434441758672
4.050434441758672
4.050434441758672
4.050434441758672
4.050434441758672
4.050434441758672
4.050434441758672
4.050434441758672
4.050434441758672
4.050434441758672
4.050434441758672
4.050434441758672
4.050434441758672
4.050434441758672
4.050434441758672
4.050434441758672
4.050434441758672
4.050434441758672
4.050434441758672
4.050434441758672
4.050434441758672
4.050434441758672
4.050434441758672
4.050434441758672
4.050434441758672
4.050434441758672
4.050434441758672
4.050434441758672
4.050434441758672
4.050434441758672
4.050434441758672
4.050434441758672
4.050434441758672
4.050434441758672
4.050434441758672
4.050434441758672
4.050434441758672
4.050434441758672
4.050434441758672
4.050434441758672
4.050434441758672
4.050434441758672
4.050434441758672
4.050434441758672
4.311752792839877
5.06304305219834
5.06304305219834
5.06304305219834
5.06304305219834
5.06304305219834
5.06304305219834
5.06304305219834
5.06304305219834
5.06304305219834
5.06304305219834
5.06304305219834
4.981381067485464
4.050434441758672
4.050434441758672
4.050434441758672
4.050434441758672
4.050434441758672
4.050434441758672
4.050434441758672
4.050434441758672
4.050434441758672
4.050434441758672
4.050434441758672
4.050434441758672
4.050434441758672
4.050434441758672
4.050434441758672
4.050434441758672
4.050434441758672
4.050434441758672
4.050434441758672
4.050434441758672
4.050434441758672
4.050434441758672
4.050434441758672
4.050434441758672
4.050434441758672
4.050434441758672
4.050434441758672
4.050434441758672
4.050434441758672
4.050434441758672
4.050434441758672
4.050434441758672
4.050434441758672
4.050434441758672
4.050434441758672
4.050434441758672
4.050434441758672
4.050434441758672
4.050434441758672
4.050434441758672
4.050434441758672
4.050434441758672
4.050434441758672
4.050434441758672
4.050434441758672
4.050434441758672
4.050434441758672
4.050434441758672
4.050434441758672
4.050434441758672
4.050434441758672
4.050434441758672
4.050434441758672
4.050434441758672
4.050434441758672
4.050434441758672
4.050434441758672
4.050434441758672
4.050434441758672
4.050434441758672
4.050434441758672
4.050434441758672
4.050434441758672
4.050434441758672
4.050434441758672
4.050434441758672
4.050434441758672
4.050434441758672
4.050434441758672
4.050434441758672
4.050434441758672
4.050434441758672
4.050434441758672
4.050434441758672
4.050434441758672
4.050434441758672
4.050434441758672
4.050434441758672
4.050434441758672
4.050434441758672
4.050434441758672
4.050434441758672
4.050434441758672
4.050434441758672
4.050434441758672
4.050434441758672
4.050434441758672
4.050434441758672
4.050434441758672
4.050434441758672
4.050434441758672
4.050434441758672
4.050434441758672
4.050434441758672
4.050434441758672
4.050434441758672
4.458744365323055
5.06304305219834
5.06304305219834
5.06304305219834
5.06304305219834
5.06304305219834
5.06304305219834
5.06304305219834
5.06304305219834
5.06304305219834
5.06304305219834
5.06304305219834
5.06304305219834
5.06304305219834
5.06304305219834
5.06304305219834
5.06304305219834
5.06304305219834
5.06304305219834
5.06304305219834
5.06304305219834
5.06304305219834
4.44241196838048
4.050434441758672
4.050434441758672
4.050434441758672
4.050434441758672
4.050434441758672
4.050434441758672
4.050434441758672
4.050434441758672
4.050434441758672
4.050434441758672
4.050434441758672
4.050434441758672
4.050434441758672
4.050434441758672
4.050434441758672
4.050434441758672
4.050434441758672
4.050434441758672
4.050434441758672
4.050434441758672
4.050434441758672
4.050434441758672
4.050434441758672
4.050434441758672
4.050434441758672
4.050434441758672
4.050434441758672
4.050434441758672
4.050434441758672
4.050434441758672
4.050434441758672
4.050434441758672
4.050434441758672
4.050434441758672
4.050434441758672
4.050434441758672
4.050434441758672
4.050434441758672
4.050434441758672
4.050434441758672
4.050434441758672
4.050434441758672
4.050434441758672
4.050434441758672
4.050434441758672
4.050434441758672
4.050434441758672
4.050434441758672
4.050434441758672
4.050434441758672
4.050434441758672
4.050434441758672
4.050434441758672
4.050434441758672
4.050434441758672
4.050434441758672
4.050434441758672
4.050434441758672
4.050434441758672
4.050434441758672
4.050434441758672
4.050434441758672
4.050434441758672
4.050434441758672
4.050434441758672
4.050434441758672
4.050434441758672
4.050434441758672
4.050434441758672
4.050434441758672
4.050434441758672
4.050434441758672
4.050434441758672
4.050434441758672
4.050434441758672
4.050434441758672
4.050434441758672
4.050434441758672
4.050434441758672
4.050434441758672
4.050434441758672
4.050434441758672
4.050434441758672
4.050434441758672
4.050434441758672
4.050434441758672
4.050434441758672
4.050434441758672
4.050434441758672
4.050434441758672
4.050434441758672
4.050434441758672
4.050434441758672
