70.26231263383298
70.26231263383298
70.26231263383298
70.26231263383298
68.38865096359743
65.24357601713062
65.24357601713062
65.24357601713062
65.24357601713062
65.24357601713062
65.24357601713062
65.24357601713062
65.24357601713062
65.24357601713062
65.24357601713062
66.20717344753747
68.25481798715204
68.25481798715204
68.25481798715204
70.54336188436831
77.28854389721627
77.28854389721627
77.28854389721627
77.28854389721627
77.28854389721627
77.28854389721627
72.47055674518201
71.26605995717345
71.26605995717345
71.26605995717345
71.26605995717345
71.26605995717345
71.26605995717345
71.26605995717345
71.26605995717345
71.26605995717345
71.26605995717345
71.26605995717345
71.26605995717345
71.26605995717345
78.1718415417559
83.3110278372591
83.3110278372591
83.3110278372591
83.3110278372591
83.3110278372591
83.3110278372591
78.01124197002142
72.26980728051392
72.26980728051392
72.26980728051392
72.26980728051392
72.26980728051392
72.26980728051392
72.26980728051392
72.26980728051392
72.26980728051392
72.26980728051392
72.26980728051392
71.33297644539614
71.26605995717345
71.26605995717345
71.26605995717345
71.26605995717345
71.26605995717345
71.26605995717345
71.26605995717345
71.26605995717345
71.26605995717345
71.80139186295503
73.2735546038544
73.2735546038544
73.2735546038544
79.60385438972163
84.31477516059957
84.31477516059957
84.31477516059957
84.31477516059957
84.31477516059957
84.31477516059957
84.31477516059957
72.88543897216275
70.26231263383298
70.26231263383298
70.26231263383298
70.26231263383298
70.26231263383298
70.26231263383298
70.26231263383298
70.26231263383298
70.26231263383298
70.26231263383298
70.03479657387581
69.2585653104925
69.2585653104925
69.2585653104925
69.2585653104925
69.2585653104925
69.2585653104925
69.2585653104925
69.2585653104925
69.2585653104925
69.2585653104925
69.2585653104925
71.13222698072805
71.26605995717345
71.26605995717345
72.55085653104925
83.3110278372591
83.3110278372591
83.3110278372591
83.3110278372591
83.3110278372591
83.3110278372591
83.3110278372591
80.31316916488223
69.2585653104925
69.2585653104925
69.2585653104925
69.2585653104925
69.2585653104925
69.2585653104925
69.2585653104925
69.2585653104925
69.2585653104925
69.2585653104925
69.2585653104925
68.57601713062098
66.2473233404711
66.2473233404711
71.46680942184155
81.30353319057816
81.30353319057816
81.30353319057816
81.30353319057816
81.30353319057816
81.30353319057816
81.30353319057816
74.23715203426124
69.2585653104925
69.2585653104925
69.2585653104925
69.2585653104925
69.2585653104925
69.2585653104925
69.2585653104925
69.2585653104925
69.2585653104925
69.2585653104925
69.2585653104925
69.2585653104925
69.2585653104925
69.2585653104925
69.2585653104925
69.2585653104925
69.2585653104925
69.2585653104925
69.2585653104925
69.2585653104925
69.2585653104925
69.2585653104925
69.2585653104925
69.2585653104925
69.2585653104925
69.2585653104925
69.2585653104925
69.2585653104925
69.2585653104925
69.2585653104925
69.2585653104925
69.2585653104925
72.04229122055675
73.2735546038544
73.2735546038544
73.2735546038544
83.3110278372591
83.3110278372591
83.3110278372591
83.3110278372591
83.3110278372591
83.3110278372591
81.39721627408994
72.26980728051392
72.26980728051392
72.26980728051392
72.26980728051392
72.26980728051392
72.26980728051392
72.26980728051392
72.26980728051392
72.26980728051392
72.26980728051392
72.02890792291221
70.26231263383298
70.26231263383298
70.26231263383298
70.26231263383298
70.26231263383298
70.26231263383298
70.26231263383298
70.26231263383298
70.26231263383298
70.26231263383298
70.26231263383298
71.21252676659529
71.26605995717345
71.26605995717345
71.26605995717345
71.26605995717345
71.26605995717345
71.26605995717345
71.26605995717345
71.26605995717345
71.26605995717345
71.26605995717345
71.26605995717345
71.26605995717345
71.26605995717345
71.26605995717345
71.26605995717345
71.26605995717345
71.26605995717345
71.26605995717345
71.26605995717345
71.26605995717345
71.26605995717345
71.10546038543897
70.26231263383298
70.26231263383298
70.26231263383298
70.26231263383298
70.26231263383298
70.26231263383298
70.26231263383298
70.26231263383298
70.26231263383298
70.26231263383298
70.26231263383298
68.76338329764454
68.25481798715204
68.25481798715204
68.25481798715204
68.25481798715204
68.25481798715204
68.25481798715204
68.25481798715204
68.25481798715204
68.25481798715204
68.25481798715204
68.25481798715204
67.21092077087795
66.2473233404711
66.2473233404711
66.2473233404711
66.2473233404711
66.2473233404711
66.2473233404711
66.2473233404711
66.2473233404711
66.2473233404711
66.2473233404711
68.45556745182013
69.2585653104925
69.2585653104925
69.2585653104925
76.11081370449679
77.28854389721627
77.28854389721627
77.28854389721627
77.28854389721627
77.28854389721627
77.28854389721627
77.28854389721627
71.84154175588866
66.2473233404711
66.2473233404711
66.2473233404711
66.2473233404711
66.2473233404711
66.2473233404711
66.2473233404711
69.78051391862955
72.26980728051392
72.26980728051392
72.26980728051392
72.26980728051392
72.26980728051392
72.26980728051392
75.24089935760172
78.29229122055675
78.29229122055675
78.29229122055675
78.29229122055675
78.29229122055675
78.02462526766595
68.25481798715204
68.25481798715204
68.25481798715204
68.25481798715204
68.25481798715204
68.25481798715204
68.25481798715204
68.25481798715204
68.25481798715204
68.25481798715204
68.13436830835118
67.25107066381156
67.25107066381156
67.25107066381156
67.5990364025696
80.29978586723769
80.29978586723769
80.29978586723769
80.29978586723769
80.29978586723769
80.29978586723769
78.05139186295503
68.25481798715204
68.25481798715204
68.25481798715204
68.25481798715204
68.25481798715204
68.25481798715204
68.25481798715204
68.25481798715204
68.25481798715204
68.25481798715204
69.53961456102783
71.26605995717345
71.26605995717345
71.26605995717345
77.89079229122056
80.29978586723769
80.29978586723769
80.29978586723769
80.29978586723769
80.29978586723769
80.29978586723769
75.34796573875803
70.26231263383298
70.26231263383298
70.26231263383298
70.26231263383298
70.26231263383298
70.26231263383298
70.26231263383298
70.26231263383298
70.26231263383298
70.26231263383298
68.84368308351178
68.25481798715204
68.25481798715204
68.25481798715204
68.25481798715204
68.25481798715204
68.25481798715204
68.25481798715204
68.25481798715204
68.25481798715204
68.41541755888652
69.2585653104925
69.2585653104925
69.2585653104925
72.63115631691649
78.29229122055675
78.29229122055675
78.29229122055675
78.29229122055675
78.29229122055675
78.29229122055675
77.08779443254818
69.2585653104925
69.2585653104925
69.2585653104925
69.2585653104925
69.2585653104925
69.2585653104925
69.2585653104925
69.2585653104925
69.2585653104925
69.2585653104925
69.19164882226981
68.25481798715204
68.25481798715204
68.25481798715204
68.25481798715204
68.25481798715204
68.25481798715204
68.25481798715204
68.25481798715204
68.25481798715204
68.25481798715204
68.25481798715204
69.16488222698072
69.2585653104925
69.2585653104925
72.87205567451821
79.29603854389721
79.29603854389721
79.29603854389721
79.29603854389721
79.29603854389721
79.29603854389721
79.29603854389721
69.72698072805139
68.25481798715204
68.25481798715204
68.25481798715204
68.25481798715204
68.25481798715204
68.25481798715204
68.25481798715204
68.25481798715204
68.25481798715204
68.25481798715204
66.38115631691649
66.2473233404711
66.2473233404711
67.11723768736617
79.29603854389721
79.29603854389721
79.29603854389721
79.29603854389721
79.29603854389721
79.29603854389721
79.29603854389721
71.29282655246253
66.2473233404711
66.2473233404711
66.2473233404711
66.2473233404711
66.2473233404711
66.2473233404711
66.2473233404711
66.2473233404711
66.2473233404711
66.2473233404711
67.19753747323341
67.25107066381156
67.25107066381156
67.25107066381156
80.29978586723769
80.29978586723769
80.29978586723769
80.29978586723769
80.29978586723769
80.29978586723769
80.29978586723769
75.08029978586724
67.25107066381156
67.25107066381156
67.25107066381156
67.25107066381156
67.25107066381156
67.25107066381156
67.25107066381156
67.25107066381156
67.25107066381156
67.25107066381156
67.89346895074947
69.2585653104925
69.2585653104925
69.2585653104925
76.47216274089936
80.29978586723769
80.29978586723769
80.29978586723769
80.29978586723769
80.29978586723769
80.29978586723769
80.0321199143469
70.26231263383298
70.26231263383298
70.26231263383298
70.26231263383298
70.26231263383298
70.26231263383298
70.26231263383298
70.26231263383298
70.26231263383298
70.26231263383298
69.29871520342613
68.25481798715204
68.25481798715204
68.25481798715204
68.25481798715204
68.25481798715204
68.25481798715204
68.25481798715204
68.25481798715204
68.25481798715204
68.25481798715204
68.25481798715204
68.25481798715204
68.25481798715204
68.25481798715204
68.25481798715204
68.25481798715204
68.25481798715204
68.25481798715204
68.25481798715204
68.25481798715204
68.25481798715204
70.66381156316916
71.26605995717345
71.26605995717345
71.74785867237688
80.29978586723769
80.29978586723769
80.29978586723769
80.29978586723769
80.29978586723769
80.29978586723769
80.29978586723769
73.0728051391863
68.25481798715204
68.25481798715204
68.25481798715204
68.25481798715204
68.25481798715204
68.25481798715204
68.25481798715204
68.25481798715204
68.25481798715204
68.25481798715204
68.25481798715204
66.43468950749465
66.2473233404711
66.2473233404711
66.2473233404711
66.2473233404711
66.2473233404711
66.2473233404711
66.2473233404711
66.2473233404711
66.2473233404711
67.0235546038544
68.25481798715204
68.25481798715204
68.25481798715204
69.82066381156316
77.28854389721627
77.28854389721627
77.28854389721627
77.28854389721627
77.28854389721627
77.28854389721627
73.90256959314775
66.2473233404711
66.2473233404711
66.2473233404711
66.2473233404711
66.2473233404711
66.2473233404711
66.2473233404711
66.2473233404711
66.2473233404711
66.2473233404711
66.2473233404711
66.2473233404711
66.2473233404711
66.2473233404711
68.6830835117773
79.29603854389721
79.29603854389721
79.29603854389721
79.29603854389721
79.29603854389721
79.29603854389721
79.29603854389721
68.69646680942185
68.25481798715204
68.25481798715204
68.25481798715204
68.25481798715204
68.25481798715204
68.25481798715204
68.25481798715204
68.25481798715204
68.25481798715204
68.25481798715204
68.25481798715204
68.25481798715204
68.25481798715204
68.25481798715204
68.25481798715204
68.25481798715204
68.25481798715204
68.25481798715204
68.25481798715204
68.25481798715204
68.14775160599572
67.25107066381156
67.25107066381156
67.25107066381156
67.25107066381156
67.25107066381156
67.25107066381156
67.25107066381156
67.25107066381156
67.25107066381156
67.25107066381156
67.85331905781585
70.26231263383298
70.26231263383298
70.26231263383298
77.36884368308351
79.29603854389721
79.29603854389721
79.29603854389721
79.29603854389721
79.29603854389721
79.29603854389721
74.7323340471092
68.25481798715204
68.25481798715204
68.25481798715204
68.25481798715204
68.25481798715204
68.25481798715204
68.25481798715204
68.25481798715204
68.25481798715204
68.25481798715204
67.62580299785867
67.25107066381156
67.25107066381156
67.25107066381156
67.25107066381156
67.25107066381156
67.25107066381156
67.25107066381156
67.25107066381156
67.25107066381156
67.25107066381156
69.37901498929337
70.26231263383298
70.26231263383298
70.26231263383298
77.00749464668094
79.29603854389721
79.29603854389721
79.29603854389721
79.29603854389721
79.29603854389721
79.29603854389721
72.08244111349036
68.25481798715204
68.25481798715204
68.25481798715204
68.25481798715204
68.25481798715204
68.25481798715204
68.25481798715204
68.25481798715204
68.25481798715204
68.25481798715204
68.25481798715204
68.25481798715204
68.25481798715204
68.25481798715204
68.25481798715204
68.25481798715204
68.25481798715204
68.25481798715204
68.25481798715204
68.25481798715204
68.25481798715204
68.25481798715204
68.25481798715204
68.25481798715204
69.21841541755889
77.28854389721627
77.28854389721627
77.28854389721627
77.28854389721627
77.28854389721627
77.28854389721627
75.843147751606
68.25481798715204
68.25481798715204
68.25481798715204
68.25481798715204
68.25481798715204
68.25481798715204
68.25481798715204
68.25481798715204
68.25481798715204
68.25481798715204
68.25481798715204
67.51873661670236
67.25107066381156
67.25107066381156
67.25107066381156
67.25107066381156
67.25107066381156
67.25107066381156
67.25107066381156
67.25107066381156
67.25107066381156
67.25107066381156
67.11723768736617
66.2473233404711
66.2473233404711
66.2473233404711
69.9277301927195
77.28854389721627
77.28854389721627
77.28854389721627
77.28854389721627
77.28854389721627
77.28854389721627
76.3517130620985
67.25107066381156
67.25107066381156
67.25107066381156
67.25107066381156
67.25107066381156
67.25107066381156
67.25107066381156
67.25107066381156
67.25107066381156
67.25107066381156
67.25107066381156
66.63543897216275
66.2473233404711
66.2473233404711
66.2473233404711
66.2473233404711
66.2473233404711
66.2473233404711
66.2473233404711
66.2473233404711
66.2473233404711
66.2473233404711
66.2473233404711
63.436830835117775
63.23608137044968
63.23608137044968
63.23608137044968
63.23608137044968
63.23608137044968
63.23608137044968
63.23608137044968
63.23608137044968
63.23608137044968
63.23608137044968
66.8228051391863
67.25107066381156
67.25107066381156
70.32922912205568
77.28854389721627
77.28854389721627
77.28854389721627
77.28854389721627
77.28854389721627
77.28854389721627
73.90256959314775
66.2473233404711
66.2473233404711
66.2473233404711
66.2473233404711
66.2473233404711
66.2473233404711
66.2473233404711
66.2473233404711
66.2473233404711
66.2473233404711
66.2473233404711
65.44432548179871
65.24357601713062
65.24357601713062
65.24357601713062
65.24357601713062
65.24357601713062
65.24357601713062
65.24357601713062
65.24357601713062
65.24357601713062
65.24357601713062
65.6718415417559
67.25107066381156
67.25107066381156
67.25107066381156
75.28104925053533
79.29603854389721
79.29603854389721
79.29603854389721
79.29603854389721
79.29603854389721
79.29603854389721
73.80888650963598
69.2585653104925
69.2585653104925
69.2585653104925
69.2585653104925
69.2585653104925
69.2585653104925
69.2585653104925
69.2585653104925
69.2585653104925
69.2585653104925
69.15149892933619
68.25481798715204
68.25481798715204
68.25481798715204
68.25481798715204
68.25481798715204
68.25481798715204
68.25481798715204
68.25481798715204
68.25481798715204
68.25481798715204
68.25481798715204
68.25481798715204
68.25481798715204
68.25481798715204
68.25481798715204
68.25481798715204
68.25481798715204
68.25481798715204
68.25481798715204
68.25481798715204
68.25481798715204
68.25481798715204
68.95074946466809
70.26231263383298
70.26231263383298
70.26231263383298
70.26231263383298
70.26231263383298
70.26231263383298
70.26231263383298
70.26231263383298
70.26231263383298
70.26231263383298
69.9678800856531
69.2585653104925
69.2585653104925
69.2585653104925
69.2585653104925
69.2585653104925
69.2585653104925
69.2585653104925
69.2585653104925
69.2585653104925
69.2585653104925
69.2585653104925
68.92398286937902
68.25481798715204
68.25481798715204
68.25481798715204
68.25481798715204
68.25481798715204
68.25481798715204
68.25481798715204
68.25481798715204
68.25481798715204
68.25481798715204
68.52248394004283
70.26231263383298
70.26231263383298
70.26231263383298
73.79550321199143
81.30353319057816
81.30353319057816
81.30353319057816
81.30353319057816
81.30353319057816
81.30353319057816
81.30353319057816
77.30192719486081
68.25481798715204
68.25481798715204
68.25481798715204
68.25481798715204
68.25481798715204
68.25481798715204
68.25481798715204
68.25481798715204
68.25481798715204
68.25481798715204
68.25481798715204
68.09421841541756
66.2473233404711
66.2473233404711
66.2473233404711
66.2473233404711
66.2473233404711
66.2473233404711
66.2473233404711
66.2473233404711
66.2473233404711
66.2473233404711
66.2473233404711
66.2473233404711
66.2473233404711
66.2473233404711
66.2473233404711
68.01391862955032
78.29229122055675
78.29229122055675
78.29229122055675
78.29229122055675
78.29229122055675
78.29229122055675
78.29229122055675
78.29229122055675
67.3982869379015
67.25107066381156
67.25107066381156
67.25107066381156
67.25107066381156
67.25107066381156
67.25107066381156
67.25107066381156
67.25107066381156
67.25107066381156
67.25107066381156
67.11723768736617
66.2473233404711
66.2473233404711
66.2473233404711
72.02890792291221
78.29229122055675
78.29229122055675
78.29229122055675
78.29229122055675
78.29229122055675
78.29229122055675
78.29229122055675
68.38865096359743
68.25481798715204
68.25481798715204
68.25481798715204
68.25481798715204
68.25481798715204
68.25481798715204
68.25481798715204
68.25481798715204
68.25481798715204
68.25481798715204
67.5990364025696
67.25107066381156
67.25107066381156
67.25107066381156
67.25107066381156
67.25107066381156
67.25107066381156
67.25107066381156
67.25107066381156
67.25107066381156
67.25107066381156
67.25107066381156
67.25107066381156
67.25107066381156
67.25107066381156
67.25107066381156
78.73394004282656
80.29978586723769
80.29978586723769
80.29978586723769
80.29978586723769
80.29978586723769
80.29978586723769
80.29978586723769
69.6600642398287
65.24357601713062
65.24357601713062
65.24357601713062
65.24357601713062
65.24357601713062
65.24357601713062
65.24357601713062
65.24357601713062
65.24357601713062
65.24357601713062
65.24357601713062
66.00642398286938
66.2473233404711
66.2473233404711
66.2473233404711
72.83190578158458
