1.030118708917885
1.030118708917885
1.030118708917885
1.030118708917885
1.030118708917885
1.030118708917885
1.030118708917885
1.030118708917885
1.030118708917885
1.030118708917885
1.030118708917885
1.030118708917885
1.030118708917885
1.030118708917885
1.030118708917885
1.030118708917885
1.030118708917885
0.14715981555969784
0.0
0.0
0.0
0.0
0.0
0.0
0.0
0.0
0.0
0.0
0.0
0.0
0.0
0.0
0.0
0.0
0.0
0.0
0.0
1.030118708917885
1.030118708917885
1.030118708917885
1.030118708917885
1.030118708917885
1.030118708917885
1.030118708917885
1.030118708917885
1.030118708917885
1.030118708917885
1.030118708917885
1.030118708917885
1.030118708917885
1.030118708917885
1.4715981555969784
2.06023741783577
2.06023741783577
2.06023741783577
2.06023741783577
2.06023741783577
2.06023741783577
2.06023741783577
2.06023741783577
2.06023741783577
2.06023741783577
2.06023741783577
2.9431963111939567
3.0903561267536546
3.0903561267536546
3.0903561267536546
3.0903561267536546
3.0903561267536546
3.0903561267536546
3.0903561267536546
3.0903561267536546
3.0903561267536546
3.0903561267536546
3.0903561267536546
3.0903561267536546
3.0903561267536546
3.0903561267536546
3.8261552045521436
4.12047483567154
4.12047483567154
4.12047483567154
4.12047483567154
4.12047483567154
4.12047483567154
4.12047483567154
4.12047483567154
4.12047483567154
4.12047483567154
4.12047483567154
4.12047483567154
4.12047483567154
4.12047483567154
4.12047483567154
4.12047483567154
4.12047483567154
4.12047483567154
4.12047483567154
4.12047483567154
4.12047483567154
4.12047483567154
4.12047483567154
4.12047483567154
4.12047483567154
4.12047483567154
4.12047483567154
4.12047483567154
4.12047483567154
4.12047483567154
4.12047483567154
4.12047483567154
4.12047483567154
4.12047483567154
4.12047483567154
4.12047483567154
4.12047483567154
4.12047483567154
4.12047483567154
4.12047483567154
4.12047483567154
4.12047483567154
3.3356224860198176
3.0903561267536546
3.0903561267536546
3.0903561267536546
3.0903561267536546
3.0903561267536546
3.0903561267536546
3.0903561267536546
3.0903561267536546
3.0903561267536546
3.0903561267536546
3.0903561267536546
3.0903561267536546
3.0903561267536546
3.0903561267536546
3.0903561267536546
3.0903561267536546
3.0903561267536546
3.0903561267536546
3.0903561267536546
3.0903561267536546
3.0903561267536546
3.0903561267536546
3.0903561267536546
3.0903561267536546
3.0903561267536546
3.0903561267536546
3.0903561267536546
3.0903561267536546
3.8752084764053762
4.12047483567154
4.12047483567154
4.12047483567154
4.12047483567154
4.12047483567154
4.12047483567154
4.12047483567154
4.12047483567154
4.12047483567154
5.052487000882959
5.150593544589424
5.150593544589424
5.150593544589424
5.150593544589424
5.150593544589424
5.150593544589424
5.150593544589424
5.150593544589424
5.150593544589424
5.150593544589424
5.150593544589424
5.150593544589424
5.150593544589424
5.150593544589424
5.150593544589424
5.150593544589424
5.150593544589424
5.150593544589424
5.150593544589424
5.150593544589424
5.150593544589424
5.150593544589424
5.150593544589424
5.150593544589424
5.150593544589424
5.150593544589424
5.150593544589424
5.150593544589424
5.150593544589424
5.150593544589424
5.150593544589424
5.150593544589424
5.150593544589424
5.150593544589424
5.150593544589424
5.150593544589424
5.150593544589424
5.150593544589424
4.267634651231237
4.12047483567154
4.12047483567154
4.12047483567154
4.12047483567154
4.12047483567154
4.12047483567154
4.12047483567154
4.12047483567154
3.9733150201118415
3.0903561267536546
3.0903561267536546
3.0903561267536546
3.0903561267536546
3.0903561267536546
3.0903561267536546
3.0903561267536546
3.0903561267536546
2.796036495634259
2.06023741783577
2.06023741783577
2.06023741783577
2.06023741783577
2.06023741783577
2.06023741783577
2.06023741783577
2.06023741783577
2.06023741783577
2.06023741783577
2.06023741783577
2.06023741783577
2.06023741783577
2.06023741783577
2.06023741783577
2.06023741783577
2.06023741783577
2.06023741783577
3.041302854900422
3.0903561267536546
3.0903561267536546
3.0903561267536546
3.0903561267536546
3.0903561267536546
3.0903561267536546
3.0903561267536546
3.0903561267536546
3.0903561267536546
3.3356224860198176
4.12047483567154
4.12047483567154
4.12047483567154
4.12047483567154
4.12047483567154
4.12047483567154
4.12047483567154
4.12047483567154
4.12047483567154
4.12047483567154
4.12047483567154
4.12047483567154
4.12047483567154
4.12047483567154
4.12047483567154
4.12047483567154
4.12047483567154
4.12047483567154
4.12047483567154
4.12047483567154
4.12047483567154
4.12047483567154
4.12047483567154
4.12047483567154
4.12047483567154
4.12047483567154
4.12047483567154
4.12047483567154
4.12047483567154
4.12047483567154
4.12047483567154
4.12047483567154
4.12047483567154
4.12047483567154
4.12047483567154
4.12047483567154
4.12047483567154
4.12047483567154
4.12047483567154
4.12047483567154
4.12047483567154
4.12047483567154
4.12047483567154
4.12047483567154
4.12047483567154
4.12047483567154
4.12047483567154
4.12047483567154
4.12047483567154
4.12047483567154
4.12047483567154
4.12047483567154
4.12047483567154
4.12047483567154
4.12047483567154
4.12047483567154
4.12047483567154
4.12047483567154
4.12047483567154
4.12047483567154
4.12047483567154
4.12047483567154
4.12047483567154
4.12047483567154
4.12047483567154
4.12047483567154
4.12047483567154
4.12047483567154
4.12047483567154
4.12047483567154
4.12047483567154
4.12047483567154
4.12047483567154
4.12047483567154
4.12047483567154
4.12047483567154
4.12047483567154
4.12047483567154
4.12047483567154
4.12047483567154
4.12047483567154
4.218581379378005
5.150593544589424
5.150593544589424
5.150593544589424
5.150593544589424
5.150593544589424
5.150593544589424
5.150593544589424
5.150593544589424
5.150593544589424
5.150593544589424
5.150593544589424
5.150593544589424
5.150593544589424
5.150593544589424
5.150593544589424
5.150593544589424
5.150593544589424
5.150593544589424
5.150593544589424
5.150593544589424
5.150593544589424
5.150593544589424
5.150593544589424
4.954380457176494
4.12047483567154
4.12047483567154
4.12047483567154
4.12047483567154
4.12047483567154
4.12047483567154
4.12047483567154
4.12047483567154
4.12047483567154
4.12047483567154
4.12047483567154
4.12047483567154
4.12047483567154
4.12047483567154
4.12047483567154
4.12047483567154
4.12047483567154
4.12047483567154
4.12047483567154
4.12047483567154
4.12047483567154
4.12047483567154
4.12047483567154
4.12047483567154
4.12047483567154
4.12047483567154
4.12047483567154
4.12047483567154
3.2375159423133524
3.0903561267536546
3.0903561267536546
3.0903561267536546
3.0903561267536546
3.0903561267536546
3.0903561267536546
3.0903561267536546
3.0903561267536546
3.0903561267536546
3.0903561267536546
3.0903561267536546
3.041302854900422
2.06023741783577
2.06023741783577
2.06023741783577
2.06023741783577
2.06023741783577
2.06023741783577
2.06023741783577
2.06023741783577
2.06023741783577
2.06023741783577
2.06023741783577
2.06023741783577
2.06023741783577
2.06023741783577
2.06023741783577
2.06023741783577
2.06023741783577
2.06023741783577
2.06023741783577
2.06023741783577
2.06023741783577
2.06023741783577
2.06023741783577
2.06023741783577
2.06023741783577
2.06023741783577
2.06023741783577
2.06023741783577
2.06023741783577
2.06023741783577
2.6979299519277937
3.0903561267536546
3.0903561267536546
3.0903561267536546
3.0903561267536546
3.0903561267536546
3.0903561267536546
3.0903561267536546
3.9733150201118415
4.12047483567154
4.12047483567154
4.12047483567154
4.12047483567154
4.12047483567154
4.12047483567154
4.12047483567154
4.12047483567154
4.12047483567154
5.150593544589424
5.150593544589424
5.150593544589424
5.150593544589424
5.150593544589424
5.150593544589424
5.150593544589424
5.150593544589424
5.150593544589424
5.150593544589424
5.150593544589424
5.150593544589424
5.150593544589424
4.807220641616796
4.12047483567154
4.12047483567154
4.12047483567154
4.12047483567154
4.12047483567154
4.12047483567154
4.12047483567154
4.12047483567154
4.12047483567154
4.12047483567154
4.12047483567154
4.12047483567154
4.12047483567154
4.12047483567154
4.12047483567154
3.777101932698911
3.0903561267536546
3.0903561267536546
3.0903561267536546
3.0903561267536546
3.0903561267536546
3.0903561267536546
3.0903561267536546
3.0903561267536546
3.0903561267536546
3.0903561267536546
3.0903561267536546
3.0903561267536546
3.0903561267536546
2.796036495634259
2.06023741783577
2.06023741783577
2.06023741783577
2.06023741783577
2.06023741783577
2.06023741783577
2.06023741783577
2.06023741783577
2.06023741783577
2.06023741783577
2.06023741783577
2.06023741783577
2.06023741783577
2.06023741783577
2.06023741783577
2.06023741783577
2.06023741783577
2.06023741783577
2.06023741783577
2.06023741783577
2.06023741783577
2.06023741783577
2.06023741783577
2.06023741783577
2.06023741783577
2.9922495830471894
3.0903561267536546
3.0903561267536546
3.0903561267536546
3.0903561267536546
3.0903561267536546
3.0903561267536546
3.0903561267536546
3.0903561267536546
3.1884626704601198
4.12047483567154
4.12047483567154
4.12047483567154
4.12047483567154
4.12047483567154
4.12047483567154
4.12047483567154
4.12047483567154
4.12047483567154
4.12047483567154
4.12047483567154
4.12047483567154
4.12047483567154
4.12047483567154
4.12047483567154
4.12047483567154
4.12047483567154
4.12047483567154
4.12047483567154
4.12047483567154
4.12047483567154
4.12047483567154
4.12047483567154
4.12047483567154
4.12047483567154
4.12047483567154
4.12047483567154
4.12047483567154
4.12047483567154
4.12047483567154
4.12047483567154
4.12047483567154
4.12047483567154
4.12047483567154
4.12047483567154
4.12047483567154
4.12047483567154
4.12047483567154
4.12047483567154
4.12047483567154
4.12047483567154
4.12047483567154
4.12047483567154
4.12047483567154
4.12047483567154
4.12047483567154
4.12047483567154
4.758167369763563
5.150593544589424
5.150593544589424
5.150593544589424
5.150593544589424
5.150593544589424
5.150593544589424
5.150593544589424
5.150593544589424
5.150593544589424
5.150593544589424
5.150593544589424
5.150593544589424
5.150593544589424
5.150593544589424
5.150593544589424
5.150593544589424
5.150593544589424
5.150593544589424
5.150593544589424
5.150593544589424
5.150593544589424
5.150593544589424
5.150593544589424
5.150593544589424
5.150593544589424
5.150593544589424
5.150593544589424
5.150593544589424
5.150593544589424
5.150593544589424
5.150593544589424
5.150593544589424
5.150593544589424
5.150593544589424
5.150593544589424
5.150593544589424
5.150593544589424
5.150593544589424
5.150593544589424
5.150593544589424
5.150593544589424
5.150593544589424
5.150593544589424
5.150593544589424
5.150593544589424
5.150593544589424
5.150593544589424
5.150593544589424
4.954380457176494
4.12047483567154
4.12047483567154
4.12047483567154
4.12047483567154
4.12047483567154
4.12047483567154
4.12047483567154
4.12047483567154
4.12047483567154
4.12047483567154
4.12047483567154
4.12047483567154
4.12047483567154
4.12047483567154
4.12047483567154
4.12047483567154
4.12047483567154
4.12047483567154
4.12047483567154
4.12047483567154
4.12047483567154
4.12047483567154
4.12047483567154
4.12047483567154
4.12047483567154
4.12047483567154
4.12047483567154
4.12047483567154
3.0903561267536546
3.0903561267536546
3.0903561267536546
3.0903561267536546
3.0903561267536546
3.0903561267536546
3.0903561267536546
3.0903561267536546
3.0903561267536546
3.0903561267536546
3.0903561267536546
3.0903561267536546
3.0903561267536546
3.0903561267536546
3.0903561267536546
3.0903561267536546
3.0903561267536546
3.0903561267536546
2.894143039340724
2.06023741783577
2.06023741783577
2.06023741783577
2.06023741783577
2.06023741783577
2.06023741783577
2.06023741783577
2.06023741783577
2.06023741783577
2.06023741783577
2.06023741783577
2.06023741783577
2.06023741783577
2.06023741783577
2.06023741783577
2.06023741783577
2.06023741783577
2.06023741783577
2.06023741783577
2.06023741783577
2.06023741783577
2.06023741783577
2.06023741783577
2.06023741783577
1.4225448837437458
1.030118708917885
1.030118708917885
1.030118708917885
1.030118708917885
1.030118708917885
1.030118708917885
1.030118708917885
1.030118708917885
1.030118708917885
1.030118708917885
1.030118708917885
1.030118708917885
0.0
0.0
0.0
0.0
0.0
0.0
0.0
0.0
0.0
0.0
0.0
0.0
0.0
0.0
0.0
0.0
0.0
0.0
0.0
0.0
0.0
0.0
0.0
0.0
0.0
0.0
0.0
0.0
0.0
0.0
0.0
0.0
0.0
0.0
0.0
0.0
0.0
0.0
0.0
0.0
0.0
0.0
0.0
0.0
0.0
0.0
0.0
0.0
0.0
0.0
0.0
0.0
0.0
0.0
0.0
0.0
0.0
0.5395859903855588
1.030118708917885
1.030118708917885
1.030118708917885
1.030118708917885
1.030118708917885
1.520651427450211
2.06023741783577
2.06023741783577
2.06023741783577
2.06023741783577
2.06023741783577
2.5017168645148633
3.0903561267536546
3.0903561267536546
3.0903561267536546
3.0903561267536546
3.0903561267536546
3.0903561267536546
3.0903561267536546
3.531835573432748
4.12047483567154
4.12047483567154
4.12047483567154
4.12047483567154
4.12047483567154
4.12047483567154
4.12047483567154
4.12047483567154
4.12047483567154
4.12047483567154
4.12047483567154
4.12047483567154
4.12047483567154
4.12047483567154
4.12047483567154
4.12047483567154
4.12047483567154
4.12047483567154
4.12047483567154
4.12047483567154
4.12047483567154
4.12047483567154
4.12047483567154
4.12047483567154
4.12047483567154
4.12047483567154
4.12047483567154
4.12047483567154
4.12047483567154
4.12047483567154
4.12047483567154
4.12047483567154
4.12047483567154
4.12047483567154
4.12047483567154
4.12047483567154
4.12047483567154
4.12047483567154
4.12047483567154
4.12047483567154
4.12047483567154
4.12047483567154
4.12047483567154
4.12047483567154
4.12047483567154
4.12047483567154
4.12047483567154
4.12047483567154
4.12047483567154
4.12047483567154
4.12047483567154
4.12047483567154
4.12047483567154
4.12047483567154
4.12047483567154
4.12047483567154
4.12047483567154
4.12047483567154
4.12047483567154
4.12047483567154
4.12047483567154
4.12047483567154
4.807220641616796
5.150593544589424
5.150593544589424
5.150593544589424
5.150593544589424
5.150593544589424
5.150593544589424
5.150593544589424
5.150593544589424
5.150593544589424
5.150593544589424
5.150593544589424
5.150593544589424
5.150593544589424
5.150593544589424
4.267634651231237
4.12047483567154
4.12047483567154
4.12047483567154
4.12047483567154
4.12047483567154
4.12047483567154
4.12047483567154
4.12047483567154
4.12047483567154
4.12047483567154
4.12047483567154
4.12047483567154
3.38467575787305
3.0903561267536546
3.0903561267536546
3.0903561267536546
3.0903561267536546
3.0903561267536546
3.0903561267536546
3.0903561267536546
2.550770136368096
2.06023741783577
2.06023741783577
2.06023741783577
2.06023741783577
2.06023741783577
2.06023741783577
2.06023741783577
2.06023741783577
1.3244383400372806
1.030118708917885
1.030118708917885
1.030118708917885
1.030118708917885
1.030118708917885
1.030118708917885
1.030118708917885
1.030118708917885
1.030118708917885
1.030118708917885
1.030118708917885
1.030118708917885
1.030118708917885
1.030118708917885
1.030118708917885
1.030118708917885
1.030118708917885
1.030118708917885
1.8149710585696066
2.06023741783577
2.06023741783577
2.06023741783577
2.06023741783577
2.06023741783577
2.06023741783577
2.06023741783577
2.5998234082213285
3.0903561267536546
3.0903561267536546
3.0903561267536546
3.0903561267536546
3.0903561267536546
3.0903561267536546
3.0903561267536546
4.12047483567154
4.12047483567154
4.12047483567154
4.12047483567154
