74.144280762565
74.144280762565
74.144280762565
74.144280762565
74.144280762565
74.144280762565
74.144280762565
74.144280762565
74.144280762565
74.9025129982669
81.15792894280763
81.15792894280763
81.15792894280763
81.15792894280763
81.15792894280763
81.15792894280763
81.15792894280763
81.15792894280763
81.15792894280763
81.15792894280763
79.64146447140382
73.14233102253033
73.14233102253033
73.14233102253033
73.14233102253033
73.14233102253033
73.14233102253033
73.14233102253033
73.14233102253033
73.14233102253033
73.14233102253033
72.65489601386483
71.138431542461
71.138431542461
71.138431542461
71.138431542461
71.138431542461
71.138431542461
71.138431542461
71.138431542461
71.138431542461
71.138431542461
71.138431542461
71.138431542461
71.138431542461
71.138431542461
71.138431542461
71.138431542461
71.138431542461
71.138431542461
71.138431542461
71.138431542461
71.138431542461
71.138431542461
71.138431542461
71.138431542461
71.138431542461
71.138431542461
71.138431542461
71.138431542461
71.138431542461
49.98916811091855
24.994584055459274
26.050693240901214
26.050693240901214
26.050693240901214
26.050693240901214
26.050693240901214
26.050693240901214
54.145905545927214
109.21252166377818
109.21252166377818
109.21252166377818
109.21252166377818
109.21252166377818
148.81661611785097
154.30025996533797
154.30025996533797
154.30025996533797
154.30025996533797
154.30025996533797
154.30025996533797
154.30025996533797
154.30025996533797
100.92612651646448
81.15792894280763
81.15792894280763
81.15792894280763
81.15792894280763
81.15792894280763
81.15792894280763
81.15792894280763
81.15792894280763
81.15792894280763
81.15792894280763
76.28357885615252
72.14038128249567
72.14038128249567
72.14038128249567
72.14038128249567
72.14038128249567
72.14038128249567
72.14038128249567
72.14038128249567
72.14038128249567
72.14038128249567
72.14038128249567
69.29701039861352
65.12673310225304
65.12673310225304
65.12673310225304
65.12673310225304
65.12673310225304
65.12673310225304
65.12673310225304
65.12673310225304
65.12673310225304
65.12673310225304
65.12673310225304
66.48071923743501
67.13063258232236
67.13063258232236
67.13063258232236
67.13063258232236
67.13063258232236
67.13063258232236
67.13063258232236
67.13063258232236
67.13063258232236
67.13063258232236
67.78054592720972
70.13648180242635
70.13648180242635
70.13648180242635
70.13648180242635
70.13648180242635
70.13648180242635
70.13648180242635
70.13648180242635
70.13648180242635
70.13648180242635
71.81542461005199
74.144280762565
74.144280762565
74.144280762565
74.144280762565
74.144280762565
74.144280762565
74.144280762565
74.144280762565
74.144280762565
74.144280762565
74.144280762565
69.6896663778163
67.13063258232236
67.13063258232236
67.13063258232236
67.13063258232236
67.13063258232236
67.13063258232236
67.13063258232236
67.13063258232236
67.13063258232236
67.13063258232236
72.49241767764299
73.14233102253033
73.14233102253033
73.14233102253033
73.14233102253033
73.14233102253033
73.14233102253033
73.14233102253033
73.14233102253033
73.14233102253033
73.14233102253033
71.9508232235702
69.13453206239168
69.13453206239168
69.13453206239168
69.13453206239168
69.13453206239168
69.13453206239168
69.13453206239168
69.13453206239168
69.13453206239168
69.13453206239168
69.13453206239168
69.13453206239168
69.13453206239168
69.13453206239168
69.13453206239168
69.13453206239168
69.13453206239168
69.13453206239168
69.13453206239168
69.13453206239168
69.13453206239168
69.13453206239168
69.13453206239168
69.13453206239168
69.13453206239168
69.13453206239168
69.13453206239168
69.13453206239168
69.13453206239168
36.12435008665511
26.050693240901214
26.050693240901214
26.050693240901214
26.050693240901214
26.050693240901214
26.050693240901214
47.64677209705373
171.33340554592723
171.33340554592723
171.33340554592723
166.8652512998267
156.3041594454073
156.3041594454073
156.3041594454073
156.3041594454073
156.3041594454073
156.3041594454073
131.25541594454074
106.20667244367418
106.20667244367418
106.20667244367418
124.97292027729637
172.3353552859619
172.3353552859619
172.3353552859619
172.3353552859619
172.3353552859619
172.3353552859619
138.49924176776432
121.23591854419412
121.23591854419412
121.23591854419412
149.01971403812826
178.34705372616986
178.34705372616986
178.34705372616986
178.34705372616986
178.34705372616986
178.34705372616986
142.07376516464473
131.25541594454074
131.25541594454074
131.25541594454074
175.44952339688044
179.34900346620452
179.34900346620452
179.34900346620452
179.34900346620452
179.34900346620452
156.3041594454073
133.25931542461007
133.25931542461007
133.25931542461007
150.0758232235702
179.34900346620452
179.34900346620452
179.34900346620452
179.34900346620452
179.34900346620452
179.34900346620452
155.08557192374352
123.23981802426344
123.23981802426344
123.23981802426344
154.88247400346623
180.35095320623918
180.35095320623918
180.35095320623918
180.35095320623918
180.35095320623918
180.35095320623918
180.35095320623918
134.992417677643
113.22032062391682
113.22032062391682
113.22032062391682
178.45537261698442
179.34900346620452
179.34900346620452
179.34900346620452
179.34900346620452
179.34900346620452
179.34900346620452
170.33145580589257
170.33145580589257
170.33145580589257
169.8846403812825
169.32950606585788
169.32950606585788
169.32950606585788
169.32950606585788
169.32950606585788
169.32950606585788
169.32950606585788
98.16399480069325
97.18912478336223
97.18912478336223
97.18912478336223
97.18912478336223
102.55090987868284
141.27491334488735
141.27491334488735
141.27491334488735
141.27491334488735
141.27491334488735
141.27491334488735
141.27491334488735
141.27491334488735
141.27491334488735
96.78292894280763
79.15402946273831
79.15402946273831
79.15402946273831
79.15402946273831
79.15402946273831
79.15402946273831
79.15402946273831
79.15402946273831
79.15402946273831
79.15402946273831
74.52339688041594
70.13648180242635
70.13648180242635
70.13648180242635
70.13648180242635
70.13648180242635
70.13648180242635
70.13648180242635
70.13648180242635
70.13648180242635
70.13648180242635
71.92374350086655
73.14233102253033
73.14233102253033
73.14233102253033
73.14233102253033
73.14233102253033
73.14233102253033
73.14233102253033
73.14233102253033
73.14233102253033
73.14233102253033
75.94508232235702
76.14818024263433
76.14818024263433
76.14818024263433
76.14818024263433
76.14818024263433
76.14818024263433
76.14818024263433
76.14818024263433
76.14818024263433
76.14818024263433
76.14818024263433
76.14818024263433
76.14818024263433
76.14818024263433
76.14818024263433
76.14818024263433
76.14818024263433
76.14818024263433
76.14818024263433
76.14818024263433
76.14818024263433
48.391464471403815
35.06824090121317
35.06824090121317
35.06824090121317
35.06824090121317
35.06824090121317
35.06824090121317
35.06824090121317
35.06824090121317
35.06824090121317
35.06824090121317
41.51321490467938
69.13453206239168
69.13453206239168
69.13453206239168
69.13453206239168
69.13453206239168
69.13453206239168
69.13453206239168
69.13453206239168
69.13453206239168
69.13453206239168
69.13453206239168
69.13453206239168
65.39753032928944
65.12673310225304
65.12673310225304
65.12673310225304
65.12673310225304
65.12673310225304
65.12673310225304
65.12673310225304
65.12673310225304
65.12673310225304
65.12673310225304
73.14233102253033
73.14233102253033
73.14233102253033
73.14233102253033
73.14233102253033
73.14233102253033
73.14233102253033
73.14233102253033
73.14233102253033
73.14233102253033
73.81932409012133
75.14623050259966
75.14623050259966
75.14623050259966
75.14623050259966
75.14623050259966
75.14623050259966
75.14623050259966
75.14623050259966
75.14623050259966
75.14623050259966
75.14623050259966
69.0803726169844
68.13258232235702
68.13258232235702
68.13258232235702
68.13258232235702
68.13258232235702
68.13258232235702
68.13258232235702
68.13258232235702
68.13258232235702
68.13258232235702
67.99718370883883
67.13063258232236
67.13063258232236
67.13063258232236
67.13063258232236
67.13063258232236
67.13063258232236
67.13063258232236
67.13063258232236
67.13063258232236
68.71479636048528
80.15597920277297
80.15597920277297
80.15597920277297
80.15597920277297
80.15597920277297
80.15597920277297
80.15597920277297
80.15597920277297
80.15597920277297
80.60279462738302
83.16182842287695
83.16182842287695
83.16182842287695
83.16182842287695
83.16182842287695
83.16182842287695
83.16182842287695
83.16182842287695
83.16182842287695
82.47129549393415
82.15987868284229
82.15987868284229
82.15987868284229
82.15987868284229
82.15987868284229
82.15987868284229
82.15987868284229
82.15987868284229
85.20634748700174
87.16962738301561
87.16962738301561
87.16962738301561
87.16962738301561
87.16962738301561
87.16962738301561
87.16962738301561
87.16962738301561
87.16962738301561
87.16962738301561
87.16962738301561
77.69172443674178
67.13063258232236
67.13063258232236
67.13063258232236
67.13063258232236
67.13063258232236
67.13063258232236
67.13063258232236
67.13063258232236
67.13063258232236
67.13063258232236
68.26798093587522
71.138431542461
71.138431542461
71.138431542461
71.138431542461
71.138431542461
71.138431542461
71.138431542461
71.138431542461
71.138431542461
71.138431542461
71.138431542461
71.138431542461
71.138431542461
71.138431542461
71.138431542461
71.138431542461
71.138431542461
71.138431542461
71.138431542461
71.138431542461
71.138431542461
71.138431542461
71.138431542461
71.138431542461
71.138431542461
71.138431542461
71.138431542461
71.138431542461
71.138431542461
39.65825389948007
26.050693240901214
26.050693240901214
26.050693240901214
26.050693240901214
26.050693240901214
26.050693240901214
114.42536828422878
133.25931542461007
133.25931542461007
133.25931542461007
133.25931542461007
133.25931542461007
146.96165511265167
155.30220970537263
155.30220970537263
155.30220970537263
155.30220970537263
135.0601169844021
132.2573656845754
132.2573656845754
132.2573656845754
132.2573656845754
132.2573656845754
148.64059792027732
154.30025996533797
154.30025996533797
154.30025996533797
154.8012348353553
155.30220970537263
155.30220970537263
155.30220970537263
155.30220970537263
155.30220970537263
154.30025996533797
153.2983102253033
153.2983102253033
153.2983102253033
153.2983102253033
151.13193240901214
148.28856152513
148.28856152513
148.28856152513
148.28856152513
148.28856152513
151.74122616984403
153.2983102253033
153.2983102253033
153.2983102253033
153.21707105719238
150.29246100519933
150.29246100519933
150.29246100519933
150.29246100519933
150.29246100519933
156.7915944540728
165.32170710571924
165.32170710571924
165.32170710571924
165.2269280762565
158.30805892547662
158.30805892547662
158.30805892547662
158.30805892547662
158.30805892547662
157.9560225303293
145.282712305026
145.282712305026
145.282712305026
145.282712305026
146.0409445407279
147.28661178509532
147.28661178509532
147.28661178509532
147.28661178509532
147.28661178509532
147.28661178509532
147.28661178509532
137.78162911611787
108.21057192374352
108.21057192374352
108.21057192374352
108.21057192374352
108.21057192374352
108.21057192374352
108.21057192374352
108.21057192374352
100.89904679376085
78.15207972270365
78.15207972270365
78.15207972270365
78.15207972270365
78.15207972270365
78.15207972270365
78.15207972270365
78.15207972270365
78.15207972270365
82.05155979202773
84.16377816291161
84.16377816291161
84.16377816291161
84.16377816291161
84.16377816291161
84.16377816291161
84.16377816291161
84.16377816291161
84.16377816291161
84.16377816291161
76.59499566724438
71.138431542461
71.138431542461
71.138431542461
71.138431542461
71.138431542461
71.138431542461
71.138431542461
71.138431542461
71.138431542461
72.62781629116118
76.14818024263433
76.14818024263433
76.14818024263433
76.14818024263433
76.14818024263433
76.14818024263433
76.14818024263433
76.14818024263433
76.14818024263433
77.77296360485269
81.15792894280763
81.15792894280763
81.15792894280763
81.15792894280763
81.15792894280763
81.15792894280763
81.15792894280763
81.15792894280763
81.91616117850954
88.17157712305027
88.17157712305027
88.17157712305027
88.17157712305027
88.17157712305027
88.17157712305027
88.17157712305027
88.17157712305027
88.17157712305027
87.19670710571924
80.15597920277297
80.15597920277297
80.15597920277297
80.15597920277297
80.15597920277297
80.15597920277297
80.15597920277297
80.15597920277297
80.15597920277297
80.15597920277297
77.55632582322357
77.15012998266899
77.15012998266899
77.15012998266899
77.15012998266899
77.15012998266899
77.15012998266899
77.15012998266899
77.15012998266899
77.15012998266899
76.22941941074524
75.14623050259966
75.14623050259966
75.14623050259966
75.14623050259966
75.14623050259966
75.14623050259966
75.14623050259966
75.14623050259966
75.14623050259966
77.92190207972271
80.15597920277297
80.15597920277297
80.15597920277297
80.15597920277297
80.15597920277297
80.15597920277297
80.15597920277297
80.15597920277297
80.15597920277297
83.62218370883883
84.16377816291161
84.16377816291161
84.16377816291161
84.16377816291161
84.16377816291161
84.16377816291161
84.16377816291161
84.16377816291161
84.69183275563259
85.16572790294629
85.16572790294629
85.16572790294629
85.16572790294629
85.16572790294629
85.16572790294629
85.16572790294629
85.16572790294629
85.16572790294629
85.16572790294629
85.16572790294629
85.16572790294629
85.16572790294629
85.16572790294629
85.16572790294629
85.16572790294629
66.68381715771231
46.08968804159446
46.08968804159446
46.08968804159446
46.08968804159446
46.08968804159446
46.08968804159446
46.08968804159446
46.08968804159446
62.581239168110926
88.17157712305027
88.17157712305027
88.17157712305027
88.17157712305027
88.17157712305027
88.17157712305027
88.17157712305027
88.17157712305027
88.17157712305027
88.17157712305027
88.17157712305027
88.17157712305027
88.17157712305027
88.17157712305027
88.17157712305027
88.17157712305027
88.17157712305027
88.17157712305027
53.91572790294628
42.081889081455806
42.081889081455806
42.081889081455806
42.081889081455806
42.081889081455806
42.081889081455806
42.081889081455806
42.081889081455806
42.081889081455806
70.59683708838821
81.15792894280763
81.15792894280763
81.15792894280763
81.15792894280763
81.15792894280763
81.15792894280763
81.15792894280763
81.15792894280763
82.72855285961873
85.16572790294629
85.16572790294629
85.16572790294629
85.16572790294629
85.16572790294629
85.16572790294629
85.16572790294629
85.16572790294629
85.16572790294629
83.459705372617
79.15402946273831
79.15402946273831
79.15402946273831
79.15402946273831
79.15402946273831
79.15402946273831
79.15402946273831
79.15402946273831
79.4925259965338
84.16377816291161
84.16377816291161
84.16377816291161
84.16377816291161
84.16377816291161
84.16377816291161
84.16377816291161
84.16377816291161
84.16377816291161
83.96068024263433
83.16182842287695
83.16182842287695
83.16182842287695
83.16182842287695
83.16182842287695
83.16182842287695
83.16182842287695
83.16182842287695
83.16182842287695
83.16182842287695
83.16182842287695
83.16182842287695
83.16182842287695
83.16182842287695
83.16182842287695
83.16182842287695
83.16182842287695
83.16182842287695
83.16182842287695
83.16182842287695
83.16182842287695
83.16182842287695
83.16182842287695
83.16182842287695
83.16182842287695
83.16182842287695
83.16182842287695
83.16182842287695
83.16182842287695
41.580914211438476
6.76993067590988
25.048743500866554
25.048743500866554
25.048743500866554
25.048743500866554
25.048743500866554
25.048743500866554
98.32647313691508
148.28856152513
148.28856152513
148.28856152513
148.28856152513
148.28856152513
148.28856152513
133.12391681109187
92.17937608318891
92.17937608318891
92.17937608318891
92.17937608318891
92.17937608318891
92.17937608318891
92.17937608318891
92.17937608318891
91.16388648180244
87.16962738301561
87.16962738301561
87.16962738301561
87.16962738301561
87.16962738301561
87.16962738301561
87.16962738301561
87.16962738301561
87.16962738301561
86.60095320623917
81.15792894280763
81.15792894280763
81.15792894280763
81.15792894280763
81.15792894280763
81.15792894280763
81.15792894280763
81.15792894280763
81.15792894280763
81.15792894280763
81.15792894280763
81.15792894280763
81.15792894280763
81.15792894280763
81.15792894280763
81.15792894280763
81.15792894280763
81.15792894280763
81.15792894280763
81.15792894280763
81.15792894280763
81.15792894280763
81.15792894280763
81.15792894280763
81.15792894280763
81.15792894280763
81.15792894280763
81.15792894280763
81.15792894280763
49.35279462738302
14.433492201039863
26.050693240901214
26.050693240901214
26.050693240901214
26.050693240901214
26.050693240901214
26.050693240901214
26.050693240901214
26.050693240901214
26.050693240901214
26.050693240901214
26.050693240901214
26.050693240901214
26.050693240901214
26.050693240901214
26.050693240901214
26.050693240901214
26.050693240901214
26.050693240901214
26.050693240901214
26.050693240901214
26.050693240901214
26.050693240901214
26.050693240901214
26.050693240901214
26.050693240901214
26.050693240901214
26.050693240901214
26.050693240901214
26.050693240901214
0.0
0.0
20.986785095320627
25.048743500866554
25.048743500866554
25.048743500866554
25.048743500866554
25.048743500866554
73.34542894280763
148.28856152513
148.28856152513
148.28856152513
148.28856152513
148.28856152513
148.28856152513
148.28856152513
146.55545927209707
84.16377816291161
84.16377816291161
84.16377816291161
84.16377816291161
84.16377816291161
84.16377816291161
84.16377816291161
84.16377816291161
84.16377816291161
83.85236135181977
83.16182842287695
83.16182842287695
83.16182842287695
83.16182842287695
83.16182842287695
83.16182842287695
83.16182842287695
83.16182842287695
83.2566074523397
84.16377816291161
84.16377816291161
84.16377816291161
