9.311784223482821
9.311784223482821
8.847978879018159
8.27714153198473
8.27714153198473
8.27714153198473
8.27714153198473
8.27714153198473
8.27714153198473
8.27714153198473
7.706304184951301
7.242498840486639
7.242498840486639
7.242498840486639
7.242498840486639
7.242498840486639
7.242498840486639
7.242498840486639
7.242498840486639
7.242498840486639
7.242498840486639
7.242498840486639
7.242498840486639
7.242498840486639
7.242498840486639
7.242498840486639
7.242498840486639
7.242498840486639
7.242498840486639
7.242498840486639
7.242498840486639
7.242498840486639
7.242498840486639
7.242498840486639
7.242498840486639
7.242498840486639
7.242498840486639
7.242498840486639
7.242498840486639
7.242498840486639
7.242498840486639
7.242498840486639
7.242498840486639
7.242498840486639
7.242498840486639
7.242498840486639
7.242498840486639
7.242498840486639
7.242498840486639
7.242498840486639
7.242498840486639
7.242498840486639
7.242498840486639
7.242498840486639
7.242498840486639
7.242498840486639
7.242498840486639
7.242498840486639
7.242498840486639
7.242498840486639
7.242498840486639
7.242498840486639
7.242498840486639
7.242498840486639
7.242498840486639
7.242498840486639
7.242498840486639
7.242498840486639
7.242498840486639
7.242498840486639
7.242498840486639
7.242498840486639
7.242498840486639
7.242498840486639
7.242498840486639
7.242498840486639
7.242498840486639
7.242498840486639
7.242498840486639
7.242498840486639
7.242498840486639
7.242498840486639
7.242498840486639
7.242498840486639
7.242498840486639
7.242498840486639
7.242498840486639
7.242498840486639
7.242498840486639
7.242498840486639
7.242498840486639
7.242498840486639
7.242498840486639
7.242498840486639
7.242498840486639
7.242498840486639
7.242498840486639
7.242498840486639
7.242498840486639
7.242498840486639
7.242498840486639
7.242498840486639
7.242498840486639
7.242498840486639
7.242498840486639
7.242498840486639
7.242498840486639
6.743016161832388
7.028434835349103
7.242498840486639
7.242498840486639
7.242498840486639
7.242498840486639
7.242498840486639
7.242498840486639
7.242498840486639
7.242498840486639
7.242498840486639
7.242498840486639
7.242498840486639
7.242498840486639
7.242498840486639
7.242498840486639
7.135466837917871
6.207856148988547
6.207856148988547
6.207856148988547
6.207856148988547
6.207856148988547
6.207856148988547
6.207856148988547
6.207856148988547
6.207856148988547
6.207856148988547
6.207856148988547
6.207856148988547
6.207856148988547
6.207856148988547
6.207856148988547
6.207856148988547
6.207856148988547
6.207856148988547
6.207856148988547
6.207856148988547
6.207856148988547
6.207856148988547
6.207856148988547
6.207856148988547
6.207856148988547
6.207856148988547
6.207856148988547
6.207856148988547
6.207856148988547
6.207856148988547
6.207856148988547
6.207856148988547
6.207856148988547
6.207856148988547
6.207856148988547
6.207856148988547
6.207856148988547
6.207856148988547
6.207856148988547
6.207856148988547
6.207856148988547
6.207856148988547
6.207856148988547
6.207856148988547
6.207856148988547
6.207856148988547
6.207856148988547
6.207856148988547
6.207856148988547
6.207856148988547
6.207856148988547
6.207856148988547
6.207856148988547
6.207856148988547
6.207856148988547
6.207856148988547
6.207856148988547
6.207856148988547
6.207856148988547
6.207856148988547
6.207856148988547
6.207856148988547
6.207856148988547
6.207856148988547
6.207856148988547
6.207856148988547
6.207856148988547
6.207856148988547
6.207856148988547
6.207856148988547
6.207856148988547
6.207856148988547
6.207856148988547
6.207856148988547
6.207856148988547
6.207856148988547
6.207856148988547
6.207856148988547
6.207856148988547
6.207856148988547
6.207856148988547
6.207856148988547
6.207856148988547
6.207856148988547
6.207856148988547
6.207856148988547
6.207856148988547
6.207856148988547
6.207856148988547
6.207856148988547
6.207856148988547
6.207856148988547
6.207856148988547
6.207856148988547
6.207856148988547
6.207856148988547
6.207856148988547
6.207856148988547
6.207856148988547
6.207856148988547
6.207856148988547
6.207856148988547
6.207856148988547
6.207856148988547
6.207856148988547
6.207856148988547
6.207856148988547
6.207856148988547
6.207856148988547
6.207856148988547
6.207856148988547
6.207856148988547
6.207856148988547
6.207856148988547
6.207856148988547
6.207856148988547
6.207856148988547
6.207856148988547
6.207856148988547
6.207856148988547
6.207856148988547
6.207856148988547
6.207856148988547
6.207856148988547
6.207856148988547
6.207856148988547
6.207856148988547
6.207856148988547
6.207856148988547
6.207856148988547
6.207856148988547
6.207856148988547
6.207856148988547
6.207856148988547
6.207856148988547
6.207856148988547
6.207856148988547
6.207856148988547
6.207856148988547
6.207856148988547
6.207856148988547
6.207856148988547
6.207856148988547
6.207856148988547
6.207856148988547
6.207856148988547
6.814370830211566
7.242498840486639
7.242498840486639
7.242498840486639
7.242498840486639
7.242498840486639
7.242498840486639
7.242498840486639
7.242498840486639
6.243533483178137
6.207856148988547
6.207856148988547
6.457597488315673
7.242498840486639
7.135466837917871
6.207856148988547
6.207856148988547
6.207856148988547
6.207856148988547
6.207856148988547
6.207856148988547
6.207856148988547
6.207856148988547
6.207856148988547
6.207856148988547
6.207856148988547
6.8857254985907455
7.242498840486639
7.242498840486639
7.242498840486639
7.242498840486639
6.671661493453209
6.207856148988547
5.4943094651967606
5.173213457490457
4.138570765992365
4.138570765992365
4.138570765992365
4.138570765992365
4.138570765992365
4.138570765992365
4.138570765992365
4.138570765992365
4.138570765992365
4.138570765992365
4.138570765992365
4.138570765992365
4.138570765992365
3.924506760854829
3.1039280744942737
3.0682507403046846
2.0692853829961826
2.0692853829961826
2.0692853829961826
1.0703200256876806
1.0346426914980913
1.0346426914980913
1.0346426914980913
1.0346426914980913
1.0346426914980913
1.0346426914980913
1.0346426914980913
1.0346426914980913
1.0346426914980913
1.0346426914980913
1.0346426914980913
1.0346426914980913
1.0346426914980913
1.0346426914980913
1.0346426914980913
1.0346426914980913
1.0346426914980913
1.0346426914980913
1.0346426914980913
1.0346426914980913
1.0346426914980913
1.0346426914980913
1.0346426914980913
1.0346426914980913
1.0346426914980913
1.0346426914980913
1.0346426914980913
1.0346426914980913
1.0346426914980913
1.0346426914980913
1.0346426914980913
1.0346426914980913
1.0346426914980913
1.0346426914980913
1.2843840308252168
2.0692853829961826
2.0692853829961826
2.0692853829961826
2.9612187377359165
3.7104427557172928
4.745085447215384
5.851082807092654
6.921402832780335
8.063077526847193
9.775589567947483
11.737842948374897
13.735773662991901
15.769381711798495
17.695957758036318
19.408469799136608
21.120981840236897
22.476720539441292
23.689749901887332
24.617360590816656
24.83142459595419
24.83142459595419
24.83142459595419
24.83142459595419
24.83142459595419
24.83142459595419
24.83142459595419
24.36761925148953
23.7967819044561
23.7967819044561
23.011880552285135
22.762139212958008
22.441043205251702
21.727496521459916
21.727496521459916
21.727496521459916
21.727496521459916
21.727496521459916
21.727496521459916
21.727496521459916
21.727496521459916
21.727496521459916
21.727496521459916
21.727496521459916
21.727496521459916
21.727496521459916
21.727496521459916
21.370723179564024
20.692853829961827
20.692853829961827
20.692853829961827
20.692853829961827
20.692853829961827
20.692853829961827
20.692853829961827
20.692853829961827
21.477755182132793
21.727496521459916
21.727496521459916
21.727496521459916
21.727496521459916
21.727496521459916
21.727496521459916
21.727496521459916
21.727496521459916
21.727496521459916
21.727496521459916
21.727496521459916
21.691819187270326
20.692853829961827
20.692853829961827
20.692853829961827
20.692853829961827
20.692853829961827
20.692853829961827
20.692853829961827
20.692853829961827
20.692853829961827
20.692853829961827
20.692853829961827
20.692853829961827
20.692853829961827
20.692853829961827
21.192336508616076
21.727496521459916
21.727496521459916
21.727496521459916
21.727496521459916
21.727496521459916
21.727496521459916
21.727496521459916
21.727496521459916
21.727496521459916
22.441043205251702
22.762139212958008
22.762139212958008
22.762139212958008
22.762139212958008
22.762139212958008
22.762139212958008
22.762139212958008
22.762139212958008
22.762139212958008
22.762139212958008
22.762139212958008
22.762139212958008
22.762139212958008
22.762139212958008
22.762139212958008
22.762139212958008
22.762139212958008
22.762139212958008
22.762139212958008
22.762139212958008
22.762139212958008
22.762139212958008
22.762139212958008
22.762139212958008
22.762139212958008
22.762139212958008
22.762139212958008
22.762139212958008
22.762139212958008
22.762139212958008
22.762139212958008
22.762139212958008
22.762139212958008
22.762139212958008
22.762139212958008
22.762139212958008
22.762139212958008
22.762139212958008
22.762139212958008
22.762139212958008
22.762139212958008
22.762139212958008
22.762139212958008
22.762139212958008
22.762139212958008
22.69078454457883
21.870205858218274
21.727496521459916
21.727496521459916
21.727496521459916
21.727496521459916
21.727496521459916
21.727496521459916
21.727496521459916
21.727496521459916
21.727496521459916
21.727496521459916
21.727496521459916
21.727496521459916
21.727496521459916
21.727496521459916
21.727496521459916
21.727496521459916
21.727496521459916
21.727496521459916
21.727496521459916
21.727496521459916
22.61942987619965
22.762139212958008
22.762139212958008
22.762139212958008
22.762139212958008
22.762139212958008
22.762139212958008
22.762139212958008
22.762139212958008
22.762139212958008
22.762139212958008
22.762139212958008
22.762139212958008
22.762139212958008
22.762139212958008
22.762139212958008
22.762139212958008
22.762139212958008
22.762139212958008
22.762139212958008
22.762139212958008
22.762139212958008
22.762139212958008
22.762139212958008
22.762139212958008
22.762139212958008
22.762139212958008
22.762139212958008
22.762139212958008
22.762139212958008
22.762139212958008
22.762139212958008
22.762139212958008
22.762139212958008
22.762139212958008
22.762139212958008
22.762139212958008
22.762139212958008
22.762139212958008
22.762139212958008
22.762139212958008
22.762139212958008
22.762139212958008
22.762139212958008
22.762139212958008
22.762139212958008
22.762139212958008
22.762139212958008
22.762139212958008
22.762139212958008
22.762139212958008
22.762139212958008
22.762139212958008
22.762139212958008
22.762139212958008
22.762139212958008
22.762139212958008
22.762139212958008
22.762139212958008
22.762139212958008
22.762139212958008
22.762139212958008
22.762139212958008
22.762139212958008
22.334011202682934
21.727496521459916
21.727496521459916
21.727496521459916
21.727496521459916
21.727496521459916
21.727496521459916
21.727496521459916
21.727496521459916
21.727496521459916
21.727496521459916
21.727496521459916
21.727496521459916
21.727496521459916
21.727496521459916
21.727496521459916
21.727496521459916
21.727496521459916
21.727496521459916
21.727496521459916
21.727496521459916
21.727496521459916
21.727496521459916
21.727496521459916
21.727496521459916
21.727496521459916
21.727496521459916
21.727496521459916
21.727496521459916
21.727496521459916
21.727496521459916
21.727496521459916
21.727496521459916
21.727496521459916
21.727496521459916
21.727496521459916
21.727496521459916
21.727496521459916
21.727496521459916
21.727496521459916
21.727496521459916
21.727496521459916
21.727496521459916
21.727496521459916
21.727496521459916
21.727496521459916
21.727496521459916
21.727496521459916
21.727496521459916
21.727496521459916
21.727496521459916
21.727496521459916
21.727496521459916
21.727496521459916
21.727496521459916
21.727496521459916
21.727496521459916
21.727496521459916
21.727496521459916
21.727496521459916
21.727496521459916
21.727496521459916
21.727496521459916
21.727496521459916
21.727496521459916
21.727496521459916
21.727496521459916
21.727496521459916
21.727496521459916
21.727496521459916
21.727496521459916
21.727496521459916
21.727496521459916
21.727496521459916
21.727496521459916
21.727496521459916
21.727496521459916
21.727496521459916
21.727496521459916
21.727496521459916
21.727496521459916
21.727496521459916
21.727496521459916
21.727496521459916
22.476720539441292
22.762139212958008
22.762139212958008
22.762139212958008
22.762139212958008
22.762139212958008
22.762139212958008
22.762139212958008
22.762139212958008
22.762139212958008
22.762139212958008
22.833493881337187
23.7967819044561
23.7967819044561
23.7967819044561
23.7967819044561
23.7967819044561
23.7967819044561
23.7967819044561
23.7967819044561
24.653037925006245
24.83142459595419
24.83142459595419
24.83142459595419
24.83142459595419
24.83142459595419
24.83142459595419
24.83142459595419
24.83142459595419
24.83142459595419
24.83142459595419
24.83142459595419
24.83142459595419
24.83142459595419
24.83142459595419
24.83142459595419
24.83142459595419
24.83142459595419
24.83142459595419
24.83142459595419
24.83142459595419
24.83142459595419
24.83142459595419
24.83142459595419
24.83142459595419
24.83142459595419
24.83142459595419
24.83142459595419
24.83142459595419
24.83142459595419
24.83142459595419
24.83142459595419
24.83142459595419
24.83142459595419
24.83142459595419
24.83142459595419
24.83142459595419
24.83142459595419
24.83142459595419
24.83142459595419
24.83142459595419
24.83142459595419
24.83142459595419
24.83142459595419
24.83142459595419
24.83142459595419
24.83142459595419
24.83142459595419
24.83142459595419
24.83142459595419
24.83142459595419
24.83142459595419
24.83142459595419
24.83142459595419
24.83142459595419
24.83142459595419
24.83142459595419
24.83142459595419
24.83142459595419
24.438973919868708
23.7967819044561
22.869171215526777
22.762139212958008
21.834528524028684
21.727496521459916
21.727496521459916
21.727496521459916
21.727496521459916
21.727496521459916
21.727496521459916
21.727496521459916
21.727496521459916
21.727496521459916
21.727496521459916
20.692853829961827
20.692853829961827
20.692853829961827
20.692853829961827
20.692853829961827
20.692853829961827
20.692853829961827
20.692853829961827
20.692853829961827
20.692853829961827
20.692853829961827
20.692853829961827
20.692853829961827
20.692853829961827
20.692853829961827
20.692853829961827
20.692853829961827
20.692853829961827
20.692853829961827
20.692853829961827
20.050661814549215
19.658211138463734
19.658211138463734
19.658211138463734
19.658211138463734
19.658211138463734
19.658211138463734
19.658211138463734
19.658211138463734
19.658211138463734
18.73060044953441
18.623568446965642
18.623568446965642
18.623568446965642
18.623568446965642
18.623568446965642
18.623568446965642
18.623568446965642
18.623568446965642
18.623568446965642
18.623568446965642
18.623568446965642
18.33814977344893
17.588925755467553
17.588925755467553
17.588925755467553
17.588925755467553
17.588925755467553
17.588925755467553
17.588925755467553
17.588925755467553
17.588925755467553
17.588925755467553
17.588925755467553
17.588925755467553
17.588925755467553
17.588925755467553
17.588925755467553
17.588925755467553
17.588925755467553
17.588925755467553
17.588925755467553
17.588925755467553
17.588925755467553
17.588925755467553
17.588925755467553
17.588925755467553
17.588925755467553
17.588925755467553
17.588925755467553
17.588925755467553
17.588925755467553
17.588925755467553
17.588925755467553
17.588925755467553
17.588925755467553
17.588925755467553
17.588925755467553
17.588925755467553
17.588925755467553
17.588925755467553
17.588925755467553
17.588925755467553
17.588925755467553
17.588925755467553
17.517571087088374
16.55428306396946
16.55428306396946
16.55428306396946
16.55428306396946
16.55428306396946
16.55428306396946
16.55428306396946
16.55428306396946
16.55428306396946
16.55428306396946
16.55428306396946
16.55428306396946
16.55428306396946
16.55428306396946
16.55428306396946
16.55428306396946
16.55428306396946
16.55428306396946
16.55428306396946
16.447251061400692
15.519640372471368
15.519640372471368
15.519640372471368
15.519640372471368
15.519640372471368
15.519640372471368
15.519640372471368
15.519640372471368
15.519640372471368
15.519640372471368
15.519640372471368
15.519640372471368
15.519640372471368
15.519640372471368
15.519640372471368
15.519640372471368
15.519640372471368
15.519640372471368
15.519640372471368
15.519640372471368
15.519640372471368
15.519640372471368
15.519640372471368
15.519640372471368
15.519640372471368
15.519640372471368
15.519640372471368
15.519640372471368
15.519640372471368
15.519640372471368
15.519640372471368
15.519640372471368
15.519640372471368
15.234221698954654
14.484997680973278
14.484997680973278
14.484997680973278
14.94880302543794
15.519640372471368
15.519640372471368
15.519640372471368
15.519640372471368
15.519640372471368
15.519640372471368
15.519640372471368
15.519640372471368
15.519640372471368
15.519640372471368
15.519640372471368
15.519640372471368
15.519640372471368
15.519640372471368
15.519640372471368
15.519640372471368
15.519640372471368
14.734739020300403
14.484997680973278
14.484997680973278
14.484997680973278
14.484997680973278
14.484997680973278
14.484997680973278
14.484997680973278
14.484997680973278
14.484997680973278
14.484997680973278
