29.45657694261046
29.45657694261046
29.45657694261046
29.45657694261046
29.45657694261046
29.45657694261046
29.45657694261046
29.45657694261046
29.45657694261046
29.45657694261046
29.45657694261046
29.45657694261046
29.45657694261046
29.45657694261046
29.45657694261046
29.45657694261046
29.45657694261046
29.669555530070937
30.472320975114272
30.472320975114272
30.472320975114272
30.668916594308556
31.48806500761808
31.48806500761808
31.48806500761808
31.995937023869985
32.50380904012189
32.50380904012189
32.50380904012189
32.56934091318665
33.5195530726257
33.5195530726257
33.5195530726257
33.5195530726257
33.5195530726257
34.53529710512951
34.53529710512951
34.53529710512951
34.53529710512951
34.53529710512951
34.53529710512951
34.53529710512951
34.53529710512951
34.53529710512951
34.53529710512951
34.53529710512951
34.53529710512951
34.53529710512951
34.53529710512951
34.53529710512951
34.53529710512951
34.53529710512951
34.53529710512951
34.53529710512951
34.53529710512951
34.53529710512951
34.53529710512951
34.53529710512951
34.50253116859712
33.5195530726257
33.5195530726257
33.5195530726257
33.5195530726257
33.5195530726257
33.5195530726257
33.5195530726257
33.5195530726257
33.5195530726257
33.5195530726257
33.5195530726257
33.5195530726257
33.5195530726257
33.5195530726257
33.5195530726257
33.89636134274808
34.53529710512951
34.53529710512951
34.53529710512951
34.53529710512951
34.53529710512951
34.53529710512951
34.68274381952522
35.55104113763331
35.55104113763331
35.55104113763331
35.55104113763331
35.55104113763331
35.55104113763331
35.55104113763331
35.55104113763331
35.55104113763331
35.55104113763331
35.55104113763331
35.55104113763331
35.55104113763331
35.55104113763331
35.55104113763331
35.55104113763331
35.55104113763331
35.55104113763331
35.55104113763331
35.55104113763331
35.55104113763331
35.55104113763331
35.55104113763331
35.55104113763331
35.55104113763331
35.55104113763331
35.55104113763331
35.55104113763331
35.55104113763331
35.55104113763331
35.55104113763331
35.55104113763331
35.55104113763331
35.55104113763331
35.55104113763331
35.55104113763331
35.55104113763331
35.55104113763331
35.55104113763331
35.55104113763331
35.55104113763331
35.55104113763331
35.55104113763331
35.55104113763331
35.55104113763331
35.55104113763331
35.55104113763331
36.04253018561903
36.56678517013712
36.56678517013712
36.56678517013712
36.56678517013712
36.56678517013712
35.976998312554265
35.55104113763331
35.55104113763331
35.55104113763331
35.55104113763331
35.55104113763331
35.55104113763331
35.55104113763331
35.55104113763331
35.55104113763331
35.55104113763331
35.55104113763331
35.55104113763331
35.55104113763331
35.55104113763331
35.55104113763331
35.55104113763331
35.55104113763331
35.55104113763331
35.55104113763331
35.55104113763331
35.55104113763331
35.55104113763331
35.55104113763331
35.55104113763331
35.55104113763331
35.55104113763331
35.55104113763331
35.55104113763331
35.55104113763331
35.55104113763331
35.55104113763331
35.55104113763331
34.91210537525189
34.53529710512951
34.53529710512951
34.53529710512951
34.53529710512951
34.53529710512951
34.53529710512951
34.53529710512951
34.53529710512951
34.53529710512951
35.27253067710808
35.55104113763331
35.55104113763331
35.55104113763331
35.55104113763331
35.55104113763331
35.55104113763331
35.55104113763331
35.55104113763331
35.55104113763331
36.07529612215141
36.56678517013712
36.56678517013712
36.56678517013712
36.56678517013712
36.56678517013712
36.56678517013712
36.56678517013712
36.56678517013712
36.56678517013712
36.56678517013712
36.56678517013712
36.56678517013712
36.56678517013712
36.56678517013712
36.56678517013712
36.56678517013712
36.56678517013712
36.56678517013712
35.81316862989236
35.55104113763331
35.55104113763331
35.55104113763331
35.55104113763331
35.55104113763331
35.55104113763331
35.55104113763331
35.55104113763331
35.55104113763331
35.55104113763331
35.55104113763331
35.07593505791379
34.53529710512951
34.53529710512951
34.53529710512951
34.53529710512951
34.53529710512951
34.53529710512951
34.53529710512951
34.53529710512951
34.53529710512951
34.53529710512951
34.53529710512951
34.53529710512951
34.53529710512951
34.53529710512951
34.53529710512951
34.53529710512951
34.53529710512951
34.53529710512951
34.53529710512951
34.53529710512951
34.53529710512951
34.53529710512951
34.53529710512951
34.53529710512951
34.53529710512951
34.53529710512951
35.17423286751094
35.55104113763331
35.55104113763331
35.55104113763331
35.55104113763331
35.55104113763331
35.55104113763331
35.55104113763331
35.55104113763331
35.55104113763331
35.55104113763331
35.55104113763331
35.55104113763331
35.55104113763331
35.55104113763331
35.55104113763331
35.55104113763331
35.55104113763331
35.55104113763331
35.55104113763331
34.53529710512951
34.53529710512951
34.53529710512951
34.53529710512951
34.53529710512951
34.53529710512951
34.53529710512951
34.53529710512951
34.53529710512951
34.53529710512951
34.53529710512951
34.53529710512951
34.53529710512951
34.53529710512951
34.53529710512951
34.53529710512951
34.53529710512951
34.53529710512951
34.53529710512951
34.53529710512951
34.109339930208556
33.5195530726257
33.5195530726257
33.5195530726257
33.5195530726257
33.5195530726257
33.5195530726257
33.5195530726257
33.5195530726257
33.5195530726257
33.5195530726257
33.5195530726257
33.5195530726257
33.5195530726257
33.5195530726257
33.5195530726257
33.5195530726257
33.5195530726257
33.5195530726257
33.5195530726257
33.5195530726257
33.5195530726257
33.5195530726257
33.5195530726257
33.5195530726257
33.5195530726257
33.5195530726257
33.5195530726257
33.5195530726257
33.5195530726257
33.5195530726257
33.5195530726257
33.5195530726257
33.5195530726257
33.5195530726257
33.5195530726257
33.5195530726257
33.5195530726257
33.5195530726257
33.5195530726257
33.5195530726257
33.5195530726257
33.5195530726257
33.5195530726257
33.5195530726257
33.5195530726257
33.5195530726257
33.5195530726257
33.5195530726257
33.5195530726257
33.5195530726257
33.5195530726257
33.5195530726257
33.5195530726257
33.5195530726257
33.5195530726257
33.5195530726257
33.5195530726257
33.5195530726257
33.5195530726257
33.5195530726257
33.5195530726257
33.5195530726257
33.5195530726257
33.5195530726257
33.5195530726257
33.5195530726257
33.5195530726257
33.5195530726257
33.5195530726257
33.5195530726257
33.5195530726257
33.5195530726257
33.5195530726257
33.97827618407903
34.53529710512951
34.53529710512951
34.53529710512951
34.53529710512951
34.53529710512951
33.830829469683316
33.5195530726257
33.5195530726257
33.5195530726257
33.5195530726257
33.5195530726257
33.5195530726257
33.5195530726257
33.5195530726257
33.5195530726257
33.5195530726257
33.5195530726257
33.5195530726257
33.5195530726257
33.5195530726257
33.5195530726257
33.5195530726257
33.5195530726257
33.5195530726257
33.5195530726257
33.5195530726257
33.5195530726257
33.5195530726257
33.5195530726257
33.5195530726257
33.5195530726257
33.5195530726257
33.5195530726257
33.5195530726257
33.5195530726257
33.5195530726257
33.5195530726257
33.5195530726257
33.5195530726257
33.5195530726257
33.5195530726257
33.5195530726257
34.12572289847474
34.53529710512951
34.53529710512951
34.53529710512951
35.46912629630236
35.55104113763331
35.55104113763331
35.55104113763331
36.206359868280934
36.56678517013712
36.56678517013712
36.56678517013712
36.56678517013712
36.56678517013712
36.56678517013712
36.56678517013712
36.56678517013712
36.56678517013712
36.56678517013712
36.56678517013712
36.87806156719474
37.582529202640934
37.582529202640934
37.582529202640934
37.582529202640934
37.582529202640934
37.582529202640934
37.582529202640934
37.582529202640934
37.582529202640934
37.582529202640934
37.582529202640934
37.582529202640934
37.582529202640934
37.582529202640934
37.582529202640934
37.582529202640934
37.18933796425236
36.56678517013712
36.56678517013712
36.56678517013712
36.56678517013712
36.56678517013712
36.56678517013712
36.56678517013712
36.56678517013712
35.64933894723046
35.55104113763331
35.55104113763331
35.55104113763331
35.55104113763331
35.55104113763331
35.55104113763331
35.55104113763331
35.55104113763331
35.55104113763331
35.55104113763331
35.485509264568556
34.551680073395694
34.53529710512951
34.53529710512951
34.53529710512951
34.53529710512951
34.53529710512951
34.53529710512951
34.53529710512951
34.53529710512951
34.53529710512951
34.53529710512951
34.53529710512951
34.53529710512951
34.53529710512951
34.53529710512951
34.53529710512951
34.53529710512951
34.53529710512951
34.53529710512951
34.53529710512951
34.53529710512951
34.53529710512951
34.53529710512951
34.53529710512951
34.53529710512951
34.53529710512951
34.53529710512951
34.53529710512951
34.53529710512951
34.53529710512951
34.53529710512951
34.53529710512951
34.96125428005046
35.55104113763331
35.55104113763331
35.55104113763331
35.55104113763331
35.87870050295712
36.56678517013712
36.56678517013712
36.56678517013712
36.56678517013712
36.56678517013712
36.56678517013712
36.56678517013712
36.56678517013712
36.56678517013712
36.56678517013712
36.56678517013712
36.56678517013712
36.56678517013712
36.56678517013712
36.56678517013712
36.56678517013712
36.56678517013712
36.56678517013712
36.56678517013712
36.56678517013712
36.56678517013712
36.534019233604745
35.567424105899505
35.55104113763331
35.55104113763331
35.55104113763331
35.55104113763331
35.55104113763331
35.55104113763331
35.55104113763331
35.55104113763331
35.55104113763331
35.55104113763331
35.55104113763331
35.55104113763331
35.55104113763331
34.928488343518076
34.53529710512951
34.53529710512951
34.53529710512951
34.53529710512951
34.53529710512951
34.53529710512951
34.53529710512951
34.53529710512951
34.53529710512951
34.53529710512951
34.53529710512951
34.53529710512951
34.53529710512951
34.53529710512951
34.53529710512951
34.53529710512951
34.53529710512951
34.53529710512951
34.53529710512951
34.53529710512951
34.53529710512951
34.53529710512951
34.53529710512951
34.53529710512951
34.53529710512951
34.53529710512951
34.53529710512951
34.53529710512951
34.53529710512951
34.53529710512951
34.53529710512951
34.53529710512951
34.53529710512951
34.53529710512951
34.53529710512951
34.53529710512951
34.53529710512951
34.53529710512951
34.53529710512951
34.53529710512951
34.53529710512951
34.53529710512951
34.53529710512951
34.53529710512951
34.53529710512951
34.53529710512951
34.53529710512951
34.53529710512951
34.53529710512951
34.53529710512951
34.53529710512951
34.53529710512951
34.53529710512951
34.53529710512951
34.53529710512951
35.55104113763331
35.55104113763331
35.55104113763331
35.55104113763331
35.55104113763331
35.55104113763331
35.55104113763331
35.55104113763331
35.55104113763331
35.55104113763331
35.55104113763331
35.55104113763331
35.55104113763331
35.55104113763331
35.55104113763331
35.55104113763331
35.55104113763331
35.55104113763331
35.55104113763331
35.55104113763331
35.55104113763331
35.55104113763331
35.55104113763331
35.157849899244745
34.53529710512951
34.53529710512951
34.53529710512951
34.53529710512951
34.53529710512951
34.53529710512951
34.53529710512951
34.53529710512951
34.53529710512951
34.53529710512951
34.53529710512951
34.53529710512951
34.699126787791414
35.55104113763331
35.55104113763331
35.55104113763331
35.55104113763331
35.60019004243189
36.56678517013712
36.56678517013712
36.56678517013712
36.56678517013712
36.56678517013712
36.56678517013712
36.56678517013712
36.56678517013712
36.56678517013712
36.56678517013712
36.56678517013712
36.56678517013712
36.56678517013712
36.56678517013712
36.56678517013712
36.56678517013712
36.56678517013712
36.56678517013712
36.56678517013712
36.56678517013712
36.56678517013712
36.56678517013712
36.56678517013712
36.56678517013712
36.56678517013712
36.56678517013712
37.41869951997903
37.582529202640934
37.582529202640934
37.582529202640934
37.582529202640934
37.582529202640934
37.582529202640934
37.582529202640934
37.582529202640934
38.58189026687855
38.598273235144745
38.598273235144745
38.598273235144745
38.598273235144745
38.598273235144745
38.02486934582808
37.582529202640934
37.582529202640934
37.582529202640934
37.582529202640934
37.582529202640934
37.582529202640934
37.582529202640934
37.582529202640934
37.582529202640934
36.665082979734265
36.56678517013712
36.56678517013712
36.56678517013712
36.56678517013712
36.56678517013712
36.56678517013712
36.56678517013712
36.56678517013712
36.56678517013712
35.68210488376284
35.55104113763331
35.55104113763331
35.55104113763331
35.55104113763331
35.55104113763331
35.55104113763331
35.55104113763331
35.55104113763331
35.55104113763331
35.55104113763331
35.55104113763331
35.55104113763331
35.55104113763331
35.55104113763331
35.55104113763331
35.55104113763331
35.55104113763331
35.55104113763331
35.55104113763331
35.55104113763331
35.616573010698076
36.56678517013712
36.56678517013712
36.56678517013712
36.56678517013712
36.56678517013712
36.82891266239617
37.582529202640934
37.582529202640934
37.582529202640934
37.582529202640934
37.582529202640934
37.582529202640934
37.582529202640934
37.582529202640934
37.582529202640934
37.582529202640934
37.582529202640934
37.582529202640934
37.582529202640934
37.582529202640934
37.582529202640934
37.10742312292141
36.56678517013712
36.56678517013712
36.56678517013712
36.56678517013712
36.56678517013712
36.56678517013712
36.56678517013712
36.56678517013712
36.56678517013712
36.56678517013712
36.56678517013712
36.56678517013712
36.4357214240076
35.55104113763331
35.55104113763331
35.55104113763331
35.55104113763331
35.55104113763331
35.55104113763331
35.55104113763331
35.55104113763331
35.55104113763331
35.55104113763331
35.55104113763331
35.55104113763331
35.55104113763331
35.55104113763331
35.55104113763331
35.55104113763331
35.338062550172836
34.53529710512951
34.53529710512951
34.53529710512951
34.53529710512951
34.53529710512951
34.53529710512951
34.53529710512951
34.53529710512951
34.53529710512951
34.53529710512951
34.53529710512951
34.53529710512951
34.53529710512951
34.53529710512951
34.53529710512951
34.53529710512951
34.53529710512951
34.53529710512951
34.53529710512951
34.53529710512951
35.19061583577712
35.55104113763331
35.55104113763331
35.55104113763331
35.55104113763331
36.206359868280934
36.56678517013712
36.56678517013712
36.56678517013712
36.56678517013712
36.56678517013712
36.56678517013712
37.25486983731712
37.582529202640934
37.582529202640934
37.582529202640934
37.582529202640934
37.582529202640934
37.582529202640934
37.582529202640934
36.91082750372713
36.56678517013712
36.56678517013712
36.56678517013712
36.56678517013712
36.56678517013712
36.56678517013712
36.56678517013712
36.56678517013712
36.56678517013712
36.56678517013712
36.22274283654713
35.55104113763331
35.55104113763331
35.55104113763331
35.55104113763331
35.55104113763331
35.55104113763331
35.55104113763331
35.55104113763331
35.55104113763331
35.55104113763331
35.55104113763331
35.55104113763331
35.55104113763331
35.55104113763331
35.55104113763331
35.55104113763331
35.55104113763331
35.55104113763331
35.55104113763331
35.55104113763331
35.55104113763331
35.55104113763331
35.55104113763331
35.55104113763331
35.55104113763331
35.55104113763331
35.55104113763331
35.55104113763331
35.55104113763331
35.55104113763331
35.55104113763331
35.55104113763331
35.55104113763331
35.55104113763331
35.55104113763331
35.55104113763331
35.55104113763331
35.55104113763331
35.55104113763331
35.55104113763331
35.55104113763331
34.96125428005046
34.53529710512951
34.53529710512951
34.53529710512951
34.53529710512951
34.53529710512951
34.53529710512951
34.53529710512951
34.53529710512951
34.53529710512951
34.53529710512951
34.53529710512951
34.53529710512951
34.53529710512951
34.53529710512951
34.53529710512951
34.53529710512951
34.53529710512951
34.53529710512951
34.53529710512951
34.53529710512951
34.53529710512951
34.53529710512951
34.53529710512951
34.53529710512951
34.53529710512951
34.53529710512951
34.53529710512951
34.53529710512951
34.53529710512951
34.53529710512951
34.53529710512951
34.53529710512951
34.53529710512951
34.53529710512951
34.53529710512951
34.53529710512951
34.518914136863316
34.469765232064745
34.518914136863316
34.53529710512951
34.53529710512951
34.53529710512951
34.53529710512951
34.53529710512951
34.53529710512951
34.53529710512951
34.53529710512951
34.830190533920934
35.55104113763331
35.55104113763331
35.55104113763331
35.55104113763331
35.55104113763331
35.55104113763331
35.55104113763331
35.796785661626174
36.56678517013712
36.56678517013712
36.56678517013712
36.56678517013712
36.56678517013712
36.56678517013712
36.56678517013712
36.56678517013712
36.56678517013712
36.56678517013712
36.56678517013712
36.56678517013712
36.56678517013712
36.56678517013712
36.56678517013712
36.56678517013712
36.56678517013712
36.56678517013712
36.56678517013712
36.56678517013712
36.56678517013712
36.56678517013712
36.56678517013712
36.56678517013712
36.56678517013712
36.56678517013712
36.56678517013712
36.56678517013712
36.56678517013712
36.206359868280934
35.55104113763331
35.55104113763331
35.55104113763331
35.55104113763331
35.55104113763331
35.55104113763331
35.55104113763331
35.55104113763331
35.55104113763331
35.55104113763331
35.55104113763331
35.55104113763331
35.55104113763331
35.55104113763331
34.96125428005046
34.53529710512951
34.53529710512951
34.53529710512951
34.53529710512951
34.53529710512951
