95.62563580874873
95.62563580874873
95.62563580874873
95.62563580874873
95.62563580874873
95.62563580874873
95.62563580874873
95.62563580874873
95.62563580874873
95.62563580874873
95.62563580874873
95.62563580874873
95.62563580874873
95.62563580874873
95.62563580874873
95.62563580874873
95.62563580874873
95.62563580874873
95.62563580874873
95.62563580874873
95.62563580874873
95.62563580874873
95.62563580874873
95.62563580874873
95.62563580874873
95.62563580874873
95.62563580874873
95.62563580874873
95.62563580874873
95.62563580874873
95.62563580874873
95.62563580874873
95.62563580874873
95.62563580874873
95.62563580874873
95.62563580874873
95.50232744535899
93.5910478128179
93.5910478128179
93.5910478128179
93.5910478128179
93.5910478128179
93.5910478128179
93.5910478128179
93.5910478128179
93.5910478128179
93.5910478128179
93.5910478128179
93.5910478128179
93.5910478128179
93.5910478128179
93.5910478128179
93.5910478128179
93.5910478128179
93.5910478128179
93.5910478128179
93.5910478128179
93.5910478128179
93.5910478128179
93.5910478128179
92.60458090569993
89.52187182095625
89.52187182095625
89.52187182095625
89.52187182095625
89.52187182095625
89.52187182095625
89.52187182095625
89.52187182095625
89.52187182095625
89.52187182095625
89.52187182095625
89.52187182095625
89.52187182095625
89.52187182095625
89.52187182095625
89.52187182095625
89.52187182095625
89.52187182095625
89.52187182095625
89.52187182095625
89.52187182095625
89.52187182095625
89.52187182095625
89.52187182095625
89.52187182095625
89.52187182095625
89.52187182095625
89.52187182095625
89.52187182095625
89.52187182095625
89.52187182095625
89.52187182095625
89.52187182095625
89.52187182095625
89.52187182095625
89.52187182095625
89.52187182095625
89.52187182095625
89.52187182095625
89.52187182095625
89.52187182095625
89.52187182095625
89.52187182095625
89.52187182095625
89.52187182095625
89.52187182095625
89.52187182095625
88.50457782299084
86.46998982706002
86.46998982706002
86.46998982706002
86.46998982706002
86.46998982706002
86.46998982706002
86.46998982706002
86.46998982706002
86.46998982706002
86.46998982706002
86.46998982706002
86.46998982706002
86.46998982706002
86.46998982706002
86.46998982706002
86.46998982706002
86.46998982706002
86.46998982706002
86.46998982706002
86.46998982706002
86.46998982706002
86.46998982706002
86.46998982706002
86.46998982706002
86.46998982706002
86.46998982706002
86.46998982706002
86.46998982706002
86.46998982706002
86.46998982706002
86.46998982706002
86.46998982706002
86.46998982706002
86.46998982706002
86.46998982706002
86.46998982706002
86.46998982706002
86.46998982706002
86.46998982706002
86.46998982706002
86.46998982706002
86.46998982706002
86.46998982706002
86.46998982706002
86.46998982706002
86.46998982706002
86.46998982706002
86.46998982706002
86.46998982706002
86.46998982706002
86.46998982706002
86.46998982706002
86.46998982706002
86.46998982706002
86.46998982706002
86.46998982706002
86.46998982706002
86.46998982706002
86.46998982706002
86.46998982706002
86.46998982706002
86.46998982706002
86.46998982706002
86.46998982706002
86.46998982706002
86.46998982706002
86.46998982706002
86.46998982706002
86.46998982706002
86.46998982706002
86.46998982706002
86.46998982706002
86.46998982706002
86.46998982706002
86.46998982706002
86.46998982706002
86.46998982706002
86.46998982706002
86.46998982706002
86.46998982706002
86.46998982706002
86.46998982706002
86.46998982706002
86.46998982706002
86.46998982706002
86.46998982706002
86.46998982706002
86.46998982706002
86.46998982706002
86.46998982706002
86.46998982706002
86.46998982706002
86.46998982706002
86.46998982706002
85.85344801011128
85.45269582909461
85.45269582909461
85.45269582909461
85.45269582909461
85.45269582909461
85.45269582909461
85.45269582909461
85.45269582909461
85.45269582909461
85.45269582909461
85.45269582909461
85.45269582909461
85.45269582909461
85.45269582909461
85.45269582909461
85.45269582909461
85.45269582909461
85.45269582909461
85.45269582909461
85.45269582909461
85.45269582909461
85.45269582909461
85.45269582909461
85.45269582909461
85.45269582909461
85.45269582909461
85.45269582909461
85.45269582909461
85.45269582909461
85.45269582909461
85.45269582909461
85.45269582909461
85.45269582909461
85.45269582909461
85.45269582909461
85.45269582909461
85.45269582909461
85.45269582909461
85.45269582909461
85.45269582909461
85.45269582909461
85.45269582909461
86.46998982706002
86.46998982706002
86.46998982706002
86.46998982706002
86.46998982706002
86.46998982706002
86.46998982706002
86.46998982706002
86.46998982706002
86.46998982706002
86.46998982706002
86.46998982706002
86.46998982706002
86.46998982706002
86.46998982706002
86.46998982706002
86.46998982706002
86.46998982706002
86.46998982706002
86.46998982706002
86.46998982706002
86.46998982706002
86.46998982706002
86.46998982706002
86.46998982706002
86.46998982706002
86.46998982706002
86.46998982706002
86.46998982706002
86.46998982706002
86.46998982706002
86.46998982706002
86.46998982706002
86.46998982706002
86.46998982706002
86.46998982706002
86.46998982706002
86.46998982706002
86.46998982706002
86.46998982706002
86.46998982706002
86.68577946299207
87.48728382502543
87.48728382502543
87.48728382502543
87.48728382502543
87.48728382502543
87.48728382502543
87.48728382502543
87.48728382502543
87.48728382502543
87.48728382502543
87.48728382502543
87.48728382502543
87.48728382502543
87.48728382502543
87.48728382502543
87.48728382502543
87.48728382502543
87.48728382502543
87.48728382502543
87.48728382502543
87.48728382502543
87.48728382502543
85.63765837417922
84.4354018311292
84.4354018311292
84.4354018311292
84.4354018311292
84.4354018311292
84.4354018311292
84.4354018311292
84.4354018311292
84.4354018311292
84.4354018311292
84.4354018311292
84.4354018311292
84.4354018311292
84.4354018311292
84.4354018311292
84.4354018311292
84.4354018311292
84.4354018311292
84.4354018311292
84.4354018311292
84.4354018311292
84.4354018311292
84.4354018311292
84.4354018311292
84.4354018311292
84.4354018311292
84.4354018311292
84.4354018311292
84.4354018311292
84.4354018311292
84.4354018311292
84.4354018311292
84.4354018311292
84.4354018311292
84.4354018311292
84.4354018311292
84.4354018311292
84.4354018311292
84.4354018311292
84.4354018311292
84.4354018311292
84.4354018311292
84.4354018311292
84.4354018311292
84.4354018311292
84.4354018311292
84.4354018311292
84.4354018311292
84.4354018311292
84.4354018311292
84.4354018311292
84.4354018311292
84.4354018311292
84.4354018311292
84.4354018311292
84.4354018311292
84.4354018311292
84.4354018311292
84.4354018311292
84.4354018311292
84.4354018311292
84.4354018311292
84.4354018311292
84.4354018311292
84.4354018311292
84.4354018311292
84.4354018311292
84.4354018311292
84.4354018311292
84.4354018311292
84.4354018311292
84.4354018311292
84.4354018311292
84.4354018311292
84.4354018311292
84.4354018311292
84.4354018311292
84.4354018311292
84.4354018311292
84.4354018311292
84.4354018311292
84.4354018311292
84.4354018311292
84.4354018311292
84.4354018311292
84.4354018311292
84.4354018311292
85.14442492062024
85.45269582909461
85.45269582909461
85.45269582909461
85.45269582909461
85.45269582909461
85.45269582909461
85.45269582909461
85.45269582909461
85.45269582909461
85.45269582909461
85.45269582909461
85.45269582909461
85.45269582909461
85.45269582909461
85.45269582909461
85.45269582909461
85.45269582909461
85.45269582909461
85.45269582909461
85.45269582909461
85.45269582909461
85.45269582909461
85.32938746570485
84.4354018311292
84.4354018311292
84.4354018311292
84.4354018311292
84.4354018311292
84.4354018311292
84.4354018311292
84.4354018311292
84.4354018311292
84.4354018311292
84.4354018311292
84.4354018311292
84.4354018311292
84.4354018311292
84.4354018311292
84.4354018311292
84.4354018311292
84.4354018311292
84.4354018311292
84.4354018311292
84.4354018311292
84.4354018311292
84.4354018311292
84.4354018311292
84.4354018311292
84.4354018311292
84.4354018311292
84.4354018311292
84.4354018311292
84.4354018311292
84.4354018311292
84.4354018311292
84.4354018311292
84.4354018311292
84.4354018311292
84.4354018311292
84.4354018311292
84.4354018311292
84.4354018311292
84.4354018311292
84.4354018311292
84.4354018311292
84.4354018311292
84.4354018311292
84.4354018311292
84.71284564875613
85.45269582909461
85.45269582909461
85.45269582909461
85.45269582909461
85.45269582909461
85.45269582909461
85.45269582909461
85.45269582909461
85.45269582909461
85.45269582909461
85.45269582909461
85.45269582909461
85.45269582909461
85.45269582909461
85.45269582909461
85.45269582909461
85.45269582909461
85.45269582909461
85.45269582909461
85.45269582909461
85.45269582909461
85.45269582909461
84.83615401214587
84.4354018311292
84.4354018311292
84.4354018311292
84.4354018311292
84.4354018311292
84.4354018311292
84.4354018311292
84.4354018311292
84.4354018311292
84.4354018311292
84.4354018311292
84.4354018311292
84.4354018311292
84.4354018311292
84.4354018311292
84.4354018311292
84.4354018311292
84.4354018311292
84.4354018311292
82.585776380283
82.40081383519838
82.40081383519838
82.40081383519838
82.40081383519838
82.40081383519838
82.40081383519838
82.40081383519838
82.40081383519838
82.40081383519838
82.40081383519838
82.40081383519838
82.40081383519838
82.40081383519838
82.40081383519838
82.40081383519838
82.40081383519838
82.40081383519838
82.40081383519838
82.40081383519838
82.40081383519838
83.14066401553686
83.41810783316379
83.41810783316379
83.41810783316379
83.41810783316379
83.41810783316379
83.41810783316379
83.41810783316379
83.41810783316379
83.41810783316379
83.41810783316379
83.41810783316379
83.41810783316379
83.41810783316379
83.41810783316379
83.41810783316379
83.41810783316379
83.41810783316379
83.41810783316379
83.41810783316379
83.97299546841765
86.46998982706002
86.46998982706002
86.46998982706002
86.46998982706002
86.46998982706002
86.46998982706002
86.46998982706002
86.46998982706002
86.46998982706002
86.46998982706002
86.46998982706002
86.46998982706002
86.46998982706002
86.46998982706002
86.46998982706002
86.46998982706002
86.46998982706002
86.46998982706002
86.46998982706002
86.46998982706002
86.46998982706002
86.46998982706002
86.46998982706002
86.46998982706002
86.46998982706002
86.46998982706002
86.46998982706002
86.46998982706002
86.46998982706002
86.46998982706002
86.46998982706002
86.46998982706002
86.46998982706002
86.46998982706002
86.46998982706002
86.46998982706002
86.46998982706002
86.46998982706002
86.46998982706002
86.46998982706002
86.46998982706002
86.46998982706002
86.46998982706002
86.46998982706002
86.46998982706002
86.46998982706002
86.46998982706002
86.46998982706002
86.46998982706002
86.46998982706002
86.46998982706002
86.46998982706002
86.46998982706002
86.46998982706002
86.46998982706002
86.46998982706002
86.46998982706002
86.46998982706002
86.46998982706002
86.46998982706002
88.31961527790622
89.52187182095625
89.52187182095625
89.52187182095625
89.52187182095625
89.52187182095625
89.52187182095625
89.52187182095625
89.52187182095625
89.52187182095625
89.52187182095625
89.52187182095625
89.52187182095625
89.52187182095625
89.52187182095625
89.52187182095625
89.52187182095625
89.52187182095625
89.52187182095625
89.52187182095625
90.41585745553192
90.53916581892167
90.53916581892167
90.53916581892167
90.53916581892167
90.53916581892167
90.53916581892167
90.53916581892167
90.53916581892167
90.53916581892167
90.53916581892167
90.53916581892167
90.53916581892167
90.53916581892167
90.53916581892167
90.53916581892167
90.53916581892167
90.53916581892167
90.53916581892167
90.53916581892167
91.43315145349733
91.55645981688708
91.55645981688708
91.55645981688708
91.55645981688708
91.55645981688708
91.55645981688708
91.55645981688708
91.55645981688708
91.55645981688708
91.55645981688708
91.55645981688708
91.55645981688708
91.55645981688708
91.55645981688708
91.55645981688708
91.55645981688708
91.55645981688708
91.55645981688708
91.55645981688708
91.55645981688708
93.5910478128179
93.5910478128179
93.5910478128179
93.5910478128179
93.5910478128179
93.5910478128179
93.5910478128179
93.5910478128179
93.5910478128179
93.5910478128179
93.5910478128179
93.5910478128179
93.5910478128179
93.5910478128179
93.5910478128179
93.5910478128179
93.5910478128179
93.5910478128179
93.5910478128179
93.5910478128179
93.5910478128179
93.5910478128179
93.5910478128179
93.5910478128179
93.5910478128179
93.5910478128179
93.5910478128179
93.5910478128179
93.5910478128179
93.5910478128179
93.5910478128179
93.5910478128179
93.5910478128179
93.5910478128179
93.5910478128179
93.5910478128179
93.5910478128179
93.5910478128179
93.5910478128179
93.5910478128179
92.85119763247943
92.5737538148525
92.5737538148525
92.5737538148525
92.5737538148525
92.5737538148525
92.5737538148525
92.5737538148525
92.5737538148525
92.5737538148525
92.5737538148525
92.5737538148525
92.5737538148525
92.5737538148525
92.5737538148525
92.5737538148525
92.5737538148525
92.5737538148525
92.5737538148525
92.5737538148525
92.5737538148525
92.5737538148525
91.21736181756528
90.53916581892167
90.53916581892167
90.53916581892167
90.53916581892167
90.53916581892167
90.53916581892167
90.53916581892167
90.53916581892167
90.53916581892167
90.53916581892167
90.53916581892167
90.53916581892167
90.53916581892167
90.53916581892167
90.53916581892167
90.53916581892167
90.53916581892167
90.53916581892167
90.53916581892167
90.66247418231141
92.5737538148525
92.5737538148525
92.5737538148525
92.5737538148525
92.5737538148525
92.5737538148525
92.5737538148525
92.5737538148525
92.5737538148525
92.5737538148525
92.5737538148525
92.5737538148525
92.5737538148525
92.5737538148525
92.5737538148525
92.5737538148525
92.5737538148525
92.5737538148525
92.5737538148525
92.5737538148525
92.5737538148525
92.5737538148525
91.27901599926015
89.52187182095625
89.52187182095625
89.52187182095625
89.52187182095625
89.52187182095625
89.52187182095625
89.52187182095625
89.52187182095625
89.52187182095625
89.52187182095625
89.52187182095625
89.52187182095625
89.52187182095625
89.52187182095625
89.52187182095625
89.52187182095625
89.52187182095625
89.52187182095625
89.52187182095625
89.52187182095625
89.52187182095625
88.78202164061777
87.48728382502543
87.48728382502543
87.48728382502543
87.48728382502543
87.48728382502543
87.48728382502543
87.48728382502543
87.48728382502543
87.48728382502543
87.48728382502543
87.48728382502543
87.48728382502543
87.48728382502543
87.48728382502543
87.48728382502543
87.48728382502543
87.48728382502543
87.48728382502543
87.48728382502543
87.48728382502543
87.48728382502543
85.57600419248436
85.45269582909461
85.45269582909461
85.45269582909461
85.45269582909461
85.45269582909461
85.45269582909461
85.45269582909461
85.45269582909461
85.45269582909461
85.45269582909461
85.45269582909461
85.45269582909461
85.45269582909461
85.45269582909461
85.45269582909461
85.45269582909461
85.45269582909461
85.45269582909461
85.45269582909461
85.45269582909461
85.45269582909461
85.45269582909461
85.45269582909461
85.45269582909461
85.45269582909461
85.45269582909461
85.45269582909461
85.45269582909461
85.45269582909461
85.45269582909461
85.45269582909461
85.45269582909461
85.45269582909461
85.45269582909461
85.45269582909461
85.45269582909461
85.45269582909461
85.45269582909461
85.45269582909461
85.45269582909461
85.88427510095872
86.46998982706002
86.46998982706002
86.46998982706002
86.46998982706002
86.46998982706002
86.46998982706002
86.46998982706002
86.46998982706002
86.46998982706002
86.46998982706002
86.46998982706002
86.46998982706002
86.46998982706002
86.46998982706002
86.46998982706002
86.46998982706002
86.46998982706002
86.46998982706002
86.46998982706002
86.46998982706002
86.46998982706002
86.46998982706002
86.46998982706002
86.46998982706002
86.46998982706002
86.46998982706002
86.46998982706002
86.46998982706002
86.46998982706002
86.46998982706002
86.46998982706002
86.46998982706002
86.46998982706002
86.46998982706002
86.46998982706002
86.46998982706002
86.46998982706002
86.46998982706002
86.46998982706002
86.59329819044977
87.48728382502543
87.48728382502543
87.48728382502543
87.48728382502543
87.48728382502543
87.48728382502543
87.48728382502543
87.48728382502543
87.48728382502543
87.48728382502543
87.48728382502543
87.48728382502543
87.48728382502543
87.48728382502543
87.48728382502543
87.48728382502543
87.48728382502543
87.48728382502543
87.48728382502543
87.48728382502543
87.48728382502543
87.48728382502543
87.48728382502543
87.48728382502543
87.48728382502543
87.48728382502543
87.48728382502543
87.48728382502543
87.48728382502543
87.48728382502543
87.48728382502543
87.48728382502543
87.48728382502543
87.48728382502543
87.48728382502543
87.48728382502543
87.48728382502543
87.48728382502543
87.48728382502543
87.48728382502543
87.48728382502543
86.74743364468695
86.46998982706002
86.46998982706002
86.46998982706002
86.46998982706002
86.46998982706002
86.46998982706002
86.46998982706002
86.46998982706002
