113.0057511855514
113.0057511855514
113.0057511855514
113.0057511855514
113.0057511855514
113.0057511855514
113.51024114620118
114.01473110685097
114.01473110685097
114.01473110685097
114.01473110685097
114.01473110685097
114.01473110685097
114.01473110685097
114.01473110685097
114.01473110685097
114.01473110685097
114.01473110685097
114.01473110685097
114.01473110685097
114.01473110685097
114.01473110685097
114.01473110685097
114.01473110685097
114.01473110685097
114.01473110685097
113.07301651363804
111.99677126425183
111.99677126425183
111.99677126425183
111.99677126425183
111.99677126425183
111.99677126425183
111.99677126425183
111.99677126425183
111.99677126425183
111.99677126425183
111.99677126425183
111.99677126425183
111.99677126425183
111.99677126425183
111.99677126425183
111.99677126425183
111.99677126425183
111.99677126425183
111.99677126425183
113.61113913833114
114.01473110685097
114.01473110685097
114.01473110685097
114.01473110685097
114.01473110685097
114.01473110685097
114.01473110685097
114.01473110685097
114.01473110685097
114.01473110685097
114.01473110685097
114.01473110685097
114.01473110685097
114.01473110685097
114.01473110685097
114.01473110685097
114.01473110685097
114.01473110685097
114.01473110685097
114.01473110685097
115.02371102815054
117.04167087074967
117.04167087074967
117.04167087074967
117.04167087074967
117.04167087074967
117.04167087074967
117.04167087074967
117.04167087074967
117.04167087074967
117.04167087074967
117.04167087074967
117.04167087074967
117.04167087074967
117.04167087074967
117.04167087074967
117.04167087074967
117.04167087074967
117.04167087074967
117.04167087074967
117.88248747183265
118.05065079204924
118.05065079204924
118.05065079204924
118.05065079204924
118.05065079204924
118.05065079204924
118.05065079204924
118.05065079204924
118.05065079204924
118.05065079204924
118.05065079204924
118.05065079204924
118.05065079204924
118.05065079204924
118.05065079204924
118.05065079204924
118.05065079204924
118.05065079204924
118.05065079204924
118.05065079204924
118.05065079204924
118.5215080886557
120.06861063464837
120.06861063464837
120.06861063464837
120.06861063464837
120.06861063464837
120.06861063464837
120.06861063464837
120.06861063464837
120.06861063464837
120.06861063464837
120.06861063464837
120.06861063464837
120.06861063464837
120.06861063464837
120.06861063464837
120.06861063464837
120.06861063464837
119.66501866612855
118.05065079204924
118.05065079204924
118.05065079204924
118.05065079204924
118.05065079204924
118.05065079204924
118.05065079204924
118.05065079204924
118.05065079204924
118.05065079204924
118.05065079204924
118.05065079204924
118.05065079204924
118.05065079204924
118.05065079204924
118.05065079204924
118.05065079204924
118.05065079204924
118.05065079204924
118.05065079204924
118.05065079204924
118.05065079204924
118.05065079204924
118.05065079204924
118.05065079204924
118.05065079204924
118.05065079204924
118.05065079204924
118.05065079204924
118.05065079204924
118.05065079204924
118.05065079204924
118.05065079204924
118.05065079204924
118.05065079204924
118.05065079204924
118.05065079204924
118.05065079204924
118.05065079204924
118.05065079204924
118.28607944035247
119.0596307133488
119.0596307133488
119.0596307133488
119.0596307133488
119.0596307133488
119.0596307133488
119.0596307133488
119.0596307133488
119.0596307133488
119.0596307133488
119.0596307133488
119.0596307133488
119.0596307133488
119.0596307133488
119.0596307133488
119.0596307133488
119.0596307133488
119.0596307133488
119.0596307133488
119.0596307133488
119.0596307133488
119.0596307133488
119.12689604143544
121.07759055594794
121.07759055594794
121.07759055594794
121.07759055594794
121.07759055594794
121.07759055594794
121.07759055594794
121.07759055594794
121.07759055594794
121.07759055594794
121.07759055594794
121.07759055594794
121.07759055594794
121.07759055594794
121.07759055594794
121.07759055594794
120.50583526721151
120.06861063464837
120.06861063464837
120.06861063464837
120.06861063464837
120.06861063464837
120.06861063464837
120.06861063464837
120.06861063464837
120.06861063464837
120.06861063464837
120.06861063464837
120.06861063464837
120.06861063464837
120.06861063464837
120.06861063464837
120.06861063464837
120.06861063464837
120.06861063464837
118.8914673931322
115.02371102815054
115.02371102815054
115.02371102815054
115.02371102815054
115.02371102815054
115.02371102815054
115.02371102815054
115.02371102815054
115.02371102815054
115.02371102815054
115.02371102815054
115.02371102815054
115.02371102815054
115.02371102815054
115.02371102815054
115.02371102815054
115.02371102815054
115.02371102815054
115.02371102815054
115.02371102815054
115.02371102815054
115.02371102815054
113.07301651363804
113.0057511855514
113.0057511855514
113.0057511855514
113.0057511855514
113.0057511855514
113.0057511855514
113.0057511855514
113.0057511855514
113.0057511855514
113.0057511855514
113.0057511855514
113.0057511855514
113.0057511855514
113.0057511855514
113.0057511855514
113.0057511855514
113.0057511855514
113.0057511855514
113.0057511855514
113.0057511855514
113.0057511855514
113.0057511855514
113.0057511855514
113.0057511855514
113.0057511855514
113.0057511855514
113.0057511855514
113.0057511855514
113.0057511855514
113.0057511855514
113.0057511855514
113.0057511855514
113.0057511855514
113.0057511855514
113.0057511855514
113.0057511855514
113.0057511855514
113.0057511855514
113.0057511855514
113.0057511855514
113.0057511855514
113.0057511855514
113.0057511855514
113.0057511855514
111.25685265529883
110.98779134295228
110.98779134295228
110.98779134295228
110.98779134295228
110.98779134295228
110.98779134295228
110.98779134295228
110.98779134295228
110.98779134295228
110.98779134295228
110.98779134295228
110.98779134295228
110.98779134295228
110.98779134295228
110.98779134295228
110.98779134295228
111.3913833114721
111.99677126425183
111.99677126425183
111.99677126425183
111.99677126425183
111.99677126425183
111.99677126425183
111.99677126425183
111.99677126425183
111.99677126425183
111.99677126425183
111.99677126425183
111.99677126425183
111.99677126425183
111.99677126425183
111.99677126425183
111.99677126425183
111.99677126425183
111.99677126425183
111.89587327212189
108.96983150035314
108.96983150035314
108.96983150035314
108.96983150035314
108.96983150035314
108.96983150035314
108.96983150035314
108.96983150035314
108.96983150035314
108.96983150035314
108.96983150035314
108.96983150035314
108.96983150035314
108.96983150035314
108.96983150035314
108.96983150035314
108.96983150035314
108.96983150035314
108.96983150035314
108.96983150035314
108.96983150035314
108.96983150035314
108.46534153970336
99.88901220865705
99.88901220865705
99.88901220865705
99.88901220865705
99.88901220865705
99.88901220865705
99.88901220865705
99.88901220865705
99.88901220865705
99.88901220865705
99.88901220865705
99.88901220865705
99.88901220865705
99.88901220865705
99.88901220865705
99.88901220865705
99.88901220865705
99.88901220865705
99.88901220865705
99.88901220865705
99.88901220865705
99.88901220865705
99.88901220865705
99.88901220865705
106.01015706454108
106.95187165775401
106.95187165775401
106.95187165775401
106.95187165775401
106.95187165775401
106.95187165775401
106.95187165775401
106.95187165775401
106.95187165775401
106.95187165775401
106.95187165775401
106.95187165775401
106.95187165775401
106.95187165775401
106.95187165775401
106.95187165775401
106.95187165775401
106.27921837688763
99.88901220865705
99.88901220865705
99.88901220865705
99.88901220865705
99.88901220865705
99.88901220865705
99.88901220865705
99.88901220865705
99.88901220865705
99.88901220865705
99.88901220865705
99.88901220865705
99.88901220865705
99.88901220865705
99.88901220865705
99.88901220865705
99.88901220865705
99.88901220865705
99.88901220865705
99.88901220865705
99.88901220865705
99.88901220865705
99.88901220865705
99.88901220865705
99.88901220865705
99.88901220865705
99.88901220865705
99.88901220865705
99.88901220865705
99.88901220865705
99.88901220865705
99.88901220865705
99.88901220865705
99.88901220865705
99.88901220865705
99.88901220865705
99.88901220865705
99.88901220865705
99.88901220865705
99.88901220865705
99.88901220865705
99.88901220865705
99.88901220865705
99.88901220865705
99.88901220865705
99.88901220865705
99.88901220865705
99.88901220865705
99.88901220865705
99.88901220865705
99.88901220865705
99.88901220865705
99.88901220865705
99.88901220865705
99.88901220865705
99.88901220865705
99.88901220865705
99.88901220865705
99.88901220865705
99.88901220865705
99.88901220865705
99.88901220865705
99.88901220865705
99.88901220865705
100.79709413782666
102.91595197255575
102.91595197255575
102.91595197255575
102.91595197255575
102.91595197255575
102.91595197255575
102.91595197255575
102.91595197255575
102.91595197255575
102.91595197255575
102.91595197255575
102.91595197255575
102.91595197255575
102.91595197255575
102.91595197255575
102.91595197255575
102.91595197255575
102.91595197255575
102.91595197255575
103.0168499646857
103.92493189385532
103.92493189385532
103.92493189385532
103.92493189385532
103.92493189385532
103.92493189385532
103.92493189385532
103.92493189385532
103.92493189385532
103.92493189385532
103.92493189385532
103.92493189385532
103.92493189385532
103.92493189385532
103.92493189385532
103.92493189385532
103.92493189385532
103.92493189385532
103.92493189385532
103.92493189385532
103.92493189385532
103.92493189385532
103.92493189385532
103.92493189385532
103.92493189385532
103.92493189385532
103.92493189385532
103.92493189385532
103.92493189385532
103.92493189385532
103.92493189385532
103.92493189385532
103.92493189385532
103.92493189385532
103.92493189385532
103.92493189385532
103.92493189385532
103.92493189385532
103.92493189385532
103.92493189385532
103.92493189385532
103.92493189385532
103.45407459724885
101.90697205125618
101.90697205125618
101.90697205125618
101.90697205125618
101.90697205125618
101.90697205125618
101.90697205125618
101.90697205125618
101.90697205125618
101.90697205125618
101.90697205125618
101.90697205125618
101.90697205125618
101.90697205125618
101.90697205125618
101.90697205125618
101.90697205125618
101.90697205125618
101.90697205125618
101.90697205125618
101.90697205125618
101.90697205125618
103.11774795681566
105.94289173645444
105.94289173645444
105.94289173645444
105.94289173645444
105.94289173645444
105.94289173645444
105.94289173645444
105.94289173645444
105.94289173645444
105.94289173645444
105.94289173645444
105.94289173645444
105.94289173645444
105.94289173645444
105.94289173645444
105.94289173645444
105.94289173645444
105.94289173645444
105.94289173645444
109.13799482056973
110.98779134295228
110.98779134295228
110.98779134295228
110.98779134295228
110.98779134295228
110.98779134295228
110.98779134295228
110.98779134295228
110.98779134295228
110.98779134295228
110.98779134295228
110.98779134295228
110.98779134295228
110.98779134295228
110.98779134295228
110.98779134295228
110.853260686779
109.97881142165271
109.97881142165271
109.97881142165271
109.97881142165271
109.97881142165271
109.97881142165271
109.97881142165271
109.97881142165271
109.97881142165271
109.97881142165271
109.97881142165271
109.97881142165271
109.97881142165271
109.97881142165271
109.97881142165271
109.97881142165271
109.97881142165271
109.97881142165271
109.97881142165271
109.97881142165271
109.97881142165271
109.67611744526283
108.96983150035314
108.96983150035314
108.96983150035314
108.96983150035314
108.96983150035314
108.96983150035314
108.96983150035314
108.96983150035314
108.96983150035314
108.96983150035314
108.96983150035314
108.96983150035314
108.96983150035314
108.96983150035314
108.96983150035314
108.96983150035314
108.96983150035314
108.96983150035314
108.96983150035314
108.96983150035314
108.96983150035314
108.96983150035314
108.96983150035314
108.96983150035314
108.96983150035314
108.96983150035314
108.96983150035314
108.96983150035314
108.96983150035314
108.96983150035314
108.96983150035314
108.96983150035314
108.96983150035314
108.96983150035314
108.96983150035314
108.96983150035314
108.96983150035314
108.96983150035314
108.96983150035314
108.96983150035314
108.96983150035314
108.96983150035314
108.96983150035314
108.96983150035314
108.96983150035314
108.96983150035314
108.96983150035314
108.96983150035314
108.96983150035314
108.96983150035314
108.96983150035314
108.96983150035314
108.96983150035314
108.96983150035314
108.96983150035314
108.96983150035314
108.96983150035314
108.96983150035314
108.96983150035314
108.96983150035314
108.96983150035314
108.96983150035314
108.96983150035314
108.96983150035314
108.83530084417987
107.96085157905358
107.96085157905358
107.96085157905358
107.96085157905358
107.96085157905358
107.96085157905358
107.96085157905358
107.96085157905358
107.96085157905358
107.96085157905358
107.96085157905358
107.96085157905358
107.96085157905358
107.96085157905358
107.96085157905358
107.96085157905358
107.96085157905358
107.96085157905358
107.96085157905358
107.96085157905358
107.96085157905358
107.96085157905358
107.96085157905358
107.96085157905358
107.96085157905358
107.96085157905358
107.96085157905358
107.96085157905358
107.96085157905358
107.96085157905358
107.96085157905358
107.96085157905358
107.96085157905358
107.96085157905358
107.96085157905358
107.96085157905358
107.96085157905358
107.96085157905358
107.96085157905358
107.96085157905358
107.96085157905358
107.96085157905358
107.96085157905358
107.96085157905358
107.96085157905358
107.96085157905358
107.96085157905358
107.96085157905358
107.96085157905358
107.96085157905358
107.96085157905358
107.96085157905358
107.96085157905358
107.96085157905358
107.96085157905358
107.96085157905358
107.96085157905358
107.96085157905358
107.96085157905358
107.96085157905358
107.96085157905358
79.17129115797262
0.0
0.0
0.0
0.0
0.0
0.0
0.0
0.0
0.0
0.0
0.0
0.0
0.0
0.0
0.0
0.0
0.0
0.0
0.0
0.0
25.6617226650523
109.97881142165271
109.97881142165271
109.97881142165271
109.97881142165271
109.97881142165271
109.97881142165271
109.97881142165271
109.97881142165271
109.97881142165271
109.97881142165271
109.97881142165271
109.97881142165271
109.97881142165271
109.97881142165271
109.97881142165271
109.97881142165271
109.97881142165271
109.97881142165271
109.97881142165271
109.97881142165271
109.97881142165271
109.97881142165271
109.97881142165271
109.97881142165271
109.97881142165271
109.97881142165271
109.97881142165271
109.97881142165271
109.97881142165271
109.97881142165271
109.97881142165271
109.97881142165271
109.97881142165271
109.97881142165271
109.97881142165271
109.97881142165271
109.97881142165271
109.97881142165271
109.97881142165271
109.97881142165271
109.97881142165271
109.97881142165271
109.97881142165271
109.97881142165271
109.97881142165271
109.97881142165271
109.97881142165271
109.97881142165271
109.97881142165271
109.97881142165271
109.97881142165271
109.97881142165271
108.09538223522685
107.96085157905358
107.96085157905358
107.96085157905358
107.96085157905358
107.96085157905358
107.96085157905358
107.96085157905358
107.96085157905358
107.96085157905358
107.96085157905358
107.96085157905358
107.96085157905358
107.96085157905358
107.96085157905358
107.96085157905358
107.96085157905358
107.96085157905358
107.96085157905358
107.96085157905358
107.96085157905358
107.96085157905358
107.96085157905358
107.96085157905358
107.96085157905358
107.96085157905358
107.55725961053375
105.94289173645444
105.94289173645444
105.94289173645444
105.94289173645444
105.94289173645444
105.94289173645444
105.94289173645444
105.94289173645444
105.94289173645444
101.90697205125618
101.90697205125618
101.90697205125618
101.90697205125618
101.90697205125618
101.90697205125618
101.90697205125618
101.90697205125618
101.90697205125618
101.90697205125618
101.90697205125618
101.90697205125618
101.90697205125618
102.57962533212256
103.92493189385532
103.92493189385532
103.92493189385532
103.92493189385532
103.92493189385532
103.92493189385532
103.92493189385532
103.92493189385532
103.92493189385532
103.92493189385532
103.92493189385532
103.92493189385532
103.92493189385532
103.92493189385532
103.92493189385532
103.92493189385532
103.92493189385532
103.92493189385532
106.54827968923418
109.97881142165271
109.97881142165271
109.97881142165271
109.97881142165271
109.97881142165271
109.97881142165271
109.97881142165271
109.97881142165271
109.97881142165271
109.97881142165271
109.97881142165271
109.97881142165271
109.97881142165271
109.97881142165271
109.97881142165271
109.97881142165271
109.97881142165271
109.97881142165271
109.97881142165271
109.97881142165271
109.97881142165271
109.97881142165271
109.97881142165271
109.97881142165271
109.97881142165271
109.97881142165271
109.97881142165271
109.97881142165271
109.97881142165271
109.97881142165271
109.97881142165271
109.97881142165271
109.97881142165271
109.97881142165271
109.97881142165271
109.97881142165271
109.97881142165271
109.97881142165271
109.97881142165271
109.97881142165271
109.97881142165271
109.97881142165271
109.97881142165271
109.97881142165271
109.97881142165271
109.97881142165271
109.97881142165271
109.97881142165271
109.97881142165271
109.97881142165271
109.97881142165271
109.97881142165271
109.97881142165271
109.97881142165271
109.97881142165271
109.97881142165271
109.97881142165271
109.97881142165271
109.97881142165271
109.97881142165271
40.32556418793933
0.0
0.0
0.0
0.0
0.0
0.0
0.0
0.0
0.0
0.0
0.0
0.0
0.0
0.0
0.0
0.0
0.0
0.0
0.0
0.0
41.1663807890223
