108.31651772845201
103.19976938599021
100.82156240991641
99.88469299509946
99.81262611703661
99.2721245315653
98.7676563851254
97.83078697030845
96.49754972614586
95.2003459210147
94.01124243297781
98.65955606803114
118.47794753531278
147.59296627270106
149.39463822427214
134.837128855578
121.79302392620352
120.42375324300951
121.32458921879504
121.03632170654367
117.79331219371578
115.70337272989335
114.40616892476218
114.00980109541655
113.50533294897666
111.12712597290286
106.83914672816374
104.28077255693283
102.22686653214183
99.56039204381666
97.29028538483713
96.85788411646008
96.74978379936582
95.92101470164313
94.40761026232344
92.02940328624965
93.47074084750649
97.00201787258577
125.46843470740848
147.91726722398386
145.68319400403576
131.34188526953014
122.7659267800519
121.68492360910926
122.11732487748631
121.90112424329779
119.3787835110983
116.27990775439608
116.02767368117614
115.01873738829634
113.7575670221966
108.4606514845777
105.65004324012685
103.27183626405305
102.26289997117325
101.10982992216778
101.21793023926205
99.56039204381666
99.12799077543961
97.68665321418277
96.17324877486308
95.2003459210147
94.04727587200922
94.01124243297781
123.27039492649179
153.71865090804266
148.89017007783224
135.16142980686078
123.84692995099452
123.09022773133468
124.45949841452868
123.23436148746036
119.41481695012972
116.60420870567887
116.02767368117614
115.66733929086192
114.62236955895071
112.49639665609686
108.8209858748919
105.00144133756126
102.3349668492361
100.49726145863362
98.62352262899971
97.11011818968002
95.34447967714038
94.8400115307005
94.62381089651197
93.47074084750649
92.42577111559528
90.62409916402422
91.59700201787258
103.34390314211589
140.42231190544825
152.45748054194294
139.01700778322282
124.42346497549727
123.09022773133468
121.61285673104642
121.43268953588931
121.18045546266936
117.28884404727587
115.01873738829634
114.29806860766791
113.00086480253675
112.8927644854425
107.1274142404151
104.0645719227443
101.0017296050735
99.20005765350245
97.21821850677429
96.85788411646008
95.59671375036034
94.58777745748054
93.6509080426636
92.20957048140674
91.38080138368406
90.15566445661574
88.78639377342174
87.99365811473048
88.10175843182473
110.55059094840011
147.6289997117325
150.3675410781205
137.7558374171231
127.45027385413664
119.12654943787835
118.04554626693572
118.91034880368983
119.16258287690978
117.0005765350245
114.04583453444798
113.7575670221966
113.00086480253675
112.8927644854425
112.13606226578266
105.28970884981263
101.6503315076391
99.74055923897377
98.7676563851254
96.49754972614586
94.22744306716633
92.17353704237533
92.02940328624965
92.6419717497838
92.31767079850101
92.4618045546267
92.89420582300374
103.77630441049294
137.61170366099742
145.97146151628712
134.33266070913808
120.24358604785242
113.72153358316518
112.53243009512828
114.76650331507639
116.02767368117614
114.76650331507639
113.82963390025945
114.00980109541655
112.8927644854425
110.98299221677718
102.29893341020467
99.74055923897377
98.2631882386855
97.07408475064861
96.85788411646008
95.48861343326608
94.76794465263765
93.8310752378207
92.93023926203517
91.84923609109254
90.5880657249928
96.49754972614586
119.73911790141251
145.14269241856442
145.10665897953302
131.66618622081293
120.53185356010378
115.9556068031133
115.66733929086192
114.83857019313923
113.39723263188239
112.74863072931682
111.73969443643702
111.99192850965697
110.94695877774575
108.67685211876622
100.6413952147593
97.72268665321418
96.17324877486308
95.84894782358029
94.87604496973192
94.73191121360622
93.32660709138081
91.92130296915538
92.67800518881522
96.96598443355434
118.36984721821851
142.98068607667918
143.1968867108677
134.5128279042952
122.946093975209
117.82934563274719
118.29778034015567
117.36091092533871
114.9466705102335
112.24416258287691
109.97405592389738
109.97405592389738
108.96511963101759
108.96511963101759
102.47910060536178
98.91179014125109
96.31738253098877
93.93917555491497
92.8221389449409
91.74113577399828
90.55203228596137
89.9034303833958
88.78639377342174
90.29979821274142
111.5234938022485
140.78264629576248
142.07985010089362
133.6840588065725
119.84721821850678
110.98299221677718
108.96511963101759
108.17238397232633
107.05534736235226
107.59584894782358
107.95618333813779
108.1363505332949
109.1452868261747
108.74891899682906
100.17296050735082
96.10118189680023
94.8400115307005
93.47074084750649
92.85817238397233
93.79504179878928
93.61487460363217
93.39867396944365
92.20957048140674
90.91236667627558
92.78610550590949
109.25338714326895
137.53963678293456
140.71057941769962
124.06313058518306
115.37907177861055
114.91063707120207
115.01873738829634
113.68550014413375
110.44249063130586
108.4606514845777
107.95618333813779
107.52378206976074
106.26261170366101
102.47910060536178
99.45229172672241
96.96598443355434
94.26347650619776
92.89420582300374
91.99336984721822
92.35370423753244
91.59700201787258
89.7592966272701
88.06572499279332
89.86739694436437
106.7670798501009
130.477082732776
135.62986451426926
123.30642836552322
112.35226289997118
111.41539348515423
111.48746036321707
110.1902565580859
107.30758143557222
106.19054482559815
105.83021043528395
105.25367541078121
105.14557509368694
102.73133467858173
98.98385701931393
96.82185067742866
94.26347650619776
91.63303545690401
90.01153070049006
89.72326318823869
89.00259440761026
88.49812626117037
87.12885557797637
85.93975208993946
87.525223407322
96.42548284808302
120.85615451138658
132.02652061112713
125.28826751225138
116.02767368117614
110.94695877774575
108.92908619198617
108.96511963101759
108.92908619198617
107.63188238685501
105.43384260593831
103.84837128855578
103.48803689824157
102.19083309311041
99.2721245315653
95.5246468722975
92.53387143268954
91.70510233496685
90.84029979821274
90.62409916402422
89.47102911501874
87.95762467569905
87.63332372441626
86.44422023637937
85.07494955318536
84.42634765061977
88.75036033439032
102.08273277601614
126.08100317094264
130.8013836840588
120.71202075526088
109.90198904583454
108.02825021620063
108.24445085038917
108.92908619198617
107.41568175266647
105.7581435572211
103.92043816661862
103.92043816661862
104.28077255693283
103.12770250792737
98.40732199481118
97.86682040933987
97.47045257999424
94.76794465263765
90.98443355433842
90.15566445661574
89.32689535889305
88.60622657826464
87.59729028538484
86.22801960219084
85.75958489478236
84.9668492360911
83.30931104064572
81.7238397232632
82.73277601614298
94.01124243297781
121.10838858460652
128.8916114153935
118.98241568175267
110.1902565580859
107.27154799654079
106.94724704525801
107.16344767944653
106.69501297203806
106.22657826462958
105.83021043528395
105.93831075237821
105.72211011818969
104.17267223983858
100.17296050735082
98.73162294609398
95.99308157970597
94.44364370135486
93.5067742865379
92.8221389449409
91.81320265206112
91.81320265206112
91.34476794465265
91.74113577399828
90.84029979821274
89.43499567598732
87.95762467569905
88.17382530988758
96.78581723839724
121.2525223407322
131.73825309887576
128.53127702507928
119.95531853560104
111.70366099740559
108.10031709426347
108.42461804554627
108.06428365523206
106.65897953300663
105.57797636206399
104.92937445949842
105.00144133756126
104.92937445949842
102.55116748342462
99.99279331219373
98.98385701931393
97.21821850677429
95.41654655520323
93.57884116460076
92.42577111559528
92.10147016431249
90.94840011530701
90.44393196886712
88.894494090516
88.46209282213894
89.61516287114442
91.81320265206112
94.37157682329202
111.91986163159413
124.89189968290574
122.7659267800519
114.40616892476218
109.07321994811186
107.66791582588642
107.30758143557222
106.58691265494379
105.68607667915826
104.96540789852985
105.50590948400115
103.88440472758721
102.91150187373883
99.09195733640819
96.28134909195734
94.58777745748054
92.93023926203517
92.24560392043817
91.48890170077833
90.11963101758433
90.19169789564717
90.7682329201499
89.79533006630153
88.46209282213894
87.95762467569905
89.7592966272701
97.47045257999424
120.92822138944942
131.91842029403287
122.6217930239262
114.98270394926492
109.1452868261747
107.05534736235226
106.98328048428942
106.69501297203806
105.86624387431537
105.93831075237821
105.68607667915826
105.28970884981263
103.3799365811473
100.13692706831941
98.37128855577977
96.49754972614586
95.99308157970597
95.59671375036034
95.81291438454886
95.84894782358029
96.06514845776881
95.38051311617181
95.66878062842318
98.01095416546556
110.5145575093687
127.34217353704238
130.0807149034304
122.69385990198906
114.55030268088787
110.94695877774575
109.86595560680311
109.07321994811186
108.96511963101759
108.17238397232633
107.95618333813779
107.23551455750938
106.65897953300663
105.72211011818969
101.97463245892189
98.29922167771693
97.00201787258577
96.24531565292592
94.8400115307005
94.47967714038629
94.40761026232344
93.11040645719228
91.81320265206112
92.67800518881522
105.0735082156241
128.60334390314213
135.62986451426926
134.94522917267224
123.09022773133468
110.94695877774575
110.29835687518018
110.98299221677718
110.65869126549438
109.03718650908043
108.20841741135774
106.94724704525801
106.94724704525801
106.58691265494379
105.00144133756126
101.50619775151341
99.84865955606803
97.32631882386855
96.35341597002018
95.84894782358029
95.5246468722975
94.91207840876334
94.58777745748054
92.9662727010666
95.12827904295186
100.49726145863362
115.4511386566734
132.78322283078697
133.93629287979246
123.630729316806
112.24416258287691
113.00086480253675
112.3882963390026
111.09109253387143
110.1902565580859
108.96511963101759
108.92908619198617
108.60478524070338
107.95618333813779
105.0735082156241
102.76736811761315
100.9656961660421
99.99279331219373
99.01989045834534
97.54251945805709
96.35341597002018
94.98414528682618
94.8400115307005
97.75872009224561
114.62236955895071
133.10752378206976
132.53098875756703
124.85586624387432
117.39694436437014
114.87460363217066
114.11790141251082
113.61343326607091
112.28019602190834
110.94695877774575
110.29835687518018
109.97405592389738
109.46958777745749
106.29864514269242
103.30786970308446
101.07379648313635
99.34419140962814
97.54251945805709
97.2542519458057
96.85788411646008
96.2092822138945
95.27241279907754
94.80397809166907
98.0830210435284
110.08215624099165
129.2519458057077
137.14326895358894
134.72902853848373
121.2525223407322
116.92850965696167
117.72124531565294
117.03660997405593
115.88353992505046
112.96483136350534
111.12712597290286
110.94695877774575
110.1902565580859
108.85701931392333
105.43384260593831
103.88440472758721
101.61429806860767
100.74949553185357
99.6324589218795
99.77659267800519
98.91179014125109
98.11905448255982
97.86682040933987
97.86682040933987
99.56039204381666
112.17209570481407
126.33323724416259
127.48630729316807
120.45978668204094
118.6941481695013
118.62208129143846
118.58604785240703
116.53214182761603
115.01873738829634
115.01873738829634
114.15393485154223
113.00086480253675
110.58662438743154
106.91121360622658
103.66820409339867
101.72239838570194
100.78552897088498
99.41625828769098
98.83972326318825
97.18218506774286
95.48861343326608
94.37157682329202
95.81291438454886
101.25396367829346
126.22513692706832
135.52176419717497
134.0083597578553
121.82905736523495
119.77515134044394
119.7030844623811
120.02738541366388
117.90141251081003
115.12683770539061
114.47823580282503
113.10896511963102
113.03689824156818
107.92014989910638
101.8304987027962
99.16402421447103
98.29922167771693
95.7048140674546
94.80397809166907
95.2003459210147
94.8400115307005
94.62381089651197
93.00230614009801
93.29057365234938
93.93917555491497
97.00201787258577
107.88411646007495
124.49553185356011
134.87316229460941
130.69328336696455
123.88296339002595
119.34275007206688
117.54107812049583
116.42404151052177
114.08186797347939
113.00086480253675
112.96483136350534
111.99192850965697
111.30729316805997
110.29835687518018
108.1363505332949
104.96540789852985
101.10982992216778
98.98385701931393
98.80368982415682
98.9478235802825
98.69558950706256
95.95704814067454
94.8400115307005
94.1914096281349
92.85817238397233
93.79504179878928
96.2092822138945
116.3159411934275
126.44133756125684
132.13462092822138
120.42375324300951
116.35197463245893
115.30700490054771
114.37013548573076
113.7575670221966
111.59556068031134
110.94695877774575
110.80282502162007
109.90198904583454
109.36148746036322
104.64110694724705
101.50619775151341
99.30815797059672
97.5785528970885
96.24531565292592
96.02911501873739
95.95704814067454
95.38051311617181
94.04727587200922
92.89420582300374
94.76794465263765
109.57768809455175
130.54914961083887
134.87316229460941
122.72989334102047
114.47823580282503
114.2620351686365
115.05477082732776
114.44220236379361
112.2081291438455
110.62265782646296
109.97405592389738
110.47852407033727
108.96511963101759
107.95618333813779
103.59613721533583
101.18189680023062
99.52435860478525
98.73162294609398
96.92995099452293
96.2092822138945
96.67771692130297
95.84894782358029
96.2092822138945
103.88440472758721
126.15307004900548
135.19746324589218
128.2430095128279
117.61314499855867
113.82963390025945
113.43326607091382
114.37013548573076
112.64053041222255
110.29835687518018
109.10925338714327
108.96511963101759
108.96511963101759
109.1452868261747
106.62294609397522
102.19083309311041
99.92072643413088
98.73162294609398
98.87575670221966
98.7676563851254
96.67771692130297
95.63274718939176
95.23637936004613
106.98328048428942
131.34188526953014
134.65696166042088
129.39607956183337
121.79302392620352
115.70337272989335
115.01873738829634
113.9017007783223
112.78466416834823
111.27125972902854
109.61372153358317
109.18132026520611
109.1452868261747
108.17238397232633
103.95647160565005
99.9567598731623
98.51542231190545
97.61458633611993
96.82185067742866
95.7048140674546
94.8400115307005
94.01124243297781
99.05592389737677
116.74834246180455
129.0717786105506
132.92735658691265
127.81060824445086
117.07264341308735
113.14499855866244
113.72153358316518
112.06399538771981
109.79388872874027
108.96511963101759
109.07321994811186
109.07321994811186
108.96511963101759
106.73104641106947
102.19083309311041
99.48832516575382
98.80368982415682
97.65061977515134
97.07408475064861
95.59671375036034
94.26347650619776
99.48832516575382
118.1896800230614
133.5038916114154
130.18881522052465
119.91928509656962
112.2081291438455
110.98299221677718
110.1902565580859
107.70394926491785
106.94724704525801
106.62294609397522
106.94724704525801
106.94724704525801
105.97434419140963
105.93831075237821
104.92937445949842
99.48832516575382
96.49754972614586
95.38051311617181
94.76794465263765
93.47074084750649
97.18218506774286
101.43413087345057
121.32458921879504
132.38685500144135
125.43240126837706
115.23493802248487
113.39723263188239
113.50533294897666
113.2530988757567
111.99192850965697
111.30729316805997
111.5234938022485
111.09109253387143
110.15422311905449
108.35255116748343
101.72239838570194
100.35312770250793
99.45229172672241
98.80368982415682
98.62352262899971
98.15508792159125
97.61458633611993
104.20870567886999
124.27933121937158
137.28740270971463
134.54886134332662
124.74776592678006
118.87431536465841
118.04554626693572
117.6491784375901
116.06370712020755
113.36119919285098
113.00086480253675
112.64053041222255
112.64053041222255
111.41539348515423
108.60478524070338
109.90198904583454
113.14499855866244
119.63101758431826
121.72095704814068
117.07264341308735
111.41539348515423
111.30729316805997
119.59498414528683
142.98068607667918
152.2412799077544
146.7641971749784
133.03545690400694
130.72931680599598
129.107812049582
127.70250792735659
125.28826751225138
123.91899682905736
123.09022773133468
122.58575958489479
122.0812914384549
120.78408763332374
108.17238397232633
106.19054482559815
105.25367541078121
104.92937445949842
105.72211011818969
105.83021043528395
106.26261170366101
105.0735082156241
102.0106658979533
98.5874891899683
97.9028538483713
103.99250504468147
132.35082156240992
143.52118766215048
132.56702219659846
126.29720380513116
121.14442202363794
119.84721821850678
116.8204093398674
113.72153358316518
112.46036321706544
112.24416258287691
111.09109253387143
110.94695877774575
109.97405592389738
106.26261170366101
101.3260305563563
99.9567598731623
98.73162294609398
98.04698760449698
97.86682040933987
97.50648601902566
97.54251945805709
96.82185067742866
94.58777745748054
93.8310752378207
92.89420582300374
94.44364370135486
100.53329489766504
125.72066878062843
139.59354280772558
132.71115595272414
121.0723551455751
119.59498414528683
119.30671663303546
118.55001441337562
117.3248774863073
114.40616892476218
113.18103199769386
113.9017007783223
113.43326607091382
112.74863072931682
105.79417699625253
104.60507350821563
102.94753531277026
100.3170942634765
99.16402421447103
98.15508792159125
96.71375036033439
95.84894782358029
94.40761026232344
93.1464398962237
92.4618045546267
91.20063418852696
89.47102911501874
87.81349091957337
96.31738253098877
128.81954453733064
140.1340443931969
133.3597578552897
121.32458921879504
115.12683770539061
115.2709714615163
116.02767368117614
116.02767368117614
115.01873738829634
112.17209570481407
111.81176131449986
110.8388584606515
109.97405592389738
107.95618333813779
105.54194292303258
104.28077255693283
102.5151340443932
99.88469299509946
98.19112136062266
96.85788411646008
95.84894782358029
95.84894782358029
95.38051311617181
94.04727587200922
93.39867396944365
92.85817238397233
94.1914096281349
99.84865955606803
117.82934563274719
142.04381666186222
142.1879504179879
130.4410492937446
121.3966560968579
118.36984721821851
118.40588065724994
116.96454309599308
114.29806860766791
112.35226289997118
111.99192850965697
