63.25813399841288
63.25813399841288
63.25813399841288
63.25813399841288
63.25813399841288
63.25813399841288
63.25813399841288
63.25813399841288
63.25813399841288
63.25813399841288
63.25813399841288
63.25813399841288
63.25813399841288
63.25813399841288
63.25813399841288
63.25813399841288
63.25813399841288
62.804670672259384
62.23784151456751
62.23784151456751
62.23784151456751
62.23784151456751
62.23784151456751
62.23784151456751
62.23784151456751
62.23784151456751
62.23784151456751
62.23784151456751
62.23784151456751
62.23784151456751
62.23784151456751
62.23784151456751
62.23784151456751
62.23784151456751
62.23784151456751
68.4729622491781
73.46105883686657
73.46105883686657
73.46105883686657
73.46105883686657
73.46105883686657
73.46105883686657
73.46105883686657
73.46105883686657
73.46105883686657
73.46105883686657
73.46105883686657
73.46105883686657
73.46105883686657
73.46105883686657
73.46105883686657
73.46105883686657
65.52545062918037
63.25813399841288
63.25813399841288
63.25813399841288
63.25813399841288
63.25813399841288
63.25813399841288
63.25813399841288
63.25813399841288
63.25813399841288
63.25813399841288
63.25813399841288
63.25813399841288
63.25813399841288
63.25813399841288
63.25813399841288
63.25813399841288
63.25813399841288
63.25813399841288
63.25813399841288
63.25813399841288
63.25813399841288
63.25813399841288
63.25813399841288
63.25813399841288
63.25813399841288
63.25813399841288
63.25813399841288
63.25813399841288
63.25813399841288
63.25813399841288
63.25813399841288
63.25813399841288
63.25813399841288
63.25813399841288
65.29871896610362
65.29871896610362
65.29871896610362
65.29871896610362
65.29871896610362
65.29871896610362
65.29871896610362
65.29871896610362
65.29871896610362
65.29871896610362
65.29871896610362
65.29871896610362
65.29871896610362
65.29871896610362
65.29871896610362
65.29871896610362
65.29871896610362
65.29871896610362
65.29871896610362
65.29871896610362
77.82564335109399
78.56252125609342
78.56252125609342
78.56252125609342
78.56252125609342
78.56252125609342
78.56252125609342
78.56252125609342
78.56252125609342
78.56252125609342
78.56252125609342
78.56252125609342
78.56252125609342
78.56252125609342
78.56252125609342
78.56252125609342
72.66749801609795
65.29871896610362
65.29871896610362
65.29871896610362
65.29871896610362
65.29871896610362
65.29871896610362
65.29871896610362
65.29871896610362
65.29871896610362
65.29871896610362
65.29871896610362
65.29871896610362
65.29871896610362
65.29871896610362
65.29871896610362
65.29871896610362
65.29871896610362
65.29871896610362
65.29871896610362
65.29871896610362
65.29871896610362
65.29871896610362
65.29871896610362
65.29871896610362
65.29871896610362
65.29871896610362
65.29871896610362
65.29871896610362
65.29871896610362
65.29871896610362
65.29871896610362
65.29871896610362
65.29871896610362
65.29871896610362
65.29871896610362
65.29871896610362
68.69969391225484
69.37988890148509
69.37988890148509
69.37988890148509
69.37988890148509
69.37988890148509
69.37988890148509
69.37988890148509
69.37988890148509
69.37988890148509
69.37988890148509
69.37988890148509
69.37988890148509
69.37988890148509
69.37988890148509
69.37988890148509
69.37988890148509
69.37988890148509
69.37988890148509
69.37988890148509
69.37988890148509
69.37988890148509
69.37988890148509
69.37988890148509
69.37988890148509
69.37988890148509
69.37988890148509
69.37988890148509
69.37988890148509
69.37988890148509
69.37988890148509
69.37988890148509
69.37988890148509
69.37988890148509
69.37988890148509
69.37988890148509
69.37988890148509
69.37988890148509
69.37988890148509
69.09647432263915
68.35959641763972
68.35959641763972
68.35959641763972
68.35959641763972
68.35959641763972
68.35959641763972
68.35959641763972
68.35959641763972
68.35959641763972
68.35959641763972
68.35959641763972
68.35959641763972
68.35959641763972
68.35959641763972
68.35959641763972
68.35959641763972
68.35959641763972
68.35959641763972
68.35959641763972
68.35959641763972
68.35959641763972
68.35959641763972
68.35959641763972
68.35959641763972
68.35959641763972
68.35959641763972
68.35959641763972
68.35959641763972
68.35959641763972
68.35959641763972
68.35959641763972
68.35959641763972
68.35959641763972
68.35959641763972
68.35959641763972
68.35959641763972
68.35959641763972
68.35959641763972
68.35959641763972
70.17344972225372
70.40018138533047
70.40018138533047
70.40018138533047
70.40018138533047
70.40018138533047
70.40018138533047
70.40018138533047
70.40018138533047
70.40018138533047
70.40018138533047
70.40018138533047
70.40018138533047
70.40018138533047
70.40018138533047
70.40018138533047
70.40018138533047
70.40018138533047
70.40018138533047
70.40018138533047
70.40018138533047
70.40018138533047
70.40018138533047
70.40018138533047
70.40018138533047
70.40018138533047
70.40018138533047
70.40018138533047
70.40018138533047
70.40018138533047
70.40018138533047
70.40018138533047
70.40018138533047
70.40018138533047
70.40018138533047
70.40018138533047
70.40018138533047
68.13286475456297
66.31901144994899
66.31901144994899
66.31901144994899
66.31901144994899
66.31901144994899
66.31901144994899
66.31901144994899
66.31901144994899
66.31901144994899
66.31901144994899
66.31901144994899
66.31901144994899
66.31901144994899
66.31901144994899
66.31901144994899
66.31901144994899
66.31901144994899
66.31901144994899
66.31901144994899
66.31901144994899
66.31901144994899
66.31901144994899
66.31901144994899
66.31901144994899
66.31901144994899
66.31901144994899
66.31901144994899
66.31901144994899
66.31901144994899
66.31901144994899
66.31901144994899
66.31901144994899
66.31901144994899
63.598231493028
63.25813399841288
63.25813399841288
63.25813399841288
63.25813399841288
63.25813399841288
63.25813399841288
63.25813399841288
63.25813399841288
63.25813399841288
63.25813399841288
63.25813399841288
63.25813399841288
63.25813399841288
63.25813399841288
63.25813399841288
63.25813399841288
63.25813399841288
63.25813399841288
63.25813399841288
63.25813399841288
63.25813399841288
63.25813399841288
63.25813399841288
63.25813399841288
63.25813399841288
63.25813399841288
63.25813399841288
63.25813399841288
72.10066885840608
75.5016438045573
75.5016438045573
75.5016438045573
75.5016438045573
75.5016438045573
75.5016438045573
75.5016438045573
75.5016438045573
75.5016438045573
75.5016438045573
75.5016438045573
75.5016438045573
75.5016438045573
75.5016438045573
75.5016438045573
75.5016438045573
75.5016438045573
75.5016438045573
75.5016438045573
75.5016438045573
75.5016438045573
75.5016438045573
75.5016438045573
75.5016438045573
75.5016438045573
75.5016438045573
75.5016438045573
75.5016438045573
75.5016438045573
77.42886294070968
77.54222877224805
77.54222877224805
77.54222877224805
77.54222877224805
77.54222877224805
77.54222877224805
77.54222877224805
77.54222877224805
77.54222877224805
77.54222877224805
77.54222877224805
77.54222877224805
77.54222877224805
77.54222877224805
77.54222877224805
77.54222877224805
77.54222877224805
77.54222877224805
77.54222877224805
77.54222877224805
77.54222877224805
77.54222877224805
77.54222877224805
77.54222877224805
77.54222877224805
77.54222877224805
77.54222877224805
77.54222877224805
77.54222877224805
79.24271624532366
82.64369119147489
82.64369119147489
82.64369119147489
82.64369119147489
82.64369119147489
82.64369119147489
82.64369119147489
82.64369119147489
82.64369119147489
82.64369119147489
82.64369119147489
82.64369119147489
82.64369119147489
82.64369119147489
82.64369119147489
82.64369119147489
82.64369119147489
82.64369119147489
82.64369119147489
82.64369119147489
82.64369119147489
82.64369119147489
82.64369119147489
82.64369119147489
82.64369119147489
82.64369119147489
82.64369119147489
82.64369119147489
82.64369119147489
82.64369119147489
82.64369119147489
82.64369119147489
82.64369119147489
82.64369119147489
82.64369119147489
82.64369119147489
82.64369119147489
82.64369119147489
82.64369119147489
82.64369119147489
82.64369119147489
82.64369119147489
71.5905226164834
67.33930393379435
67.33930393379435
67.33930393379435
67.33930393379435
67.33930393379435
67.33930393379435
67.33930393379435
67.33930393379435
67.33930393379435
67.33930393379435
67.33930393379435
67.33930393379435
67.33930393379435
67.33930393379435
67.33930393379435
67.33930393379435
67.33930393379435
67.33930393379435
67.33930393379435
67.33930393379435
67.33930393379435
67.33930393379435
67.33930393379435
67.33930393379435
67.33930393379435
67.33930393379435
67.33930393379435
67.33930393379435
67.33930393379435
67.33930393379435
67.33930393379435
67.33930393379435
67.33930393379435
67.33930393379435
67.33930393379435
67.33930393379435
69.71998639610021
74.48135132071194
74.48135132071194
74.48135132071194
74.48135132071194
74.48135132071194
74.48135132071194
74.48135132071194
74.48135132071194
74.48135132071194
74.48135132071194
74.48135132071194
74.48135132071194
74.48135132071194
74.48135132071194
74.48135132071194
74.48135132071194
74.48135132071194
74.48135132071194
74.48135132071194
74.48135132071194
74.48135132071194
74.48135132071194
74.48135132071194
74.48135132071194
74.48135132071194
74.48135132071194
74.48135132071194
74.48135132071194
74.48135132071194
74.48135132071194
74.48135132071194
74.48135132071194
74.48135132071194
74.48135132071194
74.48135132071194
74.48135132071194
74.48135132071194
74.48135132071194
74.87813173109625
75.5016438045573
75.5016438045573
75.5016438045573
75.5016438045573
75.5016438045573
75.5016438045573
75.5016438045573
75.5016438045573
75.5016438045573
75.5016438045573
75.5016438045573
75.5016438045573
75.5016438045573
75.5016438045573
75.5016438045573
75.5016438045573
75.5016438045573
75.5016438045573
75.5016438045573
75.5016438045573
75.5016438045573
75.5016438045573
75.5016438045573
75.5016438045573
75.5016438045573
75.5016438045573
75.5016438045573
75.5016438045573
75.5016438045573
75.5016438045573
75.5016438045573
75.5016438045573
75.5016438045573
75.5016438045573
75.5016438045573
75.5016438045573
76.06847296224917
76.52193628840267
76.52193628840267
76.52193628840267
76.52193628840267
76.52193628840267
76.52193628840267
76.52193628840267
76.52193628840267
76.52193628840267
76.52193628840267
76.52193628840267
76.52193628840267
76.52193628840267
76.52193628840267
76.52193628840267
76.52193628840267
76.52193628840267
76.52193628840267
76.52193628840267
76.52193628840267
76.52193628840267
76.52193628840267
76.52193628840267
76.52193628840267
76.52193628840267
76.52193628840267
76.52193628840267
76.52193628840267
76.52193628840267
76.52193628840267
76.52193628840267
76.52193628840267
76.52193628840267
76.52193628840267
76.52193628840267
76.52193628840267
76.52193628840267
76.52193628840267
76.52193628840267
76.52193628840267
76.52193628840267
76.52193628840267
76.52193628840267
76.52193628840267
76.52193628840267
76.52193628840267
76.52193628840267
76.52193628840267
76.52193628840267
76.52193628840267
76.52193628840267
76.52193628840267
76.52193628840267
76.52193628840267
76.52193628840267
76.52193628840267
76.52193628840267
76.52193628840267
76.52193628840267
76.52193628840267
76.52193628840267
76.52193628840267
76.52193628840267
76.52193628840267
76.52193628840267
76.52193628840267
76.52193628840267
76.52193628840267
76.52193628840267
76.52193628840267
76.52193628840267
76.52193628840267
76.52193628840267
76.52193628840267
76.80535086724862
77.54222877224805
77.54222877224805
77.54222877224805
77.54222877224805
77.54222877224805
77.54222877224805
77.54222877224805
77.54222877224805
77.54222877224805
77.54222877224805
77.54222877224805
77.54222877224805
77.54222877224805
77.54222877224805
77.54222877224805
77.54222877224805
77.54222877224805
77.54222877224805
77.54222877224805
77.54222877224805
77.54222877224805
77.54222877224805
77.54222877224805
77.54222877224805
77.54222877224805
77.54222877224805
77.54222877224805
77.54222877224805
77.54222877224805
77.54222877224805
77.54222877224805
77.54222877224805
77.54222877224805
77.54222877224805
77.54222877224805
77.54222877224805
77.54222877224805
77.54222877224805
77.54222877224805
77.54222877224805
75.72837546763405
75.5016438045573
75.5016438045573
75.5016438045573
75.5016438045573
75.5016438045573
75.5016438045573
75.5016438045573
75.5016438045573
75.5016438045573
75.5016438045573
75.5016438045573
75.5016438045573
75.5016438045573
75.5016438045573
75.5016438045573
75.5016438045573
75.5016438045573
75.5016438045573
75.5016438045573
75.5016438045573
75.5016438045573
75.5016438045573
75.5016438045573
75.5016438045573
75.5016438045573
75.5016438045573
75.5016438045573
75.5016438045573
75.5016438045573
75.5016438045573
75.5016438045573
75.5016438045573
75.5016438045573
75.5016438045573
75.5016438045573
75.5016438045573
75.5016438045573
71.87393719532933
71.42047386917584
71.42047386917584
71.42047386917584
71.42047386917584
71.42047386917584
71.42047386917584
71.42047386917584
71.42047386917584
71.42047386917584
71.42047386917584
71.42047386917584
71.42047386917584
71.42047386917584
71.42047386917584
71.42047386917584
71.42047386917584
71.42047386917584
71.42047386917584
71.42047386917584
71.42047386917584
71.42047386917584
71.42047386917584
71.42047386917584
71.42047386917584
71.42047386917584
71.42047386917584
71.42047386917584
71.42047386917584
71.42047386917584
71.42047386917584
71.42047386917584
71.42047386917584
71.42047386917584
71.42047386917584
71.42047386917584
71.42047386917584
71.42047386917584
71.42047386917584
71.42047386917584
71.42047386917584
71.42047386917584
71.42047386917584
68.0194989230246
67.33930393379435
67.33930393379435
67.33930393379435
67.33930393379435
67.33930393379435
67.33930393379435
67.33930393379435
67.33930393379435
67.33930393379435
67.33930393379435
67.33930393379435
67.33930393379435
67.33930393379435
67.33930393379435
67.33930393379435
67.33930393379435
67.33930393379435
67.33930393379435
67.33930393379435
67.33930393379435
67.33930393379435
67.33930393379435
67.33930393379435
67.33930393379435
67.33930393379435
67.33930393379435
67.33930393379435
67.33930393379435
67.33930393379435
67.33930393379435
67.33930393379435
67.33930393379435
67.33930393379435
67.33930393379435
67.33930393379435
67.33930393379435
67.33930393379435
67.33930393379435
67.33930393379435
67.33930393379435
65.97891395533387
61.21754903072214
61.21754903072214
61.21754903072214
61.21754903072214
61.21754903072214
61.21754903072214
61.21754903072214
61.21754903072214
61.21754903072214
61.21754903072214
61.21754903072214
61.21754903072214
61.21754903072214
61.21754903072214
61.21754903072214
61.21754903072214
61.21754903072214
61.21754903072214
61.21754903072214
61.21754903072214
61.21754903072214
61.21754903072214
61.21754903072214
61.21754903072214
61.21754903072214
61.21754903072214
61.21754903072214
61.21754903072214
61.21754903072214
61.21754903072214
61.21754903072214
61.21754903072214
61.21754903072214
61.21754903072214
61.21754903072214
61.21754903072214
61.21754903072214
61.21754903072214
61.21754903072214
61.21754903072214
60.87745153610702
59.176964063031406
59.176964063031406
59.176964063031406
59.176964063031406
59.176964063031406
59.176964063031406
59.176964063031406
59.176964063031406
59.176964063031406
59.176964063031406
59.176964063031406
59.176964063031406
59.176964063031406
59.176964063031406
59.176964063031406
59.176964063031406
59.176964063031406
59.176964063031406
59.176964063031406
59.176964063031406
59.176964063031406
59.176964063031406
59.176964063031406
59.176964063031406
59.176964063031406
59.176964063031406
59.176964063031406
59.176964063031406
59.176964063031406
59.176964063031406
59.176964063031406
59.176964063031406
59.176964063031406
59.176964063031406
59.176964063031406
59.176964063031406
59.176964063031406
58.610134905339535
57.136379095340665
57.136379095340665
57.136379095340665
57.136379095340665
57.136379095340665
57.136379095340665
57.136379095340665
57.136379095340665
57.136379095340665
57.136379095340665
57.136379095340665
57.136379095340665
57.136379095340665
57.136379095340665
57.136379095340665
57.136379095340665
57.136379095340665
57.136379095340665
57.136379095340665
57.136379095340665
57.136379095340665
57.136379095340665
57.136379095340665
57.136379095340665
57.136379095340665
57.136379095340665
57.136379095340665
57.136379095340665
57.136379095340665
57.136379095340665
57.136379095340665
57.136379095340665
57.136379095340665
57.136379095340665
57.136379095340665
57.136379095340665
57.136379095340665
57.136379095340665
57.136379095340665
55.43589162226505
55.09579412764993
55.09579412764993
55.09579412764993
55.09579412764993
55.09579412764993
55.09579412764993
55.09579412764993
55.09579412764993
55.09579412764993
55.09579412764993
55.09579412764993
55.09579412764993
55.09579412764993
55.09579412764993
55.09579412764993
