-1.020292483845369
-1.020292483845369
-1.020292483845369
-0.6235120734610589
0.0
0.0
0.0
0.0
0.0
0.0
0.0
0.0
0.0
0.0
0.0
0.0
0.0
0.0
0.0
0.0
0.0
0.0
0.0
0.0
0.0
0.0
0.0
0.0
0.0
0.0
0.0
0.7935608207686203
1.020292483845369
1.020292483845369
1.020292483845369
1.020292483845369
1.020292483845369
1.020292483845369
1.020292483845369
1.020292483845369
1.020292483845369
1.020292483845369
1.020292483845369
1.020292483845369
1.020292483845369
1.8705362203831766
2.040584967690738
2.040584967690738
2.040584967690738
2.040584967690738
2.040584967690738
2.040584967690738
2.040584967690738
2.040584967690738
2.040584967690738
2.040584967690738
2.040584967690738
2.040584967690738
2.040584967690738
2.040584967690738
2.040584967690738
2.040584967690738
2.040584967690738
2.040584967690738
2.040584967690738
2.040584967690738
2.040584967690738
2.040584967690738
1.8705362203831766
1.020292483845369
1.020292483845369
1.020292483845369
1.020292483845369
1.020292483845369
1.020292483845369
1.020292483845369
1.020292483845369
1.020292483845369
1.020292483845369
1.020292483845369
0.11336583153837433
0.0
0.0
0.0
0.0
0.0
0.0
0.0
0.0
0.0
0.0
0.0
0.0
0.0
0.0
0.0
0.0
0.0
0.0
0.0
0.0
0.0
0.0
0.0
0.0
0.0
0.0
0.0
0.0
-0.9069266523069947
-1.020292483845369
-1.020292483845369
-1.020292483845369
-1.020292483845369
-1.020292483845369
-1.020292483845369
-1.020292483845369
-1.020292483845369
-1.020292483845369
-1.020292483845369
-1.020292483845369
-1.020292483845369
-1.020292483845369
-1.020292483845369
-1.020292483845369
-1.020292483845369
-1.020292483845369
-1.020292483845369
-1.020292483845369
-1.020292483845369
-1.020292483845369
-1.020292483845369
-1.020292483845369
-1.020292483845369
-1.020292483845369
-1.020292483845369
-1.020292483845369
-1.020292483845369
-1.020292483845369
-1.020292483845369
-1.020292483845369
-1.020292483845369
-1.020292483845369
-1.020292483845369
-1.020292483845369
-1.020292483845369
-1.020292483845369
-1.020292483845369
-1.020292483845369
-1.020292483845369
-1.020292483845369
-1.020292483845369
-1.020292483845369
-1.020292483845369
-1.020292483845369
-1.020292483845369
-1.020292483845369
-1.020292483845369
-1.020292483845369
-1.020292483845369
-1.020292483845369
-1.020292483845369
-1.020292483845369
-1.020292483845369
-1.020292483845369
-1.020292483845369
-1.020292483845369
-1.020292483845369
-1.020292483845369
-1.020292483845369
-1.020292483845369
-1.020292483845369
-1.020292483845369
-1.020292483845369
-1.020292483845369
-1.020292483845369
-1.020292483845369
-1.020292483845369
-1.020292483845369
-1.020292483845369
-1.020292483845369
-1.020292483845369
-1.020292483845369
-1.020292483845369
-1.020292483845369
-1.020292483845369
-1.020292483845369
-1.020292483845369
-1.020292483845369
-1.020292483845369
-1.020292483845369
-1.020292483845369
-1.020292483845369
-1.020292483845369
-0.7368779049994332
0.0
0.0
0.0
0.0
0.0
0.0
0.0
0.0
0.0
0.0
0.0
0.0
0.0
0.0
0.0
0.0
0.0
0.0
0.0
0.0
0.0
0.0
0.0
0.0
0.056682915769187166
1.020292483845369
1.020292483845369
1.020292483845369
1.020292483845369
1.020292483845369
1.020292483845369
1.020292483845369
1.020292483845369
1.020292483845369
1.4737558099988664
2.040584967690738
2.040584967690738
2.040584967690738
2.040584967690738
2.040584967690738
2.040584967690738
2.4940482938442354
3.0608774515361072
3.0608774515361072
3.0608774515361072
3.0608774515361072
3.0608774515361072
3.0608774515361072
3.0608774515361072
3.0608774515361072
3.0608774515361072
3.230926198843669
4.081169935381476
4.081169935381476
4.081169935381476
4.081169935381476
4.081169935381476
4.081169935381476
4.081169935381476
4.081169935381476
4.081169935381476
4.081169935381476
4.081169935381476
4.081169935381476
4.081169935381476
4.081169935381476
4.081169935381476
4.081169935381476
4.081169935381476
4.081169935381476
4.081169935381476
4.081169935381476
4.081169935381476
4.081169935381476
4.081169935381476
4.081169935381476
4.081169935381476
4.081169935381476
4.081169935381476
4.081169935381476
4.081169935381476
4.081169935381476
4.081169935381476
4.081169935381476
4.081169935381476
4.081169935381476
4.081169935381476
4.081169935381476
4.081169935381476
4.081169935381476
4.081169935381476
4.081169935381476
4.081169935381476
4.081169935381476
4.081169935381476
4.081169935381476
4.081169935381476
4.081169935381476
4.081169935381476
4.081169935381476
4.081169935381476
4.081169935381476
4.081169935381476
4.081169935381476
4.081169935381476
4.081169935381476
4.081169935381476
4.081169935381476
4.081169935381476
4.081169935381476
4.081169935381476
4.081169935381476
4.534633261534974
5.101462419226845
5.101462419226845
5.101462419226845
5.101462419226845
5.101462419226845
5.101462419226845
5.101462419226845
5.101462419226845
5.101462419226845
5.101462419226845
5.101462419226845
5.101462419226845
5.101462419226845
4.3079015984582245
4.081169935381476
4.081169935381476
4.081169935381476
4.081169935381476
4.081169935381476
4.081169935381476
4.081169935381476
4.081169935381476
4.081169935381476
4.081169935381476
4.081169935381476
4.081169935381476
4.081169935381476
4.081169935381476
4.081169935381476
4.081169935381476
4.081169935381476
4.081169935381476
4.081169935381476
4.081169935381476
4.081169935381476
4.081169935381476
4.081169935381476
4.081169935381476
4.081169935381476
4.081169935381476
3.230926198843669
3.0608774515361072
3.0608774515361072
3.0608774515361072
3.0608774515361072
3.0608774515361072
3.0608774515361072
3.0608774515361072
3.0608774515361072
3.0608774515361072
2.777462872690171
2.040584967690738
2.040584967690738
2.040584967690738
2.040584967690738
2.040584967690738
2.040584967690738
2.040584967690738
1.700487473075615
1.020292483845369
1.020292483845369
1.020292483845369
1.020292483845369
1.020292483845369
1.020292483845369
0.7935608207686203
0.0
0.0
0.0
0.0
0.0
0.0
0.0
0.0
0.0
0.0
0.0
0.0
0.0
0.0
0.0
0.0
0.0
0.0
0.0
0.0
0.0
0.0
0.0
0.0
0.0
0.0
-0.7368779049994332
-1.020292483845369
-1.020292483845369
-1.020292483845369
-1.020292483845369
-1.020292483845369
-1.020292483845369
-1.020292483845369
-1.020292483845369
-1.020292483845369
-1.020292483845369
-1.020292483845369
-1.020292483845369
-1.020292483845369
-1.020292483845369
-1.020292483845369
-1.020292483845369
-1.020292483845369
-1.020292483845369
-1.020292483845369
-1.020292483845369
-1.020292483845369
-1.020292483845369
-1.020292483845369
-1.020292483845369
-1.020292483845369
-1.020292483845369
-1.020292483845369
-1.020292483845369
-1.020292483845369
-1.020292483845369
-1.020292483845369
-1.020292483845369
-1.020292483845369
-1.020292483845369
-1.020292483845369
-1.020292483845369
-1.020292483845369
-1.020292483845369
-1.020292483845369
-1.020292483845369
-1.020292483845369
-1.020292483845369
-1.020292483845369
-1.020292483845369
-1.020292483845369
-1.020292483845369
-1.020292483845369
-1.020292483845369
-1.020292483845369
-1.020292483845369
-1.020292483845369
-1.020292483845369
-1.020292483845369
-1.020292483845369
-1.020292483845369
-1.020292483845369
-1.020292483845369
-1.020292483845369
-1.020292483845369
-1.020292483845369
-1.020292483845369
-1.020292483845369
-1.020292483845369
-1.020292483845369
-1.020292483845369
-1.020292483845369
-1.020292483845369
-1.020292483845369
-1.020292483845369
-1.020292483845369
-1.020292483845369
-1.020292483845369
-1.020292483845369
-1.020292483845369
-1.020292483845369
-1.020292483845369
-1.020292483845369
-1.020292483845369
-1.020292483845369
-1.020292483845369
-1.020292483845369
-1.020292483845369
-1.020292483845369
-1.020292483845369
-1.020292483845369
-1.020292483845369
-1.020292483845369
-1.020292483845369
-1.020292483845369
-1.7571703888448023
-2.040584967690738
-2.040584967690738
-2.040584967690738
-2.040584967690738
-2.040584967690738
-2.040584967690738
-2.040584967690738
-2.040584967690738
-2.040584967690738
-2.040584967690738
-2.040584967690738
-2.040584967690738
-2.040584967690738
-2.040584967690738
-2.040584967690738
-2.040584967690738
-2.040584967690738
-2.040584967690738
-2.040584967690738
-2.040584967690738
-2.040584967690738
-2.040584967690738
-2.040584967690738
-2.040584967690738
-2.040584967690738
-2.040584967690738
-2.040584967690738
-2.040584967690738
-2.040584967690738
-2.040584967690738
-2.040584967690738
-2.040584967690738
-2.040584967690738
-2.040584967690738
-2.040584967690738
-2.040584967690738
-2.040584967690738
-2.040584967690738
-2.040584967690738
-2.040584967690738
-2.040584967690738
-2.040584967690738
-2.040584967690738
-2.040584967690738
-2.040584967690738
-2.040584967690738
-2.040584967690738
-2.040584967690738
-2.040584967690738
-2.040584967690738
-2.040584967690738
-2.040584967690738
-2.040584967690738
-2.040584967690738
-2.040584967690738
-2.040584967690738
-2.040584967690738
-2.040584967690738
-2.040584967690738
-2.040584967690738
-2.040584967690738
-2.040584967690738
-2.040584967690738
-2.040584967690738
-2.040584967690738
-2.040584967690738
-2.040584967690738
-2.040584967690738
-2.2106337149982997
-3.0608774515361072
-3.0608774515361072
-3.0608774515361072
-3.0608774515361072
-3.0608774515361072
-3.0608774515361072
-3.0608774515361072
-3.0608774515361072
-3.0608774515361072
-3.0608774515361072
-3.0608774515361072
-2.720779956920984
-2.040584967690738
-2.040584967690738
-2.040584967690738
-2.040584967690738
-2.040584967690738
-2.040584967690738
-2.040584967690738
-2.040584967690738
-2.040584967690738
-2.040584967690738
-1.5304387257680536
-1.020292483845369
-1.020292483845369
-1.020292483845369
-1.020292483845369
-1.020292483845369
-1.020292483845369
-1.020292483845369
-0.9069266523069947
0.0
0.0
0.0
0.0
0.0
0.0
0.0
0.0
0.0
0.0
0.0
0.0
0.0
0.0
0.0
0.0
0.0
0.0
0.0
0.0
0.0
0.0
0.0
0.0
0.0
0.0
0.0
0.0
0.0
0.0
0.0
0.0
0.0
0.0
0.0
0.0
0.0
0.0
0.0
0.0
0.0
0.0
0.0
0.0
0.0
0.0
0.0
0.0
0.0
0.0
-0.5668291576918717
-1.020292483845369
-1.020292483845369
-1.020292483845369
-1.020292483845369
-1.020292483845369
-1.020292483845369
-1.020292483845369
-1.020292483845369
-1.020292483845369
-1.020292483845369
-1.020292483845369
-1.020292483845369
-1.020292483845369
-1.020292483845369
-1.020292483845369
-1.020292483845369
-1.020292483845369
-1.020292483845369
-1.020292483845369
-1.020292483845369
-1.020292483845369
-1.020292483845369
-1.020292483845369
-1.020292483845369
-1.020292483845369
-1.020292483845369
-1.020292483845369
-1.020292483845369
-1.020292483845369
-1.020292483845369
-1.020292483845369
-1.020292483845369
-1.020292483845369
-1.020292483845369
-1.020292483845369
-1.020292483845369
-1.020292483845369
-1.8705362203831766
-2.040584967690738
-2.040584967690738
-2.040584967690738
-2.040584967690738
-2.040584967690738
-2.040584967690738
-2.040584967690738
-2.040584967690738
-2.040584967690738
-2.040584967690738
-2.040584967690738
-2.040584967690738
-2.040584967690738
-2.040584967690738
-2.040584967690738
-2.040584967690738
-2.040584967690738
-2.040584967690738
-2.040584967690738
-2.040584967690738
-2.040584967690738
-2.040584967690738
-2.040584967690738
-2.040584967690738
-2.040584967690738
-2.040584967690738
-2.040584967690738
-2.040584967690738
-2.040584967690738
-2.040584967690738
-2.040584967690738
-2.040584967690738
-2.040584967690738
-2.040584967690738
-2.4373653780750484
-3.0608774515361072
-3.0608774515361072
-3.0608774515361072
-3.0608774515361072
-3.0608774515361072
-3.0608774515361072
-3.0608774515361072
-3.0608774515361072
-3.0608774515361072
-3.0608774515361072
-3.0608774515361072
-3.0608774515361072
-3.0608774515361072
-3.0608774515361072
-3.230926198843669
-4.081169935381476
-4.081169935381476
-4.081169935381476
-4.081169935381476
-4.081169935381476
-4.081169935381476
-4.081169935381476
-4.081169935381476
-4.081169935381476
-4.081169935381476
-4.081169935381476
-4.081169935381476
-4.081169935381476
-4.081169935381476
-4.081169935381476
-4.081169935381476
-4.081169935381476
-4.081169935381476
-4.081169935381476
-4.081169935381476
-4.081169935381476
-4.081169935381476
-4.081169935381476
-4.081169935381476
-4.081169935381476
-4.081169935381476
-4.081169935381476
-4.081169935381476
-4.081169935381476
-4.081169935381476
-4.081169935381476
-4.081169935381476
-4.081169935381476
-4.081169935381476
-4.081169935381476
-4.081169935381476
-4.081169935381476
-4.081169935381476
-3.6277066092279786
-3.0608774515361072
-3.0608774515361072
-3.0608774515361072
-3.0608774515361072
-3.0608774515361072
-3.0608774515361072
-2.380682462305861
-2.040584967690738
-2.040584967690738
-2.040584967690738
-2.040584967690738
-2.040584967690738
-2.040584967690738
-1.020292483845369
-1.020292483845369
-1.020292483845369
-1.020292483845369
-1.020292483845369
-1.020292483845369
-1.020292483845369
-1.020292483845369
-0.11336583153837433
0.0
0.0
0.0
0.0
0.0
0.0
0.0
0.0
0.0
0.0
0.0
0.0
0.0
0.0
0.0
0.0
0.0
0.0
0.0
0.0
0.0
0.0
0.0
0.0
0.0
0.0
0.0
0.0
0.0
0.0
0.0
0.0
0.0
0.0
0.0
0.0
0.0
0.0
0.0
0.0
0.0
0.0
0.0
0.0
0.0
0.0
0.0
0.0
0.0
0.0
0.0
0.0
0.0
0.0
0.0
0.0
0.0
0.0
0.0
0.0
0.0
0.0
0.0
0.0
0.0
0.0
0.0
0.0
0.0
0.0
0.0
0.0
0.0
0.0
-0.28341457884593585
-1.020292483845369
-1.020292483845369
-1.020292483845369
-1.020292483845369
-1.020292483845369
-1.020292483845369
-1.020292483845369
-1.020292483845369
-1.020292483845369
-1.020292483845369
-1.020292483845369
-1.020292483845369
-1.020292483845369
-1.020292483845369
-1.020292483845369
-1.020292483845369
-1.020292483845369
-1.020292483845369
-1.020292483845369
-1.020292483845369
-1.020292483845369
-1.020292483845369
-1.020292483845369
-1.020292483845369
-1.020292483845369
-1.2470241469221177
-2.040584967690738
-2.040584967690738
-2.040584967690738
-2.040584967690738
-2.040584967690738
-2.040584967690738
-2.040584967690738
-2.040584967690738
-2.040584967690738
-2.040584967690738
-2.040584967690738
-2.040584967690738
-2.040584967690738
-2.040584967690738
-2.040584967690738
-2.040584967690738
-2.040584967690738
-2.040584967690738
-2.040584967690738
-2.040584967690738
-2.040584967690738
-2.040584967690738
-2.040584967690738
-2.040584967690738
-2.040584967690738
-2.040584967690738
-2.040584967690738
-2.040584967690738
-2.040584967690738
-2.040584967690738
-2.040584967690738
-2.380682462305861
-3.0608774515361072
-3.0608774515361072
-3.0608774515361072
-3.0608774515361072
