92.3332796823864
99.62980846611943
94.06352272117603
82.13959976393583
79.34975052309673
87.22302698642632
129.44632222758733
124.84575352754976
105.1290305273888
98.79821878856163
99.96512688448952
97.04115027630237
84.7819089006921
80.63737324963786
80.32888030473738
86.84747035785182
130.10354632759268
126.5491710928698
105.63871452331134
99.80417404367188
100.81012929878213
98.40924942325232
86.3646118353989
81.2275336659692
80.19475293738935
79.38998873330115
107.35554482536617
132.79950641128818
114.89350287032566
98.7177423681528
98.65067868447879
101.8965609743012
93.80868072321476
83.76254090884704
81.48237566393047
81.02634261494715
79.13514673533989
98.65067868447879
131.4045817908686
114.57159718869039
97.75202532324695
98.18123289876067
104.09624979880896
90.56279843339236
82.58222007618434
81.48237566393047
80.57030956596384
79.49729062717957
126.06631257041687
126.71012393368743
97.886152690595
92.03819947422072
101.0783840334782
99.9383014110199
87.29009067010033
80.90562798433393
79.76554536187564
90.80422769461882
134.06030366435968
119.69526262138527
92.3869306293256
92.68201083749129
102.82203980900263
93.25875851708783
81.34824829658244
78.55839905574334
78.55839905574334
82.3676162884275
129.07076559901282
110.45388701110575
98.51655131713075
99.20060089060573
104.297440849831
91.01883148237567
83.70888996190783
81.24094640270401
80.34229304147219
81.88475776597457
126.76377488062664
131.2704544235206
109.11261333762542
99.61639572938462
103.31831106819035
101.44052792531788
88.93985728848115
84.09785932721712
82.94436396802404
81.68356671495252
87.30350340683513
137.2927732174473
127.32710982348839
99.99195235795912
94.89511239873384
100.6625891946993
97.0813884865068
84.90262353130532
80.65078598637267
80.36911851494179
81.37507377005204
121.49256934384893
127.99774666022856
99.26766457427973
89.47636675787328
98.93234615590966
97.5508342722249
83.36015880680294
77.83411127206395
76.45259938837921
80.0203873598369
120.91582166425238
110.34658511722732
85.64032405171952
83.9637319598691
94.3049519824025
82.47491818230593
72.8311604699823
70.28274049036966
72.72385857610386
111.04404742743709
130.26449916841034
104.39133000697463
90.7103385374752
93.41971135790547
95.69987660282204
83.81619185578626
77.83411127206395
76.92204517409732
77.29760180267182
106.6983207253608
130.1571972745319
108.02618166210634
95.48527281506519
96.02178228445733
100.38092172326841
91.07248242931487
80.7983260904555
77.98165137614679
77.87434948226837
114.98739202746928
131.3375181071946
101.5075916089919
90.3481946456355
92.70883631096089
96.58511722731906
83.29309512312892
77.95482590267719
76.33188475776598
88.48382423949784
133.71157250925478
111.0306346907023
88.12168034765814
91.70288105585064
102.99640538655508
87.88025108643168
78.24990611084286
76.39894844144
106.72514619883042
136.5148344868287
109.83690112130479
91.03224421911047
92.7490745211653
99.69687214979345
85.25135468641022
78.24990611084286
76.78791780674929
103.76093138043886
138.21825205214873
113.08278341112721
96.86678469874994
98.15440742529105
101.26616234776544
87.9741402435753
82.09936155373143
78.94736842105263
81.38848650678685
119.64161167444605
120.35248672139063
95.64622565588283
93.9428080905628
97.43011964161168
94.38542840281131
81.03975535168196
76.78791780674929
76.45259938837921
78.69252642309137
109.17967702129943
118.30033800096572
92.82955094157413
90.21406727828746
97.75202532324695
90.25430548849188
78.34379526798648
75.33934223939053
77.35125274961104
126.73694940715704
121.15725092547883
92.03819947422072
85.80127689253716
95.96813133751812
93.32582220076185
78.12919148022962
73.78346477815333
81.12023177209078
132.03498041740437
116.02017275604915
90.09335264767424
89.1410483395032
95.67305112935243
86.61945383336017
76.15751918021353
73.59568646386609
73.52862278019207
103.41220022533398
127.26004613981438
97.47035785181609
91.81018294972907
95.08289071302109
93.79526798647997
80.07403830677612
74.96378561081603
73.79687751488814
78.15601695369924
124.24218037448361
117.4016846397339
90.36160738237031
87.50469445785718
93.84891893341918
88.21556950480176
76.74767959654488
73.83711572509254
74.34679972101507
102.3123558130801
132.69220451740975
107.28848114169216
87.14255056601749
94.18423735178926
101.03814582327378
84.07103385374752
77.80728579859435
74.4272761414239
107.65062503353185
127.55512634798005
98.77139331509201
84.60754332313965
94.27812650893289
96.26321154568379
79.84602178228447
74.88330919040722
75.78196255163904
126.6162347765438
126.03948709694727
99.22742636407533
91.9845485272815
96.55829175384946
96.23638607221417
82.70293470679758
77.88776221900316
77.47196738022426
103.64021674982564
135.25403723375717
114.53135897848597
97.09480122324159
97.73861258651216
101.92338644777081
94.18423735178926
82.46150544557112
79.01443210472665
78.50474810880412
106.01427115188584
133.7249852459896
106.72514619883042
92.86978915177853
95.76694028649607
100.23338161918558
86.94135951499544
79.26927410268792
77.48538011695906
77.45855464348946
104.53887011105746
119.22581683566716
91.36756263748056
89.32882665379044
100.54187456408606
91.9174848436075
80.73126240678148
77.15006169858898
79.47046515370997
126.34798004184775
119.54772251730243
90.7103385374752
86.51215193948174
93.5538387252535
95.69987660282204
81.2007081924996
75.43323139653415
75.04426203122486
96.49122807017544
130.82783411127207
101.84291002736198
91.01883148237567
92.23939052524277
98.44948763345674
83.85643006599066
76.90863243736253
75.20521487204249
77.33784001287623
120.87558345404797
120.91582166425238
93.91598261709319
89.98605075379581
96.35710070282741
93.66114061913193
80.73126240678148
74.56140350877193
73.43473362304844
73.81029025162294
105.4911744192285
116.10064917645796
89.154461076238
85.89516604968078
94.86828692526423
95.04265250281668
79.5777670475884
73.78346477815333
72.69703310263426
74.06513224958421
112.94865604377918
121.29137829282688
90.81764043135361
83.31992059659854
96.15590965180536
91.99796126401631
77.83411127206395
73.99806856591019
79.05467031493106
128.172112237781
121.98884060303665
92.99050378239177
85.11722731906218
96.88019743548475
93.5270132517839
78.26331884757766
74.21267235366705
74.30656151081067
114.93374108053007
115.95310907237513
93.11121841300499
91.86383389666828
97.56424700895971
93.28558399055744
81.13364450882558
76.25140833735716
75.44664413326896
99.95171414775471
134.73094050109984
109.26015344170825
95.14995439669511
94.3720156660765
98.19464563549548
88.57771339664146
78.59863726594774
75.44664413326896
75.16497666183808
105.93379473147701
132.5446644133269
100.93084392939535
88.75207897419389
92.06502494769033
97.76543805998176
85.27818015987982
77.35125274961104
75.03084929449005
82.71634744353238
128.70862170717314
108.71023123558132
87.31691614356994
89.5702559150169
100.3004453028596
87.33032888030473
76.61355222919684
74.21267235366705
98.99940983958368
132.6251408337357
107.59697408659264
88.93985728848115
88.47041150276303
95.84741670690488
84.58071784967005
76.18434465368314
74.50775256183272
98.03369279467783
133.60427061537638
115.80556896829229
94.92193787220344
92.54788347014325
95.0963034497559
90.84446590482322
79.01443210472665
75.6344224475562
75.41981865979935
107.42260850904019
130.1840227480015
104.04259885186974
93.1380438864746
94.10376093138044
97.25575406405923
83.85643006599066
76.93545791083213
75.37958044959494
74.95037287408122
112.30484468050861
127.99774666022856
100.86378024572134
90.12017812114384
94.57320671709856
96.03519502119212
82.38102902516229
77.67315843124632
76.70744138634048
82.3944417618971
129.741402435753
117.68335211116477
89.83851064971297
86.29754815172488
95.32431997424754
88.04120392724931
77.6060947475723
74.74918182305917
75.29910402918611
115.72509254788348
123.45082890713022
95.01582702934707
89.9592252803262
97.1484521701808
94.3049519824025
81.1872954557648
75.78196255163904
73.72981383121413
80.98610440474275
127.36734803369279
114.35699340093353
92.07843768442514
89.43612854766887
95.96813133751812
88.57771339664146
78.74617737003058
74.60164171897634
74.27973603734107
82.93095123128923
129.741402435753
112.88159236010516
89.82509791297817
89.00692097215516
97.65813616610333
88.91303181501154
78.0084768496164
74.65529266591555
74.22608509040185
87.47786898438758
127.58195182144965
103.15735822737271
83.76254090884704
82.810236600676
98.38242394978272
81.50920113740008
74.33338698428028
72.32147647405976
78.89371747411342
128.9098127581952
117.65652663769517
88.51064971296744
84.75508342722249
94.18423735178926
87.08889961907828
76.55990128225764
72.8713986801867
71.42282311282794
100.93084392939535
133.7383979827244
106.43006599066474
87.38397982724395
86.71334299050379
93.17828209667901
83.37357154353775
74.11878319652342
71.44964858629756
71.32893395568432
78.30355705778207
123.16916143569935
103.54632759268202
84.99651268844896
87.47786898438758
95.41820913139117
81.992059659853
74.30656151081067
71.61060142711518
71.42282311282794
78.29014432104726
126.02607436021246
100.11266698857236
82.51515639251033
84.44659048232202
96.96067385589356
83.02484038843286
74.57481624550674
71.87885616181126
75.84902623531306
118.00525779280005
120.31224851118623
89.35565212726004
82.4078544986319
93.80868072321476
89.67755780889533
77.04275980471056
72.75068404957348
71.30210848221472
83.05166586190246
128.29282686839423
103.37196201512957
89.79827243950857
89.59708138848652
96.69241912119749
88.95327002521594
78.035302323086
73.98465582917538
73.6359246740705
89.65073233542573
135.91126133376255
113.75342024786738
91.93089758034229
91.23343527013252
98.81163152529642
89.39589033746446
79.53752883738399
76.15751918021353
75.07108750469446
74.54799077203712
109.13943881109502
129.3524330704437
98.46290037019153
86.90112130479103
91.38097537421535
95.40479639465637
82.59563281291915
75.60759697408659
74.31997424754547
74.09195772305381
83.72230269864264
125.94559793980365
98.6909168946832
84.17833574762595
87.1559633027523
96.65218091099308
83.26626964965932
76.37212296797038
73.30060625570042
88.7386662374591
129.7279896990182
108.20054723965879
86.24389720478567
85.47937121090187
95.9278931273137
84.01738290680831
75.2320403455121
72.442191104673
75.84902623531306
121.7876495520146
122.05590428671067
92.56129620687805
90.17382906808305
95.1365416599603
88.84596813133751
78.42427168839531
75.68807339449542
75.17838939857289
96.10225870486614
131.05585063576373
108.52245292129406
95.33773271098235
94.23788829872848
97.53742153549011
89.26176297011642
80.50324588228983
77.39149095981544
76.57331401899243
86.48532646601213
131.98132947046517
113.45834003970171
94.7609850313858
92.30645420891679
98.30194752937389
91.9577230538119
82.31396534148828
78.49133537206932
77.19029990879339
81.1604699822952
127.46123719083643
123.33011427651698
96.58511722731906
90.17382906808305
96.49122807017544
94.57320671709856
83.50769891088578
79.16197220880949
77.84752400879876
92.3466924191212
125.63710499490317
100.7296528783733
87.9741402435753
93.5270132517839
99.83099951714148
85.30500563334944
78.20966790063845
75.94291539245668
88.05461666398412
133.64450882558077
118.64906915607061
94.85487418852944
92.91002736198294
97.38988143140726
89.9592252803262
79.9935618863673
76.8415687536885
76.21117012715274
115.18858307849133
128.44036697247708
101.42711518858309
92.52105799667365
94.96217608240786
98.55678952733516
84.3392885884436
77.88776221900316
76.11728097000912
81.24094640270401
132.10204410107838
119.56113525403724
92.18573957830355
89.44954128440368
97.06797574977199
96.26321154568379
81.61650303127851
74.92354740061162
73.66275014754011
81.6299157680133
125.83829604592522
106.08133483555986
85.23794194967542
85.25135468641022
96.7192445946671
83.52111164762059
75.03084929449005
72.64338215569505
101.97703739471002
131.31069263372498
103.65362948656045
82.46150544557112
84.43317774558722
96.46440259670584
81.65674124148292
74.86989645367241
70.0278984924084
71.81179247813724
118.04549600300446
121.73399860507539
89.11422286603359
86.61945383336017
95.08289071302109
85.88175331294597
75.28569129245132
72.21417458018134
79.29609957615752
131.12291431943774
125.50297762755513
88.81914265786791
87.43763077418316
95.31090723751275
92.05161221095553
77.41831643328506
73.05917699447396
94.19765008852407
135.6966575460057
106.01427115188584
85.9756424700896
85.6134985782499
95.75352754976126
91.08589516604968
77.25736359246741
71.6642523740544
74.64187992918075
124.1751166908096
105.70577820698536
83.01142765169806
82.31396534148828
93.9428080905628
84.43317774558722
72.26782552712055
67.93551156177907
67.2380492515693
82.94436396802404
120.76828156016954
89.00692097215516
76.77450507001448
82.48833091904072
87.9741402435753
74.4541016148935
69.75964375771233
67.01003272707763
100.36750898653362
119.82938998873331
91.66264284564623
74.53457803530233
84.12468480068674
91.16637158645851
76.00997907613069
68.8207521862761
70.08154943934761
117.20049358871185
107.63721229679705
81.32142282311283
78.46450989859972
90.38843285583991
82.50174365577553
71.55695048017597
67.58678040667418
94.57320671709856
124.67138794999732
95.27066902730833
83.49428617415097
84.99651268844896
92.18573957830355
80.422769461881
72.97870057406513
69.84012017812114
87.81318740275766
128.5074306561511
109.26015344170825
87.63882182520521
85.74762594559795
93.78185524974516
87.82660013949247
75.37958044959494
71.34234669241913
70.4705188046569
85.78786415580235
123.63860722141746
98.78480605182682
84.83555984763132
85.9890552068244
92.14550136809915
80.12768925371533
72.36171468426419
70.32297870057407
69.46456354954665
82.70293470679758
120.82193250710876
101.64171897633993
82.3676162884275
83.82960459252106
92.84296367830892
81.25435913943882
73.01893878426955
70.75218627608777
78.51816084553893
122.88749396426847
115.21540855196095
84.44659048232202
83.561349857825
94.39884113954612
83.91008101292988
73.51521004345727
70.72536080261817
92.7222490476957
127.67584097859327
105.24974515800204
87.24985245989592
87.78636192928805
96.11567144160095
87.62540908847042
77.12323622511937
73.87735393529697
74.80283276999839
117.56263748055153
121.33161650303128
97.69837437630774
92.25280326197758
95.55233649873921
93.17828209667901
82.08594881699662
77.72680937818552
76.81474328021889
76.45259938837921
95.23043081710392
123.54471806427384
98.7177423681528
93.63431514566233
97.18869038038521
95.39138365792157
83.41380975374216
78.86689200064382
77.15006169858898
75.90267718225228
86.33778636192929
121.03653629486561
99.62980846611943
90.14700359461345
93.58066419872311
96.7192445946671
86.05611889049842
78.31696979451688
76.31847202103117
76.0636300230699
96.55829175384946
125.65051773163796
106.14839851923387
87.5717581415312
92.360105155856
99.37496646815816
84.44659048232202
77.05617254144536
75.39299318632975
77.71339664145073
122.32415902140673
124.91281721122378
94.7341595579162
88.99350823542036
95.43162186812597
92.54788347014325
80.34229304147219
75.2320403455121
74.30656151081067
73.82370298835775
111.04404742743709
120.47320135200387
98.3555984763131
93.9428080905628
97.37646869467247
95.67305112935243
83.61500080476421
78.33038253125169
76.94887064756693
77.16347443532379
118.47470357851816
126.41504372552176
101.41370245184828
91.38097537421535
93.9428080905628
95.78035302323086
82.86388754761522
77.12323622511937
75.68807339449542
75.01743655775525
85.29159289661463
127.51488813777564
111.95611352540372
89.38247760072966
86.45850099254253
93.44653683137507
90.49573474971834
78.63887547615215
74.8430709802028
75.36616771286013
103.81458232737808
121.76082407854499
94.7073340844466
83.5345243843554
91.79677021299426
92.15891410483395
79.68506894146682
74.26632330060626
73.44814635978325
86.68651751703418
131.53870915821665
117.12001716830302
93.19169483341382
92.56129620687805
96.07543323139653
90.06652717420462
79.1753849455443
75.28569129245132
74.4406888781587
75.13815118836848
118.34057621117013
125.3420247867375
99.72369762326305
90.76398948441441
94.14399914158486
90.91152958849725
79.95332367616288
75.32592950265573
74.4406888781587
73.58227372713128
78.06212779655561
124.04098932346156
117.93819410912603
89.36906486399485
86.3780245721337
95.36455818445197
92.89661462524813
79.80578357208005
74.31997424754547
73.42132088631365
73.36766993937444
95.80717849670047
123.63860722141746
102.17822844573207
85.03675089865337
90.56279843339236
95.72670207629164
81.72380492515693
75.20521487204249
73.43473362304844
72.75068404957348
88.88620634154194
130.5461666398412
111.47325500295081
90.79081495788401
90.49573474971834
96.58511722731906
86.65969204356458
77.87434948226837
75.2320403455121
74.52116529856752
74.62846719244595
109.30039165191266
121.70717313160577
96.66559364772789
91.42121358441977
95.64622565588283
94.06352272117603
81.57626482107409
76.89521970062772
75.44664413326896
75.24545308224691
84.90262353130532
130.89489779494608
124.1617039540748
93.39288588443587
90.40184559257472
97.69837437630774
91.03224421911047
79.48387789044477
75.67466065776061
74.50775256183272
74.011481302645
81.2141209292344
127.23322066634476
110.6684907988626
88.32287139868019
86.95477225173025
95.63281291914802
87.35715435377435
78.38403347819089
75.6612479210258
75.44664413326896
108.54927839476368
126.41504372552176
97.80567627018617
84.70143248028327
89.42271581093406
95.1365416599603
82.26031439454907
76.38553570470519
74.37362519448469
85.9890552068244
131.55212189495145
118.9978003111755
95.71328933955685
91.71629379258545
95.9413058640485
90.05311443746983
79.87284725575407
76.45259938837921
75.84902623531306
77.2037126455282
116.36890391115404
124.09464027040077
95.76694028649607
93.31240946402704
97.01432480283277
92.02478673748593
81.29459734964323
