4.0084306347543865
4.0084306347543865
4.0084306347543865
4.0084306347543865
4.0084306347543865
4.0084306347543865
4.0084306347543865
4.0084306347543865
4.0084306347543865
4.0084306347543865
4.0084306347543865
4.0084306347543865
4.0084306347543865
4.0084306347543865
4.0084306347543865
4.0084306347543865
4.0084306347543865
4.0084306347543865
4.0084306347543865
4.0084306347543865
4.0084306347543865
4.0084306347543865
4.0084306347543865
4.0084306347543865
4.0084306347543865
4.0084306347543865
4.338156380516441
5.010538293442983
5.010538293442983
5.010538293442983
5.010538293442983
5.010538293442983
5.010538293442983
5.010538293442983
5.010538293442983
5.010538293442983
5.010538293442983
5.010538293442983
5.010538293442983
5.010538293442983
5.010538293442983
5.010538293442983
5.010538293442983
5.010538293442983
5.010538293442983
5.010538293442983
5.010538293442983
5.010538293442983
5.010538293442983
5.010538293442983
5.010538293442983
5.010538293442983
5.010538293442983
5.010538293442983
5.010538293442983
5.010538293442983
5.010538293442983
5.010538293442983
5.010538293442983
5.010538293442983
5.010538293442983
5.010538293442983
5.010538293442983
5.010538293442983
5.010538293442983
5.010538293442983
5.010538293442983
5.010538293442983
5.010538293442983
5.010538293442983
5.010538293442983
5.010538293442983
5.010538293442983
5.010538293442983
5.010538293442983
5.010538293442983
5.010538293442983
5.010538293442983
5.010538293442983
5.010538293442983
5.010538293442983
5.010538293442983
5.010538293442983
5.010538293442983
5.094586032558801
6.01264595213158
6.01264595213158
6.01264595213158
6.01264595213158
6.01264595213158
6.01264595213158
6.01264595213158
6.01264595213158
6.01264595213158
6.01264595213158
6.01264595213158
6.01264595213158
6.01264595213158
6.01264595213158
6.01264595213158
6.01264595213158
6.01264595213158
6.01264595213158
6.01264595213158
6.01264595213158
6.01264595213158
6.01264595213158
6.01264595213158
6.01264595213158
6.01264595213158
6.01264595213158
6.01264595213158
6.01264595213158
6.01264595213158
6.01264595213158
6.01264595213158
6.01264595213158
6.01264595213158
6.01264595213158
6.01264595213158
7.2733620388688465
9.018968928197369
9.018968928197369
9.018968928197369
9.018968928197369
9.018968928197369
9.018968928197369
9.018968928197369
9.018968928197369
9.018968928197369
9.018968928197369
9.018968928197369
9.018968928197369
9.018968928197369
9.018968928197369
9.018968928197369
9.018968928197369
9.018968928197369
9.018968928197369
9.018968928197369
9.018968928197369
9.018968928197369
9.018968928197369
9.018968928197369
9.018968928197369
9.018968928197369
9.018968928197369
9.018968928197369
9.018968928197369
9.018968928197369
9.018968928197369
9.018968928197369
9.018968928197369
9.018968928197369
9.018968928197369
9.018968928197369
9.018968928197369
9.018968928197369
9.018968928197369
9.018968928197369
9.018968928197369
9.018968928197369
9.018968928197369
9.018968928197369
9.018968928197369
9.018968928197369
9.018968928197369
9.018968928197369
9.018968928197369
9.018968928197369
9.018968928197369
9.018968928197369
9.018968928197369
9.018968928197369
9.018968928197369
9.018968928197369
9.018968928197369
9.018968928197369
9.018968928197369
9.018968928197369
9.018968928197369
9.018968928197369
9.018968928197369
9.018968928197369
9.018968928197369
9.018968928197369
9.018968928197369
9.018968928197369
9.018968928197369
11.960639797250991
16.033722539017546
16.033722539017546
16.033722539017546
16.033722539017546
16.033722539017546
16.033722539017546
16.033722539017546
16.033722539017546
16.033722539017546
16.033722539017546
16.033722539017546
16.033722539017546
16.033722539017546
16.033722539017546
16.033722539017546
16.033722539017546
17.624164371516866
19.040045515083335
19.040045515083335
19.040045515083335
19.040045515083335
19.040045515083335
19.040045515083335
19.040045515083335
19.040045515083335
19.040045515083335
19.040045515083335
19.040045515083335
19.040045515083335
19.040045515083335
19.040045515083335
19.040045515083335
19.040045515083335
19.040045515083335
19.040045515083335
19.040045515083335
19.040045515083335
17.035830197706144
17.035830197706144
17.035830197706144
17.035830197706144
17.035830197706144
17.035830197706144
17.035830197706144
17.035830197706144
17.035830197706144
17.035830197706144
17.035830197706144
17.035830197706144
17.035830197706144
17.035830197706144
17.035830197706144
17.035830197706144
17.035830197706144
17.035830197706144
17.035830197706144
17.035830197706144
17.035830197706144
17.035830197706144
17.035830197706144
17.035830197706144
17.035830197706144
17.035830197706144
17.035830197706144
17.035830197706144
17.035830197706144
17.035830197706144
15.581157789932373
12.02529190426316
12.02529190426316
12.02529190426316
12.02529190426316
12.02529190426316
12.02529190426316
12.02529190426316
12.02529190426316
12.02529190426316
12.02529190426316
12.02529190426316
12.02529190426316
12.02529190426316
12.02529190426316
12.02529190426316
12.02529190426316
12.02529190426316
12.02529190426316
16.52507855231002
18.037937856394738
18.037937856394738
18.037937856394738
18.037937856394738
18.037937856394738
18.037937856394738
18.037937856394738
18.037937856394738
18.037937856394738
18.037937856394738
18.037937856394738
18.037937856394738
18.037937856394738
18.037937856394738
18.037937856394738
18.037937856394738
18.037937856394738
18.037937856394738
18.037937856394738
18.037937856394738
18.037937856394738
18.037937856394738
18.037937856394738
18.037937856394738
18.037937856394738
18.037937856394738
18.037937856394738
15.581157789932373
13.027399562951755
13.027399562951755
13.027399562951755
13.027399562951755
13.027399562951755
13.027399562951755
13.027399562951755
13.027399562951755
13.027399562951755
13.027399562951755
13.027399562951755
13.027399562951755
13.027399562951755
13.027399562951755
13.027399562951755
13.027399562951755
13.027399562951755
13.027399562951755
13.027399562951755
13.027399562951755
13.027399562951755
13.027399562951755
13.027399562951755
13.027399562951755
13.027399562951755
13.027399562951755
13.027399562951755
13.027399562951755
13.027399562951755
13.027399562951755
13.027399562951755
13.027399562951755
13.027399562951755
13.027399562951755
13.027399562951755
13.027399562951755
13.027399562951755
13.027399562951755
13.027399562951755
13.027399562951755
13.027399562951755
13.027399562951755
13.027399562951755
13.027399562951755
13.027399562951755
13.027399562951755
13.027399562951755
13.027399562951755
13.027399562951755
13.027399562951755
13.027399562951755
13.027399562951755
10.738714974721026
7.0147536108201765
7.0147536108201765
7.0147536108201765
7.0147536108201765
7.0147536108201765
7.0147536108201765
7.0147536108201765
7.0147536108201765
7.0147536108201765
7.0147536108201765
7.0147536108201765
7.0147536108201765
7.0147536108201765
7.0147536108201765
7.0147536108201765
7.0147536108201765
7.0147536108201765
7.0147536108201765
7.0147536108201765
7.0147536108201765
7.0147536108201765
7.0147536108201765
7.0147536108201765
7.0147536108201765
7.0147536108201765
7.0147536108201765
7.0147536108201765
7.0147536108201765
7.0147536108201765
7.0147536108201765
7.0147536108201765
7.0147536108201765
7.0147536108201765
7.0147536108201765
7.0147536108201765
7.0147536108201765
7.0147536108201765
7.0147536108201765
7.0147536108201765
7.0147536108201765
7.0147536108201765
7.0147536108201765
7.0147536108201765
7.7388572093564525
9.018968928197369
9.018968928197369
9.018968928197369
9.018968928197369
9.018968928197369
9.018968928197369
9.018968928197369
9.018968928197369
9.018968928197369
9.018968928197369
9.018968928197369
9.018968928197369
9.018968928197369
9.018968928197369
9.018968928197369
9.018968928197369
9.018968928197369
9.018968928197369
9.018968928197369
9.018968928197369
9.174133985026572
15.031614880328949
15.031614880328949
15.031614880328949
15.031614880328949
15.031614880328949
15.031614880328949
15.031614880328949
15.031614880328949
15.031614880328949
15.031614880328949
15.031614880328949
15.031614880328949
15.031614880328949
15.031614880328949
15.031614880328949
15.031614880328949
15.031614880328949
15.031614880328949
15.031614880328949
15.031614880328949
15.057475723133816
19.040045515083335
19.040045515083335
19.040045515083335
19.040045515083335
19.040045515083335
19.040045515083335
19.040045515083335
19.040045515083335
19.040045515083335
19.040045515083335
19.040045515083335
19.040045515083335
19.040045515083335
19.040045515083335
19.040045515083335
19.040045515083335
19.040045515083335
19.040045515083335
19.040045515083335
19.040045515083335
19.040045515083335
19.040045515083335
19.040045515083335
19.040045515083335
19.040045515083335
16.58326544862097
14.029507221640353
14.029507221640353
14.029507221640353
14.029507221640353
14.029507221640353
14.029507221640353
14.029507221640353
14.029507221640353
14.029507221640353
14.029507221640353
14.029507221640353
14.029507221640353
14.029507221640353
14.029507221640353
14.029507221640353
14.029507221640353
14.029507221640353
14.029507221640353
14.029507221640353
14.029507221640353
14.029507221640353
14.029507221640353
14.029507221640353
14.029507221640353
14.029507221640353
14.029507221640353
14.029507221640353
14.029507221640353
14.029507221640353
13.27954278029921
13.027399562951755
13.027399562951755
13.027399562951755
13.027399562951755
13.027399562951755
13.027399562951755
13.027399562951755
13.027399562951755
13.027399562951755
13.027399562951755
13.027399562951755
13.027399562951755
13.027399562951755
13.027399562951755
13.027399562951755
13.027399562951755
13.027399562951755
13.027399562951755
13.027399562951755
13.027399562951755
13.027399562951755
13.027399562951755
13.027399562951755
13.027399562951755
13.027399562951755
13.027399562951755
13.027399562951755
13.027399562951755
13.027399562951755
13.027399562951755
13.027399562951755
13.027399562951755
13.027399562951755
13.027399562951755
11.928313743744908
11.023184245574562
11.023184245574562
11.023184245574562
11.023184245574562
11.023184245574562
11.023184245574562
11.023184245574562
11.023184245574562
11.023184245574562
11.023184245574562
11.023184245574562
11.023184245574562
11.023184245574562
11.023184245574562
11.023184245574562
11.023184245574562
11.023184245574562
11.023184245574562
11.023184245574562
11.023184245574562
11.023184245574562
11.023184245574562
11.023184245574562
11.023184245574562
11.023184245574562
13.564012051152746
14.029507221640353
14.029507221640353
14.029507221640353
14.029507221640353
14.029507221640353
14.029507221640353
14.029507221640353
14.029507221640353
14.029507221640353
14.029507221640353
14.029507221640353
14.029507221640353
14.029507221640353
14.029507221640353
14.029507221640353
14.029507221640353
14.029507221640353
14.029507221640353
14.029507221640353
14.029507221640353
14.029507221640353
14.029507221640353
16.938852037187893
17.035830197706144
17.035830197706144
17.035830197706144
17.035830197706144
17.035830197706144
17.035830197706144
17.035830197706144
17.035830197706144
17.035830197706144
17.035830197706144
17.035830197706144
17.035830197706144
17.035830197706144
17.035830197706144
17.035830197706144
17.035830197706144
17.035830197706144
17.035830197706144
17.035830197706144
18.742645822827367
19.040045515083335
19.040045515083335
19.040045515083335
19.040045515083335
19.040045515083335
19.040045515083335
19.040045515083335
19.040045515083335
19.040045515083335
19.040045515083335
19.040045515083335
19.040045515083335
19.040045515083335
19.040045515083335
19.040045515083335
19.040045515083335
19.040045515083335
19.040045515083335
19.040045515083335
19.040045515083335
19.040045515083335
19.040045515083335
19.040045515083335
19.040045515083335
19.040045515083335
19.040045515083335
19.040045515083335
19.040045515083335
19.040045515083335
19.040045515083335
19.040045515083335
19.040045515083335
19.040045515083335
19.040045515083335
19.040045515083335
19.040045515083335
19.040045515083335
19.040045515083335
19.040045515083335
19.040045515083335
19.040045515083335
19.040045515083335
19.040045515083335
16.04018774971876
15.031614880328949
15.031614880328949
15.031614880328949
15.031614880328949
15.031614880328949
15.031614880328949
15.031614880328949
15.031614880328949
15.031614880328949
15.031614880328949
15.031614880328949
15.031614880328949
15.031614880328949
15.031614880328949
15.031614880328949
15.031614880328949
15.031614880328949
15.031614880328949
15.031614880328949
15.031614880328949
15.031614880328949
15.031614880328949
15.031614880328949
15.031614880328949
15.031614880328949
15.031614880328949
15.031614880328949
15.031614880328949
15.031614880328949
15.031614880328949
15.031614880328949
15.031614880328949
12.497252285451982
11.023184245574562
11.023184245574562
11.023184245574562
11.023184245574562
11.023184245574562
11.023184245574562
11.023184245574562
11.023184245574562
11.023184245574562
11.023184245574562
11.023184245574562
11.023184245574562
11.023184245574562
11.023184245574562
11.023184245574562
11.023184245574562
11.023184245574562
11.023184245574562
11.023184245574562
11.023184245574562
11.023184245574562
12.768791134903086
17.035830197706144
17.035830197706144
17.035830197706144
17.035830197706144
17.035830197706144
17.035830197706144
17.035830197706144
17.035830197706144
17.035830197706144
17.035830197706144
17.035830197706144
17.035830197706144
17.035830197706144
17.035830197706144
17.035830197706144
17.035830197706144
17.035830197706144
17.035830197706144
17.035830197706144
17.035830197706144
17.035830197706144
17.035830197706144
17.035830197706144
17.035830197706144
17.035830197706144
17.035830197706144
17.035830197706144
17.035830197706144
17.035830197706144
17.035830197706144
17.035830197706144
17.035830197706144
17.035830197706144
17.035830197706144
17.035830197706144
17.035830197706144
17.035830197706144
17.035830197706144
17.035830197706144
17.268577782949947
19.040045515083335
19.040045515083335
19.040045515083335
19.040045515083335
19.040045515083335
19.040045515083335
19.040045515083335
19.040045515083335
19.040045515083335
19.040045515083335
19.040045515083335
19.040045515083335
19.040045515083335
19.040045515083335
19.040045515083335
19.040045515083335
19.040045515083335
19.040045515083335
19.040045515083335
19.040045515083335
19.040045515083335
19.040045515083335
19.040045515083335
16.3634482847796
16.033722539017546
16.033722539017546
16.033722539017546
16.033722539017546
16.033722539017546
16.033722539017546
16.033722539017546
16.033722539017546
16.033722539017546
16.033722539017546
16.033722539017546
16.033722539017546
16.033722539017546
16.033722539017546
16.033722539017546
16.033722539017546
16.033722539017546
16.033722539017546
16.033722539017546
16.033722539017546
16.033722539017546
16.033722539017546
16.033722539017546
16.033722539017546
16.033722539017546
16.033722539017546
16.033722539017546
16.033722539017546
16.033722539017546
16.033722539017546
16.033722539017546
16.033722539017546
16.033722539017546
16.033722539017546
16.033722539017546
16.033722539017546
16.033722539017546
16.033722539017546
16.033722539017546
16.033722539017546
16.033722539017546
16.033722539017546
16.033722539017546
16.033722539017546
16.033722539017546
16.033722539017546
16.033722539017546
9.051294981703453
8.016861269508773
8.016861269508773
8.016861269508773
8.016861269508773
8.016861269508773
8.016861269508773
8.016861269508773
8.016861269508773
8.016861269508773
8.016861269508773
8.016861269508773
8.016861269508773
8.016861269508773
8.016861269508773
8.016861269508773
8.016861269508773
8.016861269508773
8.016861269508773
8.016861269508773
8.016861269508773
13.719177107981949
17.035830197706144
17.035830197706144
17.035830197706144
17.035830197706144
17.035830197706144
17.035830197706144
17.035830197706144
17.035830197706144
17.035830197706144
17.035830197706144
17.035830197706144
17.035830197706144
17.035830197706144
17.035830197706144
17.035830197706144
17.035830197706144
17.035830197706144
17.035830197706144
17.035830197706144
17.035830197706144
17.035830197706144
17.035830197706144
17.035830197706144
16.369913495480816
16.033722539017546
16.033722539017546
16.033722539017546
16.033722539017546
16.033722539017546
16.033722539017546
16.033722539017546
16.033722539017546
16.033722539017546
16.033722539017546
16.033722539017546
16.033722539017546
16.033722539017546
16.033722539017546
16.033722539017546
16.033722539017546
16.033722539017546
16.033722539017546
16.033722539017546
16.033722539017546
17.843981535358235
18.037937856394738
18.037937856394738
18.037937856394738
18.037937856394738
18.037937856394738
18.037937856394738
18.037937856394738
18.037937856394738
18.037937856394738
18.037937856394738
18.037937856394738
18.037937856394738
18.037937856394738
18.037937856394738
18.037937856394738
18.037937856394738
18.037937856394738
18.037937856394738
18.037937856394738
18.59394597669938
19.040045515083335
19.040045515083335
19.040045515083335
19.040045515083335
19.040045515083335
19.040045515083335
19.040045515083335
19.040045515083335
19.040045515083335
19.040045515083335
19.040045515083335
19.040045515083335
19.040045515083335
19.040045515083335
19.040045515083335
19.040045515083335
19.040045515083335
19.040045515083335
19.040045515083335
19.040045515083335
19.040045515083335
19.040045515083335
19.040045515083335
19.040045515083335
19.040045515083335
19.040045515083335
19.040045515083335
19.040045515083335
19.040045515083335
19.040045515083335
19.040045515083335
19.040045515083335
19.040045515083335
19.040045515083335
19.040045515083335
19.040045515083335
19.040045515083335
19.040045515083335
19.040045515083335
19.040045515083335
19.040045515083335
19.040045515083335
19.040045515083335
19.040045515083335
19.040045515083335
19.040045515083335
19.040045515083335
19.040045515083335
19.040045515083335
19.040045515083335
19.040045515083335
19.040045515083335
19.040045515083335
19.040045515083335
19.040045515083335
19.040045515083335
19.040045515083335
19.040045515083335
19.040045515083335
19.040045515083335
19.040045515083335
19.040045515083335
19.040045515083335
19.040045515083335
19.040045515083335
19.040045515083335
19.040045515083335
19.040045515083335
19.040045515083335
19.040045515083335
19.040045515083335
19.040045515083335
19.040045515083335
19.040045515083335
19.040045515083335
19.040045515083335
19.040045515083335
19.040045515083335
19.040045515083335
19.040045515083335
19.040045515083335
19.040045515083335
19.040045515083335
19.040045515083335
19.040045515083335
19.040045515083335
19.040045515083335
19.040045515083335
19.040045515083335
19.040045515083335
