11.14174779134545
11.14174779134545
11.14174779134545
11.14174779134545
11.14174779134545
11.14174779134545
11.14174779134545
11.14174779134545
11.14174779134545
11.14174779134545
11.14174779134545
11.14174779134545
11.14174779134545
11.14174779134545
11.14174779134545
11.14174779134545
11.14174779134545
11.14174779134545
11.14174779134545
11.14174779134545
11.14174779134545
11.14174779134545
11.14174779134545
11.14174779134545
11.14174779134545
11.14174779134545
11.14174779134545
11.14174779134545
11.14174779134545
11.14174779134545
11.14174779134545
11.14174779134545
11.14174779134545
11.14174779134545
11.14174779134545
11.14174779134545
11.14174779134545
11.14174779134545
11.14174779134545
11.14174779134545
11.14174779134545
11.14174779134545
11.14174779134545
11.14174779134545
11.14174779134545
11.14174779134545
11.14174779134545
11.14174779134545
11.14174779134545
11.14174779134545
11.14174779134545
11.14174779134545
11.14174779134545
11.14174779134545
11.14174779134545
11.14174779134545
11.14174779134545
11.14174779134545
11.14174779134545
11.14174779134545
11.14174779134545
11.14174779134545
11.14174779134545
11.14174779134545
11.14174779134545
11.14174779134545
11.14174779134545
11.14174779134545
11.14174779134545
11.14174779134545
11.14174779134545
11.14174779134545
11.14174779134545
11.14174779134545
11.14174779134545
11.14174779134545
11.14174779134545
11.14174779134545
11.14174779134545
11.14174779134545
2.8886012792377094
0.0
0.0
0.0
0.0
0.0
0.0
0.0
0.0
0.0
2.2508581396657474
3.038658488548759
3.038658488548759
3.038658488548759
3.038658488548759
3.038658488548759
3.038658488548759
3.038658488548759
3.038658488548759
3.038658488548759
3.038658488548759
3.038658488548759
3.038658488548759
3.038658488548759
3.038658488548759
3.038658488548759
3.038658488548759
3.038658488548759
3.038658488548759
3.038658488548759
3.038658488548759
3.038658488548759
3.038658488548759
3.038658488548759
3.038658488548759
3.038658488548759
3.038658488548759
3.038658488548759
3.038658488548759
3.038658488548759
3.038658488548759
3.038658488548759
3.038658488548759
3.038658488548759
3.038658488548759
3.038658488548759
3.038658488548759
3.038658488548759
3.038658488548759
3.038658488548759
3.038658488548759
3.038658488548759
3.038658488548759
3.038658488548759
3.038658488548759
3.038658488548759
3.038658488548759
3.038658488548759
3.038658488548759
3.038658488548759
3.038658488548759
3.038658488548759
3.038658488548759
3.038658488548759
3.038658488548759
3.038658488548759
3.038658488548759
3.038658488548759
3.038658488548759
3.038658488548759
3.038658488548759
3.038658488548759
3.038658488548759
3.038658488548759
3.038658488548759
3.038658488548759
3.038658488548759
3.038658488548759
3.038658488548759
3.038658488548759
3.038658488548759
3.038658488548759
3.038658488548759
3.038658488548759
3.038658488548759
3.038658488548759
3.038658488548759
3.038658488548759
3.038658488548759
3.038658488548759
3.038658488548759
3.038658488548759
3.038658488548759
3.038658488548759
3.038658488548759
3.038658488548759
3.038658488548759
3.038658488548759
3.038658488548759
3.038658488548759
3.038658488548759
3.038658488548759
10.24140453547915
15.193292442743795
15.193292442743795
15.193292442743795
15.193292442743795
15.193292442743795
15.193292442743795
15.193292442743795
15.193292442743795
15.193292442743795
15.193292442743795
15.193292442743795
15.193292442743795
15.193292442743795
15.193292442743795
15.193292442743795
15.193292442743795
15.193292442743795
15.193292442743795
15.193292442743795
15.193292442743795
15.193292442743795
15.193292442743795
15.193292442743795
15.193292442743795
15.193292442743795
15.193292442743795
15.193292442743795
15.193292442743795
15.193292442743795
15.193292442743795
15.193292442743795
15.193292442743795
15.193292442743795
15.193292442743795
15.193292442743795
15.193292442743795
15.193292442743795
15.193292442743795
15.193292442743795
15.193292442743795
15.193292442743795
15.193292442743795
15.193292442743795
16.993978954476393
18.231950931292555
18.231950931292555
18.231950931292555
18.231950931292555
18.231950931292555
18.231950931292555
18.231950931292555
18.231950931292555
18.231950931292555
18.231950931292555
18.231950931292555
18.231950931292555
18.231950931292555
18.231950931292555
18.231950931292555
18.231950931292555
18.231950931292555
18.231950931292555
18.231950931292555
18.231950931292555
18.231950931292555
18.231950931292555
18.231950931292555
18.231950931292555
18.231950931292555
18.231950931292555
18.231950931292555
18.231950931292555
18.231950931292555
18.231950931292555
18.231950931292555
18.231950931292555
18.231950931292555
18.231950931292555
18.231950931292555
18.231950931292555
18.231950931292555
18.231950931292555
18.231950931292555
18.231950931292555
18.231950931292555
18.231950931292555
18.231950931292555
18.231950931292555
18.231950931292555
18.231950931292555
18.231950931292555
18.231950931292555
18.231950931292555
18.231950931292555
18.231950931292555
18.231950931292555
18.231950931292555
18.231950931292555
18.231950931292555
18.231950931292555
18.231950931292555
18.231950931292555
18.231950931292555
18.231950931292555
18.231950931292555
18.231950931292555
18.231950931292555
18.231950931292555
18.231950931292555
18.231950931292555
18.231950931292555
18.231950931292555
18.231950931292555
18.231950931292555
18.231950931292555
18.231950931292555
18.231950931292555
18.231950931292555
18.231950931292555
18.231950931292555
18.231950931292555
18.231950931292555
18.231950931292555
18.231950931292555
18.231950931292555
18.231950931292555
18.231950931292555
18.231950931292555
18.231950931292555
18.231950931292555
18.231950931292555
18.231950931292555
18.231950931292555
18.231950931292555
18.231950931292555
18.231950931292555
18.231950931292555
15.41837825671037
13.167520117044623
13.167520117044623
13.167520117044623
13.167520117044623
13.167520117044623
13.167520117044623
13.167520117044623
13.167520117044623
13.167520117044623
13.167520117044623
13.167520117044623
13.167520117044623
13.167520117044623
13.167520117044623
13.167520117044623
13.167520117044623
13.167520117044623
13.167520117044623
13.167520117044623
13.167520117044623
13.167520117044623
13.167520117044623
13.167520117044623
13.167520117044623
13.167520117044623
13.167520117044623
13.167520117044623
13.167520117044623
13.167520117044623
13.167520117044623
13.167520117044623
13.167520117044623
13.167520117044623
13.167520117044623
13.167520117044623
18.00686511732598
19.24483709414214
19.24483709414214
19.24483709414214
19.24483709414214
19.24483709414214
19.24483709414214
19.24483709414214
19.24483709414214
19.24483709414214
19.24483709414214
19.24483709414214
19.24483709414214
19.24483709414214
19.24483709414214
19.24483709414214
19.24483709414214
19.24483709414214
19.24483709414214
19.24483709414214
19.24483709414214
19.24483709414214
19.24483709414214
19.24483709414214
19.24483709414214
19.24483709414214
19.24483709414214
19.24483709414214
19.24483709414214
19.24483709414214
19.24483709414214
19.24483709414214
19.24483709414214
19.24483709414214
19.24483709414214
19.24483709414214
19.24483709414214
19.24483709414214
19.24483709414214
19.24483709414214
19.24483709414214
19.24483709414214
19.24483709414214
19.24483709414214
19.24483709414214
19.24483709414214
19.24483709414214
19.24483709414214
19.24483709414214
19.24483709414214
19.24483709414214
19.24483709414214
19.24483709414214
19.24483709414214
19.24483709414214
19.24483709414214
19.24483709414214
19.24483709414214
19.24483709414214
19.24483709414214
19.24483709414214
19.24483709414214
19.24483709414214
19.24483709414214
19.24483709414214
19.24483709414214
19.24483709414214
19.24483709414214
19.24483709414214
19.24483709414214
19.24483709414214
17.25657907077073
17.21906476844297
17.21906476844297
17.21906476844297
17.21906476844297
17.21906476844297
17.21906476844297
17.21906476844297
17.21906476844297
17.21906476844297
17.21906476844297
17.21906476844297
17.21906476844297
17.21906476844297
17.21906476844297
17.21906476844297
17.21906476844297
17.21906476844297
17.21906476844297
17.21906476844297
17.21906476844297
17.21906476844297
17.21906476844297
17.21906476844297
17.21906476844297
17.21906476844297
17.21906476844297
17.21906476844297
17.21906476844297
17.21906476844297
17.21906476844297
17.21906476844297
17.21906476844297
17.21906476844297
17.21906476844297
17.21906476844297
17.21906476844297
17.21906476844297
17.21906476844297
17.21906476844297
17.21906476844297
17.21906476844297
17.21906476844297
17.21906476844297
17.21906476844297
17.21906476844297
17.21906476844297
17.275336221934612
20.257723256991728
20.257723256991728
20.257723256991728
20.257723256991728
20.257723256991728
20.257723256991728
20.257723256991728
20.257723256991728
20.257723256991728
20.257723256991728
20.257723256991728
20.257723256991728
20.257723256991728
20.257723256991728
20.257723256991728
20.257723256991728
20.257723256991728
20.257723256991728
20.257723256991728
20.257723256991728
20.257723256991728
20.257723256991728
20.257723256991728
20.257723256991728
20.257723256991728
20.257723256991728
20.257723256991728
20.257723256991728
20.257723256991728
20.257723256991728
20.257723256991728
20.257723256991728
20.257723256991728
20.257723256991728
20.257723256991728
20.257723256991728
20.257723256991728
20.257723256991728
20.257723256991728
20.257723256991728
20.257723256991728
20.257723256991728
20.257723256991728
20.257723256991728
20.257723256991728
20.257723256991728
20.257723256991728
20.257723256991728
20.257723256991728
20.257723256991728
20.257723256991728
20.257723256991728
20.257723256991728
20.257723256991728
20.257723256991728
20.257723256991728
20.257723256991728
20.257723256991728
20.257723256991728
20.257723256991728
20.257723256991728
20.257723256991728
20.257723256991728
20.257723256991728
20.257723256991728
20.257723256991728
20.257723256991728
20.257723256991728
20.257723256991728
20.257723256991728
20.257723256991728
20.257723256991728
20.257723256991728
20.257723256991728
20.257723256991728
20.257723256991728
20.257723256991728
20.257723256991728
20.257723256991728
20.257723256991728
20.257723256991728
20.257723256991728
20.257723256991728
20.257723256991728
20.257723256991728
20.257723256991728
20.257723256991728
20.257723256991728
20.257723256991728
20.257723256991728
20.257723256991728
20.257723256991728
20.257723256991728
20.257723256991728
20.257723256991728
20.257723256991728
20.257723256991728
20.257723256991728
20.257723256991728
20.257723256991728
20.257723256991728
20.257723256991728
20.257723256991728
20.257723256991728
20.257723256991728
20.257723256991728
20.257723256991728
20.257723256991728
20.257723256991728
20.257723256991728
20.257723256991728
20.257723256991728
20.257723256991728
20.257723256991728
20.257723256991728
20.257723256991728
20.257723256991728
20.257723256991728
20.257723256991728
20.257723256991728
20.257723256991728
20.257723256991728
20.257723256991728
20.257723256991728
20.257723256991728
20.257723256991728
20.257723256991728
20.257723256991728
20.257723256991728
20.257723256991728
20.257723256991728
20.257723256991728
20.257723256991728
20.257723256991728
20.257723256991728
20.257723256991728
20.257723256991728
20.257723256991728
20.257723256991728
20.257723256991728
20.257723256991728
20.257723256991728
20.257723256991728
20.257723256991728
20.257723256991728
20.257723256991728
20.257723256991728
20.257723256991728
20.257723256991728
20.257723256991728
20.257723256991728
20.257723256991728
20.257723256991728
20.257723256991728
20.257723256991728
20.257723256991728
20.257723256991728
20.257723256991728
20.257723256991728
20.257723256991728
20.257723256991728
20.257723256991728
20.257723256991728
20.257723256991728
20.257723256991728
20.257723256991728
20.257723256991728
20.257723256991728
20.257723256991728
20.257723256991728
20.257723256991728
20.257723256991728
20.257723256991728
20.257723256991728
20.257723256991728
20.257723256991728
20.257723256991728
20.257723256991728
20.257723256991728
20.257723256991728
20.257723256991728
20.257723256991728
20.257723256991728
20.257723256991728
11.066719186689925
6.077316977097518
6.077316977097518
6.077316977097518
6.077316977097518
6.077316977097518
6.077316977097518
6.077316977097518
6.077316977097518
6.077316977097518
6.077316977097518
6.077316977097518
6.077316977097518
6.077316977097518
6.077316977097518
6.077316977097518
6.077316977097518
6.077316977097518
6.077316977097518
6.077316977097518
6.077316977097518
6.077316977097518
6.077316977097518
6.077316977097518
6.077316977097518
6.077316977097518
6.077316977097518
6.077316977097518
6.077316977097518
6.077316977097518
6.077316977097518
6.077316977097518
6.077316977097518
6.077316977097518
6.077316977097518
6.077316977097518
6.077316977097518
6.077316977097518
6.077316977097518
6.077316977097518
6.077316977097518
6.077316977097518
6.077316977097518
6.077316977097518
6.077316977097518
6.077316977097518
6.077316977097518
6.077316977097518
6.077316977097518
6.077316977097518
6.077316977097518
6.077316977097518
6.077316977097518
6.077316977097518
6.077316977097518
6.077316977097518
6.077316977097518
6.077316977097518
6.077316977097518
6.077316977097518
6.077316977097518
6.077316977097518
6.077316977097518
6.077316977097518
6.077316977097518
6.077316977097518
6.077316977097518
6.077316977097518
6.077316977097518
6.077316977097518
6.077316977097518
6.077316977097518
6.077316977097518
6.077316977097518
6.077316977097518
6.077316977097518
6.077316977097518
6.077316977097518
6.077316977097518
6.077316977097518
6.077316977097518
6.077316977097518
6.077316977097518
6.077316977097518
6.077316977097518
6.077316977097518
6.077316977097518
6.077316977097518
6.077316977097518
6.077316977097518
6.077316977097518
6.077316977097518
6.077316977097518
6.077316977097518
6.077316977097518
6.077316977097518
6.077316977097518
6.077316977097518
6.077316977097518
6.077316977097518
6.077316977097518
6.077316977097518
6.077316977097518
6.077316977097518
6.077316977097518
6.077316977097518
6.077316977097518
6.077316977097518
6.077316977097518
6.077316977097518
6.077316977097518
6.077316977097518
6.077316977097518
6.077316977097518
6.077316977097518
6.077316977097518
6.077316977097518
6.077316977097518
6.077316977097518
6.077316977097518
6.077316977097518
6.077316977097518
6.077316977097518
6.077316977097518
6.077316977097518
6.077316977097518
6.077316977097518
6.077316977097518
6.077316977097518
6.077316977097518
6.077316977097518
6.077316977097518
6.077316977097518
6.077316977097518
6.077316977097518
6.077316977097518
6.077316977097518
6.077316977097518
6.077316977097518
6.077316977097518
6.940145930636055
7.090203139947104
7.090203139947104
7.090203139947104
7.090203139947104
7.090203139947104
7.090203139947104
7.090203139947104
7.090203139947104
7.090203139947104
7.090203139947104
7.090203139947104
7.090203139947104
7.090203139947104
7.090203139947104
7.090203139947104
7.090203139947104
7.090203139947104
7.090203139947104
7.090203139947104
7.090203139947104
7.090203139947104
7.090203139947104
7.090203139947104
7.090203139947104
7.090203139947104
7.090203139947104
7.090203139947104
7.090203139947104
7.090203139947104
7.090203139947104
7.090203139947104
7.090203139947104
7.090203139947104
7.090203139947104
7.090203139947104
7.090203139947104
7.090203139947104
7.090203139947104
7.090203139947104
7.090203139947104
7.090203139947104
7.090203139947104
7.090203139947104
7.090203139947104
7.090203139947104
7.090203139947104
7.090203139947104
7.090203139947104
7.090203139947104
7.090203139947104
7.090203139947104
7.090203139947104
7.090203139947104
7.090203139947104
7.090203139947104
7.090203139947104
7.090203139947104
7.090203139947104
7.090203139947104
7.090203139947104
7.090203139947104
7.090203139947104
7.090203139947104
7.090203139947104
7.090203139947104
7.090203139947104
7.090203139947104
7.090203139947104
7.090203139947104
7.090203139947104
7.090203139947104
7.090203139947104
7.090203139947104
7.090203139947104
7.090203139947104
7.090203139947104
7.090203139947104
7.090203139947104
7.090203139947104
7.090203139947104
7.090203139947104
7.090203139947104
7.090203139947104
7.090203139947104
7.090203139947104
7.090203139947104
7.090203139947104
7.090203139947104
7.090203139947104
7.090203139947104
7.090203139947104
7.090203139947104
7.090203139947104
7.090203139947104
7.090203139947104
7.090203139947104
7.090203139947104
7.090203139947104
7.090203139947104
7.090203139947104
7.090203139947104
7.090203139947104
7.090203139947104
7.090203139947104
7.090203139947104
7.090203139947104
7.090203139947104
7.090203139947104
7.090203139947104
7.090203139947104
7.090203139947104
7.090203139947104
7.090203139947104
7.090203139947104
7.090203139947104
7.090203139947104
7.090203139947104
7.090203139947104
7.090203139947104
7.090203139947104
7.090203139947104
7.090203139947104
7.090203139947104
7.090203139947104
7.090203139947104
7.090203139947104
7.090203139947104
7.090203139947104
7.090203139947104
7.090203139947104
7.090203139947104
7.090203139947104
7.090203139947104
7.090203139947104
7.090203139947104
7.090203139947104
7.090203139947104
7.090203139947104
7.090203139947104
7.090203139947104
7.090203139947104
7.090203139947104
7.090203139947104
7.090203139947104
7.090203139947104
7.090203139947104
7.090203139947104
7.090203139947104
7.090203139947104
7.090203139947104
7.090203139947104
7.090203139947104
7.090203139947104
7.090203139947104
7.090203139947104
7.090203139947104
7.090203139947104
7.090203139947104
7.090203139947104
7.090203139947104
7.090203139947104
7.090203139947104
7.090203139947104
7.090203139947104
7.090203139947104
7.090203139947104
7.090203139947104
7.090203139947104
7.090203139947104
