68.46186211456393
68.46186211456393
68.46186211456393
68.46186211456393
68.46186211456393
68.46186211456393
68.46186211456393
68.46186211456393
68.46186211456393
68.46186211456393
68.46186211456393
68.46186211456393
68.46186211456393
68.46186211456393
68.46186211456393
68.46186211456393
68.46186211456393
68.46186211456393
68.46186211456393
68.46186211456393
68.46186211456393
68.46186211456393
68.46186211456393
70.715874256176
71.52731862715633
71.52731862715633
71.52731862715633
71.52731862715633
71.52731862715633
71.52731862715633
71.52731862715633
71.52731862715633
71.52731862715633
71.52731862715633
71.52731862715633
71.52731862715633
71.52731862715633
71.52731862715633
71.52731862715633
71.52731862715633
71.52731862715633
71.52731862715633
73.63106329266094
76.63641281481036
76.63641281481036
76.63641281481036
76.63641281481036
76.63641281481036
76.63641281481036
76.63641281481036
76.63641281481036
76.63641281481036
76.63641281481036
76.63641281481036
76.63641281481036
76.63641281481036
76.63641281481036
76.63641281481036
76.63641281481036
76.63641281481036
76.63641281481036
78.68005048987197
78.68005048987197
78.68005048987197
78.68005048987197
78.68005048987197
78.68005048987197
78.68005048987197
78.68005048987197
78.68005048987197
78.68005048987197
78.68005048987197
78.68005048987197
78.68005048987197
78.68005048987197
78.68005048987197
78.68005048987197
78.68005048987197
78.68005048987197
78.68005048987197
78.68005048987197
78.68005048987197
78.68005048987197
78.68005048987197
78.68005048987197
78.68005048987197
78.68005048987197
78.68005048987197
78.68005048987197
78.68005048987197
78.68005048987197
78.68005048987197
78.68005048987197
78.68005048987197
78.68005048987197
78.68005048987197
78.68005048987197
78.68005048987197
78.68005048987197
78.68005048987197
78.64999699465048
77.65823165234117
77.65823165234117
77.65823165234117
77.65823165234117
77.65823165234117
77.65823165234117
77.65823165234117
77.65823165234117
77.65823165234117
77.65823165234117
77.65823165234117
77.65823165234117
77.65823165234117
77.65823165234117
77.65823165234117
77.65823165234117
77.65823165234117
77.65823165234117
77.65823165234117
77.05716174791128
76.63641281481036
76.63641281481036
76.63641281481036
76.63641281481036
76.63641281481036
76.63641281481036
76.63641281481036
76.63641281481036
76.63641281481036
76.63641281481036
76.63641281481036
76.63641281481036
76.63641281481036
76.63641281481036
76.63641281481036
76.63641281481036
76.63641281481036
76.63641281481036
76.63641281481036
76.63641281481036
76.63641281481036
76.63641281481036
76.63641281481036
76.63641281481036
76.63641281481036
76.63641281481036
76.63641281481036
76.63641281481036
76.63641281481036
76.63641281481036
76.63641281481036
76.63641281481036
76.63641281481036
76.63641281481036
76.63641281481036
76.63641281481036
76.63641281481036
76.63641281481036
76.63641281481036
76.63641281481036
75.07363106329265
74.59277513974875
74.59277513974875
74.59277513974875
74.59277513974875
74.59277513974875
74.59277513974875
74.59277513974875
74.59277513974875
74.59277513974875
74.59277513974875
74.59277513974875
74.59277513974875
74.59277513974875
74.59277513974875
74.59277513974875
74.59277513974875
74.59277513974875
74.59277513974875
74.59277513974875
74.59277513974875
74.59277513974875
74.59277513974875
74.59277513974875
74.59277513974875
74.59277513974875
74.59277513974875
74.59277513974875
74.59277513974875
74.59277513974875
74.59277513974875
74.59277513974875
74.59277513974875
74.59277513974875
74.59277513974875
74.59277513974875
74.59277513974875
74.59277513974875
74.59277513974875
74.59277513974875
74.59277513974875
74.59277513974875
73.8113842639899
73.57095630221795
73.57095630221795
73.57095630221795
73.57095630221795
73.57095630221795
73.57095630221795
73.57095630221795
73.57095630221795
73.57095630221795
73.57095630221795
73.57095630221795
73.57095630221795
73.57095630221795
73.57095630221795
73.57095630221795
73.57095630221795
73.57095630221795
73.57095630221795
73.57095630221795
74.02175873054036
74.59277513974875
74.59277513974875
74.59277513974875
74.59277513974875
74.59277513974875
74.59277513974875
74.59277513974875
74.59277513974875
74.59277513974875
74.59277513974875
74.59277513974875
74.59277513974875
74.59277513974875
74.59277513974875
74.59277513974875
74.59277513974875
74.59277513974875
74.59277513974875
73.66111678788243
73.57095630221795
73.57095630221795
73.57095630221795
73.57095630221795
73.57095630221795
73.57095630221795
73.57095630221795
73.57095630221795
73.57095630221795
73.57095630221795
73.57095630221795
73.57095630221795
73.57095630221795
73.57095630221795
73.57095630221795
73.57095630221795
73.57095630221795
73.57095630221795
73.270421350003
71.52731862715633
71.52731862715633
71.52731862715633
71.52731862715633
71.52731862715633
71.52731862715633
71.52731862715633
71.52731862715633
71.52731862715633
71.52731862715633
71.52731862715633
71.52731862715633
71.52731862715633
71.52731862715633
71.52731862715633
71.52731862715633
71.52731862715633
71.52731862715633
71.52731862715633
71.52731862715633
70.59566027529002
70.50549978962553
70.50549978962553
70.50549978962553
70.50549978962553
70.50549978962553
70.50549978962553
70.50549978962553
70.50549978962553
70.50549978962553
70.50549978962553
70.50549978962553
70.50549978962553
70.50549978962553
70.50549978962553
70.50549978962553
70.50549978962553
70.50549978962553
70.50549978962553
70.50549978962553
70.50549978962553
69.87437638997415
67.44004327703311
67.44004327703311
67.44004327703311
67.44004327703311
67.44004327703311
67.44004327703311
67.44004327703311
67.44004327703311
67.44004327703311
67.44004327703311
67.44004327703311
67.44004327703311
67.44004327703311
67.44004327703311
67.44004327703311
67.44004327703311
67.44004327703311
67.44004327703311
67.44004327703311
67.44004327703311
68.101220171906
68.46186211456393
68.46186211456393
68.46186211456393
68.46186211456393
68.46186211456393
68.46186211456393
68.46186211456393
68.46186211456393
68.46186211456393
68.46186211456393
68.46186211456393
68.46186211456393
68.46186211456393
68.46186211456393
68.46186211456393
68.46186211456393
68.46186211456393
68.46186211456393
68.46186211456393
68.64218308589288
71.52731862715633
71.52731862715633
71.52731862715633
71.52731862715633
71.52731862715633
71.52731862715633
71.52731862715633
71.52731862715633
71.52731862715633
71.52731862715633
71.52731862715633
71.52731862715633
71.52731862715633
71.52731862715633
71.52731862715633
71.52731862715633
71.52731862715633
72.2486025124722
73.57095630221795
73.57095630221795
73.57095630221795
73.57095630221795
73.57095630221795
73.57095630221795
73.57095630221795
73.57095630221795
73.57095630221795
73.57095630221795
73.57095630221795
73.57095630221795
73.57095630221795
73.57095630221795
73.57095630221795
73.57095630221795
73.57095630221795
73.57095630221795
73.57095630221795
73.57095630221795
73.57095630221795
73.57095630221795
73.57095630221795
73.57095630221795
73.57095630221795
73.57095630221795
73.57095630221795
73.57095630221795
73.57095630221795
73.57095630221795
73.57095630221795
73.57095630221795
73.57095630221795
73.57095630221795
73.57095630221795
73.57095630221795
73.57095630221795
73.57095630221795
73.57095630221795
72.87972591212358
72.54913746468713
72.54913746468713
72.54913746468713
72.54913746468713
72.54913746468713
72.54913746468713
72.54913746468713
72.54913746468713
72.54913746468713
72.54913746468713
72.54913746468713
72.54913746468713
72.54913746468713
72.54913746468713
72.54913746468713
72.54913746468713
72.54913746468713
72.54913746468713
72.54913746468713
72.54913746468713
70.62571377051151
70.50549978962553
70.50549978962553
70.50549978962553
70.50549978962553
70.50549978962553
70.50549978962553
70.50549978962553
70.50549978962553
70.50549978962553
70.50549978962553
70.50549978962553
70.50549978962553
70.50549978962553
70.50549978962553
70.50549978962553
70.50549978962553
70.50549978962553
70.50549978962553
70.50549978962553
70.50549978962553
70.50549978962553
70.50549978962553
70.50549978962553
70.50549978962553
70.50549978962553
70.50549978962553
70.50549978962553
70.50549978962553
70.50549978962553
70.50549978962553
70.50549978962553
70.50549978962553
70.50549978962553
70.50549978962553
70.50549978962553
70.50549978962553
70.50549978962553
70.50549978962553
70.50549978962553
69.42357396165174
68.46186211456393
68.46186211456393
68.46186211456393
68.46186211456393
68.46186211456393
68.46186211456393
68.46186211456393
68.46186211456393
68.46186211456393
68.46186211456393
68.46186211456393
68.46186211456393
68.46186211456393
68.46186211456393
68.46186211456393
68.46186211456393
68.46186211456393
68.46186211456393
68.46186211456393
68.46186211456393
67.74057822924806
66.41822443950231
66.41822443950231
66.41822443950231
66.41822443950231
66.41822443950231
66.41822443950231
66.41822443950231
66.41822443950231
66.41822443950231
66.41822443950231
66.41822443950231
66.41822443950231
66.41822443950231
66.41822443950231
66.41822443950231
66.41822443950231
66.41822443950231
66.41822443950231
66.41822443950231
66.41822443950231
65.60678006852197
65.39640560197151
65.39640560197151
65.39640560197151
65.39640560197151
65.39640560197151
65.39640560197151
65.39640560197151
65.39640560197151
65.39640560197151
65.39640560197151
65.39640560197151
65.39640560197151
65.39640560197151
65.39640560197151
65.39640560197151
65.39640560197151
65.39640560197151
65.39640560197151
66.53843842038829
67.44004327703311
67.44004327703311
67.44004327703311
67.44004327703311
67.44004327703311
67.44004327703311
67.44004327703311
67.44004327703311
67.44004327703311
67.44004327703311
67.44004327703311
67.44004327703311
67.44004327703311
67.44004327703311
67.44004327703311
67.44004327703311
67.44004327703311
67.44004327703311
66.95918735348921
65.39640560197151
65.39640560197151
65.39640560197151
65.39640560197151
65.39640560197151
65.39640560197151
65.39640560197151
65.39640560197151
65.39640560197151
65.39640560197151
65.39640560197151
65.39640560197151
65.39640560197151
65.39640560197151
65.39640560197151
65.39640560197151
65.39640560197151
65.39640560197151
67.37993628659012
67.44004327703311
67.44004327703311
67.44004327703311
67.44004327703311
67.44004327703311
67.44004327703311
67.44004327703311
67.44004327703311
67.44004327703311
67.44004327703311
67.44004327703311
67.44004327703311
67.44004327703311
67.44004327703311
67.44004327703311
67.44004327703311
67.44004327703311
67.62036424836208
69.48368095209473
69.48368095209473
69.48368095209473
69.48368095209473
69.48368095209473
69.48368095209473
69.48368095209473
69.48368095209473
69.48368095209473
69.48368095209473
69.48368095209473
69.48368095209473
69.48368095209473
69.48368095209473
69.48368095209473
69.48368095209473
69.48368095209473
69.57384143775921
70.50549978962553
70.50549978962553
70.50549978962553
70.50549978962553
70.50549978962553
70.50549978962553
70.50549978962553
70.50549978962553
70.50549978962553
70.50549978962553
70.50549978962553
70.50549978962553
70.50549978962553
70.50549978962553
70.50549978962553
70.50549978962553
70.50549978962553
73.48079581655347
73.57095630221795
73.57095630221795
73.57095630221795
73.57095630221795
73.57095630221795
73.57095630221795
73.57095630221795
73.57095630221795
73.57095630221795
73.57095630221795
73.57095630221795
73.57095630221795
73.57095630221795
73.57095630221795
73.57095630221795
73.57095630221795
73.57095630221795
73.15020736911703
72.54913746468713
72.54913746468713
72.54913746468713
72.54913746468713
72.54913746468713
72.54913746468713
72.54913746468713
72.54913746468713
72.54913746468713
72.54913746468713
72.54913746468713
72.54913746468713
72.54913746468713
72.54913746468713
72.54913746468713
72.54913746468713
72.54913746468713
72.54913746468713
72.54913746468713
69.57384143775921
69.48368095209473
69.48368095209473
69.48368095209473
69.48368095209473
69.48368095209473
69.48368095209473
69.48368095209473
69.48368095209473
69.48368095209473
69.48368095209473
69.48368095209473
69.48368095209473
69.48368095209473
69.48368095209473
69.48368095209473
69.48368095209473
69.48368095209473
69.48368095209473
69.48368095209473
69.36346697120875
68.46186211456393
68.46186211456393
68.46186211456393
68.46186211456393
68.46186211456393
68.46186211456393
68.46186211456393
68.46186211456393
68.46186211456393
68.46186211456393
68.46186211456393
68.46186211456393
68.46186211456393
68.46186211456393
68.46186211456393
68.46186211456393
68.46186211456393
68.46186211456393
68.46186211456393
68.46186211456393
67.37993628659012
66.41822443950231
66.41822443950231
66.41822443950231
66.41822443950231
66.41822443950231
66.41822443950231
66.41822443950231
66.41822443950231
66.41822443950231
66.41822443950231
66.41822443950231
66.41822443950231
66.41822443950231
66.41822443950231
66.41822443950231
66.41822443950231
66.41822443950231
66.41822443950231
66.41822443950231
66.41822443950231
64.4346937548837
64.3745867644407
64.3745867644407
64.3745867644407
64.3745867644407
64.3745867644407
64.3745867644407
64.3745867644407
64.3745867644407
64.3745867644407
64.3745867644407
64.3745867644407
64.3745867644407
64.3745867644407
64.3745867644407
64.3745867644407
64.3745867644407
64.3745867644407
63.92378433611829
63.3527679269099
63.3527679269099
63.3527679269099
63.3527679269099
63.3527679269099
63.3527679269099
63.3527679269099
63.3527679269099
63.3527679269099
63.3527679269099
63.3527679269099
63.3527679269099
63.3527679269099
63.3527679269099
63.3527679269099
63.3527679269099
63.3527679269099
64.19426579311174
65.39640560197151
65.39640560197151
65.39640560197151
65.39640560197151
65.39640560197151
65.39640560197151
65.39640560197151
65.39640560197151
65.39640560197151
65.39640560197151
65.39640560197151
65.39640560197151
65.39640560197151
65.39640560197151
65.39640560197151
65.39640560197151
65.39640560197151
67.25972230570414
67.44004327703311
67.44004327703311
67.44004327703311
67.44004327703311
67.44004327703311
67.44004327703311
67.44004327703311
67.44004327703311
67.44004327703311
67.44004327703311
67.44004327703311
67.44004327703311
67.44004327703311
67.44004327703311
67.44004327703311
67.44004327703311
67.44004327703311
68.46186211456393
68.46186211456393
68.46186211456393
68.46186211456393
68.46186211456393
68.46186211456393
68.46186211456393
68.46186211456393
68.46186211456393
68.46186211456393
68.46186211456393
68.46186211456393
68.46186211456393
68.46186211456393
68.46186211456393
68.46186211456393
68.46186211456393
68.46186211456393
70.715874256176
71.52731862715633
71.52731862715633
71.52731862715633
71.52731862715633
71.52731862715633
71.52731862715633
71.52731862715633
71.52731862715633
71.52731862715633
71.52731862715633
71.52731862715633
71.52731862715633
71.52731862715633
71.52731862715633
71.52731862715633
71.52731862715633
70.6858207609545
70.50549978962553
70.50549978962553
70.50549978962553
70.50549978962553
70.50549978962553
70.50549978962553
70.50549978962553
70.50549978962553
70.50549978962553
70.50549978962553
70.50549978962553
70.50549978962553
70.50549978962553
70.50549978962553
70.50549978962553
70.53555328484703
71.52731862715633
71.52731862715633
71.52731862715633
71.52731862715633
71.52731862715633
71.52731862715633
71.52731862715633
71.52731862715633
71.52731862715633
71.52731862715633
71.52731862715633
71.52731862715633
71.52731862715633
71.52731862715633
71.52731862715633
71.52731862715633
70.62571377051151
69.48368095209473
69.48368095209473
69.48368095209473
69.48368095209473
69.48368095209473
69.48368095209473
69.48368095209473
69.48368095209473
69.48368095209473
69.48368095209473
69.48368095209473
69.48368095209473
69.48368095209473
69.48368095209473
69.48368095209473
69.48368095209473
69.48368095209473
69.48368095209473
69.48368095209473
69.48368095209473
69.48368095209473
69.48368095209473
69.48368095209473
69.48368095209473
69.48368095209473
69.48368095209473
69.48368095209473
69.48368095209473
69.48368095209473
69.48368095209473
69.48368095209473
69.48368095209473
69.48368095209473
69.48368095209473
68.61212959067139
68.46186211456393
68.46186211456393
68.46186211456393
68.46186211456393
68.46186211456393
68.46186211456393
68.46186211456393
68.46186211456393
68.46186211456393
68.46186211456393
68.46186211456393
68.46186211456393
68.46186211456393
68.46186211456393
68.46186211456393
68.46186211456393
68.46186211456393
68.46186211456393
66.95918735348921
66.41822443950231
66.41822443950231
66.41822443950231
66.41822443950231
66.41822443950231
66.41822443950231
66.41822443950231
66.41822443950231
66.41822443950231
66.41822443950231
66.41822443950231
66.41822443950231
66.41822443950231
66.41822443950231
66.41822443950231
66.41822443950231
66.41822443950231
66.41822443950231
66.41822443950231
66.41822443950231
62.811805012923
62.3309490893791
62.3309490893791
62.3309490893791
62.3309490893791
62.3309490893791
62.3309490893791
62.3309490893791
62.3309490893791
62.3309490893791
62.3309490893791
62.3309490893791
62.3309490893791
62.3309490893791
62.3309490893791
62.3309490893791
62.3309490893791
62.3309490893791
62.3309490893791
