16.09897890735634
16.09897890735634
16.09897890735634
16.09897890735634
16.09897890735634
16.09897890735634
16.09897890735634
16.09897890735634
16.09897890735634
16.09897890735634
16.09897890735634
16.09897890735634
16.09897890735634
16.09897890735634
16.09897890735634
16.09897890735634
16.09897890735634
16.09897890735634
16.09897890735634
16.09897890735634
16.09897890735634
16.09897890735634
16.09897890735634
16.09897890735634
16.09897890735634
16.09897890735634
16.09897890735634
16.09897890735634
16.09897890735634
16.09897890735634
16.09897890735634
16.09897890735634
16.09897890735634
16.09897890735634
16.09897890735634
15.260490422598197
15.092792725646568
15.092792725646568
15.092792725646568
15.092792725646568
15.092792725646568
15.092792725646568
15.092792725646568
15.092792725646568
15.092792725646568
15.092792725646568
15.092792725646568
15.092792725646568
15.092792725646568
15.092792725646568
15.092792725646568
15.092792725646568
15.539986584184245
16.09897890735634
16.09897890735634
16.09897890735634
16.09897890735634
16.09897890735634
16.09897890735634
16.09897890735634
16.862935082358202
17.10516508906611
17.10516508906611
17.10516508906611
17.10516508906611
17.10516508906611
17.10516508906611
17.10516508906611
17.10516508906611
17.10516508906611
17.10516508906611
17.10516508906611
17.10516508906611
17.10516508906611
17.2355966311396
18.11135127077588
18.11135127077588
18.11135127077588
18.11135127077588
18.11135127077588
18.11135127077588
18.11135127077588
18.11135127077588
18.11135127077588
18.11135127077588
18.11135127077588
18.11135127077588
18.11135127077588
18.11135127077588
18.11135127077588
18.744875903704255
19.117537452485653
19.117537452485653
19.117537452485653
19.117537452485653
19.117537452485653
19.117537452485653
19.117537452485653
19.117537452485653
19.117537452485653
19.117537452485653
19.117537452485653
19.117537452485653
19.117537452485653
19.117537452485653
19.117537452485653
19.117537452485653
19.117537452485653
19.117537452485653
19.117537452485653
19.117537452485653
19.117537452485653
19.117537452485653
19.117537452485653
19.117537452485653
19.117537452485653
19.117537452485653
19.117537452485653
19.117537452485653
19.117537452485653
19.117537452485653
19.117537452485653
19.117537452485653
19.117537452485653
19.117537452485653
19.117537452485653
19.117537452485653
19.117537452485653
19.117537452485653
19.117537452485653
19.117537452485653
19.117537452485653
19.117537452485653
18.18588358053216
18.11135127077588
18.11135127077588
18.11135127077588
18.11135127077588
18.11135127077588
18.11135127077588
18.11135127077588
18.11135127077588
18.11135127077588
18.11135127077588
18.11135127077588
18.11135127077588
18.11135127077588
18.11135127077588
17.775955876872626
17.10516508906611
17.10516508906611
17.10516508906611
17.10516508906611
17.10516508906611
17.10516508906611
17.10516508906611
17.10516508906611
17.10516508906611
17.10516508906611
17.10516508906611
17.10516508906611
17.10516508906611
17.10516508906611
17.10516508906611
17.10516508906611
17.10516508906611
17.10516508906611
17.10516508906611
17.10516508906611
17.10516508906611
17.10516508906611
17.10516508906611
17.10516508906611
17.10516508906611
17.2355966311396
18.11135127077588
18.11135127077588
18.11135127077588
18.11135127077588
18.11135127077588
18.11135127077588
18.11135127077588
18.11135127077588
18.11135127077588
18.11135127077588
18.11135127077588
18.11135127077588
18.11135127077588
18.11135127077588
18.11135127077588
18.11135127077588
18.11135127077588
18.44674666467914
19.117537452485653
19.117537452485653
19.117537452485653
19.117537452485653
19.117537452485653
19.117537452485653
19.117537452485653
19.117537452485653
19.117537452485653
19.117537452485653
19.117537452485653
19.117537452485653
19.117537452485653
19.117537452485653
19.50883207870612
20.123723634195425
20.123723634195425
20.123723634195425
20.123723634195425
20.123723634195425
20.123723634195425
20.011925169561003
19.117537452485653
19.117537452485653
19.117537452485653
19.117537452485653
19.117537452485653
19.117537452485653
19.117537452485653
19.117537452485653
19.117537452485653
19.117537452485653
19.117537452485653
19.117537452485653
18.763508981143325
18.11135127077588
18.11135127077588
18.11135127077588
18.11135127077588
18.11135127077588
18.11135127077588
18.11135127077588
18.11135127077588
18.11135127077588
17.36602817321309
17.10516508906611
17.10516508906611
17.10516508906611
17.10516508906611
17.10516508906611
17.10516508906611
17.10516508906611
17.10516508906611
17.10516508906611
17.10516508906611
17.10516508906611
17.10516508906611
17.10516508906611
17.10516508906611
17.10516508906611
16.248043526868898
16.09897890735634
16.09897890735634
16.09897890735634
16.09897890735634
16.09897890735634
16.09897890735634
16.09897890735634
16.09897890735634
16.09897890735634
16.09897890735634
16.09897890735634
16.09897890735634
16.09897890735634
16.09897890735634
16.09897890735634
16.09897890735634
16.09897890735634
16.09897890735634
16.09897890735634
16.09897890735634
16.09897890735634
16.09897890735634
16.09897890735634
16.09897890735634
16.09897890735634
16.09897890735634
16.09897890735634
16.09897890735634
16.09897890735634
16.09897890735634
16.09897890735634
16.09897890735634
16.09897890735634
17.01199970187076
17.10516508906611
17.10516508906611
17.10516508906611
17.10516508906611
17.10516508906611
17.10516508906611
17.682790489677274
18.11135127077588
18.11135127077588
18.11135127077588
18.11135127077588
18.11135127077588
18.11135127077588
18.11135127077588
18.11135127077588
18.11135127077588
18.11135127077588
18.11135127077588
18.11135127077588
18.11135127077588
18.11135127077588
18.11135127077588
18.11135127077588
18.11135127077588
18.11135127077588
18.11135127077588
18.11135127077588
18.11135127077588
18.11135127077588
18.11135127077588
18.11135127077588
18.11135127077588
18.11135127077588
18.11135127077588
18.11135127077588
18.11135127077588
18.11135127077588
18.11135127077588
18.11135127077588
18.11135127077588
18.11135127077588
18.11135127077588
18.11135127077588
18.11135127077588
18.11135127077588
18.11135127077588
18.11135127077588
18.11135127077588
18.11135127077588
18.11135127077588
18.11135127077588
18.11135127077588
18.11135127077588
18.11135127077588
18.11135127077588
18.11135127077588
18.11135127077588
18.11135127077588
18.11135127077588
18.11135127077588
18.11135127077588
18.11135127077588
18.11135127077588
18.11135127077588
18.11135127077588
18.11135127077588
18.11135127077588
18.11135127077588
17.738689721994486
17.10516508906611
17.10516508906611
17.10516508906611
17.10516508906611
17.10516508906611
17.10516508906611
17.10516508906611
17.10516508906611
17.10516508906611
17.980919728702393
18.11135127077588
18.11135127077588
18.11135127077588
18.11135127077588
18.11135127077588
18.11135127077588
18.11135127077588
18.11135127077588
18.11135127077588
18.11135127077588
18.11135127077588
18.11135127077588
18.11135127077588
18.11135127077588
18.11135127077588
18.11135127077588
18.11135127077588
18.11135127077588
18.11135127077588
18.11135127077588
18.11135127077588
18.11135127077588
18.11135127077588
18.11135127077588
18.11135127077588
18.11135127077588
18.11135127077588
18.11135127077588
18.11135127077588
18.11135127077588
18.11135127077588
18.11135127077588
18.11135127077588
18.11135127077588
18.11135127077588
18.11135127077588
18.11135127077588
18.11135127077588
18.893940523216816
19.117537452485653
19.117537452485653
19.117537452485653
19.117537452485653
19.117537452485653
19.117537452485653
19.117537452485653
19.117537452485653
19.117537452485653
19.117537452485653
19.117537452485653
19.117537452485653
19.117537452485653
19.117537452485653
19.117537452485653
18.856674368338677
18.11135127077588
18.11135127077588
18.11135127077588
18.11135127077588
18.11135127077588
18.11135127077588
18.11135127077588
18.11135127077588
18.11135127077588
17.384661250652158
17.10516508906611
17.10516508906611
17.10516508906611
17.10516508906611
17.10516508906611
17.10516508906611
17.10516508906611
17.16106432138332
18.11135127077588
18.11135127077588
18.11135127077588
18.11135127077588
18.11135127077588
18.11135127077588
18.11135127077588
18.11135127077588
18.11135127077588
18.11135127077588
18.11135127077588
18.11135127077588
18.11135127077588
18.11135127077588
18.11135127077588
18.11135127077588
18.11135127077588
18.11135127077588
18.11135127077588
18.11135127077588
18.11135127077588
18.11135127077588
18.11135127077588
18.11135127077588
18.11135127077588
18.11135127077588
18.11135127077588
18.11135127077588
18.11135127077588
17.533725870164716
17.10516508906611
17.10516508906611
17.10516508906611
17.10516508906611
17.10516508906611
17.10516508906611
17.10516508906611
17.10516508906611
17.10516508906611
17.10516508906611
17.10516508906611
17.10516508906611
17.10516508906611
17.10516508906611
17.645524334799134
18.11135127077588
18.11135127077588
18.11135127077588
18.11135127077588
18.11135127077588
18.11135127077588
18.11135127077588
18.11135127077588
18.11135127077588
18.11135127077588
18.11135127077588
18.11135127077588
18.11135127077588
18.11135127077588
17.421927405530298
17.10516508906611
17.10516508906611
17.10516508906611
17.10516508906611
17.10516508906611
17.10516508906611
17.10516508906611
17.10516508906611
17.10516508906611
17.10516508906611
17.10516508906611
17.10516508906611
16.676604307967505
16.09897890735634
16.09897890735634
16.09897890735634
16.09897890735634
16.09897890735634
16.09897890735634
16.09897890735634
16.09897890735634
16.09897890735634
16.09897890735634
16.788402772601923
17.10516508906611
17.10516508906611
17.10516508906611
17.10516508906611
17.10516508906611
17.10516508906611
17.10516508906611
17.10516508906611
17.10516508906611
17.10516508906611
17.10516508906611
17.10516508906611
17.10516508906611
17.10516508906611
17.10516508906611
17.10516508906611
17.10516508906611
17.10516508906611
17.10516508906611
17.10516508906611
17.10516508906611
17.10516508906611
17.10516508906611
17.10516508906611
17.10516508906611
17.10516508906611
17.10516508906611
16.415741223820525
16.09897890735634
16.09897890735634
16.09897890735634
16.09897890735634
16.620705075650296
17.10516508906611
17.10516508906611
17.10516508906611
17.10516508906611
17.10516508906611
17.10516508906611
17.10516508906611
17.10516508906611
17.10516508906611
17.10516508906611
17.10516508906611
17.10516508906611
17.10516508906611
16.453007378698665
16.09897890735634
16.09897890735634
16.09897890735634
16.09897890735634
16.09897890735634
16.09897890735634
16.09897890735634
16.09897890735634
16.09897890735634
16.09897890735634
16.09897890735634
16.09897890735634
16.09897890735634
16.09897890735634
16.09897890735634
16.09897890735634
16.09897890735634
16.09897890735634
16.09897890735634
16.657971230528435
17.10516508906611
17.10516508906611
17.10516508906611
17.10516508906611
17.10516508906611
17.10516508906611
17.10516508906611
17.10516508906611
17.10516508906611
17.10516508906611
17.10516508906611
17.10516508906611
17.10516508906611
17.10516508906611
17.10516508906611
17.10516508906611
17.10516508906611
16.13624506223448
16.09897890735634
16.09897890735634
16.09897890735634
16.09897890735634
16.09897890735634
16.09897890735634
16.09897890735634
16.09897890735634
16.09897890735634
16.09897890735634
16.09897890735634
16.09897890735634
16.09897890735634
16.09897890735634
15.502720429306104
15.092792725646568
15.092792725646568
15.092792725646568
15.092792725646568
15.092792725646568
15.092792725646568
15.092792725646568
15.092792725646568
15.092792725646568
15.092792725646568
15.092792725646568
15.092792725646568
15.092792725646568
15.092792725646568
15.092792725646568
15.092792725646568
15.092792725646568
15.092792725646568
15.092792725646568
15.092792725646568
15.092792725646568
15.092792725646568
15.092792725646568
15.092792725646568
15.092792725646568
15.092792725646568
15.092792725646568
15.092792725646568
15.092792725646568
15.092792725646568
15.092792725646568
15.092792725646568
15.092792725646568
15.092792725646568
15.092792725646568
15.092792725646568
15.092792725646568
15.092792725646568
15.092792725646568
15.092792725646568
15.092792725646568
15.092792725646568
15.092792725646568
15.092792725646568
15.092792725646568
15.092792725646568
15.092792725646568
15.092792725646568
15.092792725646568
15.092792725646568
15.092792725646568
15.092792725646568
15.092792725646568
15.092792725646568
15.092792725646568
15.092792725646568
15.092792725646568
15.092792725646568
15.092792725646568
15.092792725646568
15.092792725646568
15.092792725646568
15.092792725646568
15.092792725646568
15.092792725646568
15.092792725646568
15.092792725646568
15.092792725646568
15.092792725646568
15.092792725646568
15.092792725646568
15.092792725646568
15.092792725646568
15.092792725646568
15.092792725646568
15.092792725646568
15.092792725646568
15.092792725646568
15.111425803085638
16.09897890735634
16.09897890735634
16.09897890735634
16.09897890735634
16.09897890735634
16.09897890735634
16.09897890735634
16.09897890735634
16.09897890735634
16.97473354699262
17.10516508906611
17.10516508906611
17.10516508906611
17.10516508906611
17.10516508906611
17.10516508906611
17.10516508906611
17.10516508906611
17.10516508906611
17.10516508906611
17.10516508906611
17.10516508906611
17.10516508906611
17.10516508906611
17.10516508906611
17.10516508906611
17.10516508906611
17.10516508906611
17.10516508906611
17.10516508906611
18.11135127077588
18.11135127077588
18.11135127077588
18.11135127077588
18.11135127077588
18.11135127077588
18.11135127077588
18.11135127077588
18.11135127077588
18.11135127077588
18.11135127077588
18.11135127077588
18.11135127077588
18.11135127077588
18.11135127077588
18.11135127077588
18.11135127077588
18.11135127077588
18.11135127077588
18.11135127077588
18.11135127077588
18.11135127077588
18.11135127077588
18.11135127077588
18.11135127077588
18.11135127077588
18.11135127077588
18.11135127077588
18.11135127077588
18.11135127077588
18.11135127077588
18.11135127077588
18.11135127077588
18.11135127077588
18.11135127077588
18.11135127077588
18.11135127077588
18.11135127077588
18.11135127077588
18.11135127077588
18.11135127077588
18.11135127077588
18.11135127077588
18.11135127077588
18.11135127077588
18.11135127077588
18.11135127077588
18.11135127077588
18.11135127077588
18.11135127077588
18.11135127077588
18.11135127077588
18.11135127077588
18.11135127077588
18.11135127077588
18.11135127077588
18.11135127077588
17.552358947603786
17.10516508906611
17.10516508906611
17.10516508906611
17.10516508906611
17.10516508906611
17.10516508906611
17.10516508906611
17.10516508906611
17.10516508906611
16.17351121711262
16.09897890735634
16.09897890735634
16.09897890735634
16.09897890735634
16.09897890735634
16.09897890735634
16.09897890735634
16.09897890735634
16.09897890735634
16.09897890735634
16.09897890735634
16.09897890735634
16.09897890735634
16.09897890735634
16.09897890735634
16.09897890735634
16.09897890735634
16.09897890735634
16.09897890735634
16.09897890735634
16.09897890735634
16.09897890735634
16.09897890735634
16.09897890735634
16.09897890735634
16.09897890735634
16.09897890735634
16.09897890735634
16.09897890735634
16.09897890735634
16.09897890735634
16.09897890735634
16.09897890735634
16.09897890735634
16.09897890735634
16.09897890735634
16.09897890735634
16.09897890735634
16.09897890735634
16.09897890735634
16.09897890735634
16.09897890735634
16.09897890735634
16.09897890735634
17.08653201162704
17.10516508906611
17.10516508906611
17.10516508906611
17.10516508906611
17.10516508906611
17.10516508906611
17.10516508906611
17.10516508906611
17.10516508906611
17.10516508906611
17.10516508906611
17.10516508906611
17.10516508906611
17.10516508906611
17.10516508906611
17.10516508906611
17.10516508906611
17.10516508906611
17.10516508906611
17.10516508906611
17.10516508906611
17.10516508906611
17.10516508906611
17.10516508906611
17.10516508906611
17.10516508906611
17.10516508906611
17.10516508906611
17.10516508906611
17.10516508906611
17.08653201162704
16.13624506223448
16.09897890735634
16.09897890735634
16.09897890735634
16.09897890735634
16.09897890735634
16.09897890735634
16.434374301259595
17.10516508906611
17.10516508906611
17.10516508906611
17.10516508906611
17.10516508906611
17.10516508906611
17.10516508906611
17.10516508906611
17.477826637847507
18.11135127077588
18.11135127077588
18.11135127077588
18.11135127077588
18.11135127077588
18.11135127077588
18.11135127077588
18.11135127077588
18.11135127077588
18.11135127077588
18.11135127077588
18.11135127077588
18.11135127077588
18.11135127077588
18.11135127077588
18.11135127077588
18.11135127077588
18.11135127077588
18.11135127077588
18.11135127077588
18.11135127077588
18.11135127077588
18.11135127077588
18.11135127077588
18.11135127077588
18.11135127077588
18.2231497354103
19.005738987851235
19.117537452485653
19.117537452485653
19.117537452485653
19.117537452485653
19.117537452485653
19.117537452485653
19.117537452485653
19.117537452485653
19.117537452485653
19.117537452485653
19.117537452485653
19.117537452485653
19.117537452485653
19.117537452485653
19.061638220168444
18.12998434821495
18.11135127077588
18.11135127077588
18.11135127077588
18.11135127077588
18.11135127077588
18.11135127077588
18.11135127077588
18.11135127077588
18.11135127077588
18.11135127077588
18.11135127077588
18.11135127077588
18.11135127077588
18.11135127077588
18.11135127077588
18.11135127077588
18.11135127077588
18.11135127077588
18.11135127077588
18.11135127077588
18.11135127077588
18.11135127077588
18.11135127077588
18.11135127077588
18.11135127077588
18.11135127077588
18.11135127077588
18.11135127077588
17.645524334799134
17.10516508906611
17.10516508906611
17.10516508906611
17.10516508906611
17.10516508906611
17.10516508906611
17.10516508906611
17.10516508906611
