83.84161099816052
81.79236453996837
80.7919450091974
77.09684706489818
73.6115145060832
73.96650208151806
86.16516603737051
87.03649917707426
86.7299189982896
85.32610449543357
82.11508051763643
81.3082905734663
78.08113079678576
75.25736599219027
79.21063671862395
87.98851131119503
88.03691870784523
87.50443734469295
85.06793171329913
83.50275922160907
82.4862038919547
78.71042695323845
75.96734114306
83.53503081937588
90.03775776938717
89.86026398166973
89.55368380288509
86.84286959047343
85.22928970213316
85.03566011553232
79.67857488624263
76.82253848388034
76.5805015006293
85.35837609320038
91.03817730015814
90.57023913253946
89.61822699841869
87.13331397037467
86.1167586407203
82.16348791428663
79.38813050634137
76.87094588053056
75.12827960112305
86.05221544518669
91.03817730015814
90.45728854035563
89.34391841740086
85.84245005970246
84.80975893116468
81.59873495336754
77.25820505373221
74.7571562268048
73.25652693064833
74.04718107593507
87.77874592571078
89.0373382386162
88.71462226094815
86.69764740052281
83.45435182495886
82.5023396908381
77.19366185819861
74.45057604802014
72.22383580211057
72.27224319876078
85.06793171329913
87.2462645625585
86.89127698712363
85.53586988091782
81.58259915448414
80.87262400361442
77.29047665149902
74.07945267370188
72.41746538871139
72.28837899764417
85.14861070771614
86.52015361280537
86.03607964630329
83.37367283054185
80.22719204827831
79.14609352309033
76.32232871849486
72.53041598089521
70.6909349081873
76.37073611514506
86.18130183625392
85.74563526640205
84.3256849646626
80.63058702036338
78.62974795882144
76.87094588053056
72.14315680769356
69.94868815955078
72.83699615967987
85.69722786975184
85.82631426081906
85.14861070771614
82.03440152321942
78.67815535547166
77.61319262916707
72.90153935521349
69.65824377964954
69.88414496401717
82.93800626068997
85.422919288734
85.03566011553232
81.53419175783394
78.24248878561978
77.43569884144965
73.70832929938362
69.64210798076613
68.52873785781135
82.0021299254526
85.72949946751864
84.53545035014685
81.50192016006713
78.16180979120277
77.19366185819861
73.80514409268403
69.72278697518314
68.02852809242586
69.59370058411592
84.9711169199987
84.3256849646626
81.51805595895053
76.96776067383097
75.90279794752638
73.06289734404751
69.57756478523252
68.14147868460968
81.13079678574887
84.2772775680124
83.00254945622358
78.79110594765547
75.51553877432472
75.03146480782264
71.99793461774293
69.15803401426405
68.38351566786072
83.13163584729081
84.21273437247879
82.13121631651984
76.14483493077742
74.06331687481848
73.93423048375125
68.73850324329558
66.36654080743538
68.43192306451093
82.40552489753769
82.47006809307129
76.90321747829735
73.19198373511473
73.69219350050021
72.15929260657695
68.10920708684287
66.89902217058767
81.82463613773518
85.26156129989997
83.37367283054185
76.96776067383097
74.03104527705167
74.03104527705167
70.73934230483752
66.511762997386
69.56142898634911
76.17710652854423
84.53545035014685
80.45309323264595
75.3703165843741
74.95078581340563
74.32148965695292
69.33552780198148
67.23787394713912
82.21189531093685
86.6815116016394
84.72907993674767
79.21063671862395
75.58008196985833
75.61235356762514
72.69177396972924
68.49646626004454
75.11214380223966
87.64965953464356
87.05263497595766
84.9227095233485
78.00045180236874
76.03188433859361
75.93506954529319
69.98095975731759
67.75421951140801
72.12702100881015
86.55242521057218
85.93926485300288
81.08238938909867
77.08071126601479
76.64504469616291
75.48326717655792
69.64210798076613
68.62555265111176
77.58092103140027
88.03691870784523
86.69764740052281
81.13079678574887
77.96818020460194
77.40342724368284
74.64420563462097
69.93255236066739
70.077774550618
76.64504469616291
88.53712847323071
87.05263497595766
80.45309323264595
78.03272340013554
77.7745506180011
73.96650208151806
69.69051537741635
71.09432988027238
88.18214089779586
88.63394326653113
85.4874624842676
80.06583405944428
79.03314293090651
78.27476038338659
74.38603285248654
71.91725562332591
73.51469971278279
87.92396811566141
90.11843676380418
86.10062284183691
81.3405621712331
81.03398199244845
81.03398199244845
77.80682221576791
73.95036628263466
87.31080775809211
94.79781843999096
92.82925097621583
87.50443734469295
84.37409236131282
84.03524058476135
81.16306838351568
76.75799528834673
78.371575176687
94.4266950656727
95.03985542324202
91.52225126666022
87.21399296479169
86.81059799270662
86.1167586407203
81.67941394778455
79.24290831639075
94.32988027237229
97.07296608255075
95.5884725852777
91.28021428340918
88.31122728886308
87.76261012682738
83.58343821602608
80.03356246167748
82.0021299254526
95.89505276406236
95.81437376964534
93.60376932261917
88.94052344531578
88.03691870784523
87.31080775809211
80.7596734114306
77.40342724368284
76.11256333301063
87.56898054022655
95.5239293897441
94.4105592667893
90.31206635040502
86.24584503178752
86.0199438474199
84.00296898699455
78.30703198115339
76.33846451737826
75.25736599219027
74.96692161228903
82.0021299254526
92.63562138961501
91.4254364733598
86.32652402620454
84.2934133668958
84.03524058476135
78.22635298673637
75.45099557879111
74.2085390647691
73.62765030496661
79.82379707619324
92.65175718849841
91.92564623874529
89.39232581405106
85.32610449543357
84.39022816019622
80.7919450091974
76.37073611514506
74.7894278245716
76.24164972407785
92.19995481976314
92.94220156839965
91.99018943427889
88.60167166876433
85.08406751218253
84.08364798141156
80.59831542259657
76.11256333301063
74.17626746700229
76.45141510956208
87.32694355697551
92.13541162422952
90.13457256268758
84.72907993674767
83.08322845064059
82.43779649530448
76.72572369057993
73.85355148933424
74.32148965695292
85.92312905411947
92.03859683092911
89.6504985961855
84.16432697582857
82.35711750088747
82.03440152321942
77.98431600348533
74.2085390647691
73.0306257462807
73.0306257462807
87.11717817149128
89.19869622745023
84.48704295349663
82.19575951205344
81.87304353438539
77.41956304256624
74.27308226030271
74.1924032658857
89.89253557943654
91.07044889792495
89.87639978055314
86.1328944396037
82.93800626068997
82.42166069642109
78.85564914318908
74.59579823797077
77.1613902604318
91.97405363539549
92.03859683092911
91.32862168005938
87.21399296479169
85.01952431664893
83.92228999257753
78.79110594765547
76.43527931067868
79.5494884951754
93.2165101494175
92.97447316616646
90.98976990350793
86.95582018265725
85.53586988091782
83.099364249524
78.48452576887082
77.01616807048117
85.92312905411947
93.95875689805403
92.94220156839965
89.6989059928357
86.21357343402072
85.03566011553232
81.21147578016588
76.66118049504631
79.87220447284345
93.2326459483009
93.07128795946687
91.37702907670959
86.6815116016394
85.03566011553232
84.18046277471198
78.56520476328784
76.88708167941395
86.22970923290413
94.28147287572209
93.10355955723368
89.31164681963405
86.1328944396037
85.89085745635266
81.40510536676672
78.45225417110402
86.1328944396037
95.5400651886275
94.959176428825
93.7651273114532
88.76302965759835
88.03691870784523
86.22970923290413
81.19533998128247
80.67899441701358
93.97489269693743
96.42753412721464
95.62074418304451
92.08700422757931
89.24710362410043
88.56940007099752
83.97069738922775
80.53377222706297
84.13205537806178
97.44408945686901
96.81479330041631
94.89463323329139
90.78000451802369
89.15028883080002
87.08490657372447
81.9214509310356
80.30787104269533
93.73285571368639
97.26659566915158
96.94387969148353
94.58805305450673
90.40888114370543
89.27937522186724
85.06793171329913
81.03398199244845
79.77538967954304
83.56730241714267
97.75066963565367
98.20247200438894
94.81395423887437
90.66705392583987
90.03775776938717
86.14903023848711
82.27643850647046
80.95330299803143
91.89337464097848
99.08994094297609
97.49249685351923
93.50695452931875
90.05389356827057
89.89253557943654
86.60083260722239
81.45351276341692
81.09852518798206
88.19827669667926
98.99312614967567
97.83134863007068
93.34559654048472
89.44073321070127
88.69848646206474
84.66453674121406
79.79152547842644
78.77497014877207
94.89463323329139
98.58973117759061
96.81479330041631
91.66747345661084
87.98851131119503
87.06877077484107
83.27685803724142
77.32274824926583
76.46755090844547
83.84161099816052
96.81479330041631
94.4105592667893
88.13373350114564
85.503598283151
84.98725271888212
81.59873495336754
76.66118049504631
76.82253848388034
82.72824087520574
97.02455868590054
96.02413915512957
87.00422757930745
85.03566011553232
85.01952431664893
79.03314293090651
75.69303256204215
75.78984735534257
91.79655984767807
95.95959595959596
90.39274534482203
85.18088230548295
84.8743021266983
84.43863555684642
78.77497014877207
76.14483493077742
86.60083260722239
98.12179300997192
96.89547229483333
92.94220156839965
87.68193113241037
87.03649917707426
85.55200567980121
79.74311808177623
78.72656275212186
90.58637493142285
100.44534804918192
98.94471875302547
95.07212702100881
90.29593055152161
90.00548617162036
86.34265982508795
81.9053151321522
82.05053732210283
99.54174331171137
101.62326136767032
100.76806402684997
95.39484299867686
93.03901636170008
92.42585600413076
86.665375802756
84.00296898699455
85.21315390324976
102.44618711072386
103.04321166940976
100.83260722238359
95.74983057411173
95.00758382547521
93.99102849582083
87.03649917707426
84.34182076354601
87.64965953464356
95.5884725852777
103.75318682027948
101.70394036208734
95.44325039532708
94.03943589247105
92.79697937844904
85.93926485300288
84.42249975796302
88.4887210765805
103.80159421692969
103.67250782586247
99.50947171394456
93.716719914803
93.2326459483009
91.65133765772744
85.60041307645142
83.63184561267629
90.63478232807307
104.68906315551683
104.25339658566496
100.68738503243296
95.34643560202666
95.20121341207604
92.52267079743119
87.14944976925808
87.31080775809211
96.07254655177978
106.78671701035918
106.04447026172267
102.54300190402428
97.20205247361797
96.39526252944783
93.50695452931875
87.8432891212444
88.31122728886308
97.8958918256043
108.061445122148
106.41559363604092
98.79949656307484
97.10523768031756
96.2339045406138
88.988930841966
87.39148675250912
101.09078000451802
111.04656791557751
109.78797560267209
105.93151966953884
98.46064478652339
97.15364507696776
95.26575660760965
89.0373382386162
86.93968438377385
92.49039919966438
109.41685222835383
108.57779068641689
104.88269274211767
97.79907703230387
96.94387969148353
95.76596637299514
89.84412818278633
86.82673379159003
89.68277019395231
107.14170458579405
107.90008713331397
103.55955723367865
95.16894181430924
94.03943589247105
93.10355955723368
87.56898054022655
83.98683318811115
87.50443734469295
108.94891406073515
106.43172943492434
101.78461935650435
93.28105334495112
92.03859683092911
91.16726369122536
84.261141769129
82.14735211540324
87.68193113241037
107.30306257462807
105.99606286507246
100.25171846258108
91.74815245102785
90.2636589537548
90.42501694258883
84.261141769129
81.42124116565012
85.92312905411947
105.26995191531934
104.80201374770066
99.99354568044664
94.28147287572209
91.03817730015814
89.18256042856682
83.13163584729081
81.50192016006713
96.2339045406138
108.31961790428245
104.18885339013136
99.46106431729436
92.53880659631459
91.99018943427889
89.47300480846808
83.06709265175719
82.74437667408914
89.36005421628425
107.4644205634621
105.51198889857038
95.65301578081132
93.2326459483009
93.13583115500049
90.2152515571046
84.39022816019622
87.48830154580953
102.47845870849066
107.31919837351148
102.78503888727532
95.03985542324202
94.03943589247105
92.90992997063285
85.34224029431698
84.71294413786427
89.73117759060251
107.4482847645787
105.01177913318489
97.23432407138478
93.63604092038598
93.53922612708556
89.48914060735147
84.40636395907961
85.89085745635266
104.86655694323427
107.59350695452933
102.22028592635623
95.05599122212541
93.95875689805403
93.13583115500049
87.14944976925808
84.35795656242941
97.71839803788686
110.09455578145675
106.94807499919321
100.57443444024915
95.03985542324202
95.0237196243586
93.32946074160132
87.34307935585892
89.27937522186724
103.01094007164295
109.94933359150612
106.94807499919321
100.20331106593088
99.2028915351599
98.5090521831736
95.08826281989222
90.61864652918966
93.84580630587021
111.95017265304806
110.14296317810695
102.76890308839191
100.04195307709685
100.04195307709685
94.66873204892374
90.69932552360667
93.84580630587021
108.6100622841837
111.28860489882855
105.54426049633717
99.96127408267984
100.04195307709685
98.88017555749185
91.68360925549425
90.32820214928842
107.28692677574467
113.57988834027174
109.17481524510279
102.84958208280892
99.07380514409269
99.05766934520929
96.54048471939846
89.89253557943654
91.55452286442703
105.88311227288864
112.1922096362991
106.46400103269113
99.7515086971956
98.89631135637526
97.26659566915158
90.07002936715398
88.08532610449544
93.95875689805403
113.03127117823604
110.28818536805758
103.73705102139607
97.18591667473457
97.23432407138478
96.99228708813374
88.65007906541453
87.2785361603253
97.50863265240262
108.81982766966793
103.80159421692969
100.38080485364831
96.201632942847
96.1370897473134
92.40972020524737
86.93968438377385
86.47174621615517
96.89547229483333
109.35230903282022
102.36550811630684
96.26617613838062
95.00758382547521
94.83009003775777
88.4564494788137
85.10020331106594
89.6020911995353
108.98118565850196
109.70729660825508
96.87933649594991
93.92648530028723
93.55536192596897
92.0224610320457
86.58469680833899
85.503598283151
94.47510246232291
109.69116080937168
104.88269274211767
100.09036047374705
97.04069448478394
97.04069448478394
95.5400651886275
88.95665924419919
92.08700422757931
107.30306257462807
113.75738212798916
110.77225933455966
103.76932261916288
102.04279213863879
101.39736018330268
94.34601607125569
92.92606576951626
103.46274244037824
116.54887533481784
113.51534514473812
107.15784038467746
103.04321166940976
103.02707587052636
98.79949656307484
94.10397908800465
94.50737406008972
106.48013683157454
115.96798657501533
114.41894988220868
106.8028528092426
105.0440507309517
103.38206344596122
97.84748442895409
95.18507761319263
103.51114983702844
117.08135669797012
116.98454190466971
112.01471584858167
106.06060606060606
105.93151966953884
105.0440507309517
97.84748442895409
98.39610159098977
101.65553296543712
115.64527059734728
112.95059218381903
106.06060606060606
106.04447026172267
104.68906315551683
97.8958918256043
100.59057023913255
115.69367799399748
118.00109723432408
116.59728273146804
108.88437086520155
105.86697647400523
106.04447026172267
99.7515086971956
96.94387969148353
114.16077710007423
122.76115790492788
121.35734340207185
115.2096040274954
108.1098525187982
108.0453093232646
103.99522380353052
98.5574595798238
97.28273146803498
113.80578952463937
121.7284667763901
120.34078807241747
114.49962887662569
107.15784038467746
106.35105044050732
102.22028592635623
96.66957111046568
94.55578145673992
103.47887823926163
120.59896085455192
118.64652918966019
114.74166585987673
105.22154451866912
104.04363120018073
103.10775486494337
95.12053441765903
93.2003743505341
92.08700422757931
101.88143414980476
117.88814664214026
113.82192532352278
104.94723593765129
101.04237260786782
101.04237260786782
97.363410462452
91.60293026107723
90.15070836157099
92.90992997063285
114.6125794688095
111.93403685416466
104.86655694323427
98.34769419433957
98.15406460773873
95.0237196243586
90.34433794817181
88.81143705424856
107.56123535676252
116.75864072030207
110.75612353567625
103.81773001581308
98.13792880885534
98.04111401555491
95.33029980314326
90.29593055152161
90.69932552360667
112.1760738374157
116.3068383515668
109.52980282053765
101.28440959111886
98.04111401555491
98.04111401555491
94.74941104334076
88.65007906541453
94.94304062994159
117.74292445218964
114.06396230677382
107.52896375899572
98.79949656307484
97.75066963565367
96.12095394842999
88.66621486429794
87.71420273017718
110.62703714460903
117.43634427340498
110.88520992674349
103.3175202504276
97.78294123342047
97.50863265240262
92.03859683092911
87.32694355697551
90.36047374705522
117.04908510020331
113.06354277600285
105.10859392648531
97.9281634233711
96.87933649594991
96.2339045406138
90.10230096492077
86.1328944396037
94.47510246232291
117.19430729015394
108.07758092103141
100.12263207151386
95.45938619421048
95.42711459644367
92.99060896504986
86.64924000387259
89.98935037273696
111.74040726756382
116.27456675379999
105.88311227288864
99.38038532287734
97.79907703230387
97.83134863007068
91.73201665214445
88.988930841966
105.20540871978572
118.80788717849421
114.77393745764354
108.46484009423307
100.67124923354956
100.68738503243296
98.5090521831736
92.24836221641334
92.42585600413076
114.45122147997547
118.58198599412657
114.11236970342402
104.76974214993385
103.80159421692969
103.23684125601059
97.3311388646852
94.3944234679059
98.47678058540679
119.17901055281247
119.75989931261498
111.22406170329494
104.25339658566496
104.14044599348114
102.26869332300643
97.10523768031756
97.363410462452
113.4346661503211
123.30977506696357
121.29280020653823
111.15951850776132
107.4160131668119
107.36760577016169
102.38164391519025
98.605866976474
98.04111401555491
102.0589279375222
123.87452802788266
121.27666440765483
110.91748152451028
106.899667602543
106.78671701035918
100.46148384806533
97.9281634233711
96.7986575015329
102.30096492077324
125.02016974860426
124.1165650111337
120.17943008358344
109.46525962500404
107.36760577016169
106.43172943492434
100.70352083131637
97.47636105463582
95.68528737857812
95.36257140091007
115.87117178171492
122.22867654177558
120.17943008358344
109.85251879820571
106.14128505502308
106.33491464162391
102.22028592635623
99.54174331171137
97.79907703230387
99.59015070836158
122.82570110046149
122.43844192725983
116.25843095491659
105.23768031755253
104.04363120018073
103.49501403814503
97.3472746635686
