80.45391721830218
83.36364297664944
83.50912926456681
83.50912926456681
83.50912926456681
83.50912926456681
83.50912926456681
83.50912926456681
83.50912926456681
83.50912926456681
83.50912926456681
83.50912926456681
83.50912926456681
83.50912926456681
83.50912926456681
83.50912926456681
83.50912926456681
83.50912926456681
83.50912926456681
83.50912926456681
83.50912926456681
83.50912926456681
83.50912926456681
83.50912926456681
83.50912926456681
83.50912926456681
83.50912926456681
83.50912926456681
83.50912926456681
83.50912926456681
83.50912926456681
83.50912926456681
83.50912926456681
83.50912926456681
83.50912926456681
83.2181566887321
80.45391721830218
80.45391721830218
80.45391721830218
80.45391721830218
80.45391721830218
80.45391721830218
80.45391721830218
80.45391721830218
80.45391721830218
80.45391721830218
80.45391721830218
80.45391721830218
80.45391721830218
80.45391721830218
80.45391721830218
80.45391721830218
80.45391721830218
80.45391721830218
80.45391721830218
80.45391721830218
80.45391721830218
80.45391721830218
80.45391721830218
80.45391721830218
80.45391721830218
80.45391721830218
80.45391721830218
80.45391721830218
80.45391721830218
80.45391721830218
80.45391721830218
80.45391721830218
80.45391721830218
80.45391721830218
80.45391721830218
79.70223806406246
79.43551320288063
79.43551320288063
79.43551320288063
79.43551320288063
79.43551320288063
79.43551320288063
79.43551320288063
79.43551320288063
79.43551320288063
79.43551320288063
79.43551320288063
79.43551320288063
79.43551320288063
79.43551320288063
79.43551320288063
79.43551320288063
78.63533861933513
76.38030115661599
76.38030115661599
76.38030115661599
76.38030115661599
76.38030115661599
76.38030115661599
76.38030115661599
76.38030115661599
76.38030115661599
76.38030115661599
76.38030115661599
76.38030115661599
76.38030115661599
76.38030115661599
76.38030115661599
76.38030115661599
76.45304430057467
77.39870517203754
77.39870517203754
77.39870517203754
77.39870517203754
77.39870517203754
77.39870517203754
77.39870517203754
77.39870517203754
77.39870517203754
77.39870517203754
77.39870517203754
77.39870517203754
77.39870517203754
77.39870517203754
77.39870517203754
77.39870517203754
77.39870517203754
78.29587061419461
78.41710918745908
78.41710918745908
78.41710918745908
78.41710918745908
78.41710918745908
78.41710918745908
78.41710918745908
78.41710918745908
78.41710918745908
78.41710918745908
78.41710918745908
78.41710918745908
78.41710918745908
78.41710918745908
78.41710918745908
78.41710918745908
78.41710918745908
78.41710918745908
78.41710918745908
78.41710918745908
78.41710918745908
78.41710918745908
78.41710918745908
78.41710918745908
78.41710918745908
78.41710918745908
78.41710918745908
78.41710918745908
78.41710918745908
78.41710918745908
78.41710918745908
78.41710918745908
78.41710918745908
78.41710918745908
78.41710918745908
78.41710918745908
78.41710918745908
78.41710918745908
78.41710918745908
78.41710918745908
78.41710918745908
78.41710918745908
78.41710918745908
78.41710918745908
78.41710918745908
79.67799034940957
80.45391721830218
80.45391721830218
80.45391721830218
80.45391721830218
80.45391721830218
80.45391721830218
80.45391721830218
80.45391721830218
80.45391721830218
80.45391721830218
80.45391721830218
80.45391721830218
80.45391721830218
80.45391721830218
80.45391721830218
77.980650323707
77.39870517203754
77.39870517203754
77.39870517203754
77.39870517203754
77.39870517203754
77.39870517203754
77.39870517203754
77.39870517203754
77.39870517203754
77.39870517203754
77.39870517203754
77.39870517203754
77.39870517203754
77.39870517203754
79.19303605635169
79.43551320288063
79.43551320288063
79.43551320288063
79.43551320288063
79.43551320288063
79.43551320288063
79.43551320288063
79.43551320288063
79.43551320288063
79.43551320288063
79.43551320288063
79.43551320288063
79.43551320288063
79.43551320288063
80.01745835455009
80.45391721830218
80.45391721830218
80.45391721830218
80.45391721830218
80.45391721830218
80.45391721830218
80.45391721830218
80.45391721830218
80.45391721830218
80.45391721830218
80.45391721830218
80.45391721830218
80.45391721830218
80.45391721830218
80.45391721830218
80.45391721830218
80.45391721830218
80.45391721830218
80.45391721830218
80.45391721830218
80.45391721830218
80.45391721830218
80.45391721830218
80.45391721830218
80.45391721830218
80.45391721830218
80.45391721830218
80.45391721830218
80.45391721830218
80.59940350621955
82.49072524914527
82.49072524914527
82.49072524914527
82.49072524914527
82.49072524914527
82.49072524914527
82.49072524914527
82.49072524914527
82.49072524914527
82.49072524914527
82.49072524914527
82.49072524914527
82.49072524914527
82.49072524914527
82.49072524914527
82.3937343905337
80.45391721830218
80.45391721830218
80.45391721830218
80.45391721830218
80.45391721830218
80.45391721830218
86.05513930312068
91.65636138793919
91.65636138793919
91.65636138793919
91.65636138793919
91.65636138793919
91.65636138793919
91.65636138793919
86.70982759874882
79.43551320288063
79.43551320288063
79.43551320288063
79.43551320288063
79.43551320288063
79.43551320288063
79.43551320288063
79.43551320288063
79.43551320288063
79.43551320288063
79.43551320288063
79.43551320288063
79.43551320288063
79.43551320288063
79.33852234426905
77.39870517203754
77.39870517203754
77.39870517203754
77.39870517203754
77.39870517203754
77.39870517203754
77.39870517203754
77.39870517203754
77.39870517203754
77.39870517203754
77.39870517203754
77.39870517203754
77.39870517203754
77.39870517203754
77.39870517203754
77.9079071797483
78.41710918745908
78.41710918745908
78.41710918745908
78.41710918745908
78.41710918745908
78.41710918745908
78.41710918745908
78.41710918745908
78.41710918745908
78.41710918745908
78.41710918745908
78.41710918745908
78.41710918745908
78.41710918745908
78.41710918745908
78.41710918745908
78.41710918745908
78.41710918745908
78.41710918745908
78.41710918745908
78.41710918745908
78.41710918745908
78.41710918745908
78.41710918745908
78.41710918745908
78.41710918745908
78.41710918745908
78.41710918745908
78.41710918745908
78.41710918745908
79.43551320288063
79.43551320288063
79.43551320288063
79.43551320288063
79.43551320288063
79.43551320288063
79.43551320288063
79.43551320288063
79.43551320288063
79.43551320288063
79.43551320288063
79.43551320288063
79.43551320288063
79.43551320288063
79.43551320288063
79.43551320288063
82.41798210518658
82.49072524914527
82.49072524914527
82.49072524914527
82.49072524914527
82.49072524914527
82.49072524914527
82.49072524914527
82.49072524914527
82.49072524914527
82.49072524914527
82.49072524914527
82.49072524914527
82.49072524914527
82.49072524914527
82.05426638539318
81.47232123372372
81.47232123372372
81.47232123372372
81.47232123372372
81.47232123372372
81.47232123372372
81.47232123372372
87.07354331854224
92.67476540336074
92.67476540336074
92.67476540336074
92.67476540336074
92.67476540336074
92.67476540336074
92.67476540336074
82.49072524914527
82.49072524914527
82.49072524914527
82.49072524914527
82.49072524914527
82.49072524914527
82.49072524914527
82.49072524914527
82.49072524914527
82.49072524914527
82.49072524914527
82.49072524914527
82.49072524914527
82.49072524914527
82.97567954220315
83.50912926456681
83.50912926456681
83.50912926456681
83.50912926456681
83.50912926456681
83.50912926456681
83.50912926456681
83.50912926456681
83.50912926456681
83.50912926456681
83.50912926456681
83.50912926456681
83.50912926456681
83.50912926456681
83.50912926456681
82.29674353192212
81.47232123372372
81.47232123372372
81.47232123372372
81.47232123372372
81.47232123372372
81.47232123372372
83.07267040081473
92.67476540336074
92.67476540336074
92.67476540336074
92.67476540336074
92.67476540336074
92.67476540336074
92.67476540336074
92.67476540336074
88.94061734681506
81.47232123372372
81.47232123372372
81.47232123372372
81.47232123372372
81.47232123372372
81.47232123372372
81.47232123372372
81.47232123372372
81.47232123372372
81.47232123372372
81.47232123372372
81.47232123372372
81.47232123372372
81.47232123372372
81.47232123372372
80.11444921316166
79.43551320288063
79.43551320288063
79.43551320288063
79.43551320288063
79.43551320288063
79.43551320288063
79.43551320288063
79.43551320288063
79.43551320288063
79.43551320288063
79.43551320288063
79.43551320288063
79.43551320288063
79.43551320288063
79.43551320288063
79.43551320288063
79.43551320288063
78.27162289954173
76.38030115661599
76.38030115661599
76.38030115661599
76.38030115661599
76.38030115661599
76.38030115661599
76.38030115661599
76.38030115661599
76.38030115661599
76.38030115661599
76.38030115661599
76.38030115661599
76.38030115661599
76.38030115661599
76.38030115661599
76.38030115661599
76.38030115661599
76.38030115661599
76.38030115661599
76.38030115661599
76.38030115661599
76.38030115661599
76.38030115661599
76.38030115661599
76.38030115661599
76.38030115661599
76.38030115661599
76.38030115661599
76.38030115661599
76.38030115661599
76.38030115661599
76.40454887126889
77.39870517203754
77.39870517203754
77.39870517203754
77.39870517203754
77.39870517203754
77.39870517203754
77.39870517203754
77.39870517203754
77.39870517203754
77.39870517203754
77.39870517203754
77.39870517203754
77.39870517203754
77.39870517203754
77.39870517203754
77.64118231856648
78.41710918745908
78.41710918745908
78.41710918745908
78.41710918745908
78.41710918745908
78.41710918745908
78.41710918745908
78.41710918745908
78.41710918745908
78.41710918745908
78.41710918745908
78.41710918745908
78.41710918745908
78.41710918745908
78.41710918745908
78.41710918745908
78.41710918745908
78.41710918745908
78.41710918745908
78.41710918745908
78.41710918745908
78.41710918745908
78.41710918745908
78.41710918745908
78.41710918745908
78.41710918745908
78.41710918745908
78.41710918745908
78.41710918745908
78.41710918745908
78.41710918745908
79.29002691496326
79.43551320288063
79.43551320288063
79.43551320288063
79.43551320288063
79.43551320288063
79.43551320288063
79.43551320288063
90.10450765015398
90.63795737251765
90.63795737251765
90.63795737251765
90.63795737251765
90.63795737251765
90.63795737251765
90.63795737251765
82.15125724400475
80.45391721830218
80.45391721830218
80.45391721830218
80.45391721830218
80.45391721830218
80.45391721830218
80.45391721830218
80.45391721830218
80.45391721830218
80.45391721830218
80.45391721830218
80.45391721830218
80.45391721830218
80.45391721830218
81.1571009432361
81.47232123372372
81.47232123372372
81.47232123372372
81.47232123372372
81.47232123372372
81.47232123372372
81.47232123372372
81.47232123372372
81.47232123372372
81.47232123372372
81.47232123372372
81.47232123372372
81.47232123372372
81.47232123372372
80.30843093038482
79.43551320288063
79.43551320288063
79.43551320288063
79.43551320288063
79.43551320288063
79.43551320288063
79.43551320288063
79.43551320288063
79.43551320288063
79.43551320288063
79.43551320288063
79.43551320288063
79.43551320288063
79.43551320288063
79.43551320288063
78.90206348051696
77.39870517203754
77.39870517203754
77.39870517203754
77.39870517203754
77.39870517203754
77.39870517203754
77.39870517203754
77.39870517203754
77.39870517203754
77.39870517203754
77.39870517203754
77.39870517203754
77.39870517203754
77.39870517203754
77.39870517203754
77.39870517203754
77.05923716689702
76.38030115661599
76.38030115661599
76.38030115661599
76.38030115661599
76.38030115661599
76.38030115661599
76.38030115661599
76.38030115661599
76.38030115661599
76.38030115661599
76.38030115661599
76.38030115661599
76.38030115661599
76.38030115661599
75.43464028515312
75.36189714119445
75.36189714119445
75.36189714119445
75.36189714119445
75.36189714119445
75.36189714119445
75.36189714119445
75.36189714119445
75.36189714119445
75.36189714119445
75.36189714119445
75.36189714119445
75.36189714119445
75.36189714119445
74.75570427487209
74.3434931257729
74.3434931257729
74.3434931257729
74.3434931257729
74.3434931257729
74.3434931257729
74.3434931257729
74.3434931257729
74.3434931257729
74.3434931257729
74.3434931257729
74.3434931257729
74.3434931257729
74.3434931257729
72.40367595354138
72.3066850949298
72.3066850949298
72.3066850949298
72.3066850949298
72.3066850949298
72.3066850949298
72.3066850949298
72.3066850949298
72.3066850949298
72.3066850949298
72.3066850949298
72.3066850949298
72.3066850949298
71.72473994326035
70.26987706408671
70.26987706408671
70.26987706408671
70.26987706408671
70.26987706408671
70.26987706408671
70.26987706408671
70.26987706408671
70.26987706408671
70.26987706408671
70.26987706408671
70.26987706408671
70.26987706408671
70.26987706408671
70.26987706408671
71.23978565020246
71.28828107950825
71.28828107950825
71.28828107950825
71.28828107950825
71.28828107950825
71.28828107950825
71.28828107950825
71.28828107950825
71.28828107950825
71.28828107950825
71.28828107950825
71.28828107950825
72.69464852937611
73.32508911035136
73.32508911035136
73.32508911035136
73.32508911035136
73.32508911035136
73.32508911035136
73.32508911035136
73.32508911035136
73.32508911035136
73.32508911035136
73.32508911035136
73.32508911035136
73.32508911035136
73.32508911035136
73.1311073931282
71.28828107950825
71.28828107950825
71.28828107950825
71.28828107950825
71.28828107950825
71.28828107950825
71.28828107950825
71.28828107950825
71.28828107950825
71.28828107950825
71.28828107950825
71.28828107950825
69.25147304866516
68.23306903324362
68.23306903324362
68.23306903324362
68.23306903324362
68.23306903324362
68.23306903324362
68.23306903324362
68.23306903324362
68.23306903324362
68.23306903324362
68.23306903324362
68.23306903324362
68.23306903324362
69.08173904609491
69.25147304866516
69.25147304866516
69.25147304866516
69.25147304866516
69.25147304866516
69.25147304866516
69.25147304866516
69.25147304866516
69.25147304866516
69.25147304866516
69.25147304866516
70.00315220290487
70.26987706408671
70.26987706408671
70.26987706408671
70.26987706408671
70.26987706408671
70.26987706408671
70.26987706408671
70.26987706408671
70.26987706408671
70.26987706408671
70.26987706408671
70.26987706408671
70.92456535971485
71.28828107950825
71.28828107950825
71.28828107950825
71.28828107950825
71.28828107950825
71.28828107950825
71.28828107950825
71.28828107950825
71.28828107950825
71.28828107950825
71.28828107950825
71.28828107950825
71.28828107950825
71.28828107950825
71.28828107950825
71.28828107950825
71.28828107950825
71.28828107950825
71.28828107950825
71.28828107950825
71.28828107950825
71.28828107950825
71.28828107950825
71.28828107950825
71.28828107950825
71.99146480444219
72.3066850949298
72.3066850949298
72.3066850949298
72.3066850949298
72.3066850949298
72.3066850949298
72.3066850949298
72.3066850949298
72.3066850949298
72.3066850949298
72.3066850949298
72.3066850949298
71.87022623117771
71.28828107950825
71.28828107950825
71.28828107950825
71.28828107950825
71.28828107950825
71.28828107950825
71.28828107950825
71.28828107950825
71.28828107950825
71.28828107950825
71.28828107950825
71.28828107950825
71.28828107950825
69.78492277102883
69.25147304866516
69.25147304866516
69.25147304866516
69.25147304866516
69.25147304866516
69.25147304866516
69.25147304866516
69.25147304866516
69.25147304866516
69.25147304866516
69.25147304866516
69.25147304866516
69.25147304866516
69.25147304866516
69.25147304866516
69.25147304866516
69.25147304866516
69.25147304866516
69.25147304866516
69.25147304866516
69.25147304866516
69.25147304866516
69.25147304866516
69.25147304866516
69.25147304866516
68.91200504352464
67.21466501782207
67.21466501782207
67.21466501782207
67.21466501782207
67.21466501782207
67.21466501782207
77.08348488154992
78.41710918745908
78.41710918745908
78.41710918745908
78.41710918745908
77.83516403578963
70.26987706408671
70.26987706408671
70.26987706408671
70.26987706408671
70.26987706408671
70.26987706408671
70.26987706408671
70.26987706408671
70.26987706408671
70.26987706408671
70.26987706408671
70.26987706408671
70.26987706408671
70.26987706408671
70.26987706408671
70.26987706408671
70.26987706408671
70.26987706408671
70.26987706408671
70.26987706408671
70.26987706408671
70.26987706408671
70.26987706408671
70.26987706408671
70.26987706408671
70.77907907179748
71.28828107950825
71.28828107950825
71.28828107950825
71.28828107950825
71.28828107950825
71.28828107950825
71.28828107950825
71.28828107950825
71.28828107950825
71.28828107950825
71.28828107950825
71.28828107950825
71.87022623117771
73.32508911035136
73.32508911035136
73.32508911035136
73.32508911035136
73.32508911035136
73.32508911035136
73.32508911035136
73.32508911035136
73.32508911035136
73.32508911035136
73.32508911035136
73.32508911035136
73.32508911035136
73.5190708275745
75.36189714119445
75.36189714119445
75.36189714119445
75.36189714119445
75.36189714119445
75.36189714119445
75.36189714119445
75.36189714119445
75.36189714119445
75.36189714119445
75.36189714119445
75.36189714119445
75.36189714119445
75.36189714119445
75.36189714119445
75.36189714119445
75.36189714119445
75.36189714119445
75.36189714119445
75.36189714119445
75.36189714119445
80.7933852234427
83.50912926456681
83.50912926456681
83.50912926456681
83.50912926456681
80.23568778642613
74.3434931257729
74.3434931257729
74.3434931257729
74.3434931257729
74.3434931257729
74.3434931257729
74.3434931257729
74.3434931257729
