112.29696402755336
123.73501148056808
122.11922782549536
118.4199336678289
108.59766986988689
93.97057572922867
80.61910026362786
73.22051194829493
72.37009949825665
73.47563568330641
80.19389403860872
82.6600901437197
84.78612126881538
85.08376562632877
82.95773450123309
76.45207925844034
71.98741389573944
68.4156816055787
65.77940301046007
63.27068628284718
63.27068628284718
63.10060379283953
71.09448082319925
75.81426992091164
123.43736712305468
121.6089803554724
118.29237180032315
109.66068543243473
95.50131813929755
85.55149247384982
81.42699209116421
80.78918275363552
83.08529636873884
89.84607534654307
91.844544604133
92.43983331915979
92.39731269665788
89.5909516115316
78.49306913853219
75.64418743090398
72.37009949825665
69.60625903563228
67.60778977804235
68.4156816055787
82.78765201122545
109.2354792074156
124.20273832808913
124.88306828811973
123.73501148056808
121.65150097797431
113.40250021260312
99.4132154094736
90.18624032655838
86.23182243388042
83.85066757377328
83.89318819627519
86.78459052640531
88.78305978399524
90.866570286589
91.844544604133
91.03665277659665
89.80355472404116
80.83170337613743
75.64418743090398
72.24253763075092
69.77634152563994
69.43617654562462
77.21745046347478
97.37222552938175
119.78059358789012
123.56492899056042
122.84207840802789
121.05621226294753
113.9977889276299
103.5802364146611
92.09966833914449
85.38140998384216
82.6600901437197
82.70261076622161
86.18930181137851
89.37834849902202
89.80355472404116
89.80355472404116
89.12322476401054
82.78765201122545
77.51509482098818
74.62369249085806
71.98741389573944
70.15902712815715
68.20307849306914
67.77787226805
76.91980610596138
107.91733990985628
121.05621226294753
121.05621226294753
119.78059358789012
116.67658814525045
106.47163874479122
94.99107066927459
86.18930181137851
82.61756952121779
80.57657964112595
82.10732205119483
88.6554979164895
89.76103410153924
90.48388468407177
90.82404966408708
90.82404966408708
83.08529636873884
77.47257419848626
74.36856875584658
72.07245514074326
69.86138277064376
68.28811973807296
69.69130028063611
79.55608470108002
85.25384811633641
111.489072200017
119.82311421039203
119.56799047538055
116.5490262777447
108.38506675737733
96.52181307934347
85.42393060634407
78.91827536355132
76.70720299345182
79.1733990985628
86.27434305638235
87.7625648439493
88.44289480397993
88.3578535589761
86.01921932137087
77.04736797346713
72.92286759078152
69.9889446381495
67.60778977804235
65.99200612296964
64.46126371290076
69.81886214814185
74.49613062335233
74.83629560336763
99.15809167446211
116.12382005272556
117.35691810528105
116.2088612977294
107.15196870482184
88.52793604898376
82.27740454120249
79.72616719108767
80.27893528361255
82.78765201122545
86.52946679139383
87.50744110893783
87.0822348839187
86.74206990390338
86.74206990390338
77.51509482098818
71.9023726507356
69.18105281061314
67.01250106301556
65.18411429543329
63.52581001785866
62.76043881282422
69.0109703206055
78.23794540352071
108.38506675737733
119.1002636278595
119.27034611786716
117.86716557530401
113.6576239476146
105.62122629475296
97.41474615188366
89.67599285653542
83.89318819627519
80.83170337613743
81.63959520367378
82.49000765371204
82.87269325622927
84.31839442129433
84.70108002381154
83.9357088187771
80.27893528361255
70.2865889956629
67.60778977804235
65.18411429543329
63.56833064036057
61.91002636278595
60.209201462709416
63.73841313036823
91.8020239816311
113.9977889276299
116.33642316523513
116.76162939025427
116.08129943022365
110.2134535249596
99.54077727697933
89.97363721404881
82.74513138872352
78.36550727102644
76.53712050344417
77.04736797346713
78.8757547410494
80.23641466111063
82.6600901437197
82.6600901437197
82.6600901437197
74.75125435836381
69.0109703206055
65.14159367293136
63.0155625478357
61.52734076026873
60.54936644272472
59.27374776766732
58.55089718513479
57.615443490092694
57.147716642571645
60.42180457521898
89.42086912152394
112.7221702525725
116.59154690024661
115.48601071519687
115.01828386767582
111.53159282251892
86.61450803639765
77.81273917850157
71.9023726507356
70.32910961816481
70.88187771068968
75.55914618590016
77.55761544349009
80.27893528361255
81.55455395866996
78.02534229101114
71.9023726507356
68.16055787056722
66.88493919550982
63.95101624287779
61.65490262777447
60.37928395271707
58.465855940130965
56.765031040054424
56.637469172548684
71.43464580321455
102.38965898460754
113.57258270261076
113.74266519261842
110.29849476996343
101.70932902457692
92.05714771664258
79.47104345607619
71.2645633132069
67.22510417552513
67.26762479802704
71.51968704821839
78.23794540352071
78.74819287354367
79.68364656858576
79.59860532358194
71.13700144570116
66.37469172548685
65.31167616293902
64.07857811038353
61.61238200527256
56.382345437537204
55.1067267624798
55.06420613997789
55.1067267624798
57.743005357598435
88.23029169147036
114.08283017263372
112.50956714006293
107.02440683731609
94.09813759673442
82.74513138872352
75.89931116591546
72.24253763075092
71.43464580321455
71.9023726507356
76.23947614593078
78.57811038353601
79.59860532358194
79.59860532358194
77.08988859596904
71.39212518071264
66.16208861297729
62.63287694531848
59.82651586019219
56.892592907560164
56.169742325027634
62.63287694531848
72.11497576324517
103.49519516965728
115.99625818521983
115.44349009269496
113.82770643762224
108.08742239986393
100.90143719704056
88.48541542648184
73.90084190832553
70.83935708818777
71.43464580321455
71.94489327323751
76.6646823709499
78.5355897610341
79.93877030359724
80.61910026362786
72.15749638574708
68.67080534059018
64.88646993791988
61.4422995152649
58.891062165150096
57.147716642571645
61.31473764775916
78.23794540352071
107.53465430733905
115.31592822518921
114.933242622672
111.7867165575304
97.66986988689514
84.10579130878476
74.07092439833319
69.56373841313037
68.24559911557105
68.0755166255634
73.09295008078918
79.98129092609915
80.61910026362786
80.61910026362786
80.61910026362786
74.58117186835615
67.90543413555574
64.24866060039119
61.69742325027638
58.848541542648185
58.763500297644356
71.60472829322221
95.92652436431669
112.97729398758398
115.65609320520453
114.08283017263372
112.3820052725572
110.08589165745386
98.98800918445446
72.11497576324517
68.88340845309975
69.30861467811889
73.90084190832553
80.15137341610681
80.66162088612977
80.70414150863168
80.66162088612977
79.68364656858576
70.54171273067438
67.26762479802704
64.50378433540267
61.4422995152649
60.1666808402075
61.22969640275534
75.0488987158772
105.49366442724721
116.46398503274088
116.16634067522749
108.42758737987924
101.45420528956544
92.26975082915213
83.08529636873884
78.19542478101879
76.53712050344417
76.622161748448
79.59860532358194
81.89471893868526
82.61756952121779
83.34042010375032
81.7246364486776
74.49613062335233
69.86138277064376
65.77940301046007
62.63287694531848
61.22969640275534
65.5667998979505
67.35266604303087
70.71179522068203
99.92346287949655
117.18683561527341
116.33642316523513
112.55208776256484
102.68730334212093
93.29024576919805
85.42393060634407
79.98129092609915
77.68517731099583
78.70567225104175
81.17186835615273
81.93723956118717
83.55302321625989
83.68058508376562
80.57657964112595
73.81580066332171
69.73382090313802
65.99200612296964
64.16361935538735
61.99506760778978
62.20767072029934
68.37316098307679
75.77174929840973
106.76928310230461
117.05927374776766
115.31592822518921
111.70167531252658
100.7313547070329
85.84913683136321
78.8757547410494
75.43158431839441
75.34654307339059
78.15290415851688
82.95773450123309
83.68058508376562
83.72310570626753
83.68058508376562
82.78765201122545
78.8332341185475
74.4536100008504
64.80142869291606
62.76043881282422
61.22969640275534
65.52427927544859
81.51203333616805
108.85279360489837
117.18683561527341
116.67658814525045
114.84820137766816
110.80874223998639
101.07151968704821
90.14371970405647
81.21438897865464
75.85679054341355
75.9843524109193
78.8332341185475
83.72310570626753
84.70108002381154
85.63653371885364
85.72157496385746
80.87422399863934
74.19848626583892
70.92439833319159
68.24559911557105
65.77940301046007
64.12109873288544
62.33523258780508
70.45667148567055
82.78765201122545
106.47163874479122
119.0577430053576
118.07976868781358
110.38353601496726
101.49672591206735
93.4178076367038
86.78459052640531
81.76715707117953
80.4490177736202
79.59860532358194
80.27893528361255
81.55455395866996
81.63959520367378
81.63959520367378
83.04277574623693
82.14984267369674
74.15596564333701
70.41415086316863
67.05502168551747
63.78093375287014
61.95254698528786
66.41721234798877
85.76409558635939
110.29849476996343
117.35691810528105
116.29390254273322
114.29543328514329
108.55514924738497
99.03052980695637
89.9311165915469
82.91521387873118
78.28046602602262
77.47257419848626
78.57811038353601
80.36397652861638
81.3844714686623
82.6600901437197
82.6600901437197
80.32145590611447
71.60472829322221
67.77787226805
64.75890807041415
62.54783570031465
61.22969640275534
59.613912747682626
58.380814695127135
62.0801088527936
70.75431584318395
101.75184964707883
113.10485585508971
113.01981461008589
107.40709243983332
95.37375627179182
85.25384811633641
78.66315162853984
74.96385747087338
74.49613062335233
74.58117186835615
77.55761544349009
81.0868271111489
81.63959520367378
81.85219831618335
81.63959520367378
71.47716642571648
67.09754230801938
66.11956799047537
63.39824815035292
61.48482013776682
59.486350880176886
58.593417807636705
58.80602092014627
77.81273917850157
106.00391189727017
114.16787141763756
113.23241772259546
110.511097882473
102.64478271961902
85.16880687133259
75.51662556339825
69.9464240156476
69.13853218811123
71.2645633132069
78.36550727102644
80.61910026362786
80.61910026362786
81.46951271366612
80.06633217110299
75.85679054341355
67.35266604303087
67.26762479802704
65.09907305042945
60.97457266774386
58.210732205119484
57.402840377583125
60.209201462709416
77.64265668849391
106.088953142274
111.10638659749978
110.1709329024577
107.19448932732375
96.47929245684156
85.2113274938345
78.19542478101879
73.177991325793
71.85985202823369
73.30555319329875
78.36550727102644
79.59860532358194
80.53405901862403
80.7466621311336
78.45054851603027
69.9889446381495
66.62981546049834
64.12109873288544
62.0801088527936
59.78399523769028
57.998129092609915
59.06114465515775
66.33217110298494
87.97516795645888
112.21192278254954
114.97576324517391
113.10485585508971
106.04643251977208
93.46032825920571
83.55302321625989
77.21745046347478
74.19848626583892
73.51815630580832
73.68823879581596
77.13240921847095
81.46951271366612
81.63959520367378
81.63959520367378
81.63959520367378
79.8112084360915
70.24406837316099
64.71638744791224
62.29271196530317
60.464325197720896
58.848541542648185
61.65490262777447
83.46798197125605
105.96139127476826
116.42146441023897
115.78365507271026
113.95526830512799
108.68271111489072
98.94548856195254
88.61297729398758
80.87422399863934
75.9843524109193
74.49613062335233
75.43158431839441
79.47104345607619
80.87422399863934
81.63959520367378
81.63959520367378
75.81426992091164
69.56373841313037
66.58729483799642
63.86597499787397
62.0801088527936
60.54936644272472
58.93358278765201
59.5288715026788
63.27068628284718
64.58882558040649
89.80355472404116
112.25444340505145
112.4245258950591
105.83382940726251
102.47470022961136
94.14065821923633
87.25231737392635
80.61910026362786
77.81273917850157
77.30249170847861
79.25844034356663
80.61910026362786
82.10732205119483
82.6600901437197
80.70414150863168
73.56067692831023
71.81733140573178
68.37316098307679
65.52427927544859
62.76043881282422
61.14465515775151
60.42180457521898
72.58270261076622
103.75031890466876
116.63406752274852
117.35691810528105
116.16634067522749
106.00391189727017
95.37375627179182
86.95467301641295
80.53405901862403
77.04736797346713
75.77174929840973
76.28199676843269
79.85372905859342
81.76715707117953
82.6600901437197
82.49000765371204
80.15137341610681
75.3890636958925
70.24406837316099
66.41721234798877
65.60932052045241
63.0155625478357
59.82651586019219
58.465855940130965
57.232757887575474
57.57292286759078
78.5355897610341
110.04337103495195
117.69708308529637
117.27187686027723
115.31592822518921
111.65915469002466
102.72982396462284
90.69648779658134
83.9357088187771
78.19542478101879
75.77174929840973
76.06939365592312
78.19542478101879
78.70567225104175
80.36397652861638
80.61910026362786
76.36703801343651
72.92286759078152
68.96844969810358
65.65184114295432
62.76043881282422
60.71944893273238
59.06114465515775
57.657964112594605
64.07857811038353
81.89471893868526
107.49213368483714
113.6576239476146
112.97729398758398
110.93630410749213
106.30155625478356
91.67446211412535
84.44595628880006
83.29789948124841
78.23794540352071
75.13393996088102
77.77021855599966
82.91521387873118
83.68058508376562
83.68058508376562
83.68058508376562
77.13240921847095
68.75584658559401
67.35266604303087
63.82345437537205
61.56986138277064
59.44383025767497
59.358789012671146
70.96691895569352
82.91521387873118
109.2354792074156
113.74266519261842
112.4245258950591
110.59613912747682
102.17705587209797
91.97210647163874
84.19083255378858
78.32298664852453
75.94183178841737
76.53712050344417
79.47104345607619
81.63959520367378
81.63959520367378
81.63959520367378
76.87728548345947
66.62981546049834
63.90849562037588
62.63287694531848
61.78246449528021
63.69589250786631
64.50378433540267
70.92439833319159
96.39425121183774
106.088953142274
111.40403095501318
106.59920061229695
97.79743175440088
88.52793604898376
80.57657964112595
76.6646823709499
76.57964112594608
77.34501233098052
79.93877030359724
80.49153839612212
81.00178586614508
81.0868271111489
80.61910026362786
76.91980610596138
70.49919210817247
67.69283102304618
69.77634152563994
83.2553788587465
94.60838506675738
109.49060294242707
111.4465515775151
109.53312356492899
105.7913087847606
97.28718428437791
87.03971426141679
78.06786291351305
75.72922867590782
76.40955863593842
80.40649715111829
83.5955438387618
83.68058508376562
83.68058508376562
83.29789948124841
81.29943022365848
71.05196020069734
68.96844969810358
69.39365592312271
70.15902712815715
86.10426056637469
103.8778807721745
108.76775235989454
110.00085041245003
107.10944808231993
100.81639595203673
91.92958584913683
83.63806446126371
80.06633217110299
80.32145590611447
81.7246364486776
83.76562632876946
84.70108002381154
84.70108002381154
84.36091504379624
82.78765201122545
74.96385747087338
71.05196020069734
74.62369249085806
79.59860532358194
82.83017263372736
103.11250956714007
110.63865974997874
109.5756441874309
107.44961306233523
105.96139127476826
101.41168466706353
91.2067352666043
85.46645122884598
84.70108002381154
84.70108002381154
85.08376562632877
84.70108002381154
85.12628624883068
84.91368313632111
83.9357088187771
77.04736797346713
72.28505825325283
69.60625903563228
72.28505825325283
74.49613062335233
74.4536100008504
85.55149247384982
107.57717492984096
111.4465515775151
110.08589165745386
108.0023811548601
103.53771579215919
95.67140062930521
87.67752359894548
85.72157496385746
85.89165745386512
86.74206990390338
86.74206990390338
86.74206990390338
86.57198741389574
85.67905434135555
81.63959520367378
76.36703801343651
72.62522323326813
69.60625903563228
68.79836720809593
72.58270261076622
77.55761544349009
77.55761544349009
94.43830257674972
108.04490177736201
108.0023811548601
106.76928310230461
103.62275703716303
97.07458117186836
88.44289480397993
84.57351815630581
83.89318819627519
84.70108002381154
85.16880687133259
85.59401309635173
85.42393060634407
84.70108002381154
83.72310570626753
76.9623267284633
76.53712050344417
76.19695552342885
73.60319755081214
69.0109703206055
76.40955863593842
91.07917339909856
104.98341695722425
108.17246364486776
107.57717492984096
106.30155625478356
104.5156901097032
101.41168466706353
94.56586444425547
86.61450803639765
82.6600901437197
83.46798197125605
84.44595628880006
88.86810102899906
90.99413215409473
93.0776426566885
94.90602942427077
90.01615783655072
71.13700144570116
59.44383025767497
55.70201547750659
59.95407772769793
64.2911812228931
75.72922867590782
98.73288544944297
106.93936559231227
107.44961306233523
108.04490177736201
107.02440683731609
106.13147376477592
104.00544263968024
95.41627689429373
78.79071349604558
67.86291351305383
67.4377072880347
73.64571817331405
75.3890636958925
82.70261076622161
84.70108002381154
84.70108002381154
83.38294072625223
79.42852283357428
71.17952206820307
65.2266349179352
61.69742325027638
63.82345437537205
74.62369249085806
97.49978739688748
106.088953142274
106.13147376477592
106.00391189727017
102.98494769963432
98.77540607194489
92.82251892167702
83.29789948124841
77.98282166850923
76.53712050344417
76.91980610596138
77.55761544349009
77.55761544349009
77.51509482098818
75.60166680840207
70.11650650565524
67.60778977804235
64.16361935538735
61.4422995152649
61.1021345352496
68.67080534059018
78.15290415851688
98.26515860192193
102.04949400459222
101.15656093205205
100.85891657453865
98.39272046942767
93.37528701420189
84.8711625138192
