79.02693406562925
79.02693406562925
79.02693406562925
79.02693406562925
79.02693406562925
79.02693406562925
79.02693406562925
79.02693406562925
79.02693406562925
79.02693406562925
79.02693406562925
79.02693406562925
79.02693406562925
79.02693406562925
79.02693406562925
79.02693406562925
79.02693406562925
79.02693406562925
79.02693406562925
79.02693406562925
79.02693406562925
79.02693406562925
79.02693406562925
79.02693406562925
79.02693406562925
79.02693406562925
79.02693406562925
79.02693406562925
79.02693406562925
79.02693406562925
79.02693406562925
79.02693406562925
79.02693406562925
83.8811683448448
84.15855316079997
84.15855316079997
84.15855316079997
84.15855316079997
84.15855316079997
84.15855316079997
84.15855316079997
84.15855316079997
84.15855316079997
84.15855316079997
84.15855316079997
84.15855316079997
84.15855316079997
84.15855316079997
84.15855316079997
84.15855316079997
84.15855316079997
84.15855316079997
84.15855316079997
84.15855316079997
84.15855316079997
84.15855316079997
84.15855316079997
84.15855316079997
84.15855316079997
84.15855316079997
84.15855316079997
84.15855316079997
84.15855316079997
84.15855316079997
84.15855316079997
84.15855316079997
84.15855316079997
84.15855316079997
84.15855316079997
84.15855316079997
84.15855316079997
84.15855316079997
84.15855316079997
84.15855316079997
84.15855316079997
29.569221380821613
0.0
0.0
0.0
0.0
0.0
0.0
0.0
0.0
0.0
0.0
87.70907880502621
95.44811517017558
95.44811517017558
95.44811517017558
95.44811517017558
95.44811517017558
95.44811517017558
95.44811517017558
95.44811517017558
95.44811517017558
95.44811517017558
95.44811517017558
95.44811517017558
95.44811517017558
95.44811517017558
86.01703142769965
85.18487697983412
85.18487697983412
85.18487697983412
85.18487697983412
85.18487697983412
85.18487697983412
85.18487697983412
85.18487697983412
85.18487697983412
85.18487697983412
85.18487697983412
85.18487697983412
85.18487697983412
85.18487697983412
85.18487697983412
85.18487697983412
85.18487697983412
85.18487697983412
85.18487697983412
85.18487697983412
85.18487697983412
85.18487697983412
85.18487697983412
85.18487697983412
85.18487697983412
85.18487697983412
85.18487697983412
85.18487697983412
85.18487697983412
85.18487697983412
85.18487697983412
85.18487697983412
85.18487697983412
85.18487697983412
85.18487697983412
85.18487697983412
85.18487697983412
85.18487697983412
85.18487697983412
85.18487697983412
85.18487697983412
84.32498405037308
84.15855316079997
84.15855316079997
84.15855316079997
84.15855316079997
84.15855316079997
84.15855316079997
84.15855316079997
84.15855316079997
84.15855316079997
84.15855316079997
84.15855316079997
84.15855316079997
84.15855316079997
84.15855316079997
84.15855316079997
87.37621702588
88.26384843693656
88.26384843693656
88.26384843693656
88.26384843693656
88.26384843693656
88.26384843693656
88.26384843693656
88.26384843693656
88.26384843693656
88.26384843693656
88.26384843693656
88.26384843693656
88.26384843693656
88.26384843693656
88.26384843693656
88.26384843693656
88.26384843693656
88.26384843693656
88.26384843693656
88.26384843693656
88.26384843693656
88.26384843693656
88.26384843693656
88.26384843693656
88.26384843693656
88.26384843693656
88.26384843693656
88.26384843693656
88.26384843693656
88.26384843693656
88.26384843693656
88.26384843693656
88.26384843693656
88.26384843693656
88.26384843693656
88.26384843693656
88.26384843693656
88.26384843693656
88.26384843693656
88.26384843693656
88.26384843693656
88.26384843693656
88.26384843693656
88.26384843693656
88.26384843693656
88.26384843693656
88.26384843693656
88.26384843693656
88.26384843693656
88.26384843693656
88.26384843693656
88.26384843693656
69.40168095198469
90.31649607500485
90.31649607500485
90.31649607500485
90.31649607500485
90.31649607500485
90.31649607500485
90.31649607500485
90.31649607500485
90.31649607500485
90.31649607500485
90.31649607500485
90.31649607500485
90.31649607500485
90.31649607500485
90.31649607500485
90.31649607500485
90.31649607500485
90.31649607500485
90.31649607500485
90.31649607500485
90.31649607500485
92.56331308424177
99.55341044631216
99.55341044631216
99.55341044631216
99.55341044631216
99.55341044631216
99.55341044631216
99.55341044631216
99.55341044631216
99.55341044631216
99.55341044631216
99.55341044631216
99.55341044631216
99.55341044631216
99.55341044631216
99.55341044631216
99.55341044631216
99.55341044631216
99.55341044631216
99.55341044631216
99.55341044631216
99.55341044631216
99.55341044631216
99.55341044631216
99.55341044631216
99.55341044631216
99.55341044631216
99.55341044631216
99.55341044631216
99.55341044631216
99.55341044631216
99.55341044631216
99.55341044631216
99.55341044631216
99.55341044631216
99.55341044631216
99.55341044631216
99.55341044631216
99.55341044631216
99.55341044631216
99.55341044631216
99.55341044631216
99.55341044631216
99.55341044631216
99.55341044631216
99.55341044631216
99.55341044631216
99.55341044631216
99.55341044631216
99.55341044631216
99.55341044631216
99.55341044631216
99.55341044631216
99.55341044631216
59.19391972483426
0.0
0.0
0.0
0.0
0.0
4.937449724002108
91.342819894039
91.342819894039
91.342819894039
91.342819894039
91.342819894039
91.342819894039
91.342819894039
91.342819894039
91.342819894039
91.342819894039
91.14865052287037
90.31649607500485
90.31649607500485
90.31649607500485
90.31649607500485
90.31649607500485
90.31649607500485
90.31649607500485
90.31649607500485
90.31649607500485
90.31649607500485
90.31649607500485
90.20554214862278
89.2901722559707
89.2901722559707
89.2901722559707
89.2901722559707
89.2901722559707
89.2901722559707
89.2901722559707
89.2901722559707
89.2901722559707
89.2901722559707
89.2901722559707
89.2901722559707
90.31649607500485
90.31649607500485
90.31649607500485
90.31649607500485
90.31649607500485
90.31649607500485
90.31649607500485
90.31649607500485
90.31649607500485
90.31649607500485
90.31649607500485
90.31649607500485
90.31649607500485
90.31649607500485
90.31649607500485
91.20412748606141
94.42179135114144
94.42179135114144
94.42179135114144
94.42179135114144
94.42179135114144
94.42179135114144
97.0846855843111
98.52708662727802
98.52708662727802
98.52708662727802
98.52708662727802
98.52708662727802
98.52708662727802
98.52708662727802
98.52708662727802
98.52708662727802
98.52708662727802
98.52708662727802
98.52708662727802
98.52708662727802
98.97090233280629
99.55341044631216
99.55341044631216
99.55341044631216
99.55341044631216
99.55341044631216
99.55341044631216
99.55341044631216
99.55341044631216
100.30234944939113
102.6323819034146
102.6323819034146
102.6323819034146
102.6323819034146
102.6323819034146
102.6323819034146
102.6323819034146
102.6323819034146
102.6323819034146
102.6323819034146
102.6323819034146
102.60464342181909
101.60605808438045
101.60605808438045
101.60605808438045
101.60605808438045
101.60605808438045
101.60605808438045
101.60605808438045
101.60605808438045
101.60605808438045
101.60605808438045
101.60605808438045
101.60605808438045
101.60605808438045
101.60605808438045
101.60605808438045
101.60605808438045
101.60605808438045
101.60605808438045
101.60605808438045
101.60605808438045
101.60605808438045
101.60605808438045
101.60605808438045
101.60605808438045
101.60605808438045
101.60605808438045
101.60605808438045
101.60605808438045
101.60605808438045
101.60605808438045
101.60605808438045
101.60605808438045
101.60605808438045
101.60605808438045
101.60605808438045
101.60605808438045
101.60605808438045
101.60605808438045
101.60605808438045
101.60605808438045
101.60605808438045
101.60605808438045
101.60605808438045
101.60605808438045
101.60605808438045
101.60605808438045
101.60605808438045
101.60605808438045
101.60605808438045
101.60605808438045
101.60605808438045
101.60605808438045
101.60605808438045
101.60605808438045
101.60605808438045
101.60605808438045
76.8910709827744
0.0
0.0
62.578014479487386
96.47443898920973
96.47443898920973
96.47443898920973
96.47443898920973
96.47443898920973
96.47443898920973
96.47443898920973
96.47443898920973
96.47443898920973
96.47443898920973
96.47443898920973
96.47443898920973
96.47443898920973
96.47443898920973
96.47443898920973
96.47443898920973
96.47443898920973
96.47443898920973
96.47443898920973
96.47443898920973
96.47443898920973
96.47443898920973
96.47443898920973
97.25111647388421
97.50076280824388
97.50076280824388
97.50076280824388
97.50076280824388
97.50076280824388
97.50076280824388
97.50076280824388
97.50076280824388
97.50076280824388
97.50076280824388
97.63945521622146
98.52708662727802
98.52708662727802
98.52708662727802
98.52708662727802
98.52708662727802
98.52708662727802
98.52708662727802
98.52708662727802
98.52708662727802
98.52708662727802
98.52708662727802
98.52708662727802
98.52708662727802
98.52708662727802
98.52708662727802
98.52708662727802
98.52708662727802
98.52708662727802
98.52708662727802
98.52708662727802
98.52708662727802
98.52708662727802
98.52708662727802
98.52708662727802
98.52708662727802
98.52708662727802
98.52708662727802
98.52708662727802
98.52708662727802
98.52708662727802
98.52708662727802
98.52708662727802
98.52708662727802
98.52708662727802
98.52708662727802
98.52708662727802
98.52708662727802
98.52708662727802
98.52708662727802
98.52708662727802
98.52708662727802
98.52708662727802
98.52708662727802
98.52708662727802
98.52708662727802
98.52708662727802
98.22196332972733
97.50076280824388
97.50076280824388
97.50076280824388
97.50076280824388
97.50076280824388
97.50076280824388
97.50076280824388
97.50076280824388
97.50076280824388
97.50076280824388
97.50076280824388
97.50076280824388
97.50076280824388
97.50076280824388
97.50076280824388
97.50076280824388
97.50076280824388
97.50076280824388
97.50076280824388
97.50076280824388
97.50076280824388
97.50076280824388
106.23838451083188
106.73767717955118
106.73767717955118
106.73767717955118
106.73767717955118
106.73767717955118
106.73767717955118
106.73767717955118
106.73767717955118
106.73767717955118
106.73767717955118
106.73767717955118
106.73767717955118
106.73767717955118
106.73767717955118
106.73767717955118
106.73767717955118
106.73767717955118
106.73767717955118
106.73767717955118
106.73767717955118
106.73767717955118
106.73767717955118
106.73767717955118
106.73767717955118
106.73767717955118
106.73767717955118
106.73767717955118
106.73767717955118
106.73767717955118
106.73767717955118
106.73767717955118
106.73767717955118
106.73767717955118
106.73767717955118
106.73767717955118
106.73767717955118
106.73767717955118
106.73767717955118
106.73767717955118
106.73767717955118
106.73767717955118
106.73767717955118
106.73767717955118
106.73767717955118
63.46564589054395
36.78122659565615
104.68502954148289
104.68502954148289
104.68502954148289
104.68502954148289
104.68502954148289
104.68502954148289
104.68502954148289
104.68502954148289
104.68502954148289
104.68502954148289
104.46312168871876
100.5797342653463
100.5797342653463
100.5797342653463
100.5797342653463
100.5797342653463
100.5797342653463
100.5797342653463
100.5797342653463
100.5797342653463
100.5797342653463
100.5797342653463
100.5797342653463
100.5797342653463
100.5797342653463
100.5797342653463
100.5797342653463
100.5797342653463
97.58397825303042
99.16507170397492
102.6323819034146
102.6323819034146
102.6323819034146
102.6323819034146
102.6323819034146
102.6323819034146
104.57407561510082
109.81664863665362
109.81664863665362
109.81664863665362
109.81664863665362
109.81664863665362
109.81664863665362
109.81664863665362
109.81664863665362
109.81664863665362
109.81664863665362
109.81664863665362
109.81664863665362
102.49368949543701
101.60605808438045
101.60605808438045
101.60605808438045
101.60605808438045
101.60605808438045
101.60605808438045
101.60605808438045
101.60605808438045
101.60605808438045
103.43679786968461
104.68502954148289
104.68502954148289
104.68502954148289
104.68502954148289
104.68502954148289
104.68502954148289
104.68502954148289
104.68502954148289
104.68502954148289
104.68502954148289
104.68502954148289
104.68502954148289
102.27178164267288
101.60605808438045
101.60605808438045
101.60605808438045
101.60605808438045
101.60605808438045
101.60605808438045
101.60605808438045
101.60605808438045
101.60605808438045
101.60605808438045
101.60605808438045
99.71984133588526
99.55341044631216
99.55341044631216
99.55341044631216
99.55341044631216
99.55341044631216
99.55341044631216
99.55341044631216
99.55341044631216
99.55341044631216
99.55341044631216
99.66436437269424
101.60605808438045
101.60605808438045
101.60605808438045
101.60605808438045
101.60605808438045
101.60605808438045
101.60605808438045
101.60605808438045
101.60605808438045
101.60605808438045
101.60605808438045
102.66012038501012
103.65870572244874
103.65870572244874
103.65870572244874
103.65870572244874
103.65870572244874
103.65870572244874
103.82513661202185
106.73767717955118
106.73767717955118
106.73767717955118
106.73767717955118
106.73767717955118
106.73767717955118
106.73767717955118
106.73767717955118
106.73767717955118
106.73767717955118
110.34367978696845
117.00091536989265
117.00091536989265
117.00091536989265
117.00091536989265
117.00091536989265
114.67088291586919
112.89562009375607
112.89562009375607
112.89562009375607
112.89562009375607
112.89562009375607
112.89562009375607
112.89562009375607
112.89562009375607
112.89562009375607
112.89562009375607
110.48237219494604
109.81664863665362
109.81664863665362
109.81664863665362
109.81664863665362
109.81664863665362
109.81664863665362
109.81664863665362
109.81664863665362
109.81664863665362
109.81664863665362
109.81664863665362
110.39915675015949
110.84297245568777
110.84297245568777
110.84297245568777
110.84297245568777
110.84297245568777
110.84297245568777
110.84297245568777
110.84297245568777
110.84297245568777
110.84297245568777
110.84297245568777
110.84297245568777
110.84297245568777
110.84297245568777
110.84297245568777
110.84297245568777
110.84297245568777
110.84297245568777
110.84297245568777
110.84297245568777
110.84297245568777
110.84297245568777
110.84297245568777
110.84297245568777
110.84297245568777
110.84297245568777
110.84297245568777
110.84297245568777
110.84297245568777
110.84297245568777
110.84297245568777
110.84297245568777
110.84297245568777
110.84297245568777
110.84297245568777
110.84297245568777
110.84297245568777
110.84297245568777
110.84297245568777
110.84297245568777
110.84297245568777
110.84297245568777
110.84297245568777
110.84297245568777
110.84297245568777
110.84297245568777
110.84297245568777
110.84297245568777
110.84297245568777
110.84297245568777
111.28678816121605
111.86929627472192
115.75268369809436
117.00091536989265
117.00091536989265
117.00091536989265
117.00091536989265
117.00091536989265
117.00091536989265
117.00091536989265
119.55285567668025
121.10621064602923
121.10621064602923
121.10621064602923
121.10621064602923
121.10621064602923
121.10621064602923
121.10621064602923
121.10621064602923
121.10621064602923
121.10621064602923
121.10621064602923
121.10621064602923
121.10621064602923
121.10621064602923
121.10621064602923
121.10621064602923
121.10621064602923
121.10621064602923
121.10621064602923
121.10621064602923
121.10621064602923
121.10621064602923
121.10621064602923
121.10621064602923
121.10621064602923
121.10621064602923
121.10621064602923
121.10621064602923
121.10621064602923
121.10621064602923
121.10621064602923
121.10621064602923
121.10621064602923
121.10621064602923
121.10621064602923
121.10621064602923
121.10621064602923
121.10621064602923
121.10621064602923
121.10621064602923
121.10621064602923
121.10621064602923
121.10621064602923
121.10621064602923
121.10621064602923
121.10621064602923
121.10621064602923
121.10621064602923
121.10621064602923
121.10621064602923
121.10621064602923
121.10621064602923
121.10621064602923
121.10621064602923
121.10621064602923
121.10621064602923
94.92108401986074
0.0
0.0
0.0
0.0
0.0
0.0
0.0
0.0
0.0
0.0
0.0
0.0
0.0
0.0
0.0
0.0
0.0
0.0
0.0
0.0
0.0
0.0
0.0
0.0
0.0
0.0
0.0
0.0
0.0
0.0
0.0
0.0
0.0
0.0
0.0
0.0
0.0
0.0
61.163351918116
107.76400099858533
107.76400099858533
107.76400099858533
107.76400099858533
107.76400099858533
107.76400099858533
107.76400099858533
115.25339102937505
118.02723918892679
118.02723918892679
118.02723918892679
118.02723918892679
118.02723918892679
118.02723918892679
118.02723918892679
118.02723918892679
118.02723918892679
118.02723918892679
118.02723918892679
118.02723918892679
118.02723918892679
118.02723918892679
118.02723918892679
118.02723918892679
118.02723918892679
118.02723918892679
118.02723918892679
118.02723918892679
118.02723918892679
118.02723918892679
118.02723918892679
118.02723918892679
118.02723918892679
118.02723918892679
118.02723918892679
118.02723918892679
118.02723918892679
