2.032520325203252
2.032520325203252
2.032520325203252
2.032520325203252
2.032520325203252
2.032520325203252
2.032520325203252
2.032520325203252
2.032520325203252
2.032520325203252
2.032520325203252
2.032520325203252
2.032520325203252
2.032520325203252
2.032520325203252
2.032520325203252
2.032520325203252
2.032520325203252
2.032520325203252
2.032520325203252
2.032520325203252
2.032520325203252
2.032520325203252
2.032520325203252
2.032520325203252
2.1736675700090333
3.048780487804878
3.048780487804878
3.048780487804878
3.048780487804878
3.048780487804878
3.048780487804878
3.048780487804878
3.048780487804878
2.343044263775971
2.032520325203252
2.032520325203252
2.032520325203252
2.032520325203252
2.032520325203252
2.032520325203252
2.032520325203252
2.032520325203252
2.032520325203252
2.032520325203252
2.625338753387534
3.048780487804878
3.048780487804878
3.048780487804878
3.048780487804878
3.048780487804878
3.048780487804878
3.048780487804878
3.048780487804878
3.048780487804878
3.048780487804878
3.048780487804878
3.048780487804878
3.048780487804878
3.048780487804878
3.048780487804878
3.048780487804878
3.048780487804878
3.048780487804878
3.048780487804878
3.048780487804878
3.048780487804878
3.048780487804878
3.048780487804878
3.048780487804878
3.048780487804878
2.399503161698284
2.032520325203252
2.032520325203252
2.032520325203252
2.0607497741644085
2.964092140921409
2.42773261065944
2.032520325203252
2.032520325203252
2.032520325203252
2.032520325203252
2.032520325203252
2.032520325203252
2.032520325203252
3.020551038843722
3.048780487804878
3.048780487804878
3.048780487804878
3.048780487804878
3.048780487804878
3.048780487804878
3.048780487804878
3.048780487804878
3.048780487804878
3.048780487804878
3.048780487804878
3.048780487804878
3.048780487804878
3.048780487804878
3.048780487804878
3.048780487804878
3.048780487804878
3.048780487804878
3.048780487804878
3.048780487804878
3.048780487804878
3.048780487804878
3.048780487804878
3.048780487804878
2.738256549232159
2.032520325203252
2.032520325203252
2.032520325203252
2.032520325203252
2.032520325203252
2.032520325203252
2.032520325203252
2.032520325203252
2.032520325203252
2.032520325203252
2.032520325203252
2.032520325203252
2.2865853658536586
3.048780487804878
3.048780487804878
3.048780487804878
3.048780487804878
3.048780487804878
3.048780487804878
3.048780487804878
3.048780487804878
3.9803523035230355
4.065040650406504
4.065040650406504
4.065040650406504
4.065040650406504
4.065040650406504
4.065040650406504
4.065040650406504
4.065040650406504
4.065040650406504
4.065040650406504
4.065040650406504
4.065040650406504
4.065040650406504
4.065040650406504
4.065040650406504
3.952122854561879
3.048780487804878
3.048780487804878
3.048780487804878
3.048780487804878
3.048780487804878
3.048780487804878
3.048780487804878
3.048780487804878
3.048780487804878
3.048780487804878
3.048780487804878
3.048780487804878
2.65356820234869
2.032520325203252
2.032520325203252
2.032520325203252
2.032520325203252
2.032520325203252
2.032520325203252
2.032520325203252
2.032520325203252
2.032520325203252
2.032520325203252
2.032520325203252
2.032520325203252
2.032520325203252
2.032520325203252
2.032520325203252
2.032520325203252
2.032520325203252
2.032520325203252
2.032520325203252
2.032520325203252
2.032520325203252
2.032520325203252
2.032520325203252
2.032520325203252
2.032520325203252
2.032520325203252
2.032520325203252
2.032520325203252
2.032520325203252
2.032520325203252
2.032520325203252
2.032520325203252
2.032520325203252
2.032520325203252
2.032520325203252
2.032520325203252
2.032520325203252
2.032520325203252
2.032520325203252
2.032520325203252
2.032520325203252
2.032520325203252
2.032520325203252
2.032520325203252
2.032520325203252
2.032520325203252
2.032520325203252
2.032520325203252
2.032520325203252
2.032520325203252
2.5688798554652212
3.048780487804878
3.048780487804878
3.048780487804878
3.048780487804878
3.048780487804878
3.048780487804878
3.048780487804878
3.048780487804878
3.048780487804878
3.048780487804878
3.048780487804878
3.048780487804878
3.048780487804878
3.048780487804878
3.048780487804878
3.048780487804878
3.048780487804878
3.048780487804878
3.048780487804878
3.048780487804878
3.048780487804878
3.048780487804878
3.048780487804878
3.048780487804878
3.048780487804878
2.032520325203252
2.032520325203252
2.032520325203252
2.032520325203252
2.032520325203252
2.032520325203252
2.032520325203252
2.032520325203252
2.032520325203252
2.032520325203252
2.032520325203252
2.032520325203252
2.032520325203252
2.032520325203252
2.032520325203252
2.032520325203252
2.032520325203252
2.032520325203252
2.032520325203252
2.032520325203252
2.032520325203252
2.032520325203252
2.032520325203252
2.032520325203252
2.032520325203252
2.6817976513098465
3.048780487804878
3.048780487804878
3.048780487804878
3.048780487804878
3.048780487804878
3.048780487804878
3.048780487804878
3.048780487804878
3.048780487804878
3.048780487804878
3.048780487804878
3.048780487804878
3.048780487804878
3.048780487804878
3.048780487804878
4.008581752484192
4.065040650406504
4.065040650406504
4.065040650406504
4.065040650406504
4.065040650406504
4.065040650406504
4.714317976513098
5.08130081300813
5.08130081300813
5.08130081300813
5.08130081300813
5.08130081300813
5.08130081300813
5.08130081300813
5.08130081300813
5.08130081300813
5.08130081300813
5.08130081300813
5.08130081300813
5.08130081300813
5.08130081300813
5.08130081300813
5.08130081300813
5.08130081300813
5.08130081300813
5.08130081300813
5.08130081300813
5.08130081300813
5.08130081300813
5.08130081300813
5.08130081300813
5.08130081300813
5.08130081300813
5.08130081300813
5.08130081300813
5.08130081300813
5.08130081300813
5.08130081300813
5.08130081300813
5.08130081300813
5.08130081300813
5.08130081300813
5.08130081300813
5.08130081300813
5.08130081300813
5.08130081300813
4.911924119241193
4.065040650406504
4.065040650406504
4.065040650406504
4.065040650406504
4.065040650406504
4.065040650406504
4.065040650406504
4.065040650406504
4.065040650406504
4.065040650406504
4.065040650406504
4.065040650406504
4.065040650406504
4.065040650406504
4.065040650406504
4.065040650406504
4.065040650406504
4.065040650406504
4.065040650406504
4.008581752484192
3.048780487804878
3.048780487804878
3.048780487804878
3.048780487804878
3.048780487804878
2.738256549232159
2.032520325203252
2.032520325203252
2.032520325203252
2.032520325203252
2.032520325203252
2.032520325203252
2.032520325203252
2.032520325203252
3.020551038843722
3.048780487804878
3.048780487804878
3.048780487804878
3.048780487804878
3.839205058717254
4.065040650406504
4.065040650406504
4.065040650406504
4.065040650406504
4.62962962962963
5.08130081300813
5.08130081300813
5.08130081300813
5.08130081300813
5.08130081300813
5.08130081300813
5.08130081300813
5.08130081300813
5.08130081300813
5.08130081300813
5.08130081300813
5.08130081300813
5.08130081300813
5.08130081300813
4.657859078590786
4.065040650406504
4.065040650406504
4.065040650406504
4.065040650406504
4.065040650406504
4.065040650406504
4.065040650406504
4.036811201445348
3.048780487804878
3.048780487804878
3.048780487804878
3.048780487804878
3.048780487804878
3.048780487804878
3.048780487804878
3.048780487804878
3.048780487804878
3.048780487804878
3.048780487804878
3.048780487804878
3.048780487804878
3.048780487804878
3.048780487804878
3.048780487804878
3.048780487804878
3.048780487804878
3.048780487804878
3.048780487804878
3.048780487804878
3.048780487804878
3.048780487804878
3.048780487804878
2.710027100271003
2.032520325203252
2.032520325203252
2.032520325203252
2.032520325203252
2.032520325203252
2.032520325203252
2.032520325203252
2.032520325203252
2.032520325203252
2.032520325203252
2.032520325203252
2.032520325203252
2.032520325203252
2.032520325203252
2.032520325203252
2.032520325203252
2.032520325203252
2.42773261065944
3.048780487804878
3.048780487804878
3.048780487804878
3.048780487804878
3.048780487804878
3.048780487804878
3.048780487804878
3.048780487804878
3.048780487804878
3.048780487804878
3.048780487804878
3.048780487804878
3.8109756097560976
4.065040650406504
4.065040650406504
4.065040650406504
4.065040650406504
4.065040650406504
4.065040650406504
4.065040650406504
4.065040650406504
4.065040650406504
4.065040650406504
4.065040650406504
4.065040650406504
4.065040650406504
4.065040650406504
4.065040650406504
4.065040650406504
4.065040650406504
4.065040650406504
4.065040650406504
4.065040650406504
4.065040650406504
4.065040650406504
4.065040650406504
4.065040650406504
4.065040650406504
4.065040650406504
4.065040650406504
4.065040650406504
4.065040650406504
4.065040650406504
4.065040650406504
4.065040650406504
3.246386630532972
3.048780487804878
3.048780487804878
3.048780487804878
3.048780487804878
3.048780487804878
3.048780487804878
3.048780487804878
2.2583559168925023
2.032520325203252
2.032520325203252
2.032520325203252
2.032520325203252
2.032520325203252
2.032520325203252
2.032520325203252
2.032520325203252
2.032520325203252
2.032520325203252
1.524390243902439
1.016260162601626
1.016260162601626
1.016260162601626
1.016260162601626
1.016260162601626
1.016260162601626
1.016260162601626
0.9315718157181572
0.0
0.0
0.0
0.0
0.0
0.0
0.0
0.0
0.0
0.0
0.0
0.0
0.7339656729900632
1.016260162601626
1.016260162601626
1.016260162601626
1.016260162601626
1.016260162601626
1.0444896115627824
2.032520325203252
2.032520325203252
2.032520325203252
2.032520325203252
2.032520325203252
2.935862691960253
3.048780487804878
3.048780487804878
3.048780487804878
3.048780487804878
3.4157633242999097
4.065040650406504
4.065040650406504
4.065040650406504
4.065040650406504
4.065040650406504
4.065040650406504
4.065040650406504
4.065040650406504
4.065040650406504
4.065040650406504
4.065040650406504
4.065040650406504
4.065040650406504
4.065040650406504
4.065040650406504
4.065040650406504
4.065040650406504
4.065040650406504
4.065040650406504
4.065040650406504
4.065040650406504
4.065040650406504
4.065040650406504
4.065040650406504
4.065040650406504
4.065040650406504
4.065040650406504
4.065040650406504
4.065040650406504
4.065040650406504
4.065040650406504
4.065040650406504
4.065040650406504
4.065040650406504
4.065040650406504
4.065040650406504
4.065040650406504
4.065040650406504
4.065040650406504
4.065040650406504
4.065040650406504
4.065040650406504
4.065040650406504
4.065040650406504
4.065040650406504
4.065040650406504
4.065040650406504
4.065040650406504
4.065040650406504
4.065040650406504
4.065040650406504
4.065040650406504
4.065040650406504
4.065040650406504
4.065040650406504
4.065040650406504
4.065040650406504
4.065040650406504
4.065040650406504
4.065040650406504
4.065040650406504
4.065040650406504
4.065040650406504
4.065040650406504
4.065040650406504
4.065040650406504
4.065040650406504
4.065040650406504
4.065040650406504
4.065040650406504
4.065040650406504
4.065040650406504
4.065040650406504
4.065040650406504
3.8956639566395665
3.048780487804878
3.048780487804878
3.048780487804878
3.048780487804878
3.048780487804878
3.048780487804878
2.9923215898825655
2.032520325203252
2.032520325203252
2.032520325203252
2.032520325203252
2.032520325203252
2.032520325203252
2.032520325203252
2.032520325203252
2.032520325203252
2.032520325203252
2.032520325203252
2.822944896115628
3.048780487804878
3.048780487804878
3.048780487804878
3.048780487804878
3.048780487804878
3.8109756097560976
4.065040650406504
4.065040650406504
4.065040650406504
4.065040650406504
4.065040650406504
4.686088527551942
5.08130081300813
5.08130081300813
5.08130081300813
5.08130081300813
5.08130081300813
5.08130081300813
5.08130081300813
5.08130081300813
5.08130081300813
5.08130081300813
5.08130081300813
5.08130081300813
5.08130081300813
4.601400180668473
4.065040650406504
4.065040650406504
4.065040650406504
4.065040650406504
4.065040650406504
4.065040650406504
4.065040650406504
4.065040650406504
4.065040650406504
4.065040650406504
4.065040650406504
4.065040650406504
4.065040650406504
3.1616982836495033
3.048780487804878
2.088979223125565
1.2703252032520325
0.4234417344173442
0.0
-0.16937669376693767
-1.016260162601626
-1.806684733514002
-2.230126467931346
-3.048780487804878
-3.359304426377597
-4.065040650406504
-4.065040650406504
-4.065040650406504
-4.601400180668473
-5.08130081300813
-4.065040650406504
-4.065040650406504
-4.065040650406504
-3.8956639566395665
-3.048780487804878
-3.048780487804878
-2.230126467931346
-2.032520325203252
-1.9478319783197833
-1.016260162601626
-1.016260162601626
-1.016260162601626
-1.016260162601626
-0.508130081300813
0.0
0.0
0.0
0.0
0.0
0.0
0.0
0.0
0.0
0.0
0.4234417344173442
1.016260162601626
1.016260162601626
1.326784101174345
2.032520325203252
2.032520325203252
2.032520325203252
2.5971093044263776
3.048780487804878
3.048780487804878
3.048780487804878
3.048780487804878
3.7262872628726287
4.065040650406504
4.065040650406504
4.065040650406504
4.065040650406504
3.8674345076784102
3.048780487804878
2.7664859981933154
2.032520325203252
1.1291779584462511
0.4516711833785005
0.0
-0.02822944896115628
-1.016260162601626
-1.524390243902439
-2.032520325203252
-2.3712737127371275
-3.048780487804878
-3.048780487804878
-3.923893405600723
-4.065040650406504
-4.065040650406504
-4.065040650406504
-4.065040650406504
-4.065040650406504
-4.065040650406504
-4.065040650406504
-4.065040650406504
-4.065040650406504
-4.065040650406504
-4.065040650406504
-3.3310749774164408
-3.048780487804878
-3.048780487804878
-3.048780487804878
-3.048780487804878
-2.6817976513098465
-2.032520325203252
-2.032520325203252
-2.032520325203252
-2.032520325203252
-2.032520325203252
-2.032520325203252
-2.032520325203252
-2.032520325203252
-1.4961607949412827
-1.016260162601626
-1.016260162601626
-1.016260162601626
-1.016260162601626
-1.016260162601626
-0.2822944896115628
0.0
0.0
0.0
0.0
0.0
0.0
0.0
0.0
1.016260162601626
1.016260162601626
1.326784101174345
2.032520325203252
2.032520325203252
2.6817976513098465
3.048780487804878
3.048780487804878
3.5851400180668476
4.065040650406504
4.065040650406504
4.065040650406504
4.065040650406504
4.065040650406504
4.065040650406504
4.799006323396568
5.08130081300813
4.234417344173441
4.065040650406504
4.065040650406504
4.065040650406504
4.065040650406504
4.065040650406504
4.065040650406504
4.065040650406504
4.065040650406504
4.065040650406504
4.065040650406504
3.839205058717254
3.048780487804878
3.048780487804878
3.048780487804878
3.048780487804878
3.048780487804878
3.048780487804878
3.048780487804878
3.048780487804878
3.048780487804878
3.048780487804878
3.048780487804878
3.048780487804878
3.048780487804878
3.048780487804878
3.048780487804878
3.048780487804878
3.048780487804878
3.048780487804878
3.048780487804878
3.048780487804878
3.613369467028004
4.065040650406504
4.065040650406504
4.065040650406504
4.065040650406504
4.065040650406504
4.065040650406504
4.065040650406504
4.065040650406504
4.065040650406504
4.065040650406504
4.065040650406504
4.065040650406504
4.065040650406504
4.065040650406504
4.065040650406504
4.065040650406504
4.065040650406504
4.065040650406504
4.065040650406504
4.065040650406504
4.065040650406504
4.065040650406504
4.065040650406504
4.065040650406504
4.065040650406504
4.065040650406504
4.065040650406504
4.065040650406504
4.065040650406504
4.065040650406504
4.065040650406504
4.065040650406504
4.065040650406504
4.065040650406504
4.065040650406504
4.065040650406504
4.065040650406504
4.065040650406504
4.065040650406504
4.065040650406504
4.065040650406504
4.065040650406504
4.065040650406504
4.065040650406504
4.065040650406504
4.065040650406504
4.065040650406504
4.065040650406504
4.065040650406504
4.065040650406504
4.065040650406504
4.065040650406504
4.065040650406504
4.065040650406504
4.065040650406504
4.065040650406504
4.065040650406504
4.065040650406504
4.065040650406504
4.065040650406504
4.065040650406504
4.065040650406504
4.065040650406504
4.065040650406504
4.065040650406504
4.065040650406504
4.065040650406504
4.065040650406504
4.065040650406504
4.065040650406504
4.065040650406504
4.065040650406504
4.065040650406504
4.065040650406504
4.065040650406504
4.065040650406504
4.065040650406504
4.065040650406504
4.065040650406504
4.065040650406504
4.065040650406504
4.065040650406504
4.065040650406504
4.065040650406504
3.923893405600723
3.048780487804878
3.048780487804878
3.048780487804878
3.048780487804878
3.048780487804878
2.65356820234869
2.032520325203252
2.032520325203252
1.0727190605239385
1.016260162601626
0.3952122854561879
0.0
0.0
0.0
-1.016260162601626
-1.2985546522131888
-2.032520325203252
-2.0607497741644085
-3.048780487804878
-3.048780487804878
-3.048780487804878
-3.048780487804878
-3.048780487804878
-3.048780487804878
-3.048780487804878
-2.42773261065944
-2.032520325203252
-1.9478319783197833
-1.016260162601626
-1.016260162601626
-0.19760614272809396
0.0
0.0
0.0
0.0
