4.0477636106051404
4.0477636106051404
3.609255886122917
3.0358227079538556
3.0358227079538556
3.0358227079538556
3.0358227079538556
3.0358227079538556
3.0358227079538556
3.0358227079538556
3.0358227079538556
3.0358227079538556
3.0358227079538556
3.0358227079538556
3.0358227079538556
3.0358227079538556
2.327464076097956
2.0238818053025702
2.0238818053025702
2.0238818053025702
2.0238818053025702
2.0238818053025702
2.0238818053025702
2.0238818053025702
2.0238818053025702
2.0238818053025702
2.0238818053025702
2.0238818053025702
2.0238818053025702
2.3611954395196655
3.0358227079538556
3.0358227079538556
3.0358227079538556
3.0358227079538556
3.0358227079538556
3.0358227079538556
3.0358227079538556
3.0358227079538556
3.0358227079538556
3.0358227079538556
3.0358227079538556
3.0358227079538556
4.014032247183431
4.0477636106051404
4.0477636106051404
4.0477636106051404
4.0477636106051404
4.0477636106051404
4.0477636106051404
4.0814949740268505
5.059704513256426
5.059704513256426
5.059704513256426
5.059704513256426
5.059704513256426
5.059704513256426
5.059704513256426
5.059704513256426
4.722390879039331
4.0477636106051404
4.0477636106051404
4.0477636106051404
4.0477636106051404
4.0477636106051404
4.0477636106051404
4.0477636106051404
3.0358227079538556
3.0358227079538556
3.0358227079538556
3.0358227079538556
3.0358227079538556
3.0358227079538556
3.0358227079538556
3.0358227079538556
3.0358227079538556
3.0358227079538556
3.0358227079538556
2.3949268029413746
2.0238818053025702
2.0238818053025702
2.0238818053025702
2.0238818053025702
2.0238818053025702
2.0238818053025702
2.0238818053025702
2.0238818053025702
2.0238818053025702
2.0238818053025702
2.0238818053025702
2.0238818053025702
2.0238818053025702
2.0238818053025702
2.0238818053025702
2.0238818053025702
2.0238818053025702
2.0238818053025702
2.0238818053025702
2.0238818053025702
2.0238818053025702
2.0238818053025702
2.0238818053025702
2.0238818053025702
2.0238818053025702
2.0238818053025702
2.0238818053025702
2.0238818053025702
2.0238818053025702
2.0238818053025702
2.0238818053025702
2.0238818053025702
2.0238818053025702
2.0238818053025702
2.0238818053025702
2.0238818053025702
2.0238818053025702
2.0238818053025702
2.0238818053025702
2.0238818053025702
2.0238818053025702
2.0238818053025702
2.0238818053025702
2.0238818053025702
2.6985090737367603
3.0358227079538556
3.0358227079538556
3.0358227079538556
3.0358227079538556
3.0358227079538556
3.0358227079538556
3.1707481616406934
4.0477636106051404
4.0477636106051404
4.0477636106051404
4.0477636106051404
4.0477636106051404
4.0477636106051404
4.0477636106051404
4.0477636106051404
4.0477636106051404
4.0477636106051404
4.0477636106051404
5.059704513256426
5.059704513256426
5.059704513256426
5.059704513256426
5.059704513256426
5.059704513256426
5.059704513256426
5.059704513256426
4.486271335087364
4.0477636106051404
4.0477636106051404
4.0477636106051404
4.0477636106051404
4.0477636106051404
3.9128381569183026
3.0358227079538556
3.0358227079538556
3.0358227079538556
3.0358227079538556
3.0358227079538556
3.0358227079538556
3.0358227079538556
3.0358227079538556
3.0358227079538556
3.0358227079538556
3.0358227079538556
2.226269985832827
2.0238818053025702
2.0238818053025702
2.0238818053025702
2.0238818053025702
2.0238818053025702
2.0238818053025702
2.0238818053025702
2.0238818053025702
2.0238818053025702
2.0238818053025702
2.0238818053025702
2.0238818053025702
2.0238818053025702
2.0238818053025702
2.0238818053025702
2.0238818053025702
2.0238818053025702
2.0238818053025702
2.0238818053025702
2.0238818053025702
2.0238818053025702
2.0238818053025702
2.0238818053025702
2.0238818053025702
2.0238818053025702
2.0238818053025702
2.0238818053025702
2.0238818053025702
2.0238818053025702
2.0238818053025702
2.0238818053025702
2.0238818053025702
2.0238818053025702
2.0238818053025702
2.0238818053025702
2.0238818053025702
2.597314983471632
3.0358227079538556
3.0358227079538556
3.0358227079538556
3.0358227079538556
3.0358227079538556
3.0358227079538556
3.0358227079538556
3.744181339809755
4.0477636106051404
4.0477636106051404
4.0477636106051404
4.0477636106051404
4.0477636106051404
4.0477636106051404
4.0477636106051404
4.0477636106051404
4.0477636106051404
4.0477636106051404
4.0477636106051404
4.0477636106051404
4.0477636106051404
4.0477636106051404
4.0477636106051404
4.0477636106051404
4.0477636106051404
3.811644066653174
3.0358227079538556
3.0358227079538556
3.0358227079538556
3.0358227079538556
3.0358227079538556
3.0358227079538556
3.0358227079538556
3.0358227079538556
2.226269985832827
2.0238818053025702
2.0238818053025702
2.0238818053025702
2.0238818053025702
2.0238818053025702
2.0238818053025702
2.0238818053025702
2.0238818053025702
2.0238818053025702
2.0238818053025702
2.0238818053025702
2.0238818053025702
2.0238818053025702
2.0238818053025702
2.0238818053025702
2.0238818053025702
2.0238818053025702
2.0238818053025702
2.0238818053025702
2.0238818053025702
2.0238818053025702
2.0238818053025702
2.0238818053025702
2.0238818053025702
2.0238818053025702
2.0238818053025702
2.0238818053025702
2.0238818053025702
2.0238818053025702
2.0238818053025702
2.0238818053025702
2.0238818053025702
2.0238818053025702
2.0238818053025702
2.0238818053025702
2.0238818053025702
2.0238818053025702
2.0238818053025702
2.0238818053025702
2.0238818053025702
2.0238818053025702
2.0238818053025702
2.0238818053025702
2.0238818053025702
2.0238818053025702
2.125075895567699
3.0358227079538556
3.0358227079538556
3.0358227079538556
3.0358227079538556
3.0358227079538556
3.0358227079538556
3.1032854347972743
4.0477636106051404
4.0477636106051404
4.0477636106051404
4.0477636106051404
4.0477636106051404
4.0477636106051404
4.0477636106051404
4.992241786413007
5.059704513256426
5.059704513256426
5.059704513256426
5.059704513256426
5.059704513256426
5.059704513256426
5.059704513256426
5.059704513256426
5.059704513256426
5.059704513256426
5.059704513256426
5.059704513256426
5.059704513256426
5.059704513256426
5.059704513256426
5.059704513256426
5.059704513256426
5.059704513256426
5.059704513256426
4.553734061930784
4.0477636106051404
4.0477636106051404
4.0477636106051404
4.0477636106051404
4.0477636106051404
4.0477636106051404
4.0477636106051404
4.0477636106051404
4.0477636106051404
4.0477636106051404
4.0477636106051404
4.0477636106051404
4.0477636106051404
4.0477636106051404
4.0477636106051404
4.0477636106051404
4.0477636106051404
4.0477636106051404
4.0477636106051404
4.0477636106051404
4.0477636106051404
4.0477636106051404
4.0477636106051404
4.0477636106051404
4.0477636106051404
4.0477636106051404
4.0477636106051404
4.0477636106051404
4.0477636106051404
4.0477636106051404
4.0477636106051404
4.0477636106051404
4.014032247183431
3.0358227079538556
3.0358227079538556
3.0358227079538556
3.0358227079538556
3.0358227079538556
3.0358227079538556
3.0358227079538556
2.9683599811104364
2.0238818053025702
2.0238818053025702
2.0238818053025702
2.0238818053025702
2.0238818053025702
2.0238818053025702
2.0238818053025702
2.0238818053025702
2.0238818053025702
1.6865681710854752
1.0119409026512851
1.0119409026512851
1.0119409026512851
1.0119409026512851
1.0119409026512851
1.0119409026512851
1.0119409026512851
0.16865681710854752
0.0
0.0
0.40477636106051407
1.0119409026512851
1.0119409026512851
1.0119409026512851
1.0119409026512851
1.0119409026512851
2.0238818053025702
2.0238818053025702
2.0238818053025702
2.0238818053025702
3.0358227079538556
3.0358227079538556
3.0358227079538556
3.0358227079538556
3.0358227079538556
3.609255886122917
4.0477636106051404
4.0477636106051404
4.0477636106051404
4.0477636106051404
4.0477636106051404
4.0477636106051404
4.0477636106051404
4.0477636106051404
4.0477636106051404
4.0477636106051404
4.0477636106051404
4.0477636106051404
4.0477636106051404
3.339404978749241
3.0358227079538556
3.0358227079538556
3.0358227079538556
3.0358227079538556
2.327464076097956
2.0238818053025702
2.0238818053025702
2.0238818053025702
2.0238818053025702
2.0238818053025702
2.0238818053025702
2.0238818053025702
1.2817918100249612
1.0119409026512851
1.0119409026512851
1.0119409026512851
1.0119409026512851
1.0119409026512851
1.0119409026512851
1.0119409026512851
1.3155231734466706
2.0238818053025702
2.0238818053025702
2.0238818053025702
2.0238818053025702
2.0238818053025702
2.0238818053025702
2.0238818053025702
2.0238818053025702
2.0238818053025702
2.0238818053025702
2.0238818053025702
2.0238818053025702
2.0238818053025702
3.0358227079538556
3.0358227079538556
3.0358227079538556
3.0358227079538556
3.0358227079538556
3.0358227079538556
3.0358227079538556
3.0358227079538556
3.0358227079538556
3.0358227079538556
3.0358227079538556
3.0358227079538556
4.0477636106051404
4.0477636106051404
4.0477636106051404
4.0477636106051404
4.0477636106051404
4.0477636106051404
4.0477636106051404
4.0477636106051404
4.0477636106051404
4.0477636106051404
4.0477636106051404
4.0477636106051404
4.0477636106051404
4.283883154557107
5.059704513256426
5.059704513256426
5.059704513256426
5.059704513256426
5.059704513256426
5.059704513256426
5.059704513256426
5.059704513256426
5.059704513256426
5.059704513256426
5.700600418268906
6.071645415907711
6.071645415907711
6.071645415907711
6.071645415907711
6.071645415907711
6.071645415907711
6.071645415907711
6.071645415907711
6.071645415907711
6.071645415907711
6.071645415907711
6.071645415907711
6.071645415907711
6.071645415907711
6.071645415907711
6.071645415907711
6.071645415907711
6.071645415907711
6.071645415907711
6.071645415907711
6.071645415907711
6.071645415907711
6.071645415907711
6.071645415907711
6.071645415907711
6.071645415907711
6.071645415907711
6.071645415907711
6.071645415907711
6.071645415907711
6.071645415907711
6.071645415907711
6.071645415907711
6.071645415907711
6.071645415907711
6.071645415907711
6.071645415907711
6.071645415907711
6.071645415907711
6.071645415907711
6.071645415907711
6.071645415907711
6.071645415907711
6.071645415907711
6.071645415907711
6.071645415907711
6.071645415907711
6.071645415907711
6.071645415907711
6.071645415907711
6.071645415907711
6.071645415907711
6.071645415907711
6.071645415907711
6.071645415907711
6.071645415907711
6.071645415907711
6.071645415907711
6.071645415907711
6.071645415907711
6.071645415907711
6.071645415907711
6.071645415907711
6.071645415907711
6.071645415907711
5.869257235377454
5.059704513256426
5.059704513256426
5.059704513256426
5.059704513256426
5.059704513256426
5.059704513256426
5.059704513256426
5.059704513256426
5.059704513256426
5.059704513256426
5.059704513256426
5.059704513256426
5.059704513256426
5.059704513256426
5.059704513256426
5.059704513256426
4.250151791135398
4.0477636106051404
3.811644066653174
3.0358227079538556
2.8671658908453077
2.0238818053025702
1.9226877150374417
1.0119409026512851
1.0119409026512851
0.06746272684341902
0.0
0.0
0.0
-0.3035822707953855
-1.0119409026512851
-1.0119409026512851
-1.5516427173986371
-2.0238818053025702
-2.0238818053025702
-2.0238818053025702
-2.0238818053025702
-2.0238818053025702
-2.8671658908453077
-3.0358227079538556
-3.0358227079538556
-3.0358227079538556
-3.0358227079538556
-3.0358227079538556
-3.0358227079538556
-3.0358227079538556
-3.0358227079538556
-3.0358227079538556
-3.0358227079538556
-3.0358227079538556
-3.0358227079538556
-2.4623895297847938
-2.0238818053025702
-2.0238818053025702
-2.0238818053025702
-2.0238818053025702
-1.0794036294947043
-1.0119409026512851
-1.0119409026512851
-1.0119409026512851
-1.0119409026512851
-0.6746272684341901
0.0
0.0
0.0
0.0
0.0
0.0
0.0
0.0
0.0
0.0
0.0
0.0
0.0
0.0
0.0
0.0
0.0
0.0
0.0
0.0
0.0
0.0
0.06746272684341902
1.0119409026512851
1.0119409026512851
1.0119409026512851
1.214329083181542
2.0238818053025702
2.0238818053025702
2.0238818053025702
2.428658166363084
3.0358227079538556
3.0358227079538556
3.0358227079538556
3.0358227079538556
3.0358227079538556
3.0358227079538556
3.0358227079538556
3.0358227079538556
3.0358227079538556
3.3731363421709504
4.0477636106051404
4.0477636106051404
3.9803008837617218
3.0358227079538556
3.0358227079538556
3.0358227079538556
3.0358227079538556
3.0358227079538556
3.0358227079538556
3.0358227079538556
3.0358227079538556
3.0358227079538556
3.0358227079538556
3.0358227079538556
3.0358227079538556
3.0358227079538556
3.0358227079538556
3.0358227079538556
3.0358227079538556
3.0358227079538556
3.0358227079538556
3.0358227079538556
3.0358227079538556
3.0358227079538556
3.0358227079538556
3.0358227079538556
3.0358227079538556
3.0358227079538556
3.0358227079538556
3.0358227079538556
3.0358227079538556
3.0358227079538556
3.0358227079538556
3.0358227079538556
3.0358227079538556
3.0358227079538556
3.0358227079538556
3.0358227079538556
3.40686770559266
4.0477636106051404
4.0477636106051404
4.0477636106051404
4.0477636106051404
4.0477636106051404
4.0477636106051404
4.0477636106051404
4.0477636106051404
4.0477636106051404
4.0477636106051404
4.216420427713688
5.059704513256426
5.059704513256426
5.059704513256426
5.059704513256426
5.059704513256426
5.059704513256426
5.059704513256426
5.059704513256426
5.059704513256426
5.059704513256426
5.059704513256426
5.059704513256426
5.059704513256426
5.059704513256426
4.182689064291979
4.0477636106051404
4.0477636106051404
4.0477636106051404
4.0477636106051404
4.0477636106051404
4.0477636106051404
4.0477636106051404
4.0477636106051404
4.0477636106051404
3.2382108884841125
3.0358227079538556
3.0358227079538556
3.0358227079538556
3.0358227079538556
3.0358227079538556
3.0358227079538556
3.0358227079538556
3.0358227079538556
3.0358227079538556
3.0358227079538556
3.0358227079538556
3.0358227079538556
3.0358227079538556
3.0358227079538556
3.0358227079538556
3.0358227079538556
3.0358227079538556
3.3731363421709504
4.0477636106051404
4.0477636106051404
4.0477636106051404
4.0477636106051404
4.553734061930784
5.059704513256426
5.059704513256426
5.059704513256426
5.059704513256426
5.262092693786682
6.071645415907711
6.071645415907711
6.071645415907711
6.071645415907711
6.071645415907711
6.071645415907711
6.071645415907711
6.476421776968225
7.083586318558996
7.083586318558996
7.083586318558996
7.083586318558996
7.083586318558996
7.083586318558996
7.083586318558996
7.083586318558996
7.083586318558996
7.083586318558996
7.083586318558996
7.083586318558996
7.083586318558996
7.083586318558996
7.083586318558996
7.083586318558996
7.083586318558996
7.083586318558996
7.083586318558996
7.083586318558996
7.083586318558996
7.083586318558996
7.083586318558996
7.083586318558996
7.083586318558996
7.083586318558996
7.083586318558996
7.083586318558996
7.083586318558996
7.083586318558996
7.083586318558996
7.083586318558996
7.083586318558996
7.083586318558996
7.083586318558996
7.083586318558996
7.083586318558996
7.083586318558996
7.083586318558996
7.083586318558996
7.083586318558996
7.083586318558996
7.083586318558996
7.083586318558996
7.083586318558996
7.083586318558996
7.083586318558996
7.083586318558996
7.083586318558996
7.083586318558996
7.083586318558996
7.083586318558996
7.083586318558996
7.083586318558996
7.083586318558996
7.083586318558996
7.083586318558996
7.083586318558996
7.083586318558996
7.083586318558996
7.083586318558996
7.083586318558996
7.083586318558996
7.083586318558996
7.083586318558996
7.083586318558996
7.083586318558996
7.083586318558996
7.083586318558996
7.083586318558996
7.083586318558996
7.083586318558996
7.083586318558996
7.083586318558996
7.083586318558996
7.083586318558996
7.083586318558996
7.083586318558996
6.2065708695945485
6.071645415907711
6.071645415907711
6.071645415907711
6.071645415907711
6.071645415907711
6.071645415907711
6.071645415907711
6.071645415907711
6.071645415907711
6.071645415907711
6.071645415907711
6.071645415907711
6.071645415907711
6.071645415907711
6.071645415907711
6.071645415907711
6.071645415907711
6.071645415907711
6.071645415907711
6.071645415907711
6.071645415907711
6.071645415907711
6.071645415907711
6.071645415907711
6.071645415907711
6.071645415907711
6.071645415907711
6.071645415907711
6.071645415907711
6.071645415907711
6.071645415907711
6.071645415907711
6.071645415907711
5.194629966943264
5.059704513256426
5.059704513256426
5.059704513256426
4.250151791135398
4.0477636106051404
3.137016798218984
2.3611954395196655
1.3829859002900897
0.33731363421709504
0.0
-0.8770154489644472
-2.0238818053025702
-3.1707481616406934
-4.216420427713688
-5.160898603521554
-6.071645415907711
-7.016123591715577
-7.623288133306348
-8.095527221210281
-8.668960399379342
-9.107468123861567
-9.107468123861567
-9.107468123861567
-8.972542670174729
-8.095527221210281
-7.657019496728058
-6.914929501450448
-6.004182689064292
-5.059704513256426
-4.0477636106051404
-3.069554071375565
-2.1588072589894085
-1.3155231734466706
-0.607164541590771
0.0
0.0
0.10119409026512852
1.0119409026512851
1.0119409026512851
1.8214936247723132
2.0238818053025702
2.0238818053025702
2.6647777103150507
3.0358227079538556
3.0358227079538556
3.0358227079538556
3.0358227079538556
3.0358227079538556
3.676718612966336
4.0477636106051404
4.0477636106051404
4.0477636106051404
4.0477636106051404
3.8453754300748835
3.0358227079538556
3.0358227079538556
3.0358227079538556
3.0358227079538556
3.0358227079538556
3.0358227079538556
3.0358227079538556
3.0358227079538556
3.0358227079538556
3.0358227079538556
3.0358227079538556
3.0358227079538556
3.0358227079538556
3.0358227079538556
3.0358227079538556
3.0358227079538556
3.0358227079538556
3.0358227079538556
3.0358227079538556
3.0358227079538556
3.0358227079538556
3.0358227079538556
3.0358227079538556
3.0358227079538556
3.0358227079538556
3.0358227079538556
