128.120525431115
128.120525431115
128.120525431115
127.49797671667808
122.01954802963331
122.01954802963331
122.01954802963331
122.01954802963331
122.01954802963331
122.01954802963331
122.01954802963331
122.01954802963331
122.01954802963331
122.01954802963331
122.01954802963331
122.01954802963331
122.01954802963331
122.01954802963331
122.01954802963331
122.01954802963331
122.01954802963331
121.08572495797796
112.86808192741081
112.86808192741081
112.86808192741081
112.86808192741081
112.86808192741081
112.86808192741081
112.86808192741081
112.86808192741081
112.86808192741081
112.86808192741081
112.86808192741081
112.86808192741081
112.86808192741081
112.86808192741081
112.86808192741081
112.86808192741081
112.86808192741081
115.98082549959534
123.03637759654693
123.03637759654693
123.03637759654693
123.03637759654693
123.03637759654693
123.03637759654693
123.03637759654693
123.03637759654693
123.03637759654693
123.03637759654693
123.03637759654693
123.03637759654693
123.03637759654693
123.03637759654693
123.03637759654693
123.03637759654693
119.71611778621677
112.86808192741081
112.86808192741081
112.86808192741081
112.86808192741081
112.86808192741081
112.86808192741081
112.86808192741081
112.86808192741081
112.86808192741081
112.86808192741081
112.86808192741081
112.86808192741081
112.86808192741081
112.86808192741081
112.86808192741081
112.86808192741081
112.86808192741081
112.86808192741081
115.10925729938367
131.17101413185583
131.17101413185583
131.17101413185583
131.17101413185583
131.17101413185583
131.17101413185583
131.17101413185583
131.17101413185583
131.17101413185583
131.17101413185583
131.17101413185583
131.17101413185583
131.17101413185583
131.17101413185583
131.17101413185583
131.17101413185583
135.94388760920543
136.25516196642388
136.25516196642388
136.25516196642388
136.25516196642388
136.25516196642388
136.25516196642388
136.25516196642388
136.25516196642388
136.25516196642388
136.25516196642388
136.25516196642388
136.25516196642388
136.25516196642388
136.25516196642388
136.25516196642388
136.25516196642388
136.25516196642388
136.25516196642388
140.03195750067442
143.37296893481914
143.37296893481914
143.37296893481914
143.37296893481914
143.37296893481914
143.37296893481914
143.37296893481914
143.37296893481914
143.37296893481914
143.37296893481914
143.37296893481914
143.37296893481914
143.37296893481914
143.37296893481914
143.37296893481914
143.37296893481914
143.37296893481914
143.37296893481914
134.78179667558987
134.22150283259666
134.22150283259666
134.22150283259666
134.22150283259666
134.22150283259666
134.22150283259666
134.22150283259666
134.22150283259666
134.22150283259666
134.22150283259666
134.22150283259666
134.22150283259666
134.22150283259666
134.22150283259666
134.22150283259666
134.22150283259666
134.22150283259666
134.22150283259666
134.22150283259666
141.1317935628463
143.37296893481914
143.37296893481914
143.37296893481914
143.37296893481914
143.37296893481914
143.37296893481914
143.37296893481914
143.37296893481914
143.37296893481914
143.37296893481914
143.37296893481914
143.37296893481914
143.37296893481914
143.37296893481914
143.37296893481914
143.37296893481914
143.37296893481914
143.37296893481914
143.37296893481914
143.37296893481914
143.37296893481914
143.37296893481914
143.37296893481914
143.37296893481914
143.37296893481914
143.37296893481914
143.37296893481914
143.37296893481914
143.37296893481914
143.37296893481914
143.37296893481914
143.37296893481914
143.37296893481914
143.37296893481914
143.37296893481914
140.716761086555
135.23833239951026
135.23833239951026
135.23833239951026
135.23833239951026
135.23833239951026
135.23833239951026
135.23833239951026
135.23833239951026
135.23833239951026
135.23833239951026
135.23833239951026
135.23833239951026
135.23833239951026
135.23833239951026
135.23833239951026
135.23833239951026
133.5782024943452
125.07003673037416
125.07003673037416
125.07003673037416
125.07003673037416
125.07003673037416
125.07003673037416
125.07003673037416
125.07003673037416
125.07003673037416
125.07003673037416
125.07003673037416
125.07003673037416
125.07003673037416
125.07003673037416
125.07003673037416
125.07003673037416
125.07003673037416
125.07003673037416
125.07003673037416
125.07003673037416
125.07003673037416
125.07003673037416
125.07003673037416
125.07003673037416
125.07003673037416
125.07003673037416
125.07003673037416
125.07003673037416
125.07003673037416
125.07003673037416
125.07003673037416
125.07003673037416
125.07003673037416
128.14127705492956
129.1373549980286
129.1373549980286
129.1373549980286
129.1373549980286
129.1373549980286
129.1373549980286
129.1373549980286
129.1373549980286
129.1373549980286
129.1373549980286
129.1373549980286
129.1373549980286
129.1373549980286
129.1373549980286
129.1373549980286
132.29160181784223
133.20467326568303
133.20467326568303
133.20467326568303
133.20467326568303
133.20467326568303
133.20467326568303
133.20467326568303
133.20467326568303
133.20467326568303
133.20467326568303
133.20467326568303
133.20467326568303
133.20467326568303
133.20467326568303
122.45533212973915
118.96905932889248
118.96905932889248
118.96905932889248
118.96905932889248
118.96905932889248
118.96905932889248
118.96905932889248
118.96905932889248
118.96905932889248
118.96905932889248
118.96905932889248
118.96905932889248
118.96905932889248
118.96905932889248
118.96905932889248
126.85467637842662
129.1373549980286
129.1373549980286
129.1373549980286
129.1373549980286
129.1373549980286
129.1373549980286
129.1373549980286
129.1373549980286
129.1373549980286
129.1373549980286
129.1373549980286
129.1373549980286
129.1373549980286
129.1373549980286
131.0050011413393
134.22150283259666
134.22150283259666
134.22150283259666
134.22150283259666
134.22150283259666
134.22150283259666
134.22150283259666
134.22150283259666
134.22150283259666
134.22150283259666
134.22150283259666
134.22150283259666
134.22150283259666
134.22150283259666
134.22150283259666
134.22150283259666
134.22150283259666
134.22150283259666
134.22150283259666
134.22150283259666
134.22150283259666
134.22150283259666
134.22150283259666
134.22150283259666
134.22150283259666
134.22150283259666
134.22150283259666
134.22150283259666
134.22150283259666
134.22150283259666
134.22150283259666
133.43294112764323
132.18784369876943
132.18784369876943
132.18784369876943
132.18784369876943
132.18784369876943
132.18784369876943
132.18784369876943
132.18784369876943
132.18784369876943
132.18784369876943
132.18784369876943
132.18784369876943
132.18784369876943
132.18784369876943
132.18784369876943
132.18784369876943
123.03637759654693
123.03637759654693
123.03637759654693
123.03637759654693
123.03637759654693
123.03637759654693
123.03637759654693
123.03637759654693
123.03637759654693
123.03637759654693
123.03637759654693
123.03637759654693
123.03637759654693
123.03637759654693
123.03637759654693
123.03637759654693
123.03637759654693
123.03637759654693
135.25908402332482
154.55809417086888
154.55809417086888
154.55809417086888
154.55809417086888
154.55809417086888
154.55809417086888
154.55809417086888
154.55809417086888
154.55809417086888
154.55809417086888
154.55809417086888
154.55809417086888
154.55809417086888
154.55809417086888
147.06675797381146
135.23833239951026
135.23833239951026
135.23833239951026
135.23833239951026
135.23833239951026
135.23833239951026
135.23833239951026
135.23833239951026
135.23833239951026
135.23833239951026
135.23833239951026
135.23833239951026
135.23833239951026
135.23833239951026
135.23833239951026
135.23833239951026
135.23833239951026
129.57313909813442
128.120525431115
128.120525431115
128.120525431115
128.120525431115
128.120525431115
128.120525431115
128.120525431115
128.120525431115
128.120525431115
128.120525431115
128.120525431115
128.120525431115
128.120525431115
128.120525431115
128.120525431115
128.120525431115
128.120525431115
128.120525431115
128.120525431115
128.120525431115
128.120525431115
128.120525431115
128.120525431115
128.120525431115
128.120525431115
128.120525431115
128.120525431115
128.120525431115
128.120525431115
128.120525431115
128.120525431115
128.120525431115
128.120525431115
128.120525431115
125.2152980970761
123.03637759654693
123.03637759654693
123.03637759654693
123.03637759654693
123.03637759654693
123.03637759654693
123.03637759654693
123.03637759654693
123.03637759654693
123.03637759654693
123.03637759654693
123.03637759654693
123.03637759654693
123.03637759654693
123.03637759654693
123.03637759654693
123.03637759654693
134.3667641992986
137.27199153333748
137.27199153333748
137.27199153333748
137.27199153333748
137.27199153333748
137.27199153333748
137.27199153333748
137.27199153333748
137.27199153333748
137.27199153333748
137.27199153333748
137.27199153333748
137.27199153333748
137.27199153333748
137.27199153333748
137.27199153333748
134.90630641847724
134.22150283259666
134.22150283259666
134.22150283259666
134.22150283259666
134.22150283259666
134.22150283259666
134.22150283259666
134.22150283259666
134.22150283259666
134.22150283259666
134.22150283259666
134.22150283259666
134.22150283259666
134.22150283259666
134.22150283259666
134.22150283259666
134.22150283259666
132.97640540372285
131.17101413185583
131.17101413185583
131.17101413185583
131.17101413185583
131.17101413185583
131.17101413185583
131.17101413185583
131.17101413185583
131.17101413185583
131.17101413185583
131.17101413185583
131.17101413185583
131.17101413185583
131.17101413185583
131.17101413185583
131.17101413185583
131.17101413185583
133.66120898960344
137.27199153333748
137.27199153333748
137.27199153333748
137.27199153333748
137.27199153333748
137.27199153333748
137.27199153333748
137.27199153333748
137.27199153333748
137.27199153333748
137.27199153333748
137.27199153333748
137.27199153333748
137.27199153333748
137.27199153333748
137.27199153333748
137.27199153333748
133.01790865135197
132.18784369876943
132.18784369876943
132.18784369876943
132.18784369876943
132.18784369876943
132.18784369876943
132.18784369876943
132.18784369876943
132.18784369876943
132.18784369876943
132.18784369876943
132.18784369876943
132.18784369876943
132.18784369876943
132.18784369876943
132.18784369876943
132.18784369876943
131.54454336051796
131.17101413185583
131.17101413185583
131.17101413185583
131.17101413185583
131.17101413185583
131.17101413185583
131.17101413185583
131.17101413185583
131.17101413185583
131.17101413185583
131.17101413185583
131.17101413185583
131.17101413185583
131.17101413185583
131.17101413185583
131.17101413185583
131.37853037000144
132.18784369876943
132.18784369876943
132.18784369876943
132.18784369876943
132.18784369876943
132.18784369876943
132.18784369876943
132.18784369876943
132.18784369876943
132.18784369876943
132.18784369876943
132.18784369876943
132.18784369876943
132.18784369876943
132.18784369876943
132.18784369876943
132.18784369876943
128.34879329307518
127.10369586420137
127.10369586420137
127.10369586420137
127.10369586420137
127.10369586420137
127.10369586420137
127.10369586420137
127.10369586420137
127.10369586420137
127.10369586420137
127.10369586420137
127.10369586420137
127.10369586420137
127.10369586420137
127.10369586420137
127.10369586420137
127.10369586420137
127.10369586420137
131.46153686525972
134.22150283259666
134.22150283259666
134.22150283259666
134.22150283259666
134.22150283259666
134.22150283259666
134.22150283259666
134.22150283259666
134.22150283259666
134.22150283259666
134.22150283259666
134.22150283259666
134.22150283259666
134.22150283259666
134.22150283259666
134.22150283259666
134.22150283259666
131.64830147959077
130.1541845649422
130.1541845649422
130.1541845649422
130.1541845649422
130.1541845649422
130.1541845649422
130.1541845649422
130.1541845649422
130.1541845649422
130.1541845649422
130.1541845649422
130.1541845649422
130.1541845649422
130.1541845649422
130.1541845649422
130.1541845649422
130.1541845649422
130.1541845649422
136.1306522235365
139.3056506671647
139.3056506671647
139.3056506671647
139.3056506671647
139.3056506671647
139.3056506671647
139.3056506671647
139.3056506671647
139.3056506671647
139.3056506671647
139.3056506671647
139.3056506671647
139.3056506671647
139.3056506671647
139.3056506671647
139.3056506671647
139.3056506671647
139.2641474195356
137.27199153333748
137.27199153333748
137.27199153333748
137.27199153333748
137.27199153333748
137.27199153333748
137.27199153333748
137.27199153333748
137.27199153333748
137.27199153333748
137.27199153333748
137.27199153333748
137.27199153333748
137.27199153333748
137.27199153333748
137.27199153333748
137.27199153333748
137.27199153333748
137.91529187158895
138.28882110025108
138.28882110025108
138.28882110025108
138.28882110025108
138.28882110025108
138.28882110025108
138.28882110025108
138.28882110025108
138.28882110025108
138.28882110025108
138.28882110025108
138.28882110025108
138.28882110025108
138.28882110025108
138.28882110025108
138.28882110025108
138.28882110025108
133.64045736578888
131.17101413185583
131.17101413185583
131.17101413185583
131.17101413185583
131.17101413185583
131.17101413185583
131.17101413185583
131.17101413185583
131.17101413185583
131.17101413185583
131.17101413185583
131.17101413185583
131.17101413185583
131.17101413185583
131.17101413185583
131.17101413185583
131.17101413185583
131.66905310340533
133.20467326568303
133.20467326568303
133.20467326568303
133.20467326568303
133.20467326568303
133.20467326568303
133.20467326568303
133.20467326568303
133.20467326568303
133.20467326568303
133.20467326568303
133.20467326568303
133.20467326568303
133.20467326568303
133.20467326568303
133.20467326568303
133.20467326568303
133.41218950382867
134.22150283259666
134.22150283259666
134.22150283259666
134.22150283259666
134.22150283259666
134.22150283259666
134.22150283259666
134.22150283259666
134.22150283259666
134.22150283259666
134.22150283259666
134.22150283259666
134.22150283259666
134.22150283259666
134.22150283259666
134.22150283259666
134.22150283259666
134.22150283259666
122.89111622984498
121.00271846271971
121.00271846271971
121.00271846271971
121.00271846271971
121.00271846271971
121.00271846271971
121.00271846271971
121.00271846271971
121.00271846271971
121.00271846271971
121.00271846271971
121.00271846271971
121.00271846271971
121.00271846271971
121.00271846271971
121.00271846271971
121.00271846271971
121.00271846271971
121.87428666293137
135.23833239951026
135.23833239951026
135.23833239951026
135.23833239951026
135.23833239951026
135.23833239951026
135.23833239951026
135.23833239951026
135.23833239951026
135.23833239951026
135.23833239951026
135.23833239951026
135.23833239951026
135.23833239951026
135.23833239951026
135.23833239951026
135.23833239951026
136.9814687999336
139.3056506671647
139.3056506671647
139.3056506671647
139.3056506671647
139.3056506671647
139.3056506671647
139.3056506671647
139.3056506671647
139.3056506671647
139.3056506671647
139.3056506671647
139.3056506671647
139.3056506671647
139.3056506671647
139.3056506671647
139.3056506671647
139.3056506671647
139.3056506671647
139.3056506671647
145.40662806864637
146.42345763555997
146.42345763555997
146.42345763555997
146.42345763555997
146.42345763555997
146.42345763555997
146.42345763555997
146.42345763555997
146.42345763555997
146.42345763555997
146.42345763555997
146.42345763555997
146.42345763555997
146.42345763555997
146.42345763555997
146.42345763555997
146.42345763555997
146.42345763555997
146.42345763555997
146.42345763555997
146.42345763555997
146.42345763555997
146.42345763555997
146.42345763555997
146.42345763555997
146.42345763555997
146.42345763555997
146.42345763555997
146.42345763555997
146.42345763555997
146.42345763555997
146.42345763555997
146.42345763555997
146.42345763555997
144.68032123513666
144.38979850173277
144.38979850173277
144.38979850173277
144.38979850173277
144.38979850173277
144.38979850173277
144.38979850173277
144.38979850173277
144.38979850173277
144.38979850173277
144.38979850173277
144.38979850173277
144.38979850173277
144.38979850173277
144.38979850173277
144.38979850173277
148.04208429309594
152.52443503704166
152.52443503704166
152.52443503704166
152.52443503704166
152.52443503704166
152.52443503704166
152.52443503704166
152.52443503704166
152.52443503704166
152.52443503704166
152.52443503704166
152.52443503704166
152.52443503704166
152.52443503704166
152.52443503704166
152.52443503704166
152.52443503704166
148.1665940359833
137.27199153333748
137.27199153333748
137.27199153333748
137.27199153333748
137.27199153333748
137.27199153333748
137.27199153333748
137.27199153333748
137.27199153333748
137.27199153333748
137.27199153333748
137.27199153333748
137.27199153333748
137.27199153333748
137.27199153333748
137.27199153333748
137.27199153333748
142.75042022038224
149.47394633630083
149.47394633630083
149.47394633630083
149.47394633630083
149.47394633630083
149.47394633630083
149.47394633630083
149.47394633630083
149.47394633630083
149.47394633630083
149.47394633630083
149.47394633630083
149.47394633630083
149.47394633630083
149.47394633630083
149.47394633630083
149.47394633630083
151.5283570939426
152.52443503704166
152.52443503704166
152.52443503704166
152.52443503704166
152.52443503704166
152.52443503704166
152.52443503704166
152.52443503704166
152.52443503704166
152.52443503704166
152.52443503704166
152.52443503704166
152.52443503704166
152.52443503704166
152.52443503704166
152.52443503704166
152.52443503704166
149.84747556496296
149.47394633630083
149.47394633630083
149.47394633630083
149.47394633630083
149.47394633630083
149.47394633630083
149.47394633630083
149.47394633630083
149.47394633630083
149.47394633630083
149.47394633630083
149.47394633630083
149.47394633630083
149.47394633630083
149.47394633630083
149.47394633630083
149.14192035526779
145.40662806864637
145.40662806864637
145.40662806864637
145.40662806864637
145.40662806864637
145.40662806864637
145.40662806864637
145.40662806864637
145.40662806864637
145.40662806864637
145.40662806864637
145.40662806864637
145.40662806864637
145.40662806864637
145.40662806864637
145.40662806864637
145.40662806864637
145.40662806864637
145.40662806864637
145.40662806864637
145.40662806864637
145.40662806864637
