102.53271819979285
102.53271819979285
110.20619527351474
128.7072780340834
137.36936258356087
131.48479427549194
124.42331230580925
119.95104039167686
117.45598342905564
115.99661048865455
115.8553808492609
115.80830430279634
115.8553808492609
115.19630919875718
114.58431409471801
114.96092646643442
115.19630919875718
116.84398832501647
117.97382544016571
116.79691177855192
114.58431409471801
112.04218058563224
111.90095094623858
110.86526692401846
109.78250635533377
108.69974578664909
107.94652104321626
107.7111383108935
107.7111383108935
107.7111383108935
107.7111383108935
107.4286790321062
106.67545428867338
106.67545428867338
106.62837774220883
106.15761227756332
105.40438753413049
104.18039732605216
102.62687129272196
101.49703417757273
101.07334525939177
102.43856510686376
102.67394783918651
102.62687129272196
104.69823933716222
121.59871951793616
125.74145560681667
118.91535636945673
115.61999811693813
113.97231899067884
113.50155352603332
112.88955842199415
112.88955842199415
112.23048677149043
111.90095094623858
112.88955842199415
113.12494115431691
115.14923265229262
117.55013652198474
115.71415120986724
111.71264476038037
109.87665944826287
108.74682233311364
108.60559269371998
107.75821485735806
107.7111383108935
107.52283212503531
106.72253083513793
106.76960738160248
107.7111383108935
107.7111383108935
107.7111383108935
107.7111383108935
107.7111383108935
106.91083702099614
106.06345918463421
104.93362206948498
104.22747387251671
103.38009603615478
102.39148856039921
101.44995763110818
101.54411072403728
103.56840222201299
105.54561717352415
123.1993220977309
133.60323886639677
124.8470012239902
121.3633367856134
118.25628471895301
117.40890688259108
116.60860559269372
115.61999811693813
115.00800301289897
114.11354863007249
113.92524244421429
114.7726202805762
114.86677337350531
116.09076358158364
118.02090198663025
117.6913661613784
114.86677337350531
112.88955842199415
111.14772620280576
109.82958290179832
108.74682233311364
108.18190377553903
107.80529140382261
107.7111383108935
107.7111383108935
107.66406176442895
107.00499011392523
107.240372846248
107.7111383108935
107.3345259391771
106.81668392806704
106.01638263816966
105.54561717352415
104.74531588362677
103.80378495433574
103.00348366443838
102.15610582807645
101.54411072403728
104.18039732605216
117.55013652198474
133.8386215987195
135.2979945391206
127.95405329065059
123.62301101591187
119.19781564824405
116.37322286037096
114.16062517653704
113.87816589774974
113.31324734017512
112.51294605027775
111.85387439977403
112.27756331795499
113.92524244421429
114.67846718764712
117.22060069673289
117.6913661613784
115.24338574522173
112.41879295734864
110.30034836644383
109.54712362301102
108.74682233311364
107.7111383108935
107.7111383108935
107.7111383108935
107.7111383108935
107.7111383108935
107.7111383108935
108.37020996139722
108.37020996139722
108.46436305432633
108.65266924018454
108.18190377553903
106.34591846342151
105.31023444120139
104.55700969776856
103.56840222201299
103.56840222201299
104.22747387251671
115.38461538461539
127.43621127954053
135.2979945391206
133.4620092270031
123.90547029469917
119.33904528763769
116.84398832501647
114.44308445532435
113.54863007249787
112.60709914320685
111.24187929573486
110.7240372846248
110.67696073816025
112.4658695038132
113.73693625835608
116.3261463139064
117.03229451087468
116.04368703511909
110.7240372846248
108.8880519725073
107.3345259391771
106.62837774220883
105.63977026645325
105.63977026645325
105.63977026645325
105.63977026645325
105.63977026645325
105.63977026645325
105.63977026645325
106.62837774220883
106.67545428867338
106.39299500988606
105.63977026645325
105.31023444120139
104.60408624423312
103.89793804726484
102.76810093211562
106.11053573109876
105.92222954524055
117.17352415026834
133.22662649468035
126.25929761792675
124.28208266641559
121.59871951793616
118.82120327652763
117.36183033612653
117.03229451087468
117.03229451087468
117.03229451087468
116.98521796441013
115.99661048865455
115.99661048865455
116.46737595330006
117.03229451087468
117.03229451087468
116.65568213915827
114.34893136239525
111.94802749270313
110.67696073816025
110.20619527351474
109.78250635533377
108.98220506543639
108.74682233311364
108.65266924018454
108.74682233311364
108.8880519725073
109.0763581583655
109.2646643442237
109.12343470483005
108.74682233311364
108.08775068260992
107.7111383108935
106.53422464927972
105.45146408059504
103.9450145937294
103.56840222201299
106.15761227756332
107.7111383108935
107.7111383108935
119.2448921947086
134.26231051690047
125.64730251388758
122.63440354015628
119.38612183410224
117.26767724319744
115.52584502400903
114.53723754825346
113.92524244421429
113.73693625835608
113.92524244421429
113.92524244421429
114.20770172300159
115.61999811693813
117.83259580077205
117.36183033612653
115.19630919875718
111.52433857452216
110.06496563412108
108.51143960079088
107.7111383108935
106.67545428867338
106.11053573109876
106.39299500988606
106.67545428867338
106.67545428867338
106.67545428867338
106.67545428867338
106.67545428867338
106.53422464927972
105.5926937199887
104.36870351191037
102.81517747858017
102.06195273514734
102.01487618868279
103.05056021090293
112.41879295734864
126.35345071085585
131.1552584502401
134.40354015629413
120.93964786743244
117.40890688259108
116.70275868562281
115.38461538461539
114.96092646643442
114.96092646643442
114.72554373411167
113.92524244421429
113.92524244421429
114.72554373411167
115.38461538461539
116.74983523208736
118.0679785330948
117.59721306844929
115.24338574522173
113.21909424724602
111.28895584219941
109.73542980886921
108.55851614725543
107.80529140382261
107.80529140382261
107.7111383108935
107.80529140382261
108.74682233311364
108.51143960079088
108.18190377553903
107.89944449675171
107.7111383108935
107.4286790321062
106.53422464927972
105.16900480180773
103.80378495433574
102.76810093211562
102.53271819979285
102.67394783918651
105.875152998776
106.91083702099614
107.56990867149986
123.99962338762828
133.4620092270031
123.29347519066
122.02240843611712
119.99811693814141
118.11505507955935
117.03229451087468
116.89106487148102
115.99661048865455
115.99661048865455
115.99661048865455
115.57292157047358
114.96092646643442
116.18491667451275
117.03229451087468
117.03229451087468
115.33753883815083
113.54863007249787
111.43018548159307
109.73542980886921
108.74682233311364
108.37020996139722
107.47575557857076
106.72253083513793
106.67545428867338
106.91083702099614
107.38160248564165
107.52283212503531
107.7111383108935
106.91083702099614
106.67545428867338
105.6868468129178
104.08624423312305
102.86225402504472
101.49703417757273
102.53271819979285
103.6625553149421
103.6625553149421
105.7809999058469
122.11656152904622
124.8470012239902
118.20920817248846
116.18491667451275
114.53723754825346
113.97231899067884
113.45447697956877
112.70125223613596
111.80679785330948
111.66556821391582
111.80679785330948
111.90095094623858
113.40740043310423
114.81969682704076
115.10215610582807
113.97231899067884
111.43018548159307
108.55851614725543
107.00499011392523
106.15761227756332
105.35731098766594
104.65116279069767
104.18039732605216
104.55700969776856
104.60408624423312
104.46285660483946
104.60408624423312
104.46285660483946
103.89793804726484
103.56840222201299
103.47424912908389
103.05056021090293
102.1090292816119
101.49703417757273
100.79088598060446
99.84935505131344
98.76659448262875
99.23735994727426
107.66406176442895
126.07099143206854
136.3807551078053
135.53337727144336
128.8955842199416
124.04669993409283
118.67997363713397
116.18491667451275
115.00800301289897
113.97231899067884
113.40740043310423
113.92524244421429
113.73693625835608
112.88955842199415
112.88955842199415
112.9366349684587
113.87816589774974
114.72554373411167
114.20770172300159
113.17201770078147
110.48865455230204
107.80529140382261
106.48714810281517
105.63977026645325
105.63977026645325
105.63977026645325
105.63977026645325
105.63977026645325
105.63977026645325
105.63977026645325
105.63977026645325
105.63977026645325
105.54561717352415
104.65116279069767
103.47424912908389
102.43856510686376
101.49703417757273
100.60257979474625
100.4613501553526
101.40288108464362
108.13482722907447
125.88268524621033
132.85001412296393
129.03681385933527
124.18792957348649
119.10366255531494
115.90245739572545
113.12494115431691
111.99510403916769
110.8181903775539
110.01788908765653
108.37020996139722
107.7111383108935
107.99359758968082
109.1705112512946
112.5600225967423
114.63139064118256
113.83108935128519
110.11204218058563
107.94652104321626
106.67545428867338
106.67545428867338
106.11053573109876
105.40438753413049
102.86225402504472
102.43856510686376
102.53271819979285
102.53271819979285
103.00348366443838
103.33301948969023
103.23886639676113
103.14471330383202
102.53271819979285
102.01487618868279
101.16749835232088
99.89643159777798
99.23735994727426
98.38998211091234
99.47274267959702
108.55851614725543
125.36484323510027
130.9669522643819
128.330665662367
119.90396384521232
113.92524244421429
111.14772620280576
109.54712362301102
108.27605686846813
107.19329629978344
105.92222954524055
104.83946897655588
104.1333207795876
104.60408624423312
105.5926937199887
109.0763581583655
109.97081254119198
108.41728650786177
105.40438753413049
104.0391676866585
102.39148856039921
101.49703417757273
101.40288108464362
100.41427360888805
99.66104886545523
99.51981922606157
99.37858958666791
99.28443649373881
99.42566613313247
99.51981922606157
99.42566613313247
99.66104886545523
99.23735994727426
98.38998211091234
97.68383391394407
97.3542980886922
96.31861406647208
95.94200169475567
96.41276715940118
103.70963186140665
121.78702570379437
123.48178137651821
119.29196874117314
118.72705018359852
115.66707466340269
111.71264476038037
108.74682233311364
108.74682233311364
108.37020996139722
108.74682233311364
107.99359758968082
107.7111383108935
107.89944449675171
108.69974578664909
108.22898032200358
109.54712362301102
110.67696073816025
108.8880519725073
105.73392335938235
103.52132567554844
102.53271819979285
102.53271819979285
101.59118727050183
101.49703417757273
101.49703417757273
101.49703417757273
101.49703417757273
101.49703417757273
101.49703417757273
101.40288108464362
101.21457489878541
100.4613501553526
99.99058469070708
99.28443649373881
98.10752283212503
97.3542980886922
96.31861406647208
96.45984370586574
99.00197721495151
99.42566613313247
104.27455041898126
122.35194426136898
123.85839374823462
114.44308445532435
110.8181903775539
108.22898032200358
106.58130119574427
105.02777516241409
104.22747387251671
103.23886639676113
102.62687129272196
103.42717258261933
103.56840222201299
104.32162696544582
106.39299500988606
106.67545428867338
105.4985406270596
103.14471330383202
101.07334525939177
99.33151304020336
97.73091046040862
97.30722154222765
97.26014499576311
97.30722154222765
97.68383391394407
99.70812541191978
101.59118727050183
102.53271819979285
102.53271819979285
102.4856416533283
101.49703417757273
101.07334525939177
99.14320685434517
97.54260427455041
95.00047076546464
94.15309292910271
93.82355710385086
99.66104886545523
120.13934657753506
127.57744091893419
122.02240843611712
121.1750305997552
117.8796723472366
114.16062517653704
111.85387439977403
110.77111383108935
109.78250635533377
109.78250635533377
109.78250635533377
109.2646643442237
108.74682233311364
108.74682233311364
108.74682233311364
108.74682233311364
109.97081254119198
109.78250635533377
108.04067413614537
105.45146408059504
104.18039732605216
102.06195273514734
100.97919216646267
100.4613501553526
99.99058469070708
99.42566613313247
99.19028340080972
98.531211750306
98.4370586573769
98.38998211091234
98.4370586573769
98.38998211091234
98.15459937858958
97.40137463515676
97.3542980886922
96.31861406647208
96.31861406647208
97.68383391394407
99.42566613313247
101.16749835232088
118.91535636945673
127.29498164014687
117.97382544016571
114.0193955371434
110.53573109876659
108.13482722907447
106.81668392806704
106.25176537049242
105.63977026645325
105.40438753413049
104.79239243009133
104.69823933716222
104.60408624423312
104.60408624423312
104.55700969776856
104.88654552302043
105.875152998776
105.07485170887863
102.95640711797382
101.30872799171452
100.22596742302984
99.47274267959702
99.66104886545523
99.61397231899068
99.56689577252612
99.89643159777798
100.4613501553526
100.4613501553526
100.3671970624235
99.80227850484889
99.66104886545523
99.56689577252612
98.76659448262875
98.20167592505413
97.96629319273137
99.04905376141606
111.14772620280576
128.1423594765088
123.38762828358911
114.58431409471801
110.11204218058563
108.74682233311364
108.22898032200358
107.05206666038978
106.15761227756332
105.40438753413049
105.12192825534318
104.69823933716222
104.65116279069767
105.07485170887863
106.06345918463421
108.8880519725073
109.2646643442237
108.8880519725073
106.20468882402787
104.4157800583749
102.86225402504472
101.68534036343094
101.07334525939177
100.4613501553526
100.4613501553526
99.51981922606157
99.42566613313247
99.42566613313247
99.42566613313247
99.42566613313247
99.37858958666791
98.9078241220224
97.91921664626683
97.0718388099049
95.75369550889747
99.61397231899068
109.78250635533377
109.78250635533377
124.14085302702193
132.99124376235758
119.19781564824405
114.3018548159307
111.14772620280576
109.50004707654647
108.32313341493267
106.76960738160248
106.67545428867338
106.67545428867338
106.20468882402787
106.9579135674607
107.89944449675171
110.912343470483
111.85387439977403
111.28895584219941
108.37020996139722
105.12192825534318
103.23886639676113
101.35580453817907
100.4613501553526
99.80227850484889
99.66104886545523
99.42566613313247
98.86074757555785
98.01336973919592
97.3542980886922
97.3542980886922
97.16599190283401
97.40137463515676
97.02476226344035
95.65954241596836
95.1417004048583
95.18877695132285
98.38998211091234
98.38998211091234
100.88503907353356
119.48027492703135
121.88117879672346
114.0193955371434
111.33603238866397
108.93512851897184
106.58130119574427
105.16900480180773
103.9450145937294
103.09763675736748
102.53271819979285
103.09763675736748
103.56840222201299
103.9450145937294
107.19329629978344
109.73542980886921
107.00499011392523
103.99209114019395
103.14471330383202
102.5797947462574
101.07334525939177
99.56689577252612
98.4370586573769
97.68383391394407
97.3542980886922
96.74230298465304
96.31861406647208
96.45984370586574
97.40137463515676
97.3542980886922
97.3542980886922
96.83645607758214
96.41276715940118
97.87214009980228
108.27605686846813
122.49317390076264
124.70577158459655
119.00950946238584
112.70125223613596
107.09914320685434
104.98069861594954
104.08624423312305
103.28594294322568
102.53271819979285
101.54411072403728
100.83796252706901
101.21457489878541
100.69673288767535
102.39148856039921
106.15761227756332
107.240372846248
104.4157800583749
101.63826381696639
99.66104886545523
98.67244138969964
97.3542980886922
97.3542980886922
96.41276715940118
95.75369550889747
95.70661896243291
95.56538932303926
95.61246586950381
95.65954241596836
95.56538932303926
95.28293004425196
94.24724602203182
94.10601638263816
93.96478674324452
97.54260427455041
115.00800301289897
128.75435458054795
129.55465587044534
128.84850767347706
119.57442801996045
109.31174089068826
107.240372846248
105.63977026645325
104.60408624423312
103.56840222201299
103.19178985029657
103.19178985029657
103.56840222201299
103.56840222201299
104.83946897655588
106.67545428867338
106.67545428867338
107.99359758968082
106.76960738160248
104.83946897655588
102.39148856039921
100.97919216646267
100.3671970624235
99.23735994727426
98.38998211091234
97.49552772808586
97.3542980886922
97.3542980886922
97.3542980886922
97.3542980886922
97.3542980886922
96.93060917051125
95.94200169475567
95.28293004425196
99.09613030788061
103.42717258261933
104.88654552302043
119.4331983805668
121.69287261086527
112.51294605027775
110.01788908765653
108.37020996139722
106.91083702099614
105.31023444120139
104.27455041898126
103.56840222201299
103.09763675736748
103.56840222201299
103.56840222201299
104.83946897655588
107.47575557857076
107.7111383108935
106.01638263816966
103.70963186140665
102.43856510686376
101.96779964221824
101.16749835232088
100.50842670181716
100.32012051595895
99.42566613313247
99.42566613313247
99.42566613313247
99.37858958666791
98.4370586573769
98.4370586573769
98.38998211091234
98.38998211091234
98.9078241220224
103.28594294322568
104.46285660483946
116.98521796441013
127.71867055832783
115.80830430279634
112.79540532906506
111.33603238866397
109.2646643442237
108.65266924018454
108.22898032200358
107.7111383108935
107.19329629978344
106.72253083513793
106.81668392806704
108.18190377553903
108.74682233311364
110.34742491290838
111.38310893512852
109.82958290179832
107.3345259391771
105.73392335938235
105.07485170887863
104.98069861594954
104.60408624423312
103.56840222201299
102.81517747858017
103.28594294322568
103.56840222201299
103.56840222201299
103.75670840787119
104.55700969776856
104.60408624423312
104.50993315130401
104.55700969776856
104.60408624423312
106.58130119574427
121.31626023914885
137.74597495527726
138.45212315224555
132.28509556538933
123.62301101591187
119.90396384521232
118.30336126541756
