9.103783127655271
9.103783127655271
9.103783127655271
9.103783127655271
9.103783127655271
9.103783127655271
9.103783127655271
9.103783127655271
9.103783127655271
9.103783127655271
9.103783127655271
9.103783127655271
9.103783127655271
9.103783127655271
9.103783127655271
9.103783127655271
9.103783127655271
9.103783127655271
9.103783127655271
9.103783127655271
9.103783127655271
9.103783127655271
9.103783127655271
8.348506305212759
8.092251669026908
8.092251669026908
8.092251669026908
8.092251669026908
8.092251669026908
8.092251669026908
8.092251669026908
8.092251669026908
8.092251669026908
8.146200013487087
8.119225841256997
8.173174185717176
8.132712927372042
8.146200013487087
8.173174185717176
8.173174185717176
8.200148357947265
8.132712927372042
8.105738755141951
8.173174185717176
8.119225841256997
8.092251669026908
8.092251669026908
8.092251669026908
8.092251669026908
8.092251669026908
8.159687099602131
8.71265763031897
9.103783127655271
9.103783127655271
9.103783127655271
9.103783127655271
9.103783127655271
9.103783127655271
9.103783127655271
9.103783127655271
9.103783127655271
9.103783127655271
9.103783127655271
9.103783127655271
9.103783127655271
9.103783127655271
9.103783127655271
9.103783127655271
9.103783127655271
9.103783127655271
9.103783127655271
9.103783127655271
9.103783127655271
9.103783127655271
9.103783127655271
9.103783127655271
9.103783127655271
9.103783127655271
9.103783127655271
9.103783127655271
9.103783127655271
9.103783127655271
9.103783127655271
8.469890080248163
8.119225841256997
8.132712927372042
8.092251669026908
8.092251669026908
8.092251669026908
8.092251669026908
8.092251669026908
8.092251669026908
8.092251669026908
8.092251669026908
8.092251669026908
8.092251669026908
8.092251669026908
8.092251669026908
8.092251669026908
8.092251669026908
8.092251669026908
8.092251669026908
8.092251669026908
8.092251669026908
8.092251669026908
8.092251669026908
8.092251669026908
8.092251669026908
8.092251669026908
8.092251669026908
8.092251669026908
8.092251669026908
8.119225841256997
9.022860610965001
9.103783127655271
9.103783127655271
9.103783127655271
9.103783127655271
9.103783127655271
9.103783127655271
9.103783127655271
9.103783127655271
9.103783127655271
9.103783127655271
9.103783127655271
9.103783127655271
9.103783127655271
9.103783127655271
9.103783127655271
9.103783127655271
9.103783127655271
9.103783127655271
9.103783127655271
9.103783127655271
9.103783127655271
9.103783127655271
9.103783127655271
9.103783127655271
9.103783127655271
9.103783127655271
9.103783127655271
9.103783127655271
9.103783127655271
9.103783127655271
9.103783127655271
9.103783127655271
9.103783127655271
9.103783127655271
9.103783127655271
9.103783127655271
9.103783127655271
9.103783127655271
9.103783127655271
9.103783127655271
9.103783127655271
9.103783127655271
9.103783127655271
9.103783127655271
9.103783127655271
9.103783127655271
9.103783127655271
9.103783127655271
9.103783127655271
9.103783127655271
9.103783127655271
9.103783127655271
9.103783127655271
9.103783127655271
9.103783127655271
9.103783127655271
9.103783127655271
9.103783127655271
9.103783127655271
9.103783127655271
9.103783127655271
9.103783127655271
9.103783127655271
9.103783127655271
9.103783127655271
9.103783127655271
9.103783127655271
9.103783127655271
9.103783127655271
9.103783127655271
9.103783127655271
9.103783127655271
9.103783127655271
9.103783127655271
9.103783127655271
9.103783127655271
9.103783127655271
9.103783127655271
9.103783127655271
9.103783127655271
9.103783127655271
9.103783127655271
9.103783127655271
9.103783127655271
9.103783127655271
9.103783127655271
9.103783127655271
9.103783127655271
9.103783127655271
9.103783127655271
9.103783127655271
9.103783127655271
9.103783127655271
9.103783127655271
9.103783127655271
9.103783127655271
9.103783127655271
9.103783127655271
9.103783127655271
9.103783127655271
9.103783127655271
9.103783127655271
9.103783127655271
9.103783127655271
9.103783127655271
9.103783127655271
9.103783127655271
9.103783127655271
9.103783127655271
9.103783127655271
9.103783127655271
9.103783127655271
9.103783127655271
9.103783127655271
9.103783127655271
9.103783127655271
9.103783127655271
9.103783127655271
9.103783127655271
9.103783127655271
9.103783127655271
9.103783127655271
9.103783127655271
9.103783127655271
9.103783127655271
9.103783127655271
9.103783127655271
9.103783127655271
9.103783127655271
9.103783127655271
9.103783127655271
9.103783127655271
9.103783127655271
9.103783127655271
9.103783127655271
9.103783127655271
9.103783127655271
9.103783127655271
9.103783127655271
9.103783127655271
9.103783127655271
9.103783127655271
9.103783127655271
9.103783127655271
9.103783127655271
9.103783127655271
9.103783127655271
9.103783127655271
9.103783127655271
9.103783127655271
9.103783127655271
9.103783127655271
9.103783127655271
9.103783127655271
9.103783127655271
9.103783127655271
9.103783127655271
9.103783127655271
9.103783127655271
9.103783127655271
9.103783127655271
9.103783127655271
9.103783127655271
9.103783127655271
9.103783127655271
9.103783127655271
9.103783127655271
9.103783127655271
9.103783127655271
9.103783127655271
9.103783127655271
9.103783127655271
9.103783127655271
9.103783127655271
9.103783127655271
9.103783127655271
9.103783127655271
9.103783127655271
9.103783127655271
9.103783127655271
9.103783127655271
9.103783127655271
9.103783127655271
9.103783127655271
9.103783127655271
9.103783127655271
9.103783127655271
9.103783127655271
9.103783127655271
9.103783127655271
9.103783127655271
9.103783127655271
9.103783127655271
9.103783127655271
9.103783127655271
9.103783127655271
9.103783127655271
9.103783127655271
9.103783127655271
9.103783127655271
9.103783127655271
9.103783127655271
9.103783127655271
9.103783127655271
9.103783127655271
9.103783127655271
9.103783127655271
9.103783127655271
9.103783127655271
9.103783127655271
9.103783127655271
9.103783127655271
9.103783127655271
9.103783127655271
9.103783127655271
9.103783127655271
9.103783127655271
9.103783127655271
9.103783127655271
9.103783127655271
9.103783127655271
9.103783127655271
9.103783127655271
9.103783127655271
9.103783127655271
9.103783127655271
9.103783127655271
9.103783127655271
9.103783127655271
9.103783127655271
9.103783127655271
9.103783127655271
9.103783127655271
9.103783127655271
9.103783127655271
9.103783127655271
9.103783127655271
9.103783127655271
9.103783127655271
9.103783127655271
9.103783127655271
9.103783127655271
9.103783127655271
9.103783127655271
9.103783127655271
9.103783127655271
9.103783127655271
9.103783127655271
9.103783127655271
9.103783127655271
9.103783127655271
9.103783127655271
9.103783127655271
9.103783127655271
9.103783127655271
9.103783127655271
9.103783127655271
9.103783127655271
9.103783127655271
9.103783127655271
9.103783127655271
9.103783127655271
9.103783127655271
9.103783127655271
9.103783127655271
9.103783127655271
9.103783127655271
9.103783127655271
9.103783127655271
9.103783127655271
9.103783127655271
9.103783127655271
9.103783127655271
9.103783127655271
9.103783127655271
9.103783127655271
9.103783127655271
9.103783127655271
9.103783127655271
9.103783127655271
9.103783127655271
9.103783127655271
9.103783127655271
9.103783127655271
9.103783127655271
9.103783127655271
9.103783127655271
9.103783127655271
9.103783127655271
9.103783127655271
9.103783127655271
9.103783127655271
9.103783127655271
9.103783127655271
9.103783127655271
9.103783127655271
9.103783127655271
9.103783127655271
9.103783127655271
9.103783127655271
9.103783127655271
9.103783127655271
9.117270213770315
9.764650347292468
10.007417897363275
10.115314586283635
10.115314586283635
10.115314586283635
9.778137433407514
9.360037763841122
9.103783127655271
9.103783127655271
9.103783127655271
9.103783127655271
9.103783127655271
9.103783127655271
9.103783127655271
9.103783127655271
9.103783127655271
9.103783127655271
9.103783127655271
9.103783127655271
9.103783127655271
9.103783127655271
9.103783127655271
9.103783127655271
9.103783127655271
9.103783127655271
9.103783127655271
9.103783127655271
9.103783127655271
9.103783127655271
9.103783127655271
9.103783127655271
9.103783127655271
9.103783127655271
9.103783127655271
9.103783127655271
9.103783127655271
9.103783127655271
9.103783127655271
9.103783127655271
9.103783127655271
9.103783127655271
9.103783127655271
9.103783127655271
9.103783127655271
9.103783127655271
9.103783127655271
9.103783127655271
9.103783127655271
9.103783127655271
9.103783127655271
9.103783127655271
9.103783127655271
9.103783127655271
9.103783127655271
9.103783127655271
9.103783127655271
9.103783127655271
9.103783127655271
9.103783127655271
9.103783127655271
9.103783127655271
9.103783127655271
9.103783127655271
9.103783127655271
9.103783127655271
9.103783127655271
9.103783127655271
9.103783127655271
9.103783127655271
9.103783127655271
9.103783127655271
9.103783127655271
9.103783127655271
9.103783127655271
9.103783127655271
9.103783127655271
9.103783127655271
9.103783127655271
9.103783127655271
9.103783127655271
9.103783127655271
9.103783127655271
9.103783127655271
9.103783127655271
9.103783127655271
9.103783127655271
9.103783127655271
9.103783127655271
9.103783127655271
9.103783127655271
9.103783127655271
9.103783127655271
9.103783127655271
9.103783127655271
9.103783127655271
9.103783127655271
9.103783127655271
9.103783127655271
9.103783127655271
9.103783127655271
9.103783127655271
9.103783127655271
9.103783127655271
9.103783127655271
9.103783127655271
9.103783127655271
9.103783127655271
9.103783127655271
9.103783127655271
9.103783127655271
9.103783127655271
9.103783127655271
9.103783127655271
9.103783127655271
9.103783127655271
9.103783127655271
9.103783127655271
9.103783127655271
9.103783127655271
9.103783127655271
9.103783127655271
9.103783127655271
9.103783127655271
9.103783127655271
9.103783127655271
9.103783127655271
9.103783127655271
9.103783127655271
9.103783127655271
9.103783127655271
9.103783127655271
9.103783127655271
9.103783127655271
9.103783127655271
9.103783127655271
9.103783127655271
9.103783127655271
9.103783127655271
9.103783127655271
9.103783127655271
9.103783127655271
9.103783127655271
9.103783127655271
9.103783127655271
9.103783127655271
9.103783127655271
9.103783127655271
9.103783127655271
9.103783127655271
9.103783127655271
9.103783127655271
9.103783127655271
9.103783127655271
9.103783127655271
9.103783127655271
9.103783127655271
9.103783127655271
9.103783127655271
9.103783127655271
9.103783127655271
9.103783127655271
9.103783127655271
9.103783127655271
9.103783127655271
9.103783127655271
9.103783127655271
9.103783127655271
9.103783127655271
9.103783127655271
9.103783127655271
9.103783127655271
9.103783127655271
9.103783127655271
9.103783127655271
9.103783127655271
9.18470564434554
10.007417897363275
10.115314586283635
10.115314586283635
10.115314586283635
10.115314586283635
10.115314586283635
10.115314586283635
10.115314586283635
10.115314586283635
10.115314586283635
10.115314586283635
10.115314586283635
10.115314586283635
10.115314586283635
9.387011936071213
9.103783127655271
9.103783127655271
9.103783127655271
9.103783127655271
9.103783127655271
9.103783127655271
9.103783127655271
9.103783127655271
9.103783127655271
9.103783127655271
9.103783127655271
9.103783127655271
9.103783127655271
9.103783127655271
9.103783127655271
9.103783127655271
9.103783127655271
9.103783127655271
9.103783127655271
9.103783127655271
9.103783127655271
9.103783127655271
9.103783127655271
9.103783127655271
9.103783127655271
9.103783127655271
9.103783127655271
9.103783127655271
9.103783127655271
9.103783127655271
9.103783127655271
9.103783127655271
9.103783127655271
9.103783127655271
9.103783127655271
9.103783127655271
9.103783127655271
9.103783127655271
9.103783127655271
9.103783127655271
9.103783127655271
9.103783127655271
9.103783127655271
9.103783127655271
9.103783127655271
9.103783127655271
9.103783127655271
9.103783127655271
9.103783127655271
9.103783127655271
9.103783127655271
9.103783127655271
9.103783127655271
9.103783127655271
9.103783127655271
9.103783127655271
9.103783127655271
9.103783127655271
9.103783127655271
9.103783127655271
9.103783127655271
9.103783127655271
9.103783127655271
9.103783127655271
9.103783127655271
9.103783127655271
9.103783127655271
9.103783127655271
9.103783127655271
9.103783127655271
9.103783127655271
9.103783127655271
9.103783127655271
9.103783127655271
9.103783127655271
9.103783127655271
9.103783127655271
9.103783127655271
9.103783127655271
9.103783127655271
9.103783127655271
9.103783127655271
9.103783127655271
9.103783127655271
9.103783127655271
9.103783127655271
9.103783127655271
9.103783127655271
9.103783127655271
9.103783127655271
9.103783127655271
9.103783127655271
9.103783127655271
9.103783127655271
9.103783127655271
9.103783127655271
9.103783127655271
9.103783127655271
9.103783127655271
9.103783127655271
9.103783127655271
9.103783127655271
9.103783127655271
9.103783127655271
9.103783127655271
9.103783127655271
9.103783127655271
9.103783127655271
9.103783127655271
9.103783127655271
9.103783127655271
9.103783127655271
9.103783127655271
9.103783127655271
9.103783127655271
9.103783127655271
9.103783127655271
9.103783127655271
9.103783127655271
9.103783127655271
9.103783127655271
9.103783127655271
9.103783127655271
9.103783127655271
9.103783127655271
9.103783127655271
9.103783127655271
9.103783127655271
9.103783127655271
9.103783127655271
9.103783127655271
9.103783127655271
9.103783127655271
9.103783127655271
9.103783127655271
9.103783127655271
9.103783127655271
9.103783127655271
9.103783127655271
9.103783127655271
9.103783127655271
9.103783127655271
9.103783127655271
9.103783127655271
9.103783127655271
9.103783127655271
9.103783127655271
9.103783127655271
9.103783127655271
9.103783127655271
9.103783127655271
9.103783127655271
9.103783127655271
9.103783127655271
9.103783127655271
9.103783127655271
9.103783127655271
9.103783127655271
9.103783127655271
9.103783127655271
9.103783127655271
9.103783127655271
9.103783127655271
9.103783127655271
9.103783127655271
9.103783127655271
9.103783127655271
9.103783127655271
9.103783127655271
9.103783127655271
9.103783127655271
9.103783127655271
9.103783127655271
9.103783127655271
9.103783127655271
9.103783127655271
9.103783127655271
9.103783127655271
9.103783127655271
9.103783127655271
9.103783127655271
9.103783127655271
9.103783127655271
9.103783127655271
9.103783127655271
9.103783127655271
9.103783127655271
9.103783127655271
9.103783127655271
9.103783127655271
9.103783127655271
9.103783127655271
9.103783127655271
9.103783127655271
9.103783127655271
9.103783127655271
9.103783127655271
9.103783127655271
9.103783127655271
9.103783127655271
9.103783127655271
9.103783127655271
9.103783127655271
9.103783127655271
9.103783127655271
9.103783127655271
9.103783127655271
9.103783127655271
9.103783127655271
9.103783127655271
9.103783127655271
9.103783127655271
9.103783127655271
9.103783127655271
9.103783127655271
9.103783127655271
9.103783127655271
9.103783127655271
9.103783127655271
9.103783127655271
9.103783127655271
9.103783127655271
9.103783127655271
9.103783127655271
9.103783127655271
9.103783127655271
9.103783127655271
9.103783127655271
9.103783127655271
9.103783127655271
9.103783127655271
9.103783127655271
9.103783127655271
9.103783127655271
9.103783127655271
9.103783127655271
9.103783127655271
9.103783127655271
9.103783127655271
9.103783127655271
9.103783127655271
9.103783127655271
9.103783127655271
9.103783127655271
9.103783127655271
9.103783127655271
9.103783127655271
9.103783127655271
9.103783127655271
9.103783127655271
9.103783127655271
9.103783127655271
9.103783127655271
9.103783127655271
9.103783127655271
9.103783127655271
9.103783127655271
9.103783127655271
9.103783127655271
9.103783127655271
9.103783127655271
9.103783127655271
9.103783127655271
9.103783127655271
9.103783127655271
9.103783127655271
9.103783127655271
9.103783127655271
9.103783127655271
9.103783127655271
9.103783127655271
9.103783127655271
9.103783127655271
9.103783127655271
9.103783127655271
9.103783127655271
9.103783127655271
9.103783127655271
9.103783127655271
9.103783127655271
9.103783127655271
9.103783127655271
9.103783127655271
9.103783127655271
9.103783127655271
9.103783127655271
9.103783127655271
9.103783127655271
9.103783127655271
9.103783127655271
9.103783127655271
9.103783127655271
9.103783127655271
9.103783127655271
9.103783127655271
9.103783127655271
9.103783127655271
9.103783127655271
9.103783127655271
9.103783127655271
9.103783127655271
9.103783127655271
9.103783127655271
9.103783127655271
9.103783127655271
9.103783127655271
9.103783127655271
9.103783127655271
9.103783127655271
9.103783127655271
9.103783127655271
9.103783127655271
9.103783127655271
9.103783127655271
9.103783127655271
9.103783127655271
9.103783127655271
9.103783127655271
9.103783127655271
9.103783127655271
9.103783127655271
9.103783127655271
9.103783127655271
9.103783127655271
9.103783127655271
9.103783127655271
9.103783127655271
9.103783127655271
9.103783127655271
9.103783127655271
9.103783127655271
9.103783127655271
9.103783127655271
9.103783127655271
9.103783127655271
9.103783127655271
9.103783127655271
9.103783127655271
9.103783127655271
9.103783127655271
9.103783127655271
9.103783127655271
9.103783127655271
9.103783127655271
9.103783127655271
9.103783127655271
9.103783127655271
9.103783127655271
9.103783127655271
9.103783127655271
9.103783127655271
9.103783127655271
9.103783127655271
9.103783127655271
9.103783127655271
9.103783127655271
9.103783127655271
9.103783127655271
9.103783127655271
9.103783127655271
9.103783127655271
9.103783127655271
9.103783127655271
9.103783127655271
9.103783127655271
9.103783127655271
9.103783127655271
