99.22485766926154
99.22485766926154
99.22485766926154
99.22485766926154
99.108669311335
92.13736783574286
92.13736783574286
92.13736783574286
92.13736783574286
92.13736783574286
92.13736783574286
92.13736783574286
92.13736783574286
92.13736783574286
96.46953375271798
101.2498547645526
101.2498547645526
101.2498547645526
101.2498547645526
101.2498547645526
101.2498547645526
101.2498547645526
101.2498547645526
101.2498547645526
101.2498547645526
92.61871960429565
91.12486928809733
91.12486928809733
91.12486928809733
91.12486928809733
91.12486928809733
91.12486928809733
91.12486928809733
91.12486928809733
91.12486928809733
93.31584975185487
95.17486347867944
95.17486347867944
95.17486347867944
95.17486347867944
95.17486347867944
95.17486347867944
95.17486347867944
95.17486347867944
95.17486347867944
96.56912377379787
97.19986057397048
97.19986057397048
97.19986057397048
97.19986057397048
97.19986057397048
97.19986057397048
97.19986057397048
97.19986057397048
97.19986057397048
97.19986057397048
92.31994954105599
90.11237074045181
90.11237074045181
90.11237074045181
90.11237074045181
90.11237074045181
90.11237074045181
90.11237074045181
90.11237074045181
101.76440320679868
108.33734459807127
108.33734459807127
108.33734459807127
108.33734459807127
108.33734459807127
108.33734459807127
108.33734459807127
108.33734459807127
107.00947765033943
104.28735040748917
104.28735040748917
104.28735040748917
104.28735040748917
104.28735040748917
104.28735040748917
104.28735040748917
104.28735040748917
104.28735040748917
102.69391007021096
101.2498547645526
101.2498547645526
101.2498547645526
101.2498547645526
101.2498547645526
101.2498547645526
101.2498547645526
101.2498547645526
102.64411505967102
104.28735040748917
104.28735040748917
104.28735040748917
104.28735040748917
104.28735040748917
104.28735040748917
104.28735040748917
104.28735040748917
104.28735040748917
102.3951400069713
101.2498547645526
101.2498547645526
101.2498547645526
101.2498547645526
101.2498547645526
101.2498547645526
101.2498547645526
101.2498547645526
101.2498547645526
97.9965807426096
94.1623649310339
94.1623649310339
94.1623649310339
94.1623649310339
94.1623649310339
94.1623649310339
94.1623649310339
94.1623649310339
94.1623649310339
94.1623649310339
92.88429299384202
87.07487509751523
87.07487509751523
87.07487509751523
87.07487509751523
87.07487509751523
87.07487509751523
87.07487509751523
87.07487509751523
87.07487509751523
87.07487509751523
93.97978322572078
95.17486347867944
95.17486347867944
95.17486347867944
95.17486347867944
95.17486347867944
95.17486347867944
95.17486347867944
95.17486347867944
95.17486347867944
95.17486347867944
90.11237074045181
90.11237074045181
90.11237074045181
90.11237074045181
90.11237074045181
90.11237074045181
90.11237074045181
90.11237074045181
90.11237074045181
90.11237074045181
95.58982189984563
96.18736202632496
96.18736202632496
96.18736202632496
96.18736202632496
96.18736202632496
96.18736202632496
96.18736202632496
96.18736202632496
96.18736202632496
96.18736202632496
96.18736202632496
96.18736202632496
96.18736202632496
96.18736202632496
96.18736202632496
96.18736202632496
96.18736202632496
96.18736202632496
96.51932876325792
101.2498547645526
101.2498547645526
101.2498547645526
101.2498547645526
101.2498547645526
101.2498547645526
101.2498547645526
101.2498547645526
101.2498547645526
101.2498547645526
97.79740070044981
93.14986638338839
93.14986638338839
93.14986638338839
93.14986638338839
93.14986638338839
93.14986638338839
93.14986638338839
93.14986638338839
93.14986638338839
98.62731754278221
99.22485766926154
99.22485766926154
99.22485766926154
99.22485766926154
99.22485766926154
99.22485766926154
99.22485766926154
99.22485766926154
99.22485766926154
97.8969907215297
94.1623649310339
94.1623649310339
94.1623649310339
94.1623649310339
94.1623649310339
94.1623649310339
94.1623649310339
94.1623649310339
94.1623649310339
94.1623649310339
91.63941773034342
90.11237074045181
90.11237074045181
90.11237074045181
90.11237074045181
90.11237074045181
90.11237074045181
90.11237074045181
90.11237074045181
90.11237074045181
91.60622105665013
95.17486347867944
95.17486347867944
95.17486347867944
95.17486347867944
95.17486347867944
95.17486347867944
95.17486347867944
95.17486347867944
95.17486347867944
95.17486347867944
92.68511295168224
92.13736783574286
92.13736783574286
92.13736783574286
92.13736783574286
92.13736783574286
92.13736783574286
92.13736783574286
92.13736783574286
92.13736783574286
92.13736783574286
90.62691918269789
85.04987800222418
85.04987800222418
85.04987800222418
85.04987800222418
85.04987800222418
85.04987800222418
85.04987800222418
85.04987800222418
85.04987800222418
85.04987800222418
92.2203595199761
93.14986638338839
93.14986638338839
93.14986638338839
93.14986638338839
93.14986638338839
93.14986638338839
93.14986638338839
93.14986638338839
93.14986638338839
93.71420983617442
94.1623649310339
94.1623649310339
94.1623649310339
94.1623649310339
94.1623649310339
94.1623649310339
94.1623649310339
94.1623649310339
94.1623649310339
94.1623649310339
94.1623649310339
84.86729629691105
84.03737945457866
84.03737945457866
84.03737945457866
84.03737945457866
84.03737945457866
84.03737945457866
84.03737945457866
84.03737945457866
84.03737945457866
84.03737945457866
89.09987219280629
89.09987219280629
89.09987219280629
89.09987219280629
89.09987219280629
89.09987219280629
89.09987219280629
89.09987219280629
89.09987219280629
89.09987219280629
89.7638056666722
91.12486928809733
91.12486928809733
91.12486928809733
91.12486928809733
91.12486928809733
91.12486928809733
91.12486928809733
91.12486928809733
91.12486928809733
91.12486928809733
90.74310754062444
90.11237074045181
90.11237074045181
90.11237074045181
90.11237074045181
90.11237074045181
90.11237074045181
90.11237074045181
90.11237074045181
90.11237074045181
90.11237074045181
90.11237074045181
90.11237074045181
90.11237074045181
90.11237074045181
90.11237074045181
90.11237074045181
90.11237074045181
90.11237074045181
90.11237074045181
90.11237074045181
90.11237074045181
47.537636728799775
44.549936096403144
44.549936096403144
44.549936096403144
44.549936096403144
44.549936096403144
44.549936096403144
44.549936096403144
44.549936096403144
44.549936096403144
75.45603930486165
94.1623649310339
94.1623649310339
94.1623649310339
94.1623649310339
94.1623649310339
94.1623649310339
94.1623649310339
94.1623649310339
94.1623649310339
98.14596577422942
99.22485766926154
99.22485766926154
99.22485766926154
99.22485766926154
99.22485766926154
99.22485766926154
99.22485766926154
99.22485766926154
101.38264145932578
104.28735040748917
104.28735040748917
104.28735040748917
104.28735040748917
104.28735040748917
104.28735040748917
104.28735040748917
104.28735040748917
104.28735040748917
102.12956661742493
94.1623649310339
94.1623649310339
94.1623649310339
94.1623649310339
94.1623649310339
94.1623649310339
94.1623649310339
94.1623649310339
94.1623649310339
94.2951516258071
96.18736202632496
96.18736202632496
96.18736202632496
96.18736202632496
96.18736202632496
96.18736202632496
96.18736202632496
96.18736202632496
96.18736202632496
97.24965558451044
100.23735621690706
100.23735621690706
100.23735621690706
100.23735621690706
100.23735621690706
100.23735621690706
100.23735621690706
100.23735621690706
108.70250800869754
115.42483443158996
115.42483443158996
115.42483443158996
115.42483443158996
115.42483443158996
115.42483443158996
115.42483443158996
115.42483443158996
115.42483443158996
115.42483443158996
92.1871628462828
90.11237074045181
90.11237074045181
90.11237074045181
90.11237074045181
90.11237074045181
90.11237074045181
90.11237074045181
94.49433166796688
112.38733878865338
112.38733878865338
112.38733878865338
112.38733878865338
112.38733878865338
112.38733878865338
112.38733878865338
112.38733878865338
112.28774876757349
106.31234750278023
106.31234750278023
106.31234750278023
106.31234750278023
106.31234750278023
106.31234750278023
106.31234750278023
106.31234750278023
106.31234750278023
103.42423689146348
100.23735621690706
100.23735621690706
100.23735621690706
100.23735621690706
100.23735621690706
100.23735621690706
100.23735621690706
100.23735621690706
102.62751672282437
108.33734459807127
108.33734459807127
108.33734459807127
108.33734459807127
108.33734459807127
108.33734459807127
108.33734459807127
108.33734459807127
109.23365478779026
110.36234169336232
110.36234169336232
110.36234169336232
110.36234169336232
110.36234169336232
110.36234169336232
110.36234169336232
110.36234169336232
109.56562152472323
108.33734459807127
108.33734459807127
108.33734459807127
108.33734459807127
108.33734459807127
108.33734459807127
108.33734459807127
108.33734459807127
107.57382110312547
106.31234750278023
106.31234750278023
106.31234750278023
106.31234750278023
106.31234750278023
106.31234750278023
106.31234750278023
106.31234750278023
106.31234750278023
106.31234750278023
106.31234750278023
106.31234750278023
106.31234750278023
106.31234750278023
106.31234750278023
106.31234750278023
106.31234750278023
106.31234750278023
106.31234750278023
106.31234750278023
106.31234750278023
106.31234750278023
106.31234750278023
106.31234750278023
106.31234750278023
106.31234750278023
106.31234750278023
106.31234750278023
106.31234750278023
106.31234750278023
106.31234750278023
106.31234750278023
106.31234750278023
106.31234750278023
106.31234750278023
73.94559065181669
27.3374607864292
27.3374607864292
27.3374607864292
27.3374607864292
27.3374607864292
27.3374607864292
27.3374607864292
27.3374607864292
32.38335518781018
104.28735040748917
104.28735040748917
104.28735040748917
104.28735040748917
104.28735040748917
104.28735040748917
104.28735040748917
104.28735040748917
109.86439158796288
112.38733878865338
112.38733878865338
112.38733878865338
112.38733878865338
112.38733878865338
112.38733878865338
112.38733878865338
113.38323899945226
116.43733297923548
116.43733297923548
116.43733297923548
116.43733297923548
116.43733297923548
116.43733297923548
116.43733297923548
116.43733297923548
114.84389264195728
110.36234169336232
110.36234169336232
110.36234169336232
110.36234169336232
110.36234169336232
110.36234169336232
110.36234169336232
110.36234169336232
112.61971550450644
114.41233588394442
114.41233588394442
114.41233588394442
114.41233588394442
114.41233588394442
114.41233588394442
114.41233588394442
114.41233588394442
109.23365478779026
108.33734459807127
108.33734459807127
108.33734459807127
108.33734459807127
108.33734459807127
108.33734459807127
108.33734459807127
108.33734459807127
108.33734459807127
108.33734459807127
108.33734459807127
108.33734459807127
108.33734459807127
108.33734459807127
108.33734459807127
108.33734459807127
108.33734459807127
74.27755738874964
53.662423025212874
53.662423025212874
53.662423025212874
53.662423025212874
53.662423025212874
53.662423025212874
53.662423025212874
53.662423025212874
68.33535279764968
106.31234750278023
106.31234750278023
106.31234750278023
106.31234750278023
106.31234750278023
106.31234750278023
106.31234750278023
106.64431423971318
116.43733297923548
116.43733297923548
116.43733297923548
116.43733297923548
116.43733297923548
116.43733297923548
116.43733297923548
116.43733297923548
115.34184274735672
110.36234169336232
110.36234169336232
110.36234169336232
110.36234169336232
110.36234169336232
110.36234169336232
110.36234169336232
110.36234169336232
114.24635251547795
116.43733297923548
116.43733297923548
116.43733297923548
116.43733297923548
116.43733297923548
116.43733297923548
118.59511676929972
126.56231845569074
126.56231845569074
126.56231845569074
126.56231845569074
126.56231845569074
126.56231845569074
126.56231845569074
126.56231845569074
122.03097249655585
113.3998373362989
113.3998373362989
113.3998373362989
113.3998373362989
113.3998373362989
113.3998373362989
113.3998373362989
116.98507809517487
121.49982571746311
121.49982571746311
121.49982571746311
121.49982571746311
121.49982571746311
121.49982571746311
121.49982571746311
121.49982571746311
118.01417497966703
107.32484605042575
107.32484605042575
107.32484605042575
107.32484605042575
107.32484605042575
107.32484605042575
107.32484605042575
116.07216956860923
124.53732136039969
124.53732136039969
124.53732136039969
124.53732136039969
124.53732136039969
124.53732136039969
124.53732136039969
124.53732136039969
115.17585937889024
112.38733878865338
112.38733878865338
112.38733878865338
112.38733878865338
112.38733878865338
112.38733878865338
112.38733878865338
112.88528889405282
114.41233588394442
114.41233588394442
114.41233588394442
114.41233588394442
114.41233588394442
114.41233588394442
114.41233588394442
114.41233588394442
113.28364897837237
112.38733878865338
112.38733878865338
112.38733878865338
112.38733878865338
112.38733878865338
112.38733878865338
112.38733878865338
112.38733878865338
116.43733297923548
116.43733297923548
116.43733297923548
116.43733297923548
116.43733297923548
116.43733297923548
116.43733297923548
116.43733297923548
113.8479924311584
110.36234169336232
110.36234169336232
110.36234169336232
110.36234169336232
110.36234169336232
110.36234169336232
110.36234169336232
110.36234169336232
109.96398160904278
108.33734459807127
108.33734459807127
108.33734459807127
108.33734459807127
108.33734459807127
108.33734459807127
108.33734459807127
108.33734459807127
109.10086809301708
110.36234169336232
110.36234169336232
110.36234169336232
110.36234169336232
110.36234169336232
110.36234169336232
110.36234169336232
110.36234169336232
110.36234169336232
109.56562152472323
94.1623649310339
94.1623649310339
94.1623649310339
94.1623649310339
94.1623649310339
94.1623649310339
94.1623649310339
94.1623649310339
94.1623649310339
98.67711255332216
102.26235331219812
102.26235331219812
102.26235331219812
102.26235331219812
102.26235331219812
102.26235331219812
102.26235331219812
102.26235331219812
103.65661360731654
106.31234750278023
106.31234750278023
106.31234750278023
106.31234750278023
106.31234750278023
106.31234750278023
106.31234750278023
106.31234750278023
106.31234750278023
104.55292379703553
104.28735040748917
104.28735040748917
104.28735040748917
104.28735040748917
104.28735040748917
104.28735040748917
104.28735040748917
104.28735040748917
103.32464687038359
102.26235331219812
102.26235331219812
102.26235331219812
102.26235331219812
102.26235331219812
102.26235331219812
102.26235331219812
102.26235331219812
102.26235331219812
100.17096286952048
96.18736202632496
96.18736202632496
96.18736202632496
96.18736202632496
96.18736202632496
96.18736202632496
96.18736202632496
96.18736202632496
96.18736202632496
104.28735040748917
104.28735040748917
104.28735040748917
104.28735040748917
104.28735040748917
104.28735040748917
104.28735040748917
104.28735040748917
104.28735040748917
104.28735040748917
104.28735040748917
104.28735040748917
104.28735040748917
104.28735040748917
104.28735040748917
104.28735040748917
104.28735040748917
104.28735040748917
105.48243066044782
106.31234750278023
106.31234750278023
106.31234750278023
106.31234750278023
106.31234750278023
106.31234750278023
106.31234750278023
106.31234750278023
106.21275748170034
104.28735040748917
104.28735040748917
104.28735040748917
104.28735040748917
104.28735040748917
104.28735040748917
104.28735040748917
104.28735040748917
109.764801566883
114.41233588394442
114.41233588394442
114.41233588394442
114.41233588394442
114.41233588394442
114.41233588394442
114.41233588394442
114.41233588394442
111.32504523046791
108.33734459807127
108.33734459807127
108.33734459807127
108.33734459807127
108.33734459807127
108.33734459807127
108.33734459807127
108.33734459807127
107.47423108204558
106.31234750278023
106.31234750278023
106.31234750278023
106.31234750278023
106.31234750278023
106.31234750278023
106.31234750278023
106.31234750278023
106.31234750278023
106.31234750278023
106.31234750278023
106.31234750278023
106.31234750278023
106.31234750278023
106.31234750278023
106.31234750278023
106.31234750278023
106.31234750278023
104.45333377595566
99.22485766926154
99.22485766926154
99.22485766926154
99.22485766926154
99.22485766926154
99.22485766926154
99.22485766926154
99.22485766926154
99.22485766926154
101.1170680697794
102.26235331219812
102.26235331219812
102.26235331219812
102.26235331219812
102.26235331219812
102.26235331219812
102.26235331219812
102.26235331219812
103.42423689146348
104.28735040748917
104.28735040748917
104.28735040748917
104.28735040748917
104.28735040748917
104.28735040748917
104.28735040748917
104.28735040748917
104.75210383919531
106.31234750278023
106.31234750278023
106.31234750278023
106.31234750278023
106.31234750278023
106.31234750278023
106.31234750278023
106.31234750278023
108.37054127176457
110.36234169336232
110.36234169336232
110.36234169336232
110.36234169336232
110.36234169336232
110.36234169336232
110.36234169336232
110.36234169336232
109.764801566883
106.31234750278023
106.31234750278023
106.31234750278023
106.31234750278023
106.31234750278023
106.31234750278023
106.31234750278023
106.31234750278023
106.57792089232659
108.33734459807127
108.33734459807127
108.33734459807127
108.33734459807127
108.33734459807127
108.33734459807127
108.33734459807127
108.33734459807127
108.33734459807127
104.48653044964894
104.28735040748917
104.28735040748917
104.28735040748917
104.28735040748917
104.28735040748917
104.28735040748917
104.28735040748917
104.28735040748917
105.44923398675452
106.31234750278023
106.31234750278023
106.31234750278023
106.31234750278023
106.31234750278023
106.31234750278023
106.31234750278023
106.31234750278023
111.59061862001427
112.38733878865338
112.38733878865338
112.38733878865338
112.38733878865338
112.38733878865338
112.38733878865338
112.38733878865338
112.38733878865338
108.33734459807127
108.33734459807127
108.33734459807127
108.33734459807127
108.33734459807127
108.33734459807127
108.33734459807127
108.33734459807127
108.33734459807127
106.27915082908693
104.28735040748917
104.28735040748917
104.28735040748917
104.28735040748917
104.28735040748917
104.28735040748917
