97.15531393815432
97.15531393815432
97.15531393815432
97.15531393815432
97.15531393815432
97.15531393815432
97.15531393815432
97.15531393815432
97.15531393815432
97.15531393815432
97.15531393815432
97.15531393815432
97.15531393815432
97.47826789030331
98.1780014532928
98.1780014532928
98.1780014532928
98.1780014532928
98.1780014532928
98.1780014532928
98.1780014532928
98.1780014532928
98.1780014532928
98.1780014532928
98.1780014532928
98.1780014532928
98.1780014532928
98.1780014532928
98.1780014532928
98.1780014532928
98.1780014532928
98.1780014532928
98.1780014532928
97.28987808488307
97.15531393815432
97.15531393815432
97.15531393815432
97.15531393815432
97.15531393815432
97.15531393815432
97.15531393815432
97.15531393815432
97.15531393815432
97.15531393815432
97.15531393815432
97.15531393815432
97.15531393815432
97.15531393815432
97.15531393815432
97.15531393815432
97.15531393815432
96.2133649110531
96.13262642301586
96.13262642301586
96.13262642301586
96.13262642301586
96.13262642301586
96.13262642301586
96.13262642301586
96.13262642301586
96.13262642301586
96.13262642301586
96.13262642301586
96.13262642301586
96.13262642301586
96.13262642301586
96.13262642301586
96.13262642301586
96.13262642301586
95.56745700675513
93.06456387760046
93.06456387760046
93.06456387760046
93.06456387760046
93.06456387760046
93.06456387760046
93.06456387760046
93.06456387760046
93.06456387760046
93.06456387760046
93.06456387760046
93.06456387760046
93.06456387760046
93.06456387760046
93.06456387760046
93.06456387760046
93.06456387760046
93.06456387760046
93.06456387760046
93.06456387760046
93.06456387760046
93.06456387760046
93.06456387760046
93.06456387760046
93.06456387760046
93.06456387760046
93.06456387760046
93.06456387760046
93.06456387760046
93.06456387760046
93.06456387760046
93.06456387760046
93.06456387760046
93.06456387760046
93.06456387760046
93.06456387760046
93.06456387760046
93.06456387760046
93.06456387760046
93.06456387760046
93.06456387760046
93.06456387760046
93.06456387760046
93.06456387760046
93.06456387760046
93.06456387760046
93.06456387760046
93.06456387760046
93.06456387760046
93.06456387760046
93.06456387760046
93.06456387760046
93.06456387760046
93.06456387760046
93.06456387760046
93.06456387760046
90.56167074844579
89.99650133218506
89.99650133218506
89.99650133218506
89.99650133218506
89.99650133218506
89.99650133218506
89.99650133218506
89.99650133218506
89.99650133218506
89.99650133218506
89.99650133218506
89.99650133218506
89.99650133218506
89.99650133218506
89.99650133218506
89.99650133218506
90.15797830825956
92.04187636246199
92.04187636246199
92.04187636246199
92.04187636246199
92.04187636246199
92.04187636246199
92.04187636246199
92.04187636246199
92.04187636246199
92.04187636246199
92.04187636246199
92.04187636246199
92.04187636246199
92.04187636246199
92.04187636246199
92.04187636246199
92.04187636246199
92.04187636246199
92.04187636246199
92.04187636246199
92.63395860806847
93.06456387760046
93.06456387760046
93.06456387760046
93.06456387760046
93.06456387760046
93.06456387760046
93.06456387760046
93.06456387760046
93.06456387760046
93.06456387760046
93.06456387760046
93.06456387760046
93.06456387760046
93.06456387760046
93.06456387760046
93.06456387760046
93.06456387760046
95.64819549479238
96.13262642301586
96.13262642301586
96.13262642301586
96.13262642301586
96.13262642301586
96.13262642301586
96.13262642301586
96.13262642301586
96.13262642301586
96.13262642301586
96.13262642301586
96.13262642301586
96.13262642301586
96.13262642301586
96.13262642301586
96.13262642301586
96.13262642301586
96.13262642301586
95.64819549479238
93.06456387760046
93.06456387760046
93.06456387760046
93.06456387760046
93.06456387760046
93.06456387760046
93.06456387760046
93.06456387760046
93.06456387760046
93.06456387760046
93.06456387760046
93.06456387760046
93.06456387760046
93.06456387760046
93.06456387760046
93.06456387760046
93.06456387760046
93.06456387760046
93.06456387760046
93.06456387760046
93.06456387760046
93.06456387760046
93.06456387760046
93.06456387760046
93.06456387760046
93.06456387760046
93.06456387760046
93.06456387760046
93.06456387760046
93.06456387760046
93.06456387760046
93.06456387760046
93.06456387760046
93.06456387760046
93.06456387760046
93.06456387760046
93.06456387760046
93.06456387760046
92.0957020211535
91.01918884732353
91.01918884732353
91.01918884732353
91.01918884732353
91.01918884732353
91.01918884732353
91.01918884732353
91.01918884732353
91.01918884732353
91.01918884732353
91.01918884732353
91.01918884732353
91.01918884732353
91.01918884732353
91.01918884732353
91.01918884732353
91.01918884732353
89.48515757461583
87.95112630190813
87.95112630190813
87.95112630190813
87.95112630190813
87.95112630190813
87.95112630190813
87.95112630190813
87.95112630190813
87.95112630190813
87.95112630190813
87.95112630190813
87.95112630190813
87.95112630190813
87.95112630190813
87.95112630190813
87.95112630190813
87.95112630190813
87.95112630190813
87.95112630190813
87.95112630190813
87.95112630190813
87.95112630190813
87.95112630190813
87.95112630190813
87.95112630190813
87.95112630190813
87.95112630190813
87.95112630190813
87.95112630190813
87.95112630190813
87.95112630190813
87.95112630190813
87.95112630190813
87.95112630190813
87.95112630190813
87.95112630190813
87.84347498452513
85.90575127163119
85.90575127163119
85.90575127163119
85.90575127163119
85.90575127163119
85.90575127163119
85.90575127163119
85.90575127163119
85.90575127163119
85.90575127163119
85.90575127163119
85.90575127163119
85.90575127163119
85.90575127163119
85.90575127163119
85.90575127163119
85.90575127163119
85.90575127163119
87.41286971499315
89.99650133218506
89.99650133218506
89.99650133218506
89.99650133218506
89.99650133218506
89.99650133218506
89.99650133218506
89.99650133218506
89.99650133218506
89.99650133218506
89.99650133218506
89.99650133218506
89.99650133218506
89.99650133218506
89.99650133218506
89.99650133218506
89.99650133218506
89.99650133218506
89.99650133218506
89.99650133218506
89.99650133218506
89.99650133218506
89.99650133218506
89.99650133218506
89.99650133218506
89.99650133218506
89.99650133218506
89.99650133218506
89.99650133218506
89.99650133218506
89.99650133218506
89.99650133218506
89.99650133218506
89.99650133218506
89.99650133218506
89.99650133218506
90.96536318863203
91.01918884732353
91.01918884732353
91.01918884732353
91.01918884732353
91.01918884732353
91.01918884732353
91.01918884732353
91.01918884732353
91.01918884732353
91.01918884732353
91.01918884732353
91.01918884732353
91.01918884732353
91.01918884732353
91.01918884732353
91.01918884732353
91.26140431143527
92.04187636246199
92.04187636246199
92.04187636246199
92.04187636246199
92.04187636246199
92.04187636246199
92.04187636246199
92.04187636246199
92.04187636246199
92.04187636246199
92.04187636246199
92.04187636246199
92.04187636246199
92.04187636246199
92.04187636246199
92.04187636246199
92.04187636246199
93.71047178189843
94.08725139273892
94.08725139273892
94.08725139273892
94.08725139273892
94.08725139273892
94.08725139273892
94.08725139273892
94.08725139273892
94.08725139273892
94.08725139273892
94.08725139273892
94.08725139273892
94.08725139273892
94.08725139273892
94.08725139273892
94.08725139273892
94.08725139273892
95.43289286002639
96.13262642301586
96.13262642301586
96.13262642301586
96.13262642301586
96.13262642301586
96.13262642301586
96.13262642301586
96.13262642301586
96.13262642301586
96.13262642301586
96.13262642301586
96.13262642301586
96.13262642301586
96.13262642301586
96.13262642301586
96.13262642301586
96.13262642301586
96.13262642301586
96.13262642301586
96.13262642301586
96.13262642301586
96.13262642301586
96.13262642301586
96.13262642301586
96.13262642301586
96.13262642301586
96.13262642301586
96.13262642301586
96.13262642301586
96.13262642301586
96.13262642301586
96.13262642301586
96.13262642301586
96.13262642301586
96.13262642301586
96.13262642301586
96.13262642301586
96.13262642301586
96.13262642301586
96.13262642301586
96.13262642301586
96.13262642301586
96.13262642301586
96.13262642301586
96.13262642301586
96.13262642301586
96.13262642301586
96.13262642301586
96.13262642301586
96.13262642301586
96.13262642301586
96.13262642301586
96.13262642301586
96.13262642301586
96.13262642301586
96.13262642301586
95.70202115348387
95.10993890787739
95.10993890787739
95.10993890787739
95.10993890787739
95.10993890787739
95.10993890787739
95.10993890787739
95.10993890787739
95.10993890787739
95.10993890787739
95.10993890787739
95.10993890787739
95.10993890787739
95.10993890787739
95.10993890787739
95.10993890787739
95.10993890787739
95.10993890787739
95.10993890787739
95.29832871329764
96.13262642301586
96.13262642301586
96.13262642301586
96.13262642301586
96.13262642301586
96.13262642301586
96.13262642301586
96.13262642301586
96.13262642301586
96.13262642301586
96.13262642301586
96.13262642301586
96.13262642301586
96.13262642301586
96.13262642301586
96.13262642301586
96.13262642301586
96.13262642301586
96.13262642301586
96.13262642301586
95.80967247086687
94.08725139273892
94.08725139273892
94.08725139273892
94.08725139273892
94.08725139273892
94.08725139273892
94.08725139273892
94.08725139273892
94.08725139273892
94.08725139273892
94.08725139273892
94.08725139273892
94.08725139273892
94.08725139273892
94.08725139273892
94.08725139273892
94.08725139273892
94.08725139273892
94.08725139273892
94.57168232096241
95.10993890787739
95.10993890787739
95.10993890787739
95.10993890787739
95.10993890787739
95.10993890787739
95.10993890787739
95.10993890787739
95.10993890787739
95.10993890787739
95.10993890787739
95.10993890787739
95.10993890787739
95.10993890787739
95.10993890787739
95.10993890787739
95.10993890787739
95.10993890787739
95.10993890787739
95.10993890787739
95.10993890787739
94.57168232096241
91.01918884732353
91.01918884732353
91.01918884732353
91.01918884732353
91.01918884732353
91.01918884732353
91.01918884732353
91.01918884732353
91.01918884732353
91.01918884732353
91.01918884732353
91.01918884732353
91.01918884732353
91.01918884732353
91.01918884732353
91.01918884732353
91.01918884732353
91.01918884732353
91.01918884732353
91.01918884732353
91.01918884732353
90.58858357779154
89.99650133218506
89.99650133218506
89.99650133218506
89.99650133218506
89.99650133218506
89.99650133218506
89.99650133218506
89.99650133218506
89.99650133218506
89.99650133218506
89.99650133218506
89.99650133218506
89.99650133218506
89.99650133218506
89.99650133218506
89.99650133218506
89.99650133218506
89.99650133218506
89.99650133218506
89.99650133218506
89.99650133218506
89.99650133218506
89.45824474527008
88.97381381704659
88.97381381704659
88.97381381704659
88.97381381704659
88.97381381704659
88.97381381704659
88.97381381704659
88.97381381704659
88.97381381704659
88.97381381704659
88.97381381704659
88.97381381704659
88.97381381704659
88.97381381704659
88.97381381704659
88.97381381704659
88.97381381704659
88.97381381704659
88.97381381704659
88.97381381704659
89.26985493984984
89.99650133218506
89.99650133218506
89.99650133218506
89.99650133218506
89.99650133218506
89.99650133218506
89.99650133218506
89.99650133218506
89.99650133218506
89.99650133218506
89.99650133218506
89.99650133218506
89.99650133218506
89.99650133218506
89.99650133218506
89.99650133218506
89.99650133218506
89.99650133218506
89.99650133218506
89.99650133218506
89.99650133218506
89.99650133218506
89.99650133218506
89.99650133218506
89.99650133218506
89.99650133218506
89.99650133218506
89.99650133218506
89.99650133218506
89.99650133218506
89.99650133218506
89.99650133218506
89.99650133218506
89.99650133218506
89.99650133218506
89.99650133218506
89.99650133218506
89.99650133218506
89.99650133218506
89.99650133218506
89.99650133218506
90.5078450897543
91.01918884732353
91.01918884732353
91.01918884732353
91.01918884732353
91.01918884732353
91.01918884732353
91.01918884732353
91.01918884732353
91.01918884732353
91.01918884732353
91.01918884732353
91.01918884732353
91.01918884732353
91.01918884732353
91.01918884732353
91.01918884732353
91.01918884732353
91.01918884732353
91.28831714078102
92.04187636246199
92.04187636246199
92.04187636246199
92.04187636246199
92.04187636246199
92.04187636246199
92.04187636246199
92.04187636246199
92.04187636246199
92.04187636246199
92.04187636246199
92.04187636246199
92.04187636246199
92.04187636246199
92.04187636246199
92.04187636246199
92.04187636246199
92.04187636246199
92.04187636246199
92.04187636246199
89.99650133218506
89.99650133218506
89.99650133218506
89.99650133218506
89.99650133218506
89.99650133218506
89.99650133218506
89.99650133218506
89.99650133218506
89.99650133218506
89.99650133218506
89.99650133218506
89.99650133218506
89.99650133218506
89.99650133218506
89.99650133218506
89.99650133218506
89.99650133218506
89.99650133218506
89.99650133218506
90.42710660171704
92.04187636246199
92.04187636246199
92.04187636246199
92.04187636246199
92.04187636246199
92.04187636246199
92.04187636246199
92.04187636246199
92.04187636246199
92.04187636246199
92.04187636246199
92.04187636246199
92.04187636246199
92.04187636246199
92.04187636246199
92.04187636246199
92.04187636246199
92.04187636246199
92.04187636246199
92.04187636246199
91.39596845816402
91.01918884732353
91.01918884732353
91.01918884732353
91.01918884732353
91.01918884732353
91.01918884732353
91.01918884732353
91.01918884732353
91.01918884732353
91.01918884732353
91.01918884732353
91.01918884732353
91.01918884732353
91.01918884732353
91.01918884732353
91.01918884732353
91.01918884732353
91.01918884732353
91.01918884732353
91.12684016470652
92.04187636246199
92.04187636246199
92.04187636246199
92.04187636246199
92.04187636246199
92.04187636246199
92.04187636246199
92.04187636246199
92.04187636246199
92.04187636246199
92.04187636246199
92.04187636246199
92.04187636246199
92.04187636246199
92.04187636246199
92.04187636246199
92.04187636246199
92.04187636246199
92.04187636246199
92.04187636246199
92.04187636246199
92.04187636246199
90.69623489517454
89.99650133218506
89.99650133218506
89.99650133218506
89.99650133218506
89.99650133218506
89.99650133218506
89.99650133218506
89.99650133218506
89.99650133218506
89.99650133218506
89.99650133218506
89.99650133218506
89.99650133218506
89.99650133218506
89.99650133218506
89.99650133218506
89.99650133218506
89.99650133218506
89.99650133218506
89.99650133218506
89.99650133218506
90.15797830825956
92.04187636246199
92.04187636246199
92.04187636246199
92.04187636246199
92.04187636246199
92.04187636246199
92.04187636246199
92.04187636246199
92.04187636246199
92.04187636246199
92.04187636246199
92.04187636246199
92.04187636246199
92.04187636246199
92.04187636246199
92.04187636246199
92.04187636246199
92.04187636246199
92.04187636246199
92.04187636246199
92.04187636246199
91.61127109293001
89.99650133218506
89.99650133218506
89.99650133218506
89.99650133218506
89.99650133218506
89.99650133218506
89.99650133218506
89.99650133218506
89.99650133218506
89.99650133218506
89.99650133218506
89.99650133218506
89.99650133218506
89.99650133218506
89.99650133218506
89.99650133218506
89.99650133218506
89.99650133218506
89.99650133218506
89.99650133218506
89.99650133218506
90.26562962564255
91.01918884732353
91.01918884732353
91.01918884732353
91.01918884732353
91.01918884732353
91.01918884732353
91.01918884732353
91.01918884732353
91.01918884732353
91.01918884732353
91.01918884732353
91.01918884732353
91.01918884732353
91.01918884732353
91.01918884732353
91.01918884732353
91.01918884732353
91.01918884732353
91.01918884732353
90.77697338321178
89.99650133218506
89.99650133218506
89.99650133218506
89.99650133218506
89.99650133218506
89.99650133218506
89.99650133218506
89.99650133218506
89.99650133218506
89.99650133218506
89.99650133218506
89.99650133218506
89.99650133218506
89.99650133218506
89.99650133218506
89.99650133218506
89.99650133218506
89.99650133218506
89.99650133218506
89.99650133218506
87.95112630190813
87.95112630190813
87.95112630190813
87.95112630190813
87.95112630190813
87.95112630190813
87.95112630190813
87.95112630190813
87.95112630190813
87.95112630190813
87.95112630190813
87.95112630190813
87.95112630190813
87.95112630190813
87.95112630190813
87.95112630190813
87.95112630190813
87.95112630190813
87.95112630190813
89.29676776919558
93.06456387760046
93.06456387760046
93.06456387760046
93.06456387760046
93.06456387760046
93.06456387760046
93.06456387760046
93.06456387760046
93.06456387760046
93.06456387760046
93.06456387760046
93.06456387760046
93.06456387760046
93.06456387760046
93.06456387760046
93.06456387760046
93.06456387760046
93.06456387760046
93.06456387760046
93.06456387760046
89.0276394757381
87.95112630190813
87.95112630190813
87.95112630190813
87.95112630190813
87.95112630190813
87.95112630190813
87.95112630190813
87.95112630190813
87.95112630190813
87.95112630190813
87.95112630190813
87.95112630190813
87.95112630190813
87.95112630190813
87.95112630190813
87.95112630190813
87.95112630190813
87.95112630190813
87.95112630190813
87.95112630190813
87.95112630190813
87.95112630190813
87.95112630190813
87.95112630190813
87.95112630190813
87.95112630190813
87.95112630190813
87.95112630190813
