1.0226875151384667
1.0226875151384667
1.0226875151384667
1.0226875151384667
1.0226875151384667
1.0226875151384667
1.0226875151384667
1.0226875151384667
1.0226875151384667
1.0226875151384667
1.0226875151384667
1.0226875151384667
1.0226875151384667
1.0226875151384667
1.0226875151384667
1.0226875151384667
1.0226875151384667
1.0226875151384667
1.0226875151384667
1.0226875151384667
1.0226875151384667
1.0226875151384667
1.0226875151384667
1.0226875151384667
1.0226875151384667
1.0226875151384667
1.0226875151384667
1.0226875151384667
1.0226875151384667
1.0226875151384667
1.0226875151384667
1.0226875151384667
1.0226875151384667
1.0226875151384667
1.0226875151384667
1.6147697607449474
2.0453750302769333
2.0453750302769333
2.0453750302769333
2.0453750302769333
2.0453750302769333
2.0453750302769333
2.0453750302769333
2.0453750302769333
2.0453750302769333
2.0453750302769333
2.0453750302769333
2.0453750302769333
2.0453750302769333
2.0453750302769333
2.0453750302769333
2.0453750302769333
2.0453750302769333
2.0453750302769333
2.0453750302769333
2.0453750302769333
2.0453750302769333
2.0453750302769333
2.0453750302769333
2.0453750302769333
2.0453750302769333
2.0453750302769333
2.0453750302769333
2.0453750302769333
2.0453750302769333
2.0453750302769333
2.0453750302769333
2.0453750302769333
2.0453750302769333
2.0453750302769333
2.0453750302769333
2.0453750302769333
2.0453750302769333
2.0453750302769333
1.1303388325214632
1.0226875151384667
1.0226875151384667
1.0226875151384667
1.0226875151384667
1.0226875151384667
1.0226875151384667
1.0226875151384667
1.0226875151384667
1.0226875151384667
1.1572516618672122
2.0453750302769333
2.0453750302769333
2.0453750302769333
2.0453750302769333
2.0453750302769333
2.0453750302769333
2.0453750302769333
2.0453750302769333
2.0453750302769333
2.0453750302769333
2.0453750302769333
2.0453750302769333
2.0453750302769333
2.0453750302769333
2.0453750302769333
2.0453750302769333
2.0453750302769333
2.0453750302769333
2.0453750302769333
2.0453750302769333
2.0453750302769333
2.0453750302769333
2.0453750302769333
2.0453750302769333
2.0453750302769333
2.0453750302769333
1.4263799553247034
1.0226875151384667
1.0226875151384667
1.0226875151384667
1.0226875151384667
1.0226875151384667
1.0226875151384667
1.0226875151384667
1.0226875151384667
1.0226875151384667
1.0226875151384667
1.0226875151384667
1.0226875151384667
1.0226875151384667
1.0226875151384667
1.0226875151384667
1.9377237128939366
2.0453750302769333
2.0453750302769333
2.0453750302769333
2.0453750302769333
2.0453750302769333
2.0453750302769333
2.0453750302769333
2.0453750302769333
2.0453750302769333
2.0453750302769333
2.0453750302769333
2.0453750302769333
2.0453750302769333
2.0453750302769333
2.0453750302769333
2.0453750302769333
2.0453750302769333
2.0453750302769333
2.0453750302769333
2.0453750302769333
2.0453750302769333
2.0453750302769333
2.0453750302769333
2.0453750302769333
2.0453750302769333
2.0453750302769333
2.0453750302769333
2.0453750302769333
2.0453750302769333
2.0453750302769333
2.0453750302769333
2.0453750302769333
2.0453750302769333
2.0453750302769333
2.0453750302769333
2.0453750302769333
2.0453750302769333
2.0453750302769333
2.0453750302769333
2.0453750302769333
1.0226875151384667
1.0226875151384667
1.0226875151384667
1.0226875151384667
1.0226875151384667
1.0226875151384667
1.0226875151384667
1.0226875151384667
1.0226875151384667
1.0226875151384667
1.9377237128939366
2.0453750302769333
2.0453750302769333
2.0453750302769333
2.0453750302769333
2.0453750302769333
2.3414161530801736
3.0680625454154
3.0680625454154
3.0680625454154
3.0680625454154
3.0680625454154
3.0680625454154
3.0680625454154
3.0680625454154
3.0680625454154
3.0680625454154
3.0680625454154
3.0680625454154
3.0680625454154
3.0680625454154
3.0680625454154
3.0680625454154
3.0680625454154
3.0680625454154
3.0680625454154
3.0680625454154
3.0680625454154
3.0680625454154
3.0680625454154
3.0680625454154
3.0680625454154
3.0680625454154
3.0680625454154
3.0680625454154
3.0680625454154
3.0680625454154
2.4759802998089193
2.0453750302769333
2.0453750302769333
2.0453750302769333
2.0453750302769333
2.0453750302769333
2.0453750302769333
2.0453750302769333
2.0453750302769333
2.0453750302769333
2.0453750302769333
2.0453750302769333
2.0453750302769333
2.0453750302769333
2.0453750302769333
2.0453750302769333
2.0453750302769333
2.0453750302769333
2.0453750302769333
2.0453750302769333
2.0453750302769333
2.0453750302769333
2.0453750302769333
1.776246736819442
1.0226875151384667
1.0226875151384667
1.0226875151384667
1.0226875151384667
1.0226875151384667
1.0226875151384667
1.0226875151384667
1.0226875151384667
1.0226875151384667
1.0226875151384667
1.0226875151384667
1.0226875151384667
1.0226875151384667
1.0226875151384667
1.0226875151384667
1.0226875151384667
1.0226875151384667
1.0226875151384667
1.0226875151384667
1.0226875151384667
1.0226875151384667
1.7493339074736929
2.0453750302769333
2.0453750302769333
2.0453750302769333
2.0453750302769333
2.0453750302769333
2.0453750302769333
2.0453750302769333
2.0453750302769333
2.0453750302769333
2.0453750302769333
2.0453750302769333
2.0453750302769333
2.0453750302769333
2.0453750302769333
2.0453750302769333
2.0453750302769333
2.0453750302769333
2.0453750302769333
2.0453750302769333
2.0453750302769333
2.0453750302769333
2.0453750302769333
2.0453750302769333
2.0453750302769333
2.0453750302769333
2.0453750302769333
2.0453750302769333
2.0453750302769333
2.0453750302769333
2.0453750302769333
2.0453750302769333
2.0453750302769333
2.0453750302769333
2.0453750302769333
2.0453750302769333
2.0453750302769333
2.0453750302769333
2.0453750302769333
2.0453750302769333
2.0453750302769333
2.0453750302769333
2.0453750302769333
2.0453750302769333
2.0453750302769333
2.0453750302769333
2.0453750302769333
2.0453750302769333
2.0453750302769333
2.0453750302769333
2.0453750302769333
2.0453750302769333
2.0453750302769333
2.0453750302769333
2.0453750302769333
2.0453750302769333
2.0453750302769333
2.0453750302769333
2.0453750302769333
2.0453750302769333
2.0453750302769333
2.0453750302769333
2.0453750302769333
2.0453750302769333
2.0453750302769333
2.0453750302769333
2.0453750302769333
2.0453750302769333
2.0453750302769333
2.0453750302769333
2.0453750302769333
2.0453750302769333
2.0453750302769333
2.0453750302769333
2.0453750302769333
2.0453750302769333
2.0453750302769333
2.0453750302769333
2.0453750302769333
2.0453750302769333
2.0453750302769333
2.0453750302769333
2.0453750302769333
2.0453750302769333
2.0453750302769333
2.0453750302769333
2.0453750302769333
2.0453750302769333
2.0453750302769333
2.0453750302769333
2.0453750302769333
2.0453750302769333
2.0453750302769333
2.0453750302769333
2.0453750302769333
2.0453750302769333
2.0453750302769333
2.0453750302769333
2.0453750302769333
2.0453750302769333
2.0453750302769333
2.0453750302769333
2.0453750302769333
2.0453750302769333
2.0453750302769333
2.0453750302769333
2.0453750302769333
2.0453750302769333
2.0453750302769333
2.0453750302769333
2.0453750302769333
2.0453750302769333
2.0453750302769333
2.0453750302769333
2.0453750302769333
2.0453750302769333
2.0453750302769333
2.0453750302769333
2.0453750302769333
2.0453750302769333
2.0453750302769333
2.0453750302769333
2.0453750302769333
2.0453750302769333
2.0453750302769333
2.0453750302769333
2.0453750302769333
2.0453750302769333
2.0453750302769333
2.0453750302769333
2.0453750302769333
2.0453750302769333
2.0453750302769333
2.0453750302769333
2.0453750302769333
2.0453750302769333
2.0453750302769333
2.0453750302769333
2.0453750302769333
2.0453750302769333
2.0453750302769333
2.0453750302769333
2.0453750302769333
2.0453750302769333
1.9646365422396859
1.0226875151384667
1.0226875151384667
1.0226875151384667
1.0226875151384667
1.0226875151384667
1.0226875151384667
1.0226875151384667
1.0226875151384667
1.0226875151384667
1.0226875151384667
1.0226875151384667
1.0226875151384667
1.9108108835481876
2.0453750302769333
2.0453750302769333
2.0453750302769333
2.0453750302769333
2.0453750302769333
2.0453750302769333
2.0453750302769333
2.0453750302769333
2.0453750302769333
2.0453750302769333
2.0453750302769333
2.0453750302769333
2.0453750302769333
2.0453750302769333
2.0453750302769333
2.0453750302769333
2.0453750302769333
2.0453750302769333
2.0453750302769333
2.0453750302769333
2.0453750302769333
2.0453750302769333
2.0453750302769333
2.0453750302769333
2.0453750302769333
2.0453750302769333
2.0453750302769333
2.0453750302769333
2.0453750302769333
2.0453750302769333
2.0453750302769333
2.0453750302769333
2.0453750302769333
2.0453750302769333
2.0453750302769333
2.0453750302769333
2.0453750302769333
2.0453750302769333
2.0453750302769333
2.0453750302769333
2.0453750302769333
2.0453750302769333
2.0453750302769333
2.0453750302769333
2.0453750302769333
2.0453750302769333
2.0453750302769333
2.0453750302769333
2.0453750302769333
2.0453750302769333
2.0453750302769333
2.0453750302769333
2.0453750302769333
2.0453750302769333
2.0453750302769333
2.0453750302769333
2.0453750302769333
2.0453750302769333
2.0453750302769333
2.0453750302769333
2.0453750302769333
2.0453750302769333
2.0453750302769333
2.0453750302769333
2.0453750302769333
2.0453750302769333
2.0453750302769333
2.0453750302769333
2.0453750302769333
2.0453750302769333
2.0453750302769333
2.0453750302769333
2.0453750302769333
2.0453750302769333
2.0453750302769333
2.0453750302769333
2.0453750302769333
2.0453750302769333
2.0453750302769333
2.0453750302769333
2.0453750302769333
2.0453750302769333
2.0453750302769333
2.0453750302769333
2.0453750302769333
2.0453750302769333
2.0453750302769333
2.0453750302769333
2.0453750302769333
2.0453750302769333
2.0453750302769333
2.0453750302769333
2.0453750302769333
2.0453750302769333
2.0453750302769333
2.0453750302769333
2.0453750302769333
2.0453750302769333
2.0453750302769333
2.0453750302769333
2.0453750302769333
2.0453750302769333
2.0453750302769333
2.0453750302769333
2.0453750302769333
2.0453750302769333
2.0453750302769333
2.0453750302769333
2.0453750302769333
2.0453750302769333
2.0453750302769333
2.0453750302769333
2.0453750302769333
2.0453750302769333
2.0453750302769333
2.0453750302769333
2.0453750302769333
2.0453750302769333
2.0453750302769333
2.0453750302769333
2.0453750302769333
2.0453750302769333
2.0453750302769333
2.0453750302769333
2.0453750302769333
2.0453750302769333
2.0453750302769333
2.0453750302769333
2.0453750302769333
2.0453750302769333
2.0453750302769333
2.0453750302769333
2.0453750302769333
2.0453750302769333
2.0453750302769333
2.0453750302769333
2.0453750302769333
2.0453750302769333
2.0453750302769333
2.0453750302769333
2.0453750302769333
2.0453750302769333
2.0453750302769333
2.0453750302769333
2.0453750302769333
2.0453750302769333
2.0453750302769333
2.0453750302769333
2.0453750302769333
2.0453750302769333
2.0453750302769333
2.0453750302769333
2.0453750302769333
2.0453750302769333
2.0453750302769333
2.0453750302769333
2.0453750302769333
2.0453750302769333
2.0453750302769333
2.0453750302769333
2.0453750302769333
2.0453750302769333
2.0453750302769333
2.0453750302769333
2.0453750302769333
2.0453750302769333
2.0453750302769333
2.0453750302769333
2.0453750302769333
2.0453750302769333
2.0453750302769333
2.0453750302769333
2.0453750302769333
2.0453750302769333
2.0453750302769333
2.0453750302769333
2.0453750302769333
2.0453750302769333
2.0453750302769333
2.0453750302769333
2.0453750302769333
2.0453750302769333
2.0453750302769333
2.0453750302769333
2.0453750302769333
2.0453750302769333
2.0453750302769333
2.0453750302769333
2.0453750302769333
2.0453750302769333
2.0453750302769333
2.0453750302769333
2.0453750302769333
2.0453750302769333
2.0453750302769333
2.0453750302769333
2.0453750302769333
2.0453750302769333
2.0453750302769333
2.0453750302769333
2.0453750302769333
2.0453750302769333
2.0453750302769333
2.0453750302769333
2.0453750302769333
2.0453750302769333
2.0453750302769333
2.0453750302769333
2.0453750302769333
2.0453750302769333
2.0453750302769333
2.0453750302769333
2.0453750302769333
2.0453750302769333
2.0453750302769333
2.0453750302769333
2.0453750302769333
2.0453750302769333
2.0453750302769333
2.0453750302769333
2.0453750302769333
2.0453750302769333
2.0453750302769333
2.0453750302769333
2.0453750302769333
2.0453750302769333
2.0453750302769333
2.0453750302769333
2.0453750302769333
2.0453750302769333
2.0453750302769333
2.0453750302769333
2.0453750302769333
2.0453750302769333
2.0453750302769333
2.0453750302769333
2.0453750302769333
2.0453750302769333
2.0453750302769333
2.0453750302769333
2.0453750302769333
2.0453750302769333
2.0453750302769333
2.0453750302769333
2.0453750302769333
2.0453750302769333
2.0453750302769333
2.0453750302769333
2.0453750302769333
2.0453750302769333
2.0453750302769333
2.0453750302769333
2.0453750302769333
2.0453750302769333
2.0453750302769333
2.0453750302769333
2.0453750302769333
2.0453750302769333
2.0453750302769333
2.0453750302769333
2.0453750302769333
2.0453750302769333
2.0453750302769333
2.0453750302769333
2.0453750302769333
2.0453750302769333
2.0453750302769333
2.0453750302769333
2.0453750302769333
2.0453750302769333
2.0453750302769333
2.0453750302769333
2.0453750302769333
2.0453750302769333
2.0453750302769333
2.0453750302769333
2.0453750302769333
2.0453750302769333
2.0453750302769333
2.0453750302769333
2.0453750302769333
2.0453750302769333
2.0453750302769333
2.0453750302769333
2.0453750302769333
2.0453750302769333
2.0453750302769333
2.0453750302769333
2.0453750302769333
2.0453750302769333
2.0453750302769333
2.0453750302769333
2.0453750302769333
2.0453750302769333
2.0453750302769333
2.0453750302769333
2.0453750302769333
2.0453750302769333
2.0453750302769333
2.0453750302769333
2.0453750302769333
2.0453750302769333
2.0453750302769333
2.0453750302769333
2.0453750302769333
2.0453750302769333
2.0453750302769333
2.0453750302769333
2.0453750302769333
2.0453750302769333
2.0453750302769333
2.0453750302769333
2.0453750302769333
2.0453750302769333
2.0453750302769333
2.0453750302769333
2.0453750302769333
2.0453750302769333
2.0453750302769333
2.0453750302769333
2.0453750302769333
2.0453750302769333
2.0453750302769333
2.0453750302769333
2.0453750302769333
2.0453750302769333
2.0453750302769333
2.0453750302769333
2.0453750302769333
2.0453750302769333
2.0453750302769333
2.0453750302769333
2.0453750302769333
2.0453750302769333
2.0453750302769333
2.0453750302769333
2.0453750302769333
2.0453750302769333
2.0453750302769333
2.0453750302769333
2.0453750302769333
2.0453750302769333
2.0453750302769333
2.0453750302769333
2.0453750302769333
2.0453750302769333
2.0453750302769333
2.0453750302769333
2.0453750302769333
2.0453750302769333
2.0453750302769333
2.0453750302769333
2.0453750302769333
2.0453750302769333
2.0453750302769333
2.0453750302769333
2.0453750302769333
2.0453750302769333
2.0453750302769333
2.0453750302769333
2.0453750302769333
2.0453750302769333
2.0453750302769333
2.0453750302769333
2.0453750302769333
2.0453750302769333
2.0453750302769333
2.0453750302769333
2.0453750302769333
2.0453750302769333
2.0453750302769333
2.0453750302769333
2.0453750302769333
2.0453750302769333
2.0453750302769333
2.0453750302769333
2.0453750302769333
2.0453750302769333
2.0453750302769333
2.0453750302769333
2.0453750302769333
2.0453750302769333
2.0453750302769333
2.0453750302769333
1.3456414672874562
1.0226875151384667
1.0226875151384667
1.0226875151384667
1.0226875151384667
1.0226875151384667
1.0226875151384667
1.0226875151384667
1.0226875151384667
1.0226875151384667
1.4802056140162017
2.0453750302769333
2.0453750302769333
2.0453750302769333
2.0453750302769333
2.0453750302769333
2.0453750302769333
2.0453750302769333
2.0453750302769333
2.0453750302769333
2.0453750302769333
2.0453750302769333
2.0453750302769333
2.0453750302769333
2.0453750302769333
2.0453750302769333
2.0453750302769333
2.0453750302769333
2.0453750302769333
2.0453750302769333
1.3725542966332052
1.0226875151384667
1.0226875151384667
1.0226875151384667
1.0226875151384667
1.0226875151384667
0.9688618564469683
0.0
0.0
0.0
0.0
0.0
0.0
0.0
0.0
0.0
0.0
0.0
0.0
0.0
0.0
0.0
0.7266463923352263
1.0226875151384667
1.0226875151384667
1.0226875151384667
1.0226875151384667
1.0226875151384667
1.0226875151384667
1.0226875151384667
1.4802056140162017
2.0453750302769333
2.0453750302769333
2.0453750302769333
2.0453750302769333
2.0453750302769333
2.0453750302769333
2.0453750302769333
2.0453750302769333
2.0453750302769333
2.0453750302769333
1.0226875151384667
1.0226875151384667
1.0226875151384667
1.0226875151384667
1.0226875151384667
1.0226875151384667
1.0226875151384667
1.0226875151384667
1.0226875151384667
1.0226875151384667
1.0226875151384667
1.0226875151384667
1.0226875151384667
1.0226875151384667
1.0226875151384667
1.0226875151384667
1.0226875151384667
1.0226875151384667
1.0226875151384667
1.0226875151384667
1.0226875151384667
0.0
0.0
0.0
0.0
0.0
0.0
0.0
0.0
0.0
0.0
0.0
0.0
0.0
0.0
0.0
0.0
0.0
0.0
0.888123368409721
1.0226875151384667
1.0226875151384667
1.0226875151384667
1.0226875151384667
1.0226875151384667
1.0226875151384667
1.0226875151384667
1.0226875151384667
1.0226875151384667
1.0226875151384667
1.0226875151384667
1.0226875151384667
1.0226875151384667
1.0226875151384667
1.0226875151384667
1.0226875151384667
1.0226875151384667
1.0226875151384667
1.0226875151384667
1.0226875151384667
1.0226875151384667
1.0226875151384667
1.0226875151384667
1.0226875151384667
1.0226875151384667
1.0226875151384667
1.0226875151384667
1.0226875151384667
1.0226875151384667
1.0226875151384667
1.0226875151384667
1.0226875151384667
1.0226875151384667
1.0226875151384667
1.0226875151384667
1.0226875151384667
1.0226875151384667
1.0226875151384667
1.0226875151384667
