129.667892557698
129.667892557698
129.667892557698
129.667892557698
129.667892557698
129.667892557698
129.667892557698
128.32765594211455
126.65236017263524
126.65236017263524
126.65236017263524
126.65236017263524
126.65236017263524
126.65236017263524
126.65236017263524
126.65236017263524
126.65236017263524
126.65236017263524
126.65236017263524
129.30890060709527
129.667892557698
129.667892557698
129.667892557698
129.667892557698
129.667892557698
127.72135842554108
127.65753763432282
127.65753763432282
127.65753763432282
127.65753763432282
127.65753763432282
126.30134582093481
122.63165032588492
122.63165032588492
122.63165032588492
122.63165032588492
122.63165032588492
122.63165032588492
121.27545851249691
120.62129540250976
120.62129540250976
120.62129540250976
120.62129540250976
120.62129540250976
121.72220405102472
123.6368277875725
123.6368277875725
123.6368277875725
123.6368277875725
123.6368277875725
122.83906789734426
119.61611794082218
119.61611794082218
119.61611794082218
119.61611794082218
119.61611794082218
119.61611794082218
118.75453725937568
118.6109404791346
118.6109404791346
118.6109404791346
118.6109404791346
118.5152092923072
117.605763017447
117.605763017447
117.605763017447
117.605763017447
117.605763017447
117.605763017447
120.04690828154543
120.62129540250976
120.62129540250976
120.62129540250976
120.62129540250976
120.62129540250976
119.95117709471803
119.61611794082218
119.61611794082218
119.61611794082218
119.61611794082218
119.61611794082218
119.61611794082218
119.61611794082218
119.61611794082218
119.61611794082218
119.61611794082218
119.61611794082218
119.61611794082218
117.10317428660322
116.60058555575942
116.60058555575942
116.60058555575942
116.60058555575942
116.60058555575942
116.60058555575942
115.71507207760608
115.59540809407184
115.59540809407184
115.59540809407184
115.59540809407184
115.59540809407184
115.14068495664175
114.59023063238426
114.59023063238426
114.59023063238426
114.59023063238426
114.59023063238426
114.59023063238426
113.67280675862179
113.58505317069668
113.58505317069668
113.58505317069668
113.58505317069668
113.58505317069668
112.0373989836539
111.57469824732152
111.57469824732152
111.57469824732152
111.57469824732152
111.57469824732152
112.02942138475161
112.5798757090091
112.5798757090091
112.5798757090091
112.5798757090091
112.5798757090091
111.20772869781653
108.55916586225878
108.55916586225878
108.55916586225878
108.55916586225878
108.55916586225878
108.91018021395921
109.56434332394636
109.56434332394636
109.56434332394636
109.56434332394636
109.56434332394636
110.21052883503123
112.5798757090091
112.5798757090091
112.5798757090091
112.5798757090091
112.5798757090091
109.6840073074806
109.56434332394636
109.56434332394636
109.56434332394636
109.56434332394636
110.68120717026589
113.58505317069668
113.58505317069668
113.58505317069668
113.58505317069668
113.58505317069668
114.95720018188925
115.59540809407184
115.59540809407184
115.59540809407184
115.59540809407184
115.59540809407184
117.4781214350105
117.605763017447
117.605763017447
117.605763017447
117.605763017447
117.605763017447
116.95957750636214
116.60058555575942
116.60058555575942
116.60058555575942
116.60058555575942
116.60058555575942
117.04733109428724
118.6109404791346
118.6109404791346
118.6109404791346
118.6109404791346
118.6109404791346
118.6109404791346
117.74935979768809
117.605763017447
117.605763017447
117.605763017447
117.605763017447
117.605763017447
115.1167521599349
114.59023063238426
114.59023063238426
114.59023063238426
114.59023063238426
114.63809622579797
115.59540809407184
115.59540809407184
115.59540809407184
115.59540809407184
115.59540809407184
115.26034894017599
114.59023063238426
114.59023063238426
114.59023063238426
114.59023063238426
114.59023063238426
114.59023063238426
114.59023063238426
114.59023063238426
114.59023063238426
114.59023063238426
114.65405142360252
115.59540809407184
115.59540809407184
115.59540809407184
115.59540809407184
115.59540809407184
114.63011862689568
114.59023063238426
114.59023063238426
114.59023063238426
114.59023063238426
114.79764820384361
115.59540809407184
115.59540809407184
115.59540809407184
115.59540809407184
115.59540809407184
113.88820192898342
113.58505317069668
113.58505317069668
113.58505317069668
113.58505317069668
113.79247074215603
115.59540809407184
115.59540809407184
115.59540809407184
115.59540809407184
115.59540809407184
112.84313647278442
112.5798757090091
112.5798757090091
112.5798757090091
112.5798757090091
112.5798757090091
112.5798757090091
112.5798757090091
112.5798757090091
112.5798757090091
112.19695096169954
109.56434332394636
109.56434332394636
109.56434332394636
109.56434332394636
109.56434332394636
109.56434332394636
109.56434332394636
109.56434332394636
109.56434332394636
109.56434332394636
109.44467934041212
108.55916586225878
108.55916586225878
108.55916586225878
108.55916586225878
108.55916586225878
108.55916586225878
108.55916586225878
108.55916586225878
108.55916586225878
108.55916586225878
107.36252602691641
105.54363347719604
105.54363347719604
105.54363347719604
105.54363347719604
105.59149907060973
106.54881093888362
106.54881093888362
106.54881093888362
106.54881093888362
106.54881093888362
108.39163628531085
109.56434332394636
109.56434332394636
109.56434332394636
109.56434332394636
108.98197860407974
108.55916586225878
108.55916586225878
108.55916586225878
108.55916586225878
108.55916586225878
110.53761039002481
110.56952078563394
110.56952078563394
110.56952078563394
110.56952078563394
110.56952078563394
110.56952078563394
110.56952078563394
110.56952078563394
110.56952078563394
110.56952078563394
109.85153688442853
109.56434332394636
109.56434332394636
109.56434332394636
109.56434332394636
109.56434332394636
110.5455879889271
110.56952078563394
110.56952078563394
110.56952078563394
110.56952078563394
110.56952078563394
110.56952078563394
110.56952078563394
110.56952078563394
110.56952078563394
110.56952078563394
110.56952078563394
109.86749208223308
109.56434332394636
109.56434332394636
109.56434332394636
109.56434332394636
109.56434332394636
107.63376438959402
107.5539884005712
107.5539884005712
107.5539884005712
107.5539884005712
107.75342837312826
108.55916586225878
108.55916586225878
108.55916586225878
108.55916586225878
108.55916586225878
106.6924077191247
105.54363347719604
105.54363347719604
105.54363347719604
105.54363347719604
105.54363347719604
108.734673038109
110.56952078563394
110.56952078563394
110.56952078563394
110.56952078563394
109.70794010418744
108.55916586225878
108.55916586225878
108.55916586225878
108.55916586225878
108.55916586225878
108.55916586225878
108.55916586225878
108.55916586225878
108.55916586225878
108.55916586225878
110.8567143461161
112.5798757090091
112.5798757090091
112.5798757090091
112.5798757090091
112.18897336279727
111.57469824732152
111.57469824732152
111.57469824732152
111.57469824732152
111.57469824732152
112.28470454962465
112.5798757090091
112.5798757090091
112.5798757090091
112.5798757090091
112.55594291230226
111.57469824732152
111.57469824732152
111.57469824732152
111.57469824732152
111.57469824732152
111.447056664885
110.56952078563394
110.56952078563394
110.56952078563394
110.56952078563394
110.56952078563394
110.87266954392067
111.57469824732152
111.57469824732152
111.57469824732152
111.57469824732152
111.57469824732152
111.57469824732152
114.59023063238426
114.59023063238426
114.59023063238426
114.59023063238426
114.59023063238426
114.59023063238426
109.96322326906048
109.56434332394636
109.56434332394636
109.56434332394636
109.56434332394636
107.80927156544423
105.54363347719604
105.54363347719604
105.54363347719604
105.54363347719604
105.54363347719604
109.01388899968887
110.56952078563394
110.56952078563394
110.56952078563394
110.56952078563394
111.14390790659827
111.57469824732152
111.57469824732152
111.57469824732152
111.57469824732152
111.11199751098914
110.56952078563394
110.56952078563394
110.56952078563394
110.56952078563394
110.47378959880655
109.56434332394636
109.56434332394636
109.56434332394636
109.56434332394636
109.56434332394636
111.50289985720099
112.5798757090091
112.5798757090091
112.5798757090091
112.5798757090091
112.5798757090091
112.5798757090091
112.5798757090091
112.5798757090091
112.5798757090091
112.5798757090091
112.5798757090091
112.5798757090091
112.5798757090091
112.5798757090091
112.5798757090091
112.5798757090091
111.67042943414891
111.57469824732152
111.57469824732152
111.57469824732152
111.57469824732152
111.57469824732152
110.75300556038644
110.56952078563394
110.56952078563394
110.56952078563394
110.56952078563394
110.56952078563394
111.24761669232794
111.57469824732152
111.57469824732152
111.57469824732152
111.57469824732152
111.57469824732152
109.97917846686505
109.56434332394636
109.56434332394636
109.56434332394636
109.56434332394636
109.56434332394636
110.2264840328358
110.56952078563394
110.56952078563394
110.56952078563394
110.56952078563394
110.56952078563394
111.48694465939641
111.57469824732152
111.57469824732152
111.57469824732152
111.57469824732152
111.57469824732152
111.57469824732152
111.57469824732152
111.57469824732152
111.57469824732152
111.57469824732152
110.9045799395298
109.56434332394636
109.56434332394636
109.56434332394636
109.56434332394636
109.56434332394636
111.81402621439
112.5798757090091
112.5798757090091
112.5798757090091
112.5798757090091
112.81920367607758
113.58505317069668
113.58505317069668
113.58505317069668
113.58505317069668
113.58505317069668
111.81402621439
111.57469824732152
111.57469824732152
111.57469824732152
111.57469824732152
111.86986940670597
112.5798757090091
112.5798757090091
112.5798757090091
112.5798757090091
112.5798757090091
110.82480395050698
110.56952078563394
110.56952078563394
110.56952078563394
110.56952078563394
109.97917846686505
109.56434332394636
109.56434332394636
109.56434332394636
109.56434332394636
109.26119456565962
108.55916586225878
108.55916586225878
108.55916586225878
108.55916586225878
108.55916586225878
109.52445532943494
109.56434332394636
109.56434332394636
109.56434332394636
109.56434332394636
109.11759778541854
108.55916586225878
108.55916586225878
108.55916586225878
108.55916586225878
108.55916586225878
108.55916586225878
108.55916586225878
108.55916586225878
108.55916586225878
108.55916586225878
108.14433071934009
104.53845601550846
104.53845601550846
104.53845601550846
104.53845601550846
104.53845601550846
104.01193448795782
103.53327855382088
103.53327855382088
103.53327855382088
103.53327855382088
103.78058411979163
104.53845601550846
104.53845601550846
104.53845601550846
104.53845601550846
104.53845601550846
104.53845601550846
104.53845601550846
104.53845601550846
104.53845601550846
104.53845601550846
104.53845601550846
104.53845601550846
104.53845601550846
104.53845601550846
104.53845601550846
104.53845601550846
104.53845601550846
104.53845601550846
104.53845601550846
104.53845601550846
104.53845601550846
104.53845601550846
104.53845601550846
104.53845601550846
104.53845601550846
104.53845601550846
104.53845601550846
104.53845601550846
104.53845601550846
104.53845601550846
104.53845601550846
104.53845601550846
104.53845601550846
105.25643991671387
105.54363347719604
105.54363347719604
105.54363347719604
105.54363347719604
105.54363347719604
107.3306156313073
107.5539884005712
107.5539884005712
107.5539884005712
107.5539884005712
107.5539884005712
107.5539884005712
107.5539884005712
107.5539884005712
107.5539884005712
107.5539884005712
107.39443642252554
105.54363347719604
105.54363347719604
105.54363347719604
105.54363347719604
105.54363347719604
106.16588619157406
107.5539884005712
107.5539884005712
107.5539884005712
107.5539884005712
107.5539884005712
105.75105104865537
105.54363347719604
105.54363347719604
105.54363347719604
105.54363347719604
105.54363347719604
109.69198490638287
110.56952078563394
110.56952078563394
110.56952078563394
110.56952078563394
110.56952078563394
109.1814185766368
108.55916586225878
108.55916586225878
108.55916586225878
108.55916586225878
108.55916586225878
109.34097055468246
110.56952078563394
110.56952078563394
110.56952078563394
110.56952078563394
110.56952078563394
109.58029852175092
108.55916586225878
108.55916586225878
108.55916586225878
108.55916586225878
108.55916586225878
108.94209060956834
110.56952078563394
110.56952078563394
110.56952078563394
110.56952078563394
110.56952078563394
109.67602970857831
108.55916586225878
108.55916586225878
108.55916586225878
108.55916586225878
108.55916586225878
108.55916586225878
108.55916586225878
108.55916586225878
108.55916586225878
108.55916586225878
108.55916586225878
108.55916586225878
108.55916586225878
108.55916586225878
108.55916586225878
109.02186659859116
109.56434332394636
109.56434332394636
109.56434332394636
109.56434332394636
109.56434332394636
109.07770979090714
108.55916586225878
108.55916586225878
108.55916586225878
108.55916586225878
108.55916586225878
108.55916586225878
108.55916586225878
108.55916586225878
108.55916586225878
108.55916586225878
108.55916586225878
108.51130026884509
106.54881093888362
106.54881093888362
106.54881093888362
106.54881093888362
106.54881093888362
106.54881093888362
106.16588619157406
104.53845601550846
104.53845601550846
104.53845601550846
104.53845601550846
104.53845601550846
104.53845601550846
104.53845601550846
104.53845601550846
104.53845601550846
104.53845601550846
104.53845601550846
104.53845601550846
104.53845601550846
104.53845601550846
104.53845601550846
104.53845601550846
104.53845601550846
104.54643361441073
105.54363347719604
105.54363347719604
105.54363347719604
105.54363347719604
105.54363347719604
105.54363347719604
105.54363347719604
105.54363347719604
105.54363347719604
105.54363347719604
105.54363347719604
105.54363347719604
105.54363347719604
105.54363347719604
105.54363347719604
105.54363347719604
105.43194709256409
104.53845601550846
104.53845601550846
104.53845601550846
104.53845601550846
104.53845601550846
104.53845601550846
105.47981268597778
105.54363347719604
105.54363347719604
105.54363347719604
105.54363347719604
105.54363347719604
105.54363347719604
105.54363347719604
105.54363347719604
105.54363347719604
105.54363347719604
105.54363347719604
105.54363347719604
105.54363347719604
105.54363347719604
105.54363347719604
105.54363347719604
105.54363347719604
105.54363347719604
104.72991838916323
104.53845601550846
104.53845601550846
104.53845601550846
104.53845601550846
104.53845601550846
104.7857615814792
105.54363347719604
105.54363347719604
105.54363347719604
105.54363347719604
105.54363347719604
105.14475353208192
104.53845601550846
104.53845601550846
104.53845601550846
104.53845601550846
104.53845601550846
104.53845601550846
104.53845601550846
104.53845601550846
104.53845601550846
104.53845601550846
104.53845601550846
104.53845601550846
105.47183508707549
105.54363347719604
105.54363347719604
105.54363347719604
105.54363347719604
105.54363347719604
105.54363347719604
105.54363347719604
105.54363347719604
105.54363347719604
105.54363347719604
105.54363347719604
105.73509585085081
107.5539884005712
107.5539884005712
107.5539884005712
107.5539884005712
107.5539884005712
107.5539884005712
107.25083964228446
106.54881093888362
106.54881093888362
106.54881093888362
106.54881093888362
106.54881093888362
106.54881093888362
106.54881093888362
106.54881093888362
106.54881093888362
106.54881093888362
106.54881093888362
106.54881093888362
106.3733037630334
105.54363347719604
105.54363347719604
105.54363347719604
105.54363347719604
105.54363347719604
105.54363347719604
104.94531355952485
104.53845601550846
104.53845601550846
104.53845601550846
104.53845601550846
104.53845601550846
104.53845601550846
105.25643991671387
105.54363347719604
105.54363347719604
105.54363347719604
105.54363347719604
105.54363347719604
105.04104474635224
104.53845601550846
104.53845601550846
104.53845601550846
104.53845601550846
104.53845601550846
104.66609759794497
105.54363347719604
105.54363347719604
105.54363347719604
105.54363347719604
105.54363347719604
105.54363347719604
105.54363347719604
105.54363347719604
105.54363347719604
105.54363347719604
105.54363347719604
105.54363347719604
105.75105104865537
106.54881093888362
106.54881093888362
106.54881093888362
106.54881093888362
106.54881093888362
104.63418720233584
101.5229236304457
101.5229236304457
101.5229236304457
101.5229236304457
101.5229236304457
101.5229236304457
104.63418720233584
106.54881093888362
106.54881093888362
106.54881093888362
106.54881093888362
106.54881093888362
107.98477874129445
108.55916586225878
108.55916586225878
108.55916586225878
108.55916586225878
108.55916586225878
108.51130026884509
107.5539884005712
107.5539884005712
107.5539884005712
107.5539884005712
107.5539884005712
107.5539884005712
108.26399470287433
108.55916586225878
108.55916586225878
108.55916586225878
108.55916586225878
108.55916586225878
108.83040422493637
109.56434332394636
109.56434332394636
109.56434332394636
109.56434332394636
109.56434332394636
109.56434332394636
108.59905385677018
108.55916586225878
108.55916586225878
108.55916586225878
108.55916586225878
108.55916586225878
109.66007451077375
111.57469824732152
111.57469824732152
111.57469824732152
111.57469824732152
111.57469824732152
110.68918476916818
108.55916586225878
108.55916586225878
108.55916586225878
108.55916586225878
108.55916586225878
108.55916586225878
108.55916586225878
108.55916586225878
108.55916586225878
108.55916586225878
108.55916586225878
108.55916586225878
108.44747947762683
106.54881093888362
106.54881093888362
106.54881093888362
106.54881093888362
106.54881093888362
106.54881093888362
108.63096425237931
109.56434332394636
109.56434332394636
109.56434332394636
109.56434332394636
109.56434332394636
108.8623146205455
108.55916586225878
108.55916586225878
108.55916586225878
108.55916586225878
108.55916586225878
108.55916586225878
108.55916586225878
108.55916586225878
108.55916586225878
108.55916586225878
108.55916586225878
108.55916586225878
108.55916586225878
108.55916586225878
108.55916586225878
108.55916586225878
108.55916586225878
108.55916586225878
108.55916586225878
108.55916586225878
108.55916586225878
108.55916586225878
108.55916586225878
108.55916586225878
107.8730923566625
107.5539884005712
107.5539884005712
107.5539884005712
107.5539884005712
107.5539884005712
107.17904125216393
106.54881093888362
106.54881093888362
106.54881093888362
106.54881093888362
106.54881093888362
105.70318545524168
104.53845601550846
104.53845601550846
104.53845601550846
104.53845601550846
104.53845601550846
104.53845601550846
104.53845601550846
104.53845601550846
104.53845601550846
