144.21972975359887
144.21972975359887
144.21972975359887
144.21972975359887
144.21972975359887
136.09467455621302
136.09467455621302
136.09467455621302
136.09467455621302
136.09467455621302
136.09467455621302
136.09467455621302
136.09467455621302
136.09467455621302
136.09467455621302
136.09467455621302
136.09467455621302
136.09467455621302
136.09467455621302
136.09467455621302
136.09467455621302
136.09467455621302
136.09467455621302
136.09467455621302
136.09467455621302
136.09467455621302
136.09467455621302
136.09467455621302
136.09467455621302
136.09467455621302
136.09467455621302
136.09467455621302
136.09467455621302
136.09467455621302
136.09467455621302
136.09467455621302
136.09467455621302
136.09467455621302
136.09467455621302
139.6273072507286
140.15720215490595
140.15720215490595
140.15720215490595
140.15720215490595
140.15720215490595
140.15720215490595
140.15720215490595
140.15720215490595
140.15720215490595
140.15720215490595
140.15720215490595
140.15720215490595
140.15720215490595
140.15720215490595
140.15720215490595
140.15720215490595
140.15720215490595
140.15720215490595
140.15720215490595
140.15720215490595
140.15720215490595
140.15720215490595
140.15720215490595
140.15720215490595
140.15720215490595
140.15720215490595
140.15720215490595
140.15720215490595
140.15720215490595
140.15720215490595
140.15720215490595
143.8664664841473
146.25099355294532
146.25099355294532
146.25099355294532
146.25099355294532
146.25099355294532
146.25099355294532
146.25099355294532
146.25099355294532
146.25099355294532
146.25099355294532
146.25099355294532
146.25099355294532
146.25099355294532
146.25099355294532
146.25099355294532
146.25099355294532
146.25099355294532
146.25099355294532
146.25099355294532
146.25099355294532
146.25099355294532
146.25099355294532
146.25099355294532
146.25099355294532
146.25099355294532
146.25099355294532
146.25099355294532
146.25099355294532
146.25099355294532
146.25099355294532
146.16267773558243
145.2353616532721
145.2353616532721
145.2353616532721
145.2353616532721
145.2353616532721
145.2353616532721
145.2353616532721
145.2353616532721
145.2353616532721
145.2353616532721
145.2353616532721
145.2353616532721
145.2353616532721
145.2353616532721
145.2353616532721
145.2353616532721
145.2353616532721
145.2353616532721
145.2353616532721
145.2353616532721
145.2353616532721
145.2353616532721
145.2353616532721
145.2353616532721
145.2353616532721
145.2353616532721
145.2353616532721
145.2353616532721
145.2353616532721
145.2353616532721
145.2353616532721
145.2353616532721
145.2353616532721
145.2353616532721
145.2353616532721
145.2353616532721
145.2353616532721
145.45615119667931
146.25099355294532
146.25099355294532
146.25099355294532
146.25099355294532
146.25099355294532
146.25099355294532
146.25099355294532
146.25099355294532
146.25099355294532
146.25099355294532
146.25099355294532
146.25099355294532
146.25099355294532
146.25099355294532
146.25099355294532
146.25099355294532
146.25099355294532
146.25099355294532
146.25099355294532
146.25099355294532
146.25099355294532
146.25099355294532
146.25099355294532
146.25099355294532
146.25099355294532
146.25099355294532
146.25099355294532
146.25099355294532
146.25099355294532
146.25099355294532
146.25099355294532
146.25099355294532
146.25099355294532
146.25099355294532
146.25099355294532
146.25099355294532
144.6613088404133
143.20409785392565
143.20409785392565
143.20409785392565
143.20409785392565
143.20409785392565
143.20409785392565
143.20409785392565
143.20409785392565
143.20409785392565
143.20409785392565
143.20409785392565
143.20409785392565
143.20409785392565
143.20409785392565
143.20409785392565
143.20409785392565
143.20409785392565
143.20409785392565
143.20409785392565
143.20409785392565
143.20409785392565
143.20409785392565
143.20409785392565
143.20409785392565
143.20409785392565
143.20409785392565
143.20409785392565
143.20409785392565
143.20409785392565
143.20409785392565
143.20409785392565
143.20409785392565
143.20409785392565
143.20409785392565
142.3650975889782
142.1884659542524
142.1884659542524
142.1884659542524
142.1884659542524
142.1884659542524
142.1884659542524
142.1884659542524
142.1884659542524
142.1884659542524
142.1884659542524
142.1884659542524
142.1884659542524
142.1884659542524
142.1884659542524
142.1884659542524
142.1884659542524
142.1884659542524
142.1884659542524
142.1884659542524
142.1884659542524
142.1884659542524
142.1884659542524
142.1884659542524
142.1884659542524
142.1884659542524
142.1884659542524
142.1884659542524
142.1884659542524
142.1884659542524
142.1884659542524
142.1884659542524
142.1884659542524
142.1884659542524
142.1884659542524
142.1884659542524
141.92351850216374
141.17283405457917
141.17283405457917
141.17283405457917
141.17283405457917
141.17283405457917
141.17283405457917
141.17283405457917
141.17283405457917
141.17283405457917
141.17283405457917
141.17283405457917
141.17283405457917
141.17283405457917
141.17283405457917
141.17283405457917
141.17283405457917
141.17283405457917
141.17283405457917
141.17283405457917
141.17283405457917
141.17283405457917
141.17283405457917
141.17283405457917
141.17283405457917
141.17283405457917
141.17283405457917
141.17283405457917
141.17283405457917
141.17283405457917
141.17283405457917
141.17283405457917
141.17283405457917
141.17283405457917
141.17283405457917
141.17283405457917
141.17283405457917
141.17283405457917
141.17283405457917
139.18572816391415
136.09467455621302
136.09467455621302
136.09467455621302
136.09467455621302
136.09467455621302
136.09467455621302
136.09467455621302
136.09467455621302
136.09467455621302
136.09467455621302
136.09467455621302
136.09467455621302
136.09467455621302
136.09467455621302
136.09467455621302
136.09467455621302
136.09467455621302
136.09467455621302
136.09467455621302
136.09467455621302
136.09467455621302
136.09467455621302
136.09467455621302
136.09467455621302
136.09467455621302
136.09467455621302
136.09467455621302
136.09467455621302
136.09467455621302
136.09467455621302
136.09467455621302
136.09467455621302
136.09467455621302
136.09467455621302
136.09467455621302
136.09467455621302
136.9778327298419
137.11030645588625
137.11030645588625
137.11030645588625
137.11030645588625
137.11030645588625
137.11030645588625
137.11030645588625
137.11030645588625
137.11030645588625
137.11030645588625
137.11030645588625
137.11030645588625
137.11030645588625
137.11030645588625
137.11030645588625
137.11030645588625
137.11030645588625
137.11030645588625
137.11030645588625
137.11030645588625
137.11030645588625
137.11030645588625
137.11030645588625
137.11030645588625
137.11030645588625
137.11030645588625
137.11030645588625
137.11030645588625
137.11030645588625
137.11030645588625
137.11030645588625
136.7570431864347
136.09467455621302
136.09467455621302
136.09467455621302
136.09467455621302
136.09467455621302
136.09467455621302
136.09467455621302
136.09467455621302
136.09467455621302
136.09467455621302
136.09467455621302
136.09467455621302
136.09467455621302
136.09467455621302
136.09467455621302
136.09467455621302
136.09467455621302
136.09467455621302
136.09467455621302
136.09467455621302
136.09467455621302
136.09467455621302
136.09467455621302
136.09467455621302
136.09467455621302
136.09467455621302
136.09467455621302
136.09467455621302
136.09467455621302
136.09467455621302
136.09467455621302
136.09467455621302
136.09467455621302
136.09467455621302
136.09467455621302
136.09467455621302
136.09467455621302
136.09467455621302
136.09467455621302
136.09467455621302
136.09467455621302
136.09467455621302
136.09467455621302
136.09467455621302
136.09467455621302
136.09467455621302
136.09467455621302
136.09467455621302
136.09467455621302
136.09467455621302
136.09467455621302
136.09467455621302
136.09467455621302
136.09467455621302
136.09467455621302
136.09467455621302
136.09467455621302
136.09467455621302
136.09467455621302
136.09467455621302
136.09467455621302
136.09467455621302
136.09467455621302
136.09467455621302
136.09467455621302
136.09467455621302
135.34399010862845
135.07904265653977
135.07904265653977
135.07904265653977
135.07904265653977
135.07904265653977
135.07904265653977
135.07904265653977
135.07904265653977
135.07904265653977
135.07904265653977
135.07904265653977
135.07904265653977
135.07904265653977
135.07904265653977
135.07904265653977
135.07904265653977
135.07904265653977
135.07904265653977
135.07904265653977
135.07904265653977
135.07904265653977
135.07904265653977
135.07904265653977
135.07904265653977
135.07904265653977
135.07904265653977
135.07904265653977
135.07904265653977
135.07904265653977
135.07904265653977
135.07904265653977
135.07904265653977
134.63746356972533
134.06341075686655
134.06341075686655
134.06341075686655
134.06341075686655
134.06341075686655
134.06341075686655
134.06341075686655
134.06341075686655
134.06341075686655
134.06341075686655
134.06341075686655
134.06341075686655
134.06341075686655
134.06341075686655
134.06341075686655
134.06341075686655
134.06341075686655
134.06341075686655
134.06341075686655
134.06341075686655
134.06341075686655
134.06341075686655
134.06341075686655
134.06341075686655
134.06341075686655
134.06341075686655
134.06341075686655
134.06341075686655
134.06341075686655
134.06341075686655
134.63746356972533
135.07904265653977
135.07904265653977
135.07904265653977
135.07904265653977
135.07904265653977
135.07904265653977
135.07904265653977
135.07904265653977
135.07904265653977
135.07904265653977
135.07904265653977
135.07904265653977
135.07904265653977
135.07904265653977
135.07904265653977
135.07904265653977
135.07904265653977
135.07904265653977
135.07904265653977
135.07904265653977
135.07904265653977
135.07904265653977
135.07904265653977
135.07904265653977
135.07904265653977
135.07904265653977
135.07904265653977
135.07904265653977
135.07904265653977
135.07904265653977
134.37251611763665
133.04777885719332
133.04777885719332
133.04777885719332
133.04777885719332
133.04777885719332
133.04777885719332
133.04777885719332
133.04777885719332
133.04777885719332
133.04777885719332
133.04777885719332
133.04777885719332
133.04777885719332
133.04777885719332
133.04777885719332
133.04777885719332
133.04777885719332
133.04777885719332
133.04777885719332
133.04777885719332
133.04777885719332
133.04777885719332
133.04777885719332
133.04777885719332
133.04777885719332
133.04777885719332
133.04777885719332
133.04777885719332
133.04777885719332
133.04777885719332
135.96220083016868
136.09467455621302
136.09467455621302
136.09467455621302
136.09467455621302
136.09467455621302
136.09467455621302
136.09467455621302
136.09467455621302
136.09467455621302
136.09467455621302
136.09467455621302
136.09467455621302
136.09467455621302
136.09467455621302
136.09467455621302
136.09467455621302
136.09467455621302
136.09467455621302
136.09467455621302
136.09467455621302
136.09467455621302
136.09467455621302
136.09467455621302
136.09467455621302
136.09467455621302
136.09467455621302
136.09467455621302
135.47646383467278
135.07904265653977
135.07904265653977
135.07904265653977
135.07904265653977
135.07904265653977
135.07904265653977
135.07904265653977
135.07904265653977
135.07904265653977
135.07904265653977
135.07904265653977
135.07904265653977
135.07904265653977
135.07904265653977
135.07904265653977
135.07904265653977
135.07904265653977
135.07904265653977
135.07904265653977
135.07904265653977
135.07904265653977
135.07904265653977
135.07904265653977
135.07904265653977
135.07904265653977
135.07904265653977
135.07904265653977
135.07904265653977
134.81409520445112
128.9852512585004
128.9852512585004
128.9852512585004
128.9852512585004
128.9852512585004
128.9852512585004
128.9852512585004
128.9852512585004
128.9852512585004
128.9852512585004
128.9852512585004
128.9852512585004
128.9852512585004
128.9852512585004
128.9852512585004
128.9852512585004
128.9852512585004
128.9852512585004
128.9852512585004
128.9852512585004
128.9852512585004
128.9852512585004
128.9852512585004
128.9852512585004
128.9852512585004
128.9852512585004
128.9852512585004
128.9852512585004
128.9852512585004
128.9852512585004
128.9852512585004
131.45809414466132
137.11030645588625
137.11030645588625
137.11030645588625
137.11030645588625
137.11030645588625
137.11030645588625
137.11030645588625
137.11030645588625
137.11030645588625
137.11030645588625
137.11030645588625
137.11030645588625
137.11030645588625
137.11030645588625
137.11030645588625
137.11030645588625
137.11030645588625
137.11030645588625
137.11030645588625
137.11030645588625
137.11030645588625
137.11030645588625
137.11030645588625
137.11030645588625
137.11030645588625
137.11030645588625
137.11030645588625
137.11030645588625
133.04777885719332
133.04777885719332
133.04777885719332
133.04777885719332
133.04777885719332
133.04777885719332
133.04777885719332
133.04777885719332
133.04777885719332
133.04777885719332
133.04777885719332
133.04777885719332
133.04777885719332
133.04777885719332
133.04777885719332
133.04777885719332
133.04777885719332
133.04777885719332
133.04777885719332
133.04777885719332
133.04777885719332
133.04777885719332
133.04777885719332
133.04777885719332
133.04777885719332
133.04777885719332
133.04777885719332
133.04777885719332
133.04777885719332
133.04777885719332
131.01651505784685
131.01651505784685
131.01651505784685
131.01651505784685
131.01651505784685
131.01651505784685
131.01651505784685
131.01651505784685
131.01651505784685
131.01651505784685
131.01651505784685
131.01651505784685
131.01651505784685
131.01651505784685
131.01651505784685
131.01651505784685
131.01651505784685
131.01651505784685
131.01651505784685
131.01651505784685
131.01651505784685
131.01651505784685
131.01651505784685
131.01651505784685
131.01651505784685
131.01651505784685
131.01651505784685
131.9438311401572
138.12593835555947
138.12593835555947
138.12593835555947
138.12593835555947
138.12593835555947
138.12593835555947
138.12593835555947
138.12593835555947
138.12593835555947
138.12593835555947
138.12593835555947
138.12593835555947
138.12593835555947
138.12593835555947
138.12593835555947
138.12593835555947
138.12593835555947
138.12593835555947
138.12593835555947
138.12593835555947
138.12593835555947
138.12593835555947
138.12593835555947
138.12593835555947
138.12593835555947
129.86840943212928
126.95398745915394
126.95398745915394
126.95398745915394
126.95398745915394
126.95398745915394
126.95398745915394
126.95398745915394
126.95398745915394
126.95398745915394
126.95398745915394
126.95398745915394
126.95398745915394
126.95398745915394
126.95398745915394
126.95398745915394
126.95398745915394
126.95398745915394
126.95398745915394
126.95398745915394
126.95398745915394
126.95398745915394
126.95398745915394
126.95398745915394
126.95398745915394
126.95398745915394
126.95398745915394
129.60346198004063
131.01651505784685
131.01651505784685
131.01651505784685
131.01651505784685
131.01651505784685
131.01651505784685
131.01651505784685
131.01651505784685
131.01651505784685
131.01651505784685
131.01651505784685
131.01651505784685
131.01651505784685
131.01651505784685
131.01651505784685
131.01651505784685
131.01651505784685
131.01651505784685
131.01651505784685
131.01651505784685
131.01651505784685
131.01651505784685
131.01651505784685
130.48662015366952
124.92272365980747
124.92272365980747
124.92272365980747
124.92272365980747
124.92272365980747
124.92272365980747
124.92272365980747
124.92272365980747
124.92272365980747
124.92272365980747
124.92272365980747
124.92272365980747
124.92272365980747
124.92272365980747
124.92272365980747
124.92272365980747
124.92272365980747
124.92272365980747
124.92272365980747
124.92272365980747
124.92272365980747
124.92272365980747
124.92272365980747
124.92272365980747
124.92272365980747
124.92272365980747
124.92272365980747
135.60893756071712
136.09467455621302
136.09467455621302
136.09467455621302
136.09467455621302
136.09467455621302
136.09467455621302
136.09467455621302
136.09467455621302
136.09467455621302
136.09467455621302
136.09467455621302
136.09467455621302
136.09467455621302
136.09467455621302
136.09467455621302
136.09467455621302
136.09467455621302
136.09467455621302
136.09467455621302
136.09467455621302
136.09467455621302
136.0063587388501
134.06341075686655
134.06341075686655
134.06341075686655
134.06341075686655
134.06341075686655
134.06341075686655
134.06341075686655
134.06341075686655
134.06341075686655
134.06341075686655
134.06341075686655
134.06341075686655
134.06341075686655
134.06341075686655
134.06341075686655
134.06341075686655
134.06341075686655
134.06341075686655
134.06341075686655
134.06341075686655
134.06341075686655
134.06341075686655
134.06341075686655
134.06341075686655
134.06341075686655
134.28420030027377
135.07904265653977
135.07904265653977
135.07904265653977
135.07904265653977
135.07904265653977
135.07904265653977
135.07904265653977
135.07904265653977
135.07904265653977
135.07904265653977
135.07904265653977
135.07904265653977
135.07904265653977
135.07904265653977
135.07904265653977
135.07904265653977
135.07904265653977
135.07904265653977
135.07904265653977
135.07904265653977
135.07904265653977
135.07904265653977
135.07904265653977
135.07904265653977
135.07904265653977
135.07904265653977
135.07904265653977
137.33109599929347
138.12593835555947
138.12593835555947
138.12593835555947
138.12593835555947
138.12593835555947
138.12593835555947
138.12593835555947
138.12593835555947
138.12593835555947
138.12593835555947
138.12593835555947
138.12593835555947
138.12593835555947
138.12593835555947
138.12593835555947
138.12593835555947
138.12593835555947
138.12593835555947
138.12593835555947
138.12593835555947
138.12593835555947
138.12593835555947
138.12593835555947
138.12593835555947
138.92078071182547
139.1415702552327
139.1415702552327
139.1415702552327
139.1415702552327
139.1415702552327
139.1415702552327
139.1415702552327
139.1415702552327
139.1415702552327
139.1415702552327
139.1415702552327
139.1415702552327
