86.2404845706802
84.35786199557992
92.37947122861586
114.1032986821642
113.36662028321192
109.69959891953835
102.44740934763036
98.50208725546369
98.12556274044364
94.00016370631087
88.67970860276664
84.84898092821479
84.21052631578947
98.1583040026193
111.77866906769256
109.83056396824098
107.4240811983302
99.09142997462553
95.68633870835721
95.53900302856675
91.74101661619055
86.73160350331506
83.35925349922239
87.77932389293608
111.25480887288205
111.32029139723336
107.30948678071539
100.18826225751002
95.96463943685029
95.17884914463453
92.36310059752803
87.4519112711795
84.42334451993125
89.5800933125972
109.63411639518704
108.53728411230253
103.82254235900794
97.1760661373496
94.39305885241876
93.68912171564213
90.34951297372514
85.47106490955227
82.36064500286486
87.94303020381436
114.26700499304248
113.62855038061717
107.47319309159369
99.50069575182123
95.75182123270852
95.68633870835721
93.47630351150036
87.89391831055087
84.78349840386346
101.43243022018498
115.36383727592698
110.78006057133503
103.88802488335925
96.97961856429565
95.47352050421543
95.42440861095196
92.33035933535237
87.46828190226734
88.2540721944831
95.11336662028322
117.99950888106736
117.14823606450028
112.81001882622574
108.81558484079561
109.02840304493738
107.65327003355979
101.23598264713104
97.55259065236964
101.82532536629287
136.07268560202996
136.79299336989442
132.0127690922485
125.38266350167798
115.05279528525824
114.69264140132601
114.02144552672506
108.91380862732258
103.36416468854874
99.95907342228043
99.41884259638209
125.74281738561021
139.5596300237374
133.33879021036262
125.26806908406319
115.85495620856184
115.15101907178521
115.70762052877139
108.6355078988295
104.42825570925758
101.79258410411721
100.48293361709094
100.56478677253008
118.26143897847261
138.26635016779898
127.62543996071048
116.82082344274372
113.44847343865106
113.80862732258328
111.61496275681428
104.57559138904804
101.48154211344847
99.95907342228043
115.59302611115659
139.87067201440615
133.87902103626095
122.71425063436195
112.94098387492838
110.63272489154457
110.86191372677416
108.19350085945813
101.75984284194155
98.12556274044364
97.27428992387657
121.06081689449128
134.27191618236884
128.23115331096014
119.09634116395186
111.6313333879021
113.31750838994843
114.83997708111647
109.35581566669394
104.34640255381845
103.65883604812966
124.76057952034051
143.04657444544486
138.0044200703937
129.85184578865514
119.62020135876237
118.1959564541213
117.80306130801343
112.97372513710404
108.8646967340591
104.75566833101416
119.21093558156667
146.68085454694278
140.77105672423673
132.02913972333633
121.51919456495048
119.78390766964067
119.39101252353278
113.05557829254317
108.6355078988295
106.0489481869526
110.68183678480806
127.18343292133912
141.93337153147255
132.4711467627077
122.6815093721863
120.56969796185643
120.74977490382254
118.42514528935091
111.40214455267251
107.39133993615454
120.07857902922157
144.7982319718425
142.2444135221413
133.20782516165997
122.66513874109847
120.7825161659982
120.79888679708603
118.96537611524924
112.92461324384055
108.09527707293115
123.33633461569943
142.53908488172218
140.21445526725054
133.30604894818694
123.36907587787509
121.79749529344356
120.897110583613
117.65572562822297
112.40075304903004
110.10886469673406
135.87623802897602
140.60735041335843
139.05214046001473
133.84627977408527
125.05525087992142
124.05664238356388
122.95981010067938
117.31194237537856
112.8427600884014
112.17156421380044
131.81632151919456
140.36179094704102
139.06851109110255
136.1054268642056
127.67455185397397
125.80829990996153
123.66374723745601
116.62437586968977
112.81001882622574
109.09388556928869
108.1771302283703
117.37742489972989
137.98804943930588
137.85708439060326
135.45060162069248
128.3948596218384
125.51362855038062
125.30081034623885
119.52197757223541
116.85356470491938
111.2875501350577
108.70099042318081
108.22624212163379
128.2802652042236
138.70835720717034
137.0876647294753
133.24056642383565
124.28583121879348
122.84521568306458
122.27224359499058
117.24645985102725
111.5167389702873
108.8646967340591
108.96292052058607
131.53802079070147
139.2649586641565
136.94032904968486
131.57076205287714
123.40181714005075
122.25587296390276
121.78112466235574
117.42653679299337
111.6313333879021
109.53589260866006
110.68183678480806
132.6512237046738
140.62372104444626
139.08488172219037
134.45199312433493
126.05385937627895
124.84243267577965
123.63100597528035
117.65572562822297
112.74453630187443
110.01064091020709
108.43906032577556
120.40599165097814
141.2785462879594
139.88704264549398
136.67839895227962
128.21478267987231
123.86019481050994
123.20536956699681
117.37742489972989
111.95874600965867
108.81558484079561
107.68601129573545
107.78423508226241
125.39903413276582
139.47777686829826
137.16951788491446
131.35794384873537
123.1398870426455
122.71425063436195
122.59965621674715
115.59302611115659
110.1907178521732
108.38994843251207
109.63411639518704
130.81771302283704
137.98804943930588
135.6961610870099
129.45895064254728
123.50004092657771
122.81247442088892
121.61741835147745
115.92043873291315
111.32029139723336
108.96292052058607
128.42760088401408
140.05074895637227
139.08488172219037
136.71114021445527
129.68813947777687
127.88737005811574
127.42899238765654
121.06081689449128
117.05001227797331
115.46206106245396
122.25587296390276
143.60317590243105
143.71777032004584
142.70279119260047
137.30048293361708
133.3879021036261
133.06048948186952
127.37988049439306
121.66653024474093
119.07997053286404
117.11549480232463
122.63239747892281
141.7369239584186
143.68502905787017
142.91560939674224
139.06851109110255
134.35376933780796
132.9950069575182
127.83825816485225
121.71564213800441
117.99950888106736
116.54252271425064
114.80723581894082
112.53171809773266
121.96120160432184
143.6359171646067
143.3576164361136
142.1461897356143
138.03716133256935
134.0754686093149
132.61848244249816
127.85462879594009
122.82884505197676
119.01448800851273
116.8699353360072
114.52893509044773
122.55054432348366
141.03298682164197
141.01661619055415
139.51051813047394
133.32241957927477
129.91732831300646
129.5408037979864
125.23532782188754
119.45649504788409
115.34746664483916
113.66129164279283
112.97372513710404
131.7344683637554
141.91700090038472
140.78742735532455
139.3795530817713
133.20782516165997
130.63763608087092
129.88458705083082
122.46869116804453
117.99950888106736
115.41294916919047
113.08831955471884
111.30392076614554
117.65572562822297
138.9211754113121
141.0493574527298
139.85430138331833
134.00998608496357
129.9991814684456
129.80273389539167
124.48227879184742
118.58885160022919
115.05279528525824
113.00646639927969
111.89326348530736
112.36801178685438
130.29385282802653
140.44364410248014
139.10125235327823
135.40148972742898
127.55995743635917
126.87239093067038
125.75918801669805
119.66931325202586
115.62576737333224
112.76090693296226
111.09110256200377
122.15764917737579
141.22943439469591
140.24719652942622
138.2827207988868
132.32381108291725
131.01416059589096
130.70311860522222
125.3335516084145
120.38962101989031
117.57387247278382
120.2586559711877
134.5502169108619
144.7982319718425
146.566260129328
142.70279119260047
136.62928705901612
136.02357370876646
134.35376933780796
128.24752394204796
124.85880330686747
122.7961037898011
141.11483997708112
151.00270115412948
150.0368339199476
147.9577637717934
141.70418269624292
140.1326021118114
136.85847589424571
127.83825816485225
123.02529262503069
120.6188098551199
119.9803552426946
129.32798559384463
145.3712040599165
146.36981255627404
146.38618318736187
141.54047638536466
138.41368584758942
135.28689530981418
128.01833510681837
124.3513137431448
121.22452320536956
119.81664893181632
118.14684456085782
115.34746664483916
122.61602684783499
141.0984693459933
141.75329458950642
141.01661619055415
137.92256691495456
135.0577064745846
133.78079724973398
129.72088073995252
127.75640500941311
125.74281738561021
123.81108291724645
121.91208971105836
120.53695669968077
121.9939428664975
142.47360235737088
146.6317426536793
145.6495047884096
141.08209871490547
139.46140623721044
138.6919865760825
129.78636326430384
126.57771957108946
124.66235573381354
123.33633461569943
131.27609069329623
147.13923221740197
147.4502742080707
145.38757469100435
138.95391667348775
135.94172055332731
134.68118195956453
127.67455185397397
123.41818777113858
119.6856838831137
120.2586559711877
139.96889580093313
145.42031595318
144.7982319718425
142.62093803716132
136.66202832119177
134.64844069738888
132.79855938446426
127.29802733895391
121.86297781779487
118.3105508717361
118.68707538675616
136.66202832119177
143.78325284439714
142.8828681345666
139.00302856675125
133.81353851190963
132.5202586559712
126.47949578456249
121.17541131210608
117.47564868625685
114.5616763526234
115.49480232462962
134.4356224932471
141.24580502578374
140.52549725791928
139.00302856675125
134.56658754194973
132.19284603421463
130.21199967258738
122.81247442088892
118.71981664893181
116.83719407383154
114.90545960546778
121.83023655561922
138.3482033232381
140.05074895637227
139.57600065482524
135.71253171809772
133.20782516165997
132.30744045182942
126.44675452238684
121.60104772038962
118.58885160022919
118.6543341245805
136.36735696161088
140.4763853646558
140.1326021118114
137.54604239993452
132.56937054923466
131.45616763526235
128.49308340836538
122.27224359499058
118.24506834738479
118.4742571826144
138.2336089056233
144.12703609724156
143.61954653351887
142.40811983301955
138.83932225587296
135.02496521240894
131.7344683637554
125.46451665711713
120.19317344683637
118.70344601784399
127.003355979373
144.60178439878857
146.1733649832201
145.12564459359908
140.09986084963575
137.022182205124
135.82712613571252
127.2325448146026
123.1398870426455
119.53834820332324
118.0813620365065
135.15593026111156
145.0274208070721
144.37259556355897
141.1639518703446
134.81214700826717
133.28967831709912
132.2419579274781
127.06883850372432
121.96120160432184
119.45649504788409
124.08938364573955
143.8651059998363
146.2224768764836
145.43668658426782
140.5418678890071
135.33600720307768
134.73029385282803
131.24334943112058
124.38405500532045
120.40599165097814
119.03085863960055
136.53106327248915
146.77907833346976
145.6495047884096
143.76688221330932
138.0044200703937
136.1054268642056
131.3252025865597
123.90930670377342
118.26143897847261
115.00368339199476
123.20536956699681
142.2444135221413
142.58819677498568
142.8828681345666
140.0671195874601
136.2691331750839
136.02357370876646
130.76860112957354
123.36907587787509
120.38962101989031
119.26004747483016
132.83130064663993
147.54849799459768
147.69583367438815
146.89367275108455
142.58819677498568
138.43005647867724
133.9608741917001
126.8887615617582
121.91208971105836
118.98174674633707
116.60800523860195
127.62543996071048
141.3931407055742
142.080707211263
141.26217565687156
138.06990259474503
135.09044773676024
134.255545551281
128.50945403945323
122.6815093721863
120.56969796185643
122.15764917737579
137.23500040926578
144.02881231071459
142.44086109519523
138.9211754113121
134.35376933780796
133.3879021036261
131.34157321764755
123.46729966440206
119.65294262093803
117.14823606450028
129.6553982156012
138.90480478022428
139.05214046001473
137.85708439060326
133.3879021036261
131.07964312024228
130.37570598346565
125.08799214209708
120.324138495539
118.27780960956045
130.03192273062126
143.8814766309241
144.20888925268068
143.81599410657282
139.4286649750348
136.1545387574691
133.76442661864616
128.60767782598018
123.38544650896291
119.3419006302693
119.81664893181632
141.5732176475403
144.32348367029547
144.0451829418024
140.31267905377752
137.03855283621184
135.53245477613163
131.07964312024228
125.34992223950233
121.1917819431939
119.06359990177621
117.37742489972989
126.44675452238684
144.30711303920765
146.18973561430792
145.6495047884096
143.07931570762054
137.72611934190064
136.67839895227962
131.79995088810674
126.18482442498158
121.81386592453138
120.12769092248506
118.50699844479004
120.47147417532946
138.1190144880085
144.6181550298764
143.1775394941475
139.44503560612262
133.682573463207
132.89678317099123
129.5899156912499
122.07579602193664
118.16321519194565
116.18236883031841
115.2001309650487
123.7128591307195
141.98248342473602
143.97970041745108
143.83236473766064
139.65785381026438
134.828517639355
133.5679790455922
129.1806499140542
121.58467708930179
118.57248096914135
117.24645985102725
116.73897028730457
133.35516084145044
148.08872882049602
146.64811328476713
144.83097323401816
138.77383973152166
135.90897929115167
134.50110501759843
125.87378243431284
122.12490791520013
119.3419006302693
118.03225014324302
131.39068511091102
146.64811328476713
147.15560284848982
145.79684046820006
141.76966522059425
139.98526643202095
137.97167880821806
132.73307686011296
128.34574772857493
125.72644675452239
128.29663583531146
150.6098060080216
156.78153392813292
156.38863878202505
153.32733076860112
146.6317426536793
144.88008512728166
142.86649750347877
135.20504215437504
130.55578292543177
127.24891544569043
130.09740525497259
153.44192518621594
156.43775067528853
157.32176475403128
153.8839322255873
149.49660309404928
149.18556110338054
146.9264140132602
141.58958827862813
136.90758778750921
135.15593026111156
133.94450356061225
142.93198002783006
161.00515674879267
161.10338053531964
159.79373004829336
154.53875746910043
148.30154702463778
145.91143488581486
137.28411230252925
132.09462224768765
129.29524433166898
126.82327903740689
124.67872636490137
121.69927150691659
128.21478267987231
148.90726037488744
151.72300892199394
151.24826062044693
148.69444217074567
143.14479823197183
140.67283293770976
136.35098633052303
129.34435622493248
125.84104117213718
123.92567733486126
122.5669149545715
120.71703364164688
129.5899156912499
144.86371449619384
145.96054677907833
144.7327494474912
140.26356716051404
137.28411230252925
136.3346156994352
129.50806253581075
124.36768437423262
122.51780306130802
121.3554882540722
119.35827126135712
125.80829990996153
144.47081935008595
146.68085454694278
146.00965867234183
141.9661127936482
138.33183269215027
137.20225914709013
131.7672096259311
125.02250961774577
122.50143243022018
121.20815257428174
119.27641810591798
119.03085863960055
133.5188671523287
145.73135794384874
145.20749774903823
143.42309896046493
136.3346156994352
133.92813292952442
131.8490627813702
122.40320864369322
118.13047392976999
114.02144552672506
110.81280183351068
108.19350085945813
108.16075959728248
120.01309650487026
139.1503642465417
140.0671195874601
139.6742244413522
134.33739870672014
131.16149627568143
128.96783170991242
122.05942539084882
117.96676761889171
114.80723581894082
112.53171809773266
110.01064091020709
110.91102562003765
130.6212654497831
138.82295162478513
137.97167880821806
136.18728001964476
131.43979700417452
130.1792584104117
129.22976180731766
123.33633461569943
116.24785135466972
114.59441761479904
113.62855038061717
124.3513137431448
139.98526643202095
141.22943439469591
140.4272734713923
136.18728001964476
131.0960137513301
129.32798559384463
122.87795694524024
118.0813620365065
115.29835475157567
113.85773921584676
113.25202586559712
128.91871981664892
138.9211754113121
139.11762298436605
138.65924531390684
134.84488827044282
132.19284603421463
129.9991814684456
123.5491528198412
120.42236228206598
117.80306130801343
115.74036179094703
114.38159941065727
118.5397397069657
138.2827207988868
142.0970778423508
141.52410575427683
138.3482033232381
135.51608414504378
134.46836375542276
128.75501350577065
122.9761807317672
120.11132029139723
118.6543341245805
116.54252271425064
115.98592125726447
134.91037079479415
142.62093803716132
141.52410575427683
140.77105672423673
137.69337807972497
136.51469264140133
134.09183924040272
126.7741671441434
122.87795694524024
119.94761398051895
117.50838994843251
119.3419006302693
138.08627322583285
144.0451829418024
143.79962347548496
140.83653924858802
136.30187443725956
135.25415404763854
133.0441188507817
124.85880330686747
121.94483097323402
120.42236228206598
118.89989359089793
117.60661373495948
134.61569943521323
144.1106654661537
144.12703609724156
143.66865842678234
139.1503642465417
135.84349676680037
134.09183924040272
125.93926495866415
121.43734140951133
118.5397397069657
117.03364164688548
115.18376033396088
112.13882295162479
114.70901203241385
140.91839240402717
142.11344847343864
141.72055332733078
137.44781861340755
133.66620283211918
132.6512237046738
125.84104117213718
120.29139723336334
117.86854383236474
116.08414504379144
115.13464844069739
113.03920766145535
121.79749529344356
141.81877711385775
143.128427600884
141.75329458950642
134.5993288041254
131.94728656789718
131.75083899484324
124.82606204469182
119.89850208725547
116.95178849144634
114.92183023655562
119.3419006302693
140.27993779160187
143.11205696979619
142.58819677498568
140.95113366620282
132.86404190881558
130.88319554718834
127.74003437832528
118.96537611524924
116.00229188835229
114.57804698371122
115.87132683964967
134.68118195956453
136.59654579684047
135.49971351395595
132.5857411803225
126.29941884259638
124.95702709339444
123.05803388720635
117.52476057952033
113.77588606040763
111.53310960137513
110.01064091020709
108.60276663665384
111.8605222231317
136.25276254399606
135.90897929115167
135.36874846525333
131.6035033150528
127.8055169026766
125.75918801669805
118.27780960956045
113.74314479823197
111.1729557174429
109.42129819104527
108.04616517966767
106.31087828435786
110.12523532782188
132.74944749120078
136.9566996807727
135.71253171809772
133.07686011295735
127.90374068920357
125.93926495866415
121.97757223540967
114.79086518785299
111.68044528116559
109.8469345993288
109.89604649259229
107.66964066464762
119.29278873700581
135.40148972742898
135.13955963002374
133.682573463207
126.82327903740689
124.15486617009086
122.6815093721863
116.67348776295326
112.10608168944913
109.37218629778178
107.63689940247197
105.52508799214209
105.44323483670296
124.85880330686747
135.84349676680037
136.00720307767864
135.0577064745846
130.14651714823606
127.88737005811574
124.66235573381354
118.5397397069657
116.8699353360072
