100.63739376770539
100.63739376770539
100.63739376770539
100.63739376770539
100.63739376770539
100.63739376770539
100.63739376770539
100.63739376770539
100.63739376770539
100.63739376770539
100.63739376770539
100.63739376770539
100.63739376770539
100.63739376770539
100.63739376770539
100.63739376770539
100.63739376770539
100.63739376770539
100.63739376770539
100.63739376770539
100.63739376770539
100.63739376770539
100.63739376770539
100.63739376770539
101.13314447592069
102.69121813031163
102.69121813031163
102.69121813031163
102.69121813031163
102.69121813031163
102.69121813031163
102.69121813031163
102.69121813031163
102.69121813031163
102.69121813031163
102.69121813031163
102.69121813031163
102.69121813031163
102.69121813031163
102.69121813031163
102.69121813031163
102.69121813031163
102.69121813031163
102.69121813031163
102.69121813031163
102.69121813031163
102.69121813031163
102.69121813031163
102.69121813031163
102.69121813031163
102.69121813031163
101.69971671388103
98.58356940509915
98.58356940509915
98.58356940509915
98.58356940509915
98.58356940509915
98.58356940509915
98.58356940509915
98.58356940509915
98.58356940509915
98.58356940509915
98.58356940509915
98.58356940509915
98.58356940509915
98.58356940509915
98.58356940509915
98.58356940509915
98.58356940509915
98.58356940509915
98.58356940509915
98.58356940509915
98.58356940509915
98.58356940509915
98.58356940509915
98.58356940509915
98.58356940509915
98.58356940509915
98.58356940509915
98.58356940509915
96.03399433427762
94.47592067988668
94.47592067988668
94.47592067988668
94.47592067988668
94.47592067988668
94.47592067988668
94.47592067988668
94.47592067988668
94.47592067988668
94.47592067988668
94.47592067988668
94.47592067988668
94.47592067988668
94.47592067988668
94.47592067988668
94.47592067988668
94.47592067988668
94.47592067988668
94.47592067988668
94.47592067988668
94.47592067988668
94.47592067988668
94.47592067988668
94.47592067988668
94.47592067988668
94.47592067988668
94.47592067988668
94.47592067988668
94.47592067988668
94.47592067988668
94.47592067988668
94.47592067988668
94.47592067988668
94.47592067988668
94.47592067988668
94.47592067988668
94.47592067988668
94.47592067988668
94.47592067988668
94.47592067988668
94.47592067988668
94.47592067988668
94.47592067988668
94.47592067988668
94.47592067988668
94.47592067988668
94.47592067988668
94.47592067988668
94.47592067988668
94.47592067988668
94.47592067988668
94.47592067988668
94.47592067988668
94.47592067988668
95.46742209631729
95.5028328611898
95.5028328611898
95.5028328611898
95.5028328611898
95.5028328611898
95.5028328611898
95.5028328611898
95.5028328611898
95.5028328611898
95.5028328611898
95.5028328611898
95.5028328611898
95.5028328611898
95.5028328611898
95.5028328611898
95.5028328611898
95.5028328611898
95.5028328611898
95.5028328611898
95.5028328611898
95.5028328611898
95.5028328611898
95.5028328611898
95.5028328611898
95.5028328611898
92.52832861189802
92.42209631728046
92.42209631728046
92.42209631728046
92.42209631728046
92.42209631728046
92.42209631728046
92.42209631728046
92.42209631728046
92.42209631728046
92.42209631728046
92.42209631728046
92.42209631728046
92.42209631728046
92.42209631728046
92.42209631728046
92.42209631728046
92.42209631728046
92.42209631728046
92.42209631728046
92.42209631728046
92.42209631728046
92.42209631728046
92.42209631728046
92.42209631728046
92.42209631728046
92.42209631728046
92.42209631728046
89.05807365439094
87.28753541076487
87.28753541076487
87.28753541076487
87.28753541076487
87.28753541076487
87.28753541076487
87.28753541076487
87.28753541076487
87.28753541076487
87.28753541076487
87.28753541076487
87.28753541076487
87.28753541076487
87.28753541076487
87.28753541076487
87.28753541076487
87.28753541076487
87.28753541076487
87.28753541076487
87.28753541076487
87.28753541076487
87.28753541076487
87.28753541076487
87.28753541076487
89.97875354107649
91.39518413597735
91.39518413597735
91.39518413597735
91.39518413597735
91.39518413597735
91.39518413597735
91.39518413597735
91.39518413597735
91.39518413597735
91.39518413597735
91.39518413597735
91.39518413597735
91.39518413597735
91.39518413597735
91.39518413597735
91.39518413597735
91.39518413597735
91.39518413597735
91.39518413597735
91.39518413597735
91.39518413597735
91.39518413597735
91.39518413597735
90.43909348441927
88.31444759206799
88.31444759206799
88.31444759206799
88.31444759206799
88.31444759206799
88.31444759206799
88.31444759206799
88.31444759206799
88.31444759206799
88.31444759206799
88.31444759206799
88.31444759206799
88.31444759206799
88.31444759206799
88.31444759206799
88.31444759206799
88.31444759206799
88.31444759206799
88.31444759206799
88.31444759206799
88.31444759206799
88.31444759206799
88.31444759206799
88.31444759206799
88.31444759206799
89.02266288951841
89.34135977337111
89.34135977337111
89.34135977337111
89.34135977337111
89.34135977337111
89.34135977337111
89.34135977337111
89.34135977337111
89.34135977337111
89.34135977337111
89.34135977337111
89.34135977337111
89.34135977337111
89.34135977337111
89.34135977337111
89.34135977337111
89.34135977337111
89.34135977337111
89.34135977337111
89.34135977337111
89.34135977337111
89.34135977337111
89.34135977337111
89.34135977337111
89.34135977337111
89.34135977337111
89.34135977337111
89.34135977337111
89.34135977337111
89.34135977337111
89.34135977337111
89.34135977337111
89.34135977337111
89.34135977337111
89.34135977337111
89.34135977337111
89.34135977337111
89.34135977337111
89.34135977337111
89.34135977337111
89.34135977337111
89.34135977337111
89.34135977337111
89.34135977337111
89.34135977337111
89.34135977337111
89.34135977337111
89.34135977337111
89.34135977337111
89.34135977337111
89.34135977337111
89.34135977337111
89.34135977337111
89.34135977337111
89.34135977337111
89.34135977337111
89.34135977337111
89.34135977337111
89.34135977337111
89.34135977337111
89.34135977337111
89.34135977337111
89.34135977337111
89.34135977337111
89.34135977337111
89.34135977337111
89.34135977337111
89.34135977337111
89.34135977337111
89.34135977337111
94.29886685552408
94.47592067988668
94.47592067988668
94.47592067988668
94.47592067988668
94.47592067988668
94.47592067988668
94.47592067988668
94.47592067988668
94.47592067988668
94.47592067988668
94.47592067988668
94.47592067988668
94.47592067988668
94.47592067988668
94.47592067988668
94.47592067988668
94.47592067988668
94.47592067988668
94.47592067988668
94.47592067988668
94.47592067988668
94.47592067988668
94.47592067988668
94.47592067988668
94.47592067988668
94.47592067988668
94.47592067988668
94.47592067988668
94.47592067988668
94.47592067988668
94.47592067988668
94.47592067988668
94.47592067988668
94.47592067988668
94.47592067988668
94.47592067988668
94.47592067988668
94.47592067988668
94.47592067988668
94.47592067988668
94.47592067988668
94.47592067988668
94.47592067988668
94.47592067988668
94.47592067988668
94.47592067988668
94.47592067988668
94.47592067988668
94.47592067988668
94.47592067988668
94.47592067988668
90.36827195467423
90.36827195467423
90.36827195467423
90.36827195467423
90.36827195467423
90.36827195467423
90.36827195467423
90.36827195467423
90.36827195467423
90.36827195467423
90.36827195467423
90.36827195467423
90.36827195467423
90.36827195467423
90.36827195467423
90.36827195467423
90.36827195467423
90.36827195467423
90.36827195467423
90.36827195467423
90.36827195467423
90.36827195467423
90.36827195467423
91.43059490084987
93.44900849858358
93.44900849858358
93.44900849858358
93.44900849858358
93.44900849858358
93.44900849858358
93.44900849858358
93.44900849858358
93.44900849858358
93.44900849858358
93.44900849858358
93.44900849858358
93.44900849858358
93.44900849858358
93.44900849858358
93.44900849858358
93.44900849858358
93.44900849858358
93.44900849858358
93.44900849858358
93.44900849858358
93.44900849858358
93.44900849858358
93.44900849858358
92.45750708215299
92.42209631728046
92.42209631728046
92.42209631728046
92.42209631728046
92.42209631728046
92.42209631728046
92.42209631728046
92.42209631728046
92.42209631728046
92.42209631728046
92.42209631728046
92.42209631728046
92.42209631728046
92.42209631728046
92.42209631728046
92.42209631728046
92.42209631728046
92.42209631728046
92.42209631728046
92.42209631728046
92.42209631728046
92.42209631728046
92.42209631728046
92.42209631728046
92.42209631728046
92.42209631728046
92.42209631728046
92.42209631728046
92.42209631728046
92.42209631728046
92.42209631728046
92.42209631728046
92.42209631728046
92.42209631728046
92.42209631728046
92.42209631728046
92.42209631728046
92.42209631728046
92.42209631728046
92.42209631728046
92.42209631728046
92.42209631728046
92.42209631728046
92.42209631728046
92.42209631728046
92.42209631728046
92.42209631728046
92.42209631728046
92.42209631728046
92.70538243626063
93.44900849858358
93.44900849858358
93.44900849858358
93.44900849858358
93.44900849858358
93.44900849858358
93.44900849858358
93.44900849858358
93.44900849858358
93.44900849858358
93.44900849858358
93.44900849858358
93.44900849858358
93.44900849858358
93.44900849858358
93.44900849858358
93.44900849858358
93.44900849858358
93.44900849858358
93.44900849858358
93.44900849858358
93.44900849858358
94.157223796034
95.5028328611898
95.5028328611898
95.5028328611898
95.5028328611898
95.5028328611898
95.5028328611898
95.5028328611898
95.5028328611898
95.5028328611898
95.5028328611898
95.5028328611898
95.5028328611898
95.5028328611898
95.5028328611898
95.5028328611898
95.5028328611898
95.5028328611898
95.5028328611898
95.5028328611898
95.5028328611898
95.5028328611898
95.5028328611898
95.5028328611898
95.5028328611898
95.5028328611898
95.5028328611898
95.5028328611898
95.5028328611898
95.5028328611898
95.5028328611898
95.5028328611898
95.5028328611898
95.5028328611898
95.5028328611898
95.5028328611898
95.5028328611898
95.5028328611898
95.5028328611898
95.5028328611898
95.5028328611898
95.5028328611898
95.5028328611898
95.5028328611898
95.5028328611898
95.5028328611898
95.5028328611898
95.21954674220963
94.47592067988668
94.47592067988668
94.47592067988668
94.47592067988668
94.47592067988668
94.47592067988668
94.47592067988668
94.47592067988668
94.47592067988668
94.47592067988668
94.47592067988668
94.47592067988668
94.47592067988668
94.47592067988668
94.47592067988668
94.47592067988668
94.47592067988668
94.47592067988668
94.47592067988668
94.47592067988668
94.08640226628896
93.44900849858358
93.44900849858358
93.44900849858358
93.44900849858358
93.44900849858358
93.44900849858358
93.44900849858358
93.44900849858358
93.44900849858358
93.44900849858358
93.44900849858358
93.44900849858358
93.44900849858358
93.44900849858358
93.44900849858358
93.44900849858358
93.44900849858358
93.44900849858358
93.44900849858358
93.44900849858358
93.44900849858358
93.44900849858358
94.19263456090653
94.47592067988668
94.47592067988668
94.47592067988668
94.47592067988668
94.47592067988668
94.47592067988668
94.47592067988668
94.47592067988668
94.47592067988668
94.47592067988668
94.47592067988668
94.47592067988668
94.47592067988668
94.47592067988668
94.47592067988668
94.47592067988668
94.47592067988668
94.47592067988668
94.47592067988668
94.47592067988668
94.47592067988668
94.47592067988668
94.47592067988668
94.47592067988668
92.91784702549576
92.42209631728046
92.42209631728046
92.42209631728046
92.42209631728046
92.42209631728046
92.42209631728046
92.42209631728046
92.42209631728046
92.42209631728046
92.42209631728046
92.42209631728046
92.42209631728046
92.42209631728046
92.42209631728046
92.42209631728046
92.42209631728046
92.42209631728046
92.42209631728046
92.42209631728046
92.42209631728046
92.42209631728046
92.42209631728046
92.42209631728046
92.42209631728046
92.42209631728046
92.42209631728046
92.42209631728046
92.42209631728046
92.42209631728046
92.42209631728046
92.42209631728046
92.42209631728046
92.42209631728046
92.42209631728046
97.37960339943344
106.79886685552408
106.79886685552408
106.79886685552408
106.79886685552408
106.79886685552408
106.79886685552408
106.79886685552408
106.79886685552408
106.79886685552408
106.79886685552408
106.79886685552408
99.57507082152975
89.34135977337111
89.34135977337111
89.34135977337111
89.34135977337111
89.34135977337111
89.34135977337111
89.34135977337111
89.34135977337111
89.34135977337111
89.34135977337111
89.34135977337111
89.34135977337111
89.34135977337111
89.34135977337111
89.34135977337111
89.34135977337111
89.34135977337111
89.34135977337111
89.34135977337111
89.34135977337111
89.34135977337111
89.34135977337111
89.34135977337111
87.11048158640227
86.26062322946176
86.26062322946176
86.26062322946176
86.26062322946176
86.26062322946176
86.26062322946176
86.26062322946176
86.26062322946176
86.26062322946176
86.26062322946176
86.26062322946176
92.4929178470255
102.69121813031163
102.69121813031163
102.69121813031163
102.69121813031163
102.69121813031163
102.69121813031163
102.69121813031163
102.69121813031163
102.69121813031163
102.69121813031163
102.69121813031163
86.26062322946176
86.26062322946176
86.26062322946176
86.26062322946176
86.26062322946176
86.26062322946176
86.26062322946176
86.26062322946176
86.26062322946176
86.26062322946176
86.26062322946176
86.26062322946176
86.26062322946176
86.26062322946176
86.26062322946176
86.26062322946176
86.26062322946176
86.26062322946176
86.26062322946176
86.26062322946176
86.26062322946176
86.26062322946176
86.26062322946176
86.26062322946176
86.26062322946176
86.26062322946176
86.26062322946176
86.26062322946176
86.26062322946176
86.26062322946176
86.26062322946176
86.26062322946176
86.26062322946176
86.26062322946176
86.26062322946176
86.26062322946176
86.26062322946176
86.26062322946176
86.26062322946176
86.26062322946176
86.26062322946176
86.26062322946176
86.26062322946176
86.26062322946176
86.26062322946176
86.5084985835694
87.28753541076487
87.28753541076487
87.28753541076487
87.28753541076487
87.28753541076487
87.28753541076487
87.28753541076487
87.28753541076487
87.28753541076487
87.28753541076487
87.28753541076487
88.34985835694052
102.69121813031163
102.69121813031163
102.69121813031163
102.69121813031163
102.69121813031163
102.69121813031163
102.69121813031163
102.69121813031163
102.69121813031163
102.69121813031163
92.28045325779037
88.31444759206799
88.31444759206799
88.31444759206799
88.31444759206799
88.31444759206799
88.31444759206799
88.31444759206799
88.31444759206799
88.31444759206799
88.31444759206799
88.31444759206799
88.31444759206799
88.31444759206799
88.31444759206799
88.31444759206799
88.31444759206799
88.31444759206799
88.31444759206799
88.31444759206799
88.31444759206799
89.16430594900851
90.36827195467423
90.36827195467423
90.36827195467423
90.36827195467423
90.36827195467423
90.36827195467423
90.36827195467423
90.36827195467423
90.36827195467423
90.36827195467423
90.36827195467423
90.36827195467423
90.36827195467423
90.36827195467423
90.36827195467423
90.36827195467423
90.36827195467423
90.36827195467423
90.36827195467423
90.36827195467423
90.36827195467423
94.26345609065156
95.5028328611898
95.5028328611898
95.5028328611898
95.5028328611898
95.5028328611898
95.5028328611898
95.5028328611898
95.5028328611898
95.5028328611898
95.5028328611898
95.5028328611898
95.5028328611898
95.5028328611898
95.5028328611898
95.5028328611898
95.5028328611898
95.5028328611898
95.5028328611898
95.5028328611898
95.5028328611898
95.5028328611898
95.5028328611898
95.5028328611898
95.5028328611898
97.83994334277621
98.58356940509915
98.58356940509915
98.58356940509915
98.58356940509915
98.58356940509915
98.58356940509915
98.58356940509915
98.58356940509915
98.58356940509915
98.58356940509915
98.58356940509915
98.58356940509915
98.58356940509915
98.58356940509915
98.58356940509915
98.58356940509915
98.58356940509915
98.58356940509915
98.58356940509915
98.58356940509915
98.58356940509915
98.58356940509915
98.58356940509915
99.39801699716715
99.61048158640227
99.61048158640227
99.61048158640227
99.61048158640227
99.61048158640227
99.61048158640227
99.61048158640227
99.61048158640227
99.61048158640227
99.61048158640227
99.61048158640227
99.61048158640227
99.61048158640227
99.61048158640227
99.61048158640227
99.61048158640227
99.61048158640227
99.61048158640227
99.61048158640227
99.61048158640227
99.61048158640227
99.61048158640227
99.61048158640227
99.5042492917847
98.58356940509915
98.58356940509915
98.58356940509915
98.58356940509915
98.58356940509915
98.58356940509915
98.58356940509915
98.58356940509915
98.58356940509915
98.58356940509915
98.58356940509915
100.42492917847026
111.93342776203967
111.93342776203967
111.93342776203967
111.93342776203967
111.93342776203967
111.93342776203967
111.93342776203967
111.93342776203967
111.93342776203967
111.93342776203967
111.93342776203967
111.93342776203967
111.93342776203967
111.93342776203967
105.98441926345609
97.55665722379604
97.55665722379604
97.55665722379604
97.55665722379604
97.55665722379604
97.55665722379604
97.55665722379604
97.55665722379604
97.55665722379604
97.55665722379604
