2.0802635000433387
2.0802635000433387
2.0802635000433387
2.0802635000433387
2.0802635000433387
2.0802635000433387
2.0802635000433387
2.0802635000433387
2.0802635000433387
2.0802635000433387
2.0802635000433387
2.0802635000433387
1.7335529167027823
1.0401317500216694
1.0401317500216694
1.0401317500216694
1.0401317500216694
1.0401317500216694
1.0401317500216694
1.0401317500216694
1.0401317500216694
1.0401317500216694
1.0401317500216694
1.0401317500216694
1.0401317500216694
1.0401317500216694
1.0401317500216694
1.0401317500216694
1.0401317500216694
1.0401317500216694
1.0401317500216694
1.6902140937852126
2.0802635000433387
2.0802635000433387
2.0802635000433387
2.0802635000433387
2.0802635000433387
2.0802635000433387
1.5168588021149345
1.0401317500216694
1.0401317500216694
1.0401317500216694
1.0401317500216694
1.0401317500216694
1.0401317500216694
1.0401317500216694
1.0401317500216694
1.0401317500216694
1.0401317500216694
1.0401317500216694
1.0401317500216694
1.0401317500216694
1.0401317500216694
1.0401317500216694
1.0401317500216694
1.0401317500216694
1.0401317500216694
1.0401317500216694
1.0401317500216694
1.0401317500216694
1.0401317500216694
1.0401317500216694
1.0401317500216694
1.0401317500216694
1.0401317500216694
1.0401317500216694
1.0401317500216694
1.0401317500216694
1.0401317500216694
1.0401317500216694
1.0401317500216694
1.0401317500216694
1.0401317500216694
1.0401317500216694
1.0401317500216694
1.0401317500216694
1.0401317500216694
1.0401317500216694
1.0401317500216694
1.0401317500216694
1.0401317500216694
1.0401317500216694
1.0401317500216694
1.0401317500216694
1.0401317500216694
1.0401317500216694
1.0401317500216694
1.0401317500216694
1.0401317500216694
1.0401317500216694
1.3001646875270867
2.0802635000433387
2.0802635000433387
2.0802635000433387
2.0802635000433387
2.0802635000433387
2.0802635000433387
2.0802635000433387
2.0802635000433387
2.0802635000433387
2.0802635000433387
2.0802635000433387
2.0802635000433387
2.0802635000433387
2.556990552136604
3.120395250065008
3.120395250065008
3.120395250065008
3.120395250065008
3.120395250065008
3.120395250065008
3.120395250065008
3.120395250065008
3.120395250065008
3.120395250065008
3.120395250065008
3.120395250065008
3.120395250065008
3.120395250065008
3.120395250065008
3.120395250065008
3.120395250065008
3.120395250065008
3.120395250065008
3.120395250065008
3.120395250065008
3.120395250065008
3.120395250065008
3.120395250065008
3.120395250065008
3.120395250065008
3.120395250065008
3.120395250065008
3.120395250065008
3.120395250065008
3.120395250065008
3.120395250065008
3.120395250065008
3.120395250065008
3.120395250065008
3.120395250065008
3.120395250065008
3.120395250065008
3.120395250065008
3.120395250065008
3.120395250065008
3.120395250065008
3.120395250065008
3.120395250065008
3.120395250065008
3.120395250065008
3.120395250065008
3.120395250065008
3.120395250065008
3.120395250065008
3.120395250065008
3.120395250065008
3.120395250065008
3.120395250065008
3.120395250065008
3.120395250065008
3.120395250065008
3.120395250065008
3.120395250065008
3.120395250065008
3.120395250065008
3.120395250065008
3.120395250065008
2.4269740833838953
2.0802635000433387
2.0802635000433387
2.0802635000433387
2.0802635000433387
2.0802635000433387
2.0802635000433387
2.0802635000433387
2.0802635000433387
2.0802635000433387
2.0802635000433387
2.0802635000433387
2.0802635000433387
2.0802635000433387
2.0802635000433387
2.0802635000433387
2.0802635000433387
2.0802635000433387
2.0802635000433387
1.9069082083730604
1.0401317500216694
1.0401317500216694
1.0401317500216694
1.0401317500216694
1.0401317500216694
1.0401317500216694
1.0401317500216694
1.0401317500216694
1.0401317500216694
1.0401317500216694
1.0401317500216694
1.0401317500216694
1.5168588021149345
2.0802635000433387
1.8202305625379214
1.0401317500216694
1.0401317500216694
1.0401317500216694
1.0401317500216694
1.0401317500216694
1.0401317500216694
1.0401317500216694
1.0401317500216694
1.0401317500216694
1.0401317500216694
1.0401317500216694
1.0401317500216694
1.0401317500216694
1.0401317500216694
1.0401317500216694
1.0401317500216694
1.0401317500216694
1.0401317500216694
1.0401317500216694
1.0401317500216694
1.0401317500216694
1.0401317500216694
1.0401317500216694
1.0401317500216694
1.0401317500216694
1.0401317500216694
1.0401317500216694
1.0401317500216694
1.0401317500216694
1.0401317500216694
1.0401317500216694
1.9069082083730604
2.0802635000433387
2.0802635000433387
2.0802635000433387
2.0802635000433387
2.0802635000433387
2.0802635000433387
2.0802635000433387
2.0802635000433387
2.0802635000433387
2.0802635000433387
2.0802635000433387
2.0802635000433387
2.0802635000433387
2.0802635000433387
2.0802635000433387
2.0802635000433387
2.0802635000433387
2.0802635000433387
2.0802635000433387
2.0802635000433387
2.0802635000433387
2.0802635000433387
2.0802635000433387
2.0802635000433387
2.0802635000433387
2.0802635000433387
2.0802635000433387
2.0802635000433387
2.0802635000433387
2.0802635000433387
2.0802635000433387
2.0802635000433387
2.0802635000433387
2.0802635000433387
2.0802635000433387
2.0802635000433387
2.0802635000433387
2.0802635000433387
2.0802635000433387
2.0802635000433387
2.0802635000433387
2.0802635000433387
2.0802635000433387
2.0802635000433387
2.0802635000433387
2.0802635000433387
2.0802635000433387
2.0802635000433387
2.0802635000433387
2.0802635000433387
2.0802635000433387
2.0802635000433387
2.0802635000433387
2.0802635000433387
2.0802635000433387
2.0802635000433387
2.0802635000433387
2.0802635000433387
2.0802635000433387
2.0802635000433387
2.0802635000433387
2.0802635000433387
2.0802635000433387
2.0802635000433387
2.0802635000433387
2.0802635000433387
2.0802635000433387
2.0802635000433387
2.0802635000433387
2.0802635000433387
2.0802635000433387
2.0802635000433387
2.0802635000433387
2.0802635000433387
2.0802635000433387
2.0802635000433387
2.0802635000433387
2.0802635000433387
2.0802635000433387
2.0802635000433387
2.0802635000433387
2.0802635000433387
2.0802635000433387
2.0802635000433387
2.0802635000433387
2.0802635000433387
2.0802635000433387
2.0802635000433387
2.0802635000433387
2.0802635000433387
2.0802635000433387
2.0802635000433387
2.0802635000433387
2.0802635000433387
2.0802635000433387
2.0802635000433387
2.0802635000433387
2.0802635000433387
2.0802635000433387
2.0802635000433387
2.0802635000433387
2.0802635000433387
2.0802635000433387
2.0802635000433387
2.0802635000433387
2.0802635000433387
2.0802635000433387
2.0802635000433387
2.0802635000433387
2.0802635000433387
2.0802635000433387
2.0802635000433387
2.0802635000433387
2.0802635000433387
2.0802635000433387
2.0802635000433387
2.0802635000433387
2.0802635000433387
2.0802635000433387
2.0802635000433387
2.0802635000433387
2.0802635000433387
2.0802635000433387
2.0802635000433387
2.0802635000433387
2.0802635000433387
2.0802635000433387
2.0802635000433387
2.0802635000433387
2.0802635000433387
2.0802635000433387
2.0802635000433387
2.0802635000433387
2.0802635000433387
2.0802635000433387
2.0802635000433387
2.0802635000433387
2.0802635000433387
2.0802635000433387
2.0802635000433387
2.0802635000433387
2.0802635000433387
2.0802635000433387
2.0802635000433387
2.0802635000433387
2.0802635000433387
2.0802635000433387
2.0802635000433387
2.0802635000433387
2.0802635000433387
2.0802635000433387
2.0802635000433387
2.0802635000433387
2.0802635000433387
2.0802635000433387
2.0802635000433387
2.0802635000433387
2.0802635000433387
2.0802635000433387
2.0802635000433387
2.0802635000433387
2.0802635000433387
2.0802635000433387
2.0802635000433387
2.0802635000433387
2.0802635000433387
2.0802635000433387
2.0802635000433387
2.0802635000433387
2.0802635000433387
2.0802635000433387
2.0802635000433387
2.0802635000433387
2.0802635000433387
2.0802635000433387
2.0802635000433387
2.0802635000433387
2.0802635000433387
2.0802635000433387
2.0802635000433387
2.0802635000433387
2.0802635000433387
2.0802635000433387
2.0802635000433387
2.0802635000433387
2.0802635000433387
2.0802635000433387
2.0802635000433387
2.0802635000433387
2.0802635000433387
2.0802635000433387
2.0802635000433387
2.0802635000433387
2.0802635000433387
2.0802635000433387
2.0802635000433387
2.0802635000433387
2.0802635000433387
2.0802635000433387
2.0802635000433387
2.0802635000433387
2.0802635000433387
2.0802635000433387
2.0802635000433387
2.0802635000433387
2.0802635000433387
2.0802635000433387
2.0802635000433387
2.0802635000433387
2.0802635000433387
2.0802635000433387
2.0802635000433387
2.0802635000433387
2.0802635000433387
2.0802635000433387
2.0802635000433387
2.0802635000433387
2.0802635000433387
2.0802635000433387
2.0802635000433387
2.0802635000433387
2.0802635000433387
2.0802635000433387
2.0802635000433387
2.0802635000433387
2.0802635000433387
2.0802635000433387
2.0802635000433387
2.0802635000433387
2.0802635000433387
2.0802635000433387
2.0802635000433387
2.0802635000433387
2.0802635000433387
2.0802635000433387
2.0802635000433387
2.0802635000433387
2.0802635000433387
2.0802635000433387
2.0802635000433387
2.0802635000433387
2.0802635000433387
2.0802635000433387
2.0802635000433387
2.0802635000433387
2.0802635000433387
2.0802635000433387
2.0802635000433387
2.0802635000433387
1.0401317500216694
1.0401317500216694
1.0401317500216694
1.0401317500216694
1.0401317500216694
1.3435035104446562
2.0802635000433387
2.0802635000433387
2.0802635000433387
2.0802635000433387
2.0802635000433387
2.0802635000433387
2.0802635000433387
2.0802635000433387
2.0802635000433387
2.0802635000433387
2.0802635000433387
2.0802635000433387
2.0802635000433387
2.0802635000433387
2.0802635000433387
2.0802635000433387
2.0802635000433387
2.0802635000433387
2.0802635000433387
2.0802635000433387
2.0802635000433387
2.0802635000433387
2.0802635000433387
2.0802635000433387
2.0802635000433387
2.0802635000433387
2.0802635000433387
2.0802635000433387
2.0802635000433387
2.0802635000433387
2.0802635000433387
2.0802635000433387
2.0802635000433387
2.0802635000433387
2.0802635000433387
1.3435035104446562
1.0401317500216694
1.0401317500216694
1.0401317500216694
1.0401317500216694
1.0401317500216694
1.0401317500216694
1.0401317500216694
1.0401317500216694
1.0401317500216694
1.0401317500216694
1.0401317500216694
1.0401317500216694
1.0401317500216694
1.0401317500216694
1.0401317500216694
1.0401317500216694
1.0401317500216694
1.0401317500216694
1.0401317500216694
1.0401317500216694
1.0401317500216694
1.0401317500216694
1.0401317500216694
1.0401317500216694
1.0401317500216694
1.0401317500216694
1.0401317500216694
1.0401317500216694
1.0401317500216694
1.0401317500216694
1.0401317500216694
1.0401317500216694
1.0401317500216694
1.0401317500216694
1.0401317500216694
1.0401317500216694
1.0401317500216694
1.0401317500216694
1.0401317500216694
1.0401317500216694
1.7335529167027823
2.0802635000433387
2.0802635000433387
2.0802635000433387
2.0802635000433387
2.0802635000433387
2.0802635000433387
2.0802635000433387
2.0802635000433387
2.0802635000433387
2.0802635000433387
2.0802635000433387
2.0802635000433387
2.0802635000433387
2.0802635000433387
2.0802635000433387
2.0802635000433387
2.0802635000433387
2.0802635000433387
2.0802635000433387
2.0802635000433387
2.0802635000433387
2.0802635000433387
2.0802635000433387
2.0802635000433387
2.0802635000433387
2.0802635000433387
2.1236023229609082
3.120395250065008
3.120395250065008
3.120395250065008
3.120395250065008
3.120395250065008
3.120395250065008
3.120395250065008
3.120395250065008
3.120395250065008
3.120395250065008
2.730345843806882
2.0802635000433387
2.0802635000433387
2.0802635000433387
2.0802635000433387
2.0802635000433387
2.0802635000433387
2.0802635000433387
2.0802635000433387
2.0802635000433387
2.0802635000433387
2.0802635000433387
2.0802635000433387
1.646875270867643
1.0401317500216694
1.0401317500216694
1.0401317500216694
1.0401317500216694
1.0401317500216694
1.0401317500216694
1.0401317500216694
1.0401317500216694
1.0401317500216694
1.0401317500216694
1.0401317500216694
1.0401317500216694
1.0401317500216694
1.0401317500216694
1.0401317500216694
1.0401317500216694
1.0401317500216694
1.0401317500216694
1.0401317500216694
1.0401317500216694
1.0401317500216694
1.0401317500216694
1.0401317500216694
1.0401317500216694
1.0401317500216694
1.0401317500216694
1.0401317500216694
1.0401317500216694
1.0401317500216694
1.0401317500216694
1.0401317500216694
1.0401317500216694
1.560197625032504
2.0802635000433387
2.0802635000433387
2.0802635000433387
2.0802635000433387
2.0802635000433387
2.0802635000433387
2.0802635000433387
2.0802635000433387
2.0802635000433387
2.0802635000433387
2.0802635000433387
2.0802635000433387
2.5136517292190343
3.120395250065008
3.120395250065008
3.120395250065008
3.120395250065008
3.120395250065008
3.120395250065008
3.120395250065008
3.120395250065008
3.120395250065008
3.120395250065008
3.120395250065008
3.120395250065008
3.120395250065008
3.120395250065008
3.120395250065008
3.120395250065008
3.120395250065008
3.120395250065008
3.120395250065008
3.120395250065008
3.120395250065008
3.120395250065008
3.120395250065008
3.120395250065008
3.120395250065008
3.120395250065008
3.120395250065008
3.120395250065008
3.120395250065008
3.120395250065008
3.120395250065008
3.120395250065008
3.120395250065008
3.120395250065008
3.120395250065008
3.120395250065008
3.120395250065008
3.120395250065008
3.120395250065008
3.120395250065008
3.120395250065008
3.120395250065008
3.120395250065008
3.120395250065008
3.120395250065008
3.120395250065008
3.120395250065008
3.120395250065008
3.120395250065008
3.120395250065008
3.120395250065008
3.120395250065008
3.120395250065008
3.120395250065008
3.120395250065008
3.120395250065008
3.120395250065008
3.120395250065008
3.120395250065008
3.120395250065008
3.120395250065008
3.120395250065008
3.120395250065008
3.120395250065008
3.120395250065008
3.120395250065008
3.120395250065008
3.120395250065008
3.120395250065008
3.120395250065008
3.120395250065008
3.120395250065008
3.120395250065008
3.120395250065008
3.120395250065008
3.120395250065008
3.120395250065008
3.120395250065008
3.120395250065008
3.120395250065008
3.120395250065008
3.120395250065008
3.120395250065008
3.120395250065008
3.120395250065008
3.120395250065008
3.120395250065008
3.120395250065008
3.120395250065008
3.120395250065008
3.120395250065008
3.120395250065008
3.120395250065008
3.120395250065008
3.120395250065008
3.120395250065008
3.120395250065008
3.120395250065008
3.120395250065008
3.120395250065008
3.120395250065008
3.120395250065008
3.120395250065008
3.120395250065008
3.120395250065008
3.120395250065008
3.120395250065008
3.120395250065008
3.120395250065008
3.120395250065008
3.120395250065008
3.120395250065008
3.120395250065008
3.120395250065008
3.120395250065008
3.120395250065008
3.120395250065008
3.120395250065008
3.120395250065008
3.120395250065008
3.120395250065008
3.120395250065008
3.120395250065008
2.0802635000433387
2.0802635000433387
2.0802635000433387
2.0802635000433387
2.0802635000433387
2.0802635000433387
2.0802635000433387
2.0802635000433387
1.473519979197365
1.0401317500216694
1.0401317500216694
1.0401317500216694
1.0401317500216694
1.0401317500216694
1.0401317500216694
1.0401317500216694
1.0401317500216694
0.4767270520932651
0.0
0.0
0.0
0.0
0.0
0.0
0.0
0.0
0.0
0.0
0.0
0.0
0.0
0.0
0.0
0.0
0.0
0.0
0.0
0.0
0.0
0.0
0.0
0.0
0.0
0.6067435208459738
1.0401317500216694
1.0401317500216694
1.0401317500216694
1.0401317500216694
1.0401317500216694
1.0401317500216694
1.0401317500216694
1.0401317500216694
1.0401317500216694
1.0401317500216694
1.0401317500216694
1.0401317500216694
1.3435035104446562
2.0802635000433387
2.0802635000433387
2.0802635000433387
2.0802635000433387
2.0802635000433387
2.0802635000433387
2.0802635000433387
2.0802635000433387
2.0802635000433387
2.0802635000433387
2.0802635000433387
2.0802635000433387
2.0802635000433387
2.8603623125595905
3.120395250065008
3.120395250065008
3.120395250065008
3.120395250065008
3.120395250065008
3.120395250065008
3.120395250065008
3.120395250065008
3.120395250065008
3.120395250065008
3.120395250065008
3.120395250065008
3.120395250065008
3.120395250065008
3.120395250065008
3.120395250065008
3.120395250065008
3.120395250065008
3.120395250065008
3.120395250065008
3.120395250065008
3.120395250065008
3.120395250065008
3.120395250065008
3.120395250065008
3.120395250065008
3.120395250065008
3.120395250065008
3.120395250065008
3.120395250065008
3.120395250065008
3.120395250065008
3.120395250065008
3.120395250065008
3.120395250065008
3.120395250065008
3.120395250065008
3.120395250065008
3.120395250065008
3.120395250065008
3.120395250065008
3.120395250065008
3.120395250065008
3.120395250065008
3.120395250065008
3.120395250065008
3.120395250065008
3.120395250065008
3.120395250065008
3.120395250065008
3.120395250065008
3.120395250065008
3.120395250065008
3.120395250065008
3.120395250065008
3.120395250065008
3.120395250065008
3.120395250065008
3.120395250065008
3.120395250065008
3.120395250065008
3.120395250065008
3.120395250065008
3.120395250065008
