2.0494512759486976
2.0494512759486976
2.0494512759486976
2.0494512759486976
1.1569483009387809
1.0247256379743488
1.0247256379743488
1.0247256379743488
1.0247256379743488
1.0247256379743488
1.0247256379743488
1.0247256379743488
1.0247256379743488
1.0247256379743488
1.0247256379743488
1.0247256379743488
1.0247256379743488
1.0247256379743488
1.0247256379743488
1.0247256379743488
1.0247256379743488
0.0
0.0
0.0
0.0
0.0
0.0
0.0
0.0
0.0
0.0
0.0
0.0
0.0
0.0
0.0
0.0
0.0
0.0
0.0
0.0
0.0
0.0
0.5288906518577284
1.0247256379743488
1.0247256379743488
1.0247256379743488
1.0247256379743488
1.0247256379743488
1.0247256379743488
1.0247256379743488
1.0247256379743488
1.0247256379743488
1.0247256379743488
1.0247256379743488
1.7519502842787253
2.0494512759486976
2.0494512759486976
2.0494512759486976
2.0494512759486976
2.0494512759486976
2.0494512759486976
2.0494512759486976
2.0494512759486976
2.0494512759486976
2.0494512759486976
2.0494512759486976
2.0494512759486976
2.0494512759486976
2.0494512759486976
2.0494512759486976
2.0494512759486976
2.0494512759486976
2.0494512759486976
2.0494512759486976
2.0494512759486976
2.0494512759486976
2.0494512759486976
2.0494512759486976
2.0494512759486976
2.0494512759486976
2.0494512759486976
2.0494512759486976
2.0494512759486976
2.0494512759486976
2.0494512759486976
2.0494512759486976
2.0494512759486976
2.0494512759486976
2.0494512759486976
2.0494512759486976
2.0494512759486976
2.0494512759486976
2.0494512759486976
2.0494512759486976
2.0494512759486976
2.0494512759486976
2.0494512759486976
2.0494512759486976
2.0494512759486976
2.0494512759486976
2.0494512759486976
2.0494512759486976
2.0494512759486976
2.0494512759486976
2.0494512759486976
2.0494512759486976
2.0494512759486976
2.0494512759486976
2.0494512759486976
2.0494512759486976
2.0494512759486976
2.0494512759486976
2.0494512759486976
2.0494512759486976
2.0494512759486976
2.0494512759486976
2.0494512759486976
2.0494512759486976
2.0494512759486976
2.0494512759486976
2.0494512759486976
2.0494512759486976
2.0494512759486976
2.0494512759486976
2.0494512759486976
2.0494512759486976
2.0494512759486976
2.0494512759486976
2.0494512759486976
2.0494512759486976
2.0494512759486976
2.0494512759486976
2.0494512759486976
2.0494512759486976
2.0494512759486976
2.0494512759486976
2.0494512759486976
1.7188946185376175
1.0247256379743488
1.0247256379743488
1.0247256379743488
1.0247256379743488
1.0247256379743488
1.0247256379743488
1.0247256379743488
1.0247256379743488
1.0247256379743488
1.0247256379743488
1.0247256379743488
1.0247256379743488
1.0247256379743488
1.0247256379743488
1.0247256379743488
1.0247256379743488
1.0247256379743488
1.0247256379743488
1.0247256379743488
1.0247256379743488
1.0247256379743488
1.0247256379743488
1.0247256379743488
1.256115298162105
2.0494512759486976
2.0494512759486976
2.0494512759486976
2.0494512759486976
2.0494512759486976
2.0494512759486976
2.0494512759486976
2.0494512759486976
2.0494512759486976
2.0494512759486976
2.0494512759486976
2.0494512759486976
2.0494512759486976
2.0494512759486976
2.0494512759486976
2.0494512759486976
2.0494512759486976
2.0494512759486976
2.0494512759486976
2.0494512759486976
2.0494512759486976
2.0494512759486976
2.0494512759486976
2.0494512759486976
2.0494512759486976
2.0494512759486976
2.0494512759486976
2.0494512759486976
2.0494512759486976
2.0494512759486976
2.0494512759486976
2.0494512759486976
2.0494512759486976
2.0494512759486976
2.0494512759486976
2.0494512759486976
2.0494512759486976
2.0494512759486976
2.0494512759486976
2.0494512759486976
2.0494512759486976
2.0494512759486976
2.0494512759486976
2.0494512759486976
2.0494512759486976
2.0494512759486976
2.0494512759486976
2.0494512759486976
2.0494512759486976
2.0494512759486976
2.0494512759486976
2.0494512759486976
2.0494512759486976
2.0494512759486976
2.0494512759486976
2.0494512759486976
2.0494512759486976
2.0494512759486976
2.0494512759486976
2.0494512759486976
2.0494512759486976
2.0494512759486976
2.0494512759486976
2.0494512759486976
2.0494512759486976
2.0494512759486976
2.0494512759486976
2.0494512759486976
2.0494512759486976
2.0494512759486976
2.0494512759486976
2.0494512759486976
2.0494512759486976
2.0494512759486976
2.0494512759486976
2.0494512759486976
2.0494512759486976
2.0494512759486976
2.0494512759486976
2.0494512759486976
2.0494512759486976
2.0494512759486976
2.0494512759486976
2.0494512759486976
2.0494512759486976
2.0494512759486976
2.0494512759486976
2.0494512759486976
2.0494512759486976
2.0494512759486976
2.0494512759486976
2.0494512759486976
2.0494512759486976
2.0494512759486976
2.0494512759486976
2.0494512759486976
2.0494512759486976
2.0494512759486976
2.0494512759486976
2.0494512759486976
2.0494512759486976
2.0494512759486976
2.0494512759486976
2.0494512759486976
2.0494512759486976
2.0494512759486976
2.0494512759486976
2.0494512759486976
2.0494512759486976
2.0494512759486976
2.0494512759486976
2.0494512759486976
2.0494512759486976
2.0494512759486976
2.0494512759486976
2.0494512759486976
2.0494512759486976
2.0494512759486976
2.0494512759486976
2.0494512759486976
2.0494512759486976
2.0494512759486976
2.0494512759486976
2.0494512759486976
2.0494512759486976
2.0494512759486976
2.0494512759486976
2.0494512759486976
2.0494512759486976
2.0494512759486976
2.0494512759486976
2.0494512759486976
2.0494512759486976
2.0494512759486976
2.0494512759486976
2.0494512759486976
2.0494512759486976
2.0494512759486976
2.0494512759486976
1.5866719555731854
1.0247256379743488
1.0247256379743488
1.0247256379743488
1.0247256379743488
1.0247256379743488
0.2644453259288642
0.0
0.0
0.0
0.0
0.0
0.0
0.0
0.0
0.0
0.0
0.0
0.0
0.0
0.0
0.0
0.0
0.0
0.0
0.0
0.0
0.0
0.0
0.0
0.0
0.0
0.0
0.0
0.0
0.0
0.0
0.0
0.0
0.0
0.0
0.0
0.0
0.0
0.0
0.0
0.0
0.0
0.0
0.0
0.0
0.0
0.0
0.0
0.0
0.0
0.0
0.0
0.0
0.0
0.0
1.0247256379743488
1.0247256379743488
1.0247256379743488
1.0247256379743488
1.0247256379743488
1.0247256379743488
1.0247256379743488
1.9172286129842655
2.0494512759486976
2.0494512759486976
2.0494512759486976
2.0494512759486976
2.0494512759486976
2.0494512759486976
2.0494512759486976
2.0494512759486976
2.0494512759486976
2.0494512759486976
2.0494512759486976
2.0494512759486976
2.0494512759486976
2.0494512759486976
2.0494512759486976
2.0494512759486976
2.0494512759486976
2.0494512759486976
2.0494512759486976
2.0494512759486976
2.0494512759486976
2.0494512759486976
2.0494512759486976
2.0494512759486976
2.0494512759486976
2.0494512759486976
2.0494512759486976
2.0494512759486976
2.0494512759486976
2.0494512759486976
2.0494512759486976
2.0494512759486976
2.0494512759486976
2.0494512759486976
2.0494512759486976
2.0494512759486976
2.0494512759486976
2.0494512759486976
2.0494512759486976
2.0494512759486976
2.0494512759486976
2.0494512759486976
2.0494512759486976
2.0494512759486976
2.0494512759486976
2.0494512759486976
2.0494512759486976
2.0494512759486976
2.0494512759486976
2.0494512759486976
2.0494512759486976
2.0494512759486976
2.0494512759486976
2.0494512759486976
2.0494512759486976
2.0494512759486976
2.0494512759486976
2.0494512759486976
2.0494512759486976
2.0494512759486976
2.0494512759486976
2.0494512759486976
2.0494512759486976
2.0494512759486976
2.0494512759486976
2.0494512759486976
2.0494512759486976
2.0494512759486976
2.0494512759486976
2.0494512759486976
2.0494512759486976
2.0494512759486976
2.0494512759486976
2.0494512759486976
2.0494512759486976
2.0494512759486976
2.0494512759486976
2.0494512759486976
2.0494512759486976
2.0494512759486976
2.0494512759486976
2.0494512759486976
2.0494512759486976
2.0494512759486976
2.0494512759486976
2.0494512759486976
2.0494512759486976
2.0494512759486976
2.0494512759486976
2.0494512759486976
2.0494512759486976
2.0494512759486976
2.0494512759486976
2.0494512759486976
2.0494512759486976
2.0494512759486976
2.0494512759486976
2.0494512759486976
2.0494512759486976
2.0494512759486976
2.0494512759486976
2.0494512759486976
2.0494512759486976
2.0494512759486976
2.0494512759486976
2.0494512759486976
2.0494512759486976
2.0494512759486976
2.0494512759486976
2.0494512759486976
2.0494512759486976
2.0494512759486976
2.0494512759486976
2.0494512759486976
2.0494512759486976
2.0494512759486976
2.0494512759486976
2.0494512759486976
2.0494512759486976
2.0494512759486976
2.0494512759486976
2.0494512759486976
2.0494512759486976
2.0494512759486976
2.0494512759486976
2.0494512759486976
2.0494512759486976
2.0494512759486976
2.0494512759486976
2.0494512759486976
2.0494512759486976
2.0494512759486976
2.0494512759486976
2.0494512759486976
2.0494512759486976
2.0494512759486976
2.0494512759486976
2.0494512759486976
2.0494512759486976
2.0494512759486976
2.0494512759486976
2.0494512759486976
2.0494512759486976
2.0494512759486976
2.0494512759486976
2.0494512759486976
1.256115298162105
1.0247256379743488
1.0247256379743488
1.0247256379743488
1.0247256379743488
1.0247256379743488
1.0247256379743488
1.0247256379743488
1.0247256379743488
1.0247256379743488
1.0247256379743488
1.0247256379743488
1.0247256379743488
1.0247256379743488
1.0247256379743488
1.0247256379743488
1.0247256379743488
1.0247256379743488
1.0247256379743488
1.5536162898320773
2.0494512759486976
2.0494512759486976
2.0494512759486976
2.0494512759486976
2.0494512759486976
2.0494512759486976
2.0494512759486976
2.0494512759486976
2.0494512759486976
2.0494512759486976
2.0494512759486976
2.0494512759486976
2.7436202565119663
3.0741769139230466
3.0741769139230466
3.0741769139230466
3.0741769139230466
3.0741769139230466
3.0741769139230466
3.0741769139230466
3.0741769139230466
3.0741769139230466
3.0741769139230466
3.0741769139230466
3.0741769139230466
3.0741769139230466
3.0741769139230466
3.0741769139230466
3.0741769139230466
3.0741769139230466
3.0741769139230466
3.0741769139230466
3.0741769139230466
3.0741769139230466
2.7766759222530744
2.0494512759486976
2.0494512759486976
2.0494512759486976
2.0494512759486976
2.0494512759486976
2.0494512759486976
2.0494512759486976
2.0494512759486976
2.0494512759486976
2.0494512759486976
2.0494512759486976
2.0494512759486976
2.0494512759486976
2.0825069416898057
3.0411212481819385
3.0741769139230466
3.0741769139230466
3.0741769139230466
3.0741769139230466
3.0741769139230466
3.0741769139230466
3.0741769139230466
3.0741769139230466
3.0741769139230466
3.0741769139230466
3.0741769139230466
3.0741769139230466
3.0741769139230466
3.0741769139230466
3.0741769139230466
2.479174930583102
2.0494512759486976
2.0494512759486976
2.0494512759486976
2.0494512759486976
2.0494512759486976
2.0494512759486976
2.0494512759486976
2.0494512759486976
2.0494512759486976
2.0494512759486976
2.0494512759486976
2.0494512759486976
2.0494512759486976
2.0494512759486976
2.0494512759486976
2.0494512759486976
2.0494512759486976
2.0494512759486976
2.0494512759486976
2.0494512759486976
1.4213936268676453
1.0247256379743488
1.0247256379743488
1.0247256379743488
1.0247256379743488
1.0247256379743488
1.0247256379743488
1.0247256379743488
1.0247256379743488
1.0247256379743488
1.0247256379743488
1.0247256379743488
1.0247256379743488
1.0247256379743488
1.0247256379743488
1.0247256379743488
1.0247256379743488
1.0247256379743488
1.3883379611265372
2.0494512759486976
2.0494512759486976
2.0494512759486976
2.0494512759486976
2.0494512759486976
2.0494512759486976
2.0494512759486976
2.0494512759486976
2.0494512759486976
2.0494512759486976
2.0494512759486976
1.1569483009387809
1.0247256379743488
1.0247256379743488
1.0247256379743488
1.0247256379743488
1.0247256379743488
1.0247256379743488
0.5619463175988365
0.0
0.0
0.0
0.0
0.0
0.0
0.0
-0.03305566574110803
-1.0247256379743488
-1.0247256379743488
-1.0247256379743488
-1.0247256379743488
-1.4875049583498612
-2.0494512759486976
-2.0494512759486976
-2.0494512759486976
-2.0494512759486976
-2.0494512759486976
-2.0494512759486976
-2.0494512759486976
-2.0494512759486976
-2.0494512759486976
-2.0494512759486976
-2.0494512759486976
-2.0494512759486976
-2.0494512759486976
-2.0494512759486976
-2.0494512759486976
-2.0494512759486976
-2.0494512759486976
-2.0494512759486976
-2.0494512759486976
-2.0494512759486976
-2.0494512759486976
-2.0494512759486976
-2.0494512759486976
-1.9502842787253736
-1.0247256379743488
-1.0247256379743488
-1.0247256379743488
-1.0247256379743488
-1.0247256379743488
-1.0247256379743488
-1.0247256379743488
-1.0247256379743488
-0.3636123231521883
0.0
0.0
0.0
0.0
0.0
0.0
0.0
0.0
0.0
0.0
0.2313896601877562
1.0247256379743488
1.0247256379743488
1.0247256379743488
1.0247256379743488
1.0247256379743488
1.0247256379743488
1.0247256379743488
1.0247256379743488
1.9172286129842655
2.0494512759486976
2.0494512759486976
2.0494512759486976
2.0494512759486976
2.0494512759486976
2.0494512759486976
2.0494512759486976
2.0494512759486976
2.0494512759486976
2.0494512759486976
2.0494512759486976
2.0494512759486976
2.0494512759486976
2.0494512759486976
2.0494512759486976
3.0741769139230466
3.0741769139230466
3.0741769139230466
3.0741769139230466
3.0741769139230466
3.0741769139230466
3.0741769139230466
3.0741769139230466
3.0741769139230466
3.0741769139230466
3.0741769139230466
3.0741769139230466
3.0741769139230466
3.0741769139230466
3.0741769139230466
3.0741769139230466
3.0741769139230466
3.0741769139230466
3.0741769139230466
3.0741769139230466
3.0741769139230466
3.0741769139230466
3.0741769139230466
3.0741769139230466
3.0741769139230466
3.0741769139230466
3.0741769139230466
3.0741769139230466
3.0741769139230466
3.0741769139230466
3.0741769139230466
3.0741769139230466
3.0741769139230466
3.0741769139230466
3.0741769139230466
3.0741769139230466
3.0741769139230466
3.7683458944863153
4.098902551897395
4.098902551897395
4.098902551897395
4.098902551897395
4.098902551897395
3.9336242231918552
3.0741769139230466
3.0741769139230466
3.0741769139230466
3.0741769139230466
3.0741769139230466
3.0741769139230466
3.0741769139230466
2.247785270395346
2.0494512759486976
2.0494512759486976
2.0494512759486976
1.5866719555731854
1.0247256379743488
1.0247256379743488
1.0247256379743488
1.0247256379743488
1.0247256379743488
0.5619463175988365
0.0
0.0
0.0
0.2644453259288642
1.0247256379743488
1.0247256379743488
1.0247256379743488
1.0247256379743488
1.0247256379743488
1.0247256379743488
1.090836969456565
2.0494512759486976
2.0494512759486976
2.0494512759486976
2.0494512759486976
2.0494512759486976
2.0494512759486976
2.0494512759486976
2.214729604654238
3.0741769139230466
3.0741769139230466
3.0741769139230466
3.0741769139230466
3.0741769139230466
3.0741769139230466
3.0741769139230466
3.0741769139230466
3.0741769139230466
3.0741769139230466
3.0741769139230466
3.0741769139230466
3.0741769139230466
3.0741769139230466
3.0741769139230466
3.0741769139230466
3.9997355546740714
4.098902551897395
4.098902551897395
4.098902551897395
4.098902551897395
4.098902551897395
4.098902551897395
4.098902551897395
4.098902551897395
4.098902551897395
4.098902551897395
4.098902551897395
4.098902551897395
4.098902551897395
4.098902551897395
4.098902551897395
4.098902551897395
4.098902551897395
4.098902551897395
4.098902551897395
4.098902551897395
4.098902551897395
4.098902551897395
4.098902551897395
4.098902551897395
4.098902551897395
4.098902551897395
4.098902551897395
4.098902551897395
4.098902551897395
4.098902551897395
4.098902551897395
4.098902551897395
4.098902551897395
4.098902551897395
4.098902551897395
4.098902551897395
4.098902551897395
4.098902551897395
4.098902551897395
4.098902551897395
4.098902551897395
4.098902551897395
4.098902551897395
3.702234563004099
3.0741769139230466
3.0741769139230466
3.0741769139230466
3.0741769139230466
3.0741769139230466
3.0741769139230466
3.0741769139230466
3.0741769139230466
3.0741769139230466
3.0741769139230466
3.0741769139230466
2.214729604654238
2.0494512759486976
2.0494512759486976
2.0494512759486976
2.0494512759486976
2.0494512759486976
2.0494512759486976
2.0494512759486976
2.0494512759486976
2.0494512759486976
2.0494512759486976
2.0494512759486976
1.454449292608753
1.0247256379743488
1.0247256379743488
1.0247256379743488
1.0247256379743488
1.7850059500198334
2.0494512759486976
2.0494512759486976
2.0494512759486976
2.0494512759486976
2.0494512759486976
2.0494512759486976
2.0494512759486976
2.0494512759486976
2.0494512759486976
2.0494512759486976
2.0494512759486976
2.0494512759486976
2.0494512759486976
2.0494512759486976
2.0494512759486976
2.0494512759486976
2.0494512759486976
2.0494512759486976
2.0494512759486976
2.0494512759486976
2.0494512759486976
2.0494512759486976
2.0494512759486976
2.0494512759486976
2.0494512759486976
2.0494512759486976
2.0494512759486976
2.0494512759486976
2.0494512759486976
2.0494512759486976
2.0494512759486976
2.0494512759486976
