102.05751695113396
102.05751695113396
102.05751695113396
102.05751695113396
102.05751695113396
102.05751695113396
102.05751695113396
102.05751695113396
102.05751695113396
102.05751695113396
102.05751695113396
102.05751695113396
102.05751695113396
102.05751695113396
102.05751695113396
102.05751695113396
102.05751695113396
102.05751695113396
102.05751695113396
102.05751695113396
102.05751695113396
102.05751695113396
102.05751695113396
102.05751695113396
103.69417816226327
106.26607435118073
106.26607435118073
106.26607435118073
106.26607435118073
106.26607435118073
106.26607435118073
106.26607435118073
106.26607435118073
106.26607435118073
106.26607435118073
106.26607435118073
106.26607435118073
106.26607435118073
106.26607435118073
106.26607435118073
106.26607435118073
106.26607435118073
106.26607435118073
106.26607435118073
106.26607435118073
106.26607435118073
106.26607435118073
106.26607435118073
106.26607435118073
106.26607435118073
106.26607435118073
106.26607435118073
106.26607435118073
106.26607435118073
106.26607435118073
106.26607435118073
106.26607435118073
106.26607435118073
106.26607435118073
106.26607435118073
106.26607435118073
106.26607435118073
106.26607435118073
106.26607435118073
106.26607435118073
106.26607435118073
106.26607435118073
106.26607435118073
106.26607435118073
106.26607435118073
106.26607435118073
106.26607435118073
106.26607435118073
106.26607435118073
106.26607435118073
106.26607435118073
106.26607435118073
106.26607435118073
106.26607435118073
106.26607435118073
106.26607435118073
106.26607435118073
106.26607435118073
106.26607435118073
106.26607435118073
106.26607435118073
106.26607435118073
106.26607435118073
106.26607435118073
106.26607435118073
106.26607435118073
106.26607435118073
106.26607435118073
106.26607435118073
106.26607435118073
106.26607435118073
106.26607435118073
106.26607435118073
106.26607435118073
106.26607435118073
106.26607435118073
106.26607435118073
106.26607435118073
106.26607435118073
106.26607435118073
106.26607435118073
106.26607435118073
106.26607435118073
106.26607435118073
106.26607435118073
106.26607435118073
106.26607435118073
106.26607435118073
106.26607435118073
106.26607435118073
106.26607435118073
106.26607435118073
106.26607435118073
106.26607435118073
106.26607435118073
106.26607435118073
106.26607435118073
106.26607435118073
106.26607435118073
106.26607435118073
106.26607435118073
106.26607435118073
106.26607435118073
106.26607435118073
106.26607435118073
106.26607435118073
106.26607435118073
106.26607435118073
106.26607435118073
106.26607435118073
106.26607435118073
106.26607435118073
106.26607435118073
106.26607435118073
106.26607435118073
106.26607435118073
106.26607435118073
106.26607435118073
106.26607435118073
106.26607435118073
106.26607435118073
106.26607435118073
106.26607435118073
106.26607435118073
106.26607435118073
106.26607435118073
106.26607435118073
106.26607435118073
106.26607435118073
106.26607435118073
106.26607435118073
106.26607435118073
106.26607435118073
106.26607435118073
106.26607435118073
106.26607435118073
106.26607435118073
106.26607435118073
106.26607435118073
106.26607435118073
106.26607435118073
106.26607435118073
106.26607435118073
106.26607435118073
106.26607435118073
106.26607435118073
106.26607435118073
106.26607435118073
106.26607435118073
106.26607435118073
106.26607435118073
106.26607435118073
106.26607435118073
106.26607435118073
106.26607435118073
106.26607435118073
106.26607435118073
106.26607435118073
106.26607435118073
106.26607435118073
106.26607435118073
106.26607435118073
106.26607435118073
106.26607435118073
106.26607435118073
106.26607435118073
106.26607435118073
106.26607435118073
106.26607435118073
106.26607435118073
106.26607435118073
106.26607435118073
106.26607435118073
105.91536123451017
99.95323825111059
99.95323825111059
99.95323825111059
99.95323825111059
99.95323825111059
99.95323825111059
99.95323825111059
99.95323825111059
99.95323825111059
99.95323825111059
99.95323825111059
99.95323825111059
99.95323825111059
99.95323825111059
99.95323825111059
99.95323825111059
99.95323825111059
99.95323825111059
99.95323825111059
99.95323825111059
99.95323825111059
99.95323825111059
99.95323825111059
99.95323825111059
99.95323825111059
99.95323825111059
99.95323825111059
99.95323825111059
99.95323825111059
99.95323825111059
99.95323825111059
99.95323825111059
99.95323825111059
99.95323825111059
99.95323825111059
99.95323825111059
99.95323825111059
99.95323825111059
99.95323825111059
99.95323825111059
99.95323825111059
99.95323825111059
99.95323825111059
99.95323825111059
99.95323825111059
99.95323825111059
99.95323825111059
102.7589431844751
103.10965630114566
103.10965630114566
103.10965630114566
103.10965630114566
103.10965630114566
103.10965630114566
103.10965630114566
103.10965630114566
103.10965630114566
103.10965630114566
103.10965630114566
103.10965630114566
103.10965630114566
103.10965630114566
103.10965630114566
103.10965630114566
103.10965630114566
103.10965630114566
103.10965630114566
103.10965630114566
103.10965630114566
103.10965630114566
103.10965630114566
103.10965630114566
103.10965630114566
103.10965630114566
103.10965630114566
103.10965630114566
103.10965630114566
103.10965630114566
103.10965630114566
103.10965630114566
103.10965630114566
103.10965630114566
103.10965630114566
103.10965630114566
103.10965630114566
103.10965630114566
103.10965630114566
103.10965630114566
99.01800327332242
97.8489595510872
97.8489595510872
97.8489595510872
97.8489595510872
97.8489595510872
97.8489595510872
97.8489595510872
97.8489595510872
97.8489595510872
97.8489595510872
97.8489595510872
97.8489595510872
97.8489595510872
97.8489595510872
97.8489595510872
97.8489595510872
97.8489595510872
97.8489595510872
97.8489595510872
97.8489595510872
97.8489595510872
97.8489595510872
97.8489595510872
97.8489595510872
97.8489595510872
97.8489595510872
97.8489595510872
97.8489595510872
97.8489595510872
97.8489595510872
97.8489595510872
97.8489595510872
97.8489595510872
97.8489595510872
97.8489595510872
97.8489595510872
97.8489595510872
97.8489595510872
97.8489595510872
97.8489595510872
97.03062894552257
96.79682020107552
96.79682020107552
96.79682020107552
96.79682020107552
96.79682020107552
96.79682020107552
96.79682020107552
96.79682020107552
96.79682020107552
96.79682020107552
96.79682020107552
96.79682020107552
96.79682020107552
96.79682020107552
96.79682020107552
96.79682020107552
96.79682020107552
96.79682020107552
96.79682020107552
96.79682020107552
96.79682020107552
96.79682020107552
96.79682020107552
96.79682020107552
96.79682020107552
96.79682020107552
96.79682020107552
96.79682020107552
96.79682020107552
96.79682020107552
96.79682020107552
96.79682020107552
96.79682020107552
96.79682020107552
96.79682020107552
96.79682020107552
96.79682020107552
96.79682020107552
100.59621229833995
110.47463175122749
110.47463175122749
110.47463175122749
110.47463175122749
110.47463175122749
110.47463175122749
110.47463175122749
110.47463175122749
110.47463175122749
110.47463175122749
110.47463175122749
110.47463175122749
110.47463175122749
110.47463175122749
110.47463175122749
110.47463175122749
110.47463175122749
110.47463175122749
110.47463175122749
110.47463175122749
110.47463175122749
110.47463175122749
110.47463175122749
110.47463175122749
110.47463175122749
105.21393500116903
105.21393500116903
105.21393500116903
105.21393500116903
105.21393500116903
105.21393500116903
105.21393500116903
105.21393500116903
105.21393500116903
105.21393500116903
105.21393500116903
105.21393500116903
105.21393500116903
105.21393500116903
105.21393500116903
105.21393500116903
105.21393500116903
105.21393500116903
105.21393500116903
105.21393500116903
105.21393500116903
105.21393500116903
105.21393500116903
105.21393500116903
105.21393500116903
105.21393500116903
105.21393500116903
105.21393500116903
105.21393500116903
105.21393500116903
105.21393500116903
105.21393500116903
105.21393500116903
105.21393500116903
105.21393500116903
110.94224924012158
112.57891045125088
112.57891045125088
112.57891045125088
112.57891045125088
112.57891045125088
112.57891045125088
112.57891045125088
112.57891045125088
112.57891045125088
112.57891045125088
112.57891045125088
112.57891045125088
112.57891045125088
112.57891045125088
112.57891045125088
112.57891045125088
112.57891045125088
112.57891045125088
112.57891045125088
112.57891045125088
112.57891045125088
112.57891045125088
112.57891045125088
112.57891045125088
113.74795417348608
114.68318915127425
114.68318915127425
114.68318915127425
114.68318915127425
114.68318915127425
114.68318915127425
114.68318915127425
114.68318915127425
114.68318915127425
114.68318915127425
114.68318915127425
114.68318915127425
114.68318915127425
114.68318915127425
114.68318915127425
114.68318915127425
114.68318915127425
114.68318915127425
114.68318915127425
114.68318915127425
114.68318915127425
114.68318915127425
114.68318915127425
114.68318915127425
114.68318915127425
114.68318915127425
114.68318915127425
114.68318915127425
115.73532850128595
116.78746785129763
116.78746785129763
116.78746785129763
116.78746785129763
116.78746785129763
116.78746785129763
116.78746785129763
116.78746785129763
116.78746785129763
116.78746785129763
116.78746785129763
116.78746785129763
116.78746785129763
116.78746785129763
116.78746785129763
116.78746785129763
116.78746785129763
116.78746785129763
116.78746785129763
116.78746785129763
116.78746785129763
116.78746785129763
116.78746785129763
116.78746785129763
116.78746785129763
116.78746785129763
116.78746785129763
116.78746785129763
116.78746785129763
116.78746785129763
116.78746785129763
116.31985036240356
115.73532850128595
115.73532850128595
115.73532850128595
115.73532850128595
115.73532850128595
115.73532850128595
115.73532850128595
115.73532850128595
115.73532850128595
115.73532850128595
115.73532850128595
115.73532850128595
115.73532850128595
115.73532850128595
115.73532850128595
115.73532850128595
115.73532850128595
115.73532850128595
115.73532850128595
115.73532850128595
115.73532850128595
115.73532850128595
115.73532850128595
115.73532850128595
115.73532850128595
115.73532850128595
115.73532850128595
115.73532850128595
115.73532850128595
115.73532850128595
115.73532850128595
117.60579845686229
117.83960720130932
117.83960720130932
117.83960720130932
117.83960720130932
117.83960720130932
117.83960720130932
117.83960720130932
117.83960720130932
117.83960720130932
117.83960720130932
117.83960720130932
117.83960720130932
117.83960720130932
117.83960720130932
117.83960720130932
117.83960720130932
117.83960720130932
117.83960720130932
117.83960720130932
117.83960720130932
117.83960720130932
117.83960720130932
117.83960720130932
117.83960720130932
117.83960720130932
117.83960720130932
117.83960720130932
117.83960720130932
117.83960720130932
117.83960720130932
117.83960720130932
117.83960720130932
113.74795417348608
112.57891045125088
112.57891045125088
112.57891045125088
112.57891045125088
112.57891045125088
112.57891045125088
112.57891045125088
112.57891045125088
112.57891045125088
112.57891045125088
112.57891045125088
112.57891045125088
112.57891045125088
112.57891045125088
112.57891045125088
112.57891045125088
112.57891045125088
112.57891045125088
112.57891045125088
112.57891045125088
112.57891045125088
112.57891045125088
112.57891045125088
112.57891045125088
112.57891045125088
112.57891045125088
112.57891045125088
112.57891045125088
112.57891045125088
112.57891045125088
112.57891045125088
112.22819733458032
109.4224924012158
109.4224924012158
109.4224924012158
109.4224924012158
109.4224924012158
109.4224924012158
109.4224924012158
109.4224924012158
109.4224924012158
109.4224924012158
109.4224924012158
109.4224924012158
109.4224924012158
109.4224924012158
109.4224924012158
109.4224924012158
109.4224924012158
109.4224924012158
109.4224924012158
109.4224924012158
109.4224924012158
109.4224924012158
109.4224924012158
109.4224924012158
109.4224924012158
109.4224924012158
109.4224924012158
109.4224924012158
109.4224924012158
113.63104980126256
115.73532850128595
115.73532850128595
115.73532850128595
115.73532850128595
115.73532850128595
115.73532850128595
115.73532850128595
115.73532850128595
115.73532850128595
115.73532850128595
115.73532850128595
115.73532850128595
115.73532850128595
115.73532850128595
115.73532850128595
115.73532850128595
115.73532850128595
115.73532850128595
115.73532850128595
115.73532850128595
115.73532850128595
115.73532850128595
115.73532850128595
115.73532850128595
115.73532850128595
115.73532850128595
115.73532850128595
115.73532850128595
115.73532850128595
117.1381809679682
117.83960720130932
117.83960720130932
117.83960720130932
117.83960720130932
117.83960720130932
117.83960720130932
117.83960720130932
117.83960720130932
117.83960720130932
117.83960720130932
117.83960720130932
117.83960720130932
117.83960720130932
117.83960720130932
117.83960720130932
117.83960720130932
117.83960720130932
117.83960720130932
117.83960720130932
117.83960720130932
117.83960720130932
117.83960720130932
117.83960720130932
117.83960720130932
117.83960720130932
117.83960720130932
117.83960720130932
117.02127659574468
116.78746785129763
116.78746785129763
116.78746785129763
116.78746785129763
116.78746785129763
116.78746785129763
116.78746785129763
116.78746785129763
116.78746785129763
116.78746785129763
116.78746785129763
116.78746785129763
116.78746785129763
116.78746785129763
116.78746785129763
116.78746785129763
116.78746785129763
116.78746785129763
116.78746785129763
116.78746785129763
116.78746785129763
116.78746785129763
116.78746785129763
116.78746785129763
116.78746785129763
116.78746785129763
116.78746785129763
116.78746785129763
116.78746785129763
116.78746785129763
116.78746785129763
116.78746785129763
116.78746785129763
116.78746785129763
116.78746785129763
116.78746785129763
116.78746785129763
116.78746785129763
116.78746785129763
116.78746785129763
116.78746785129763
116.78746785129763
116.78746785129763
116.78746785129763
116.78746785129763
116.78746785129763
116.78746785129763
116.78746785129763
116.78746785129763
116.78746785129763
116.78746785129763
116.78746785129763
116.78746785129763
116.78746785129763
116.78746785129763
116.78746785129763
116.78746785129763
116.78746785129763
116.78746785129763
116.78746785129763
116.78746785129763
117.25508534019173
120.99602525134439
120.99602525134439
120.99602525134439
120.99602525134439
120.99602525134439
120.99602525134439
120.99602525134439
120.99602525134439
120.99602525134439
120.99602525134439
120.99602525134439
120.99602525134439
120.99602525134439
120.99602525134439
120.99602525134439
120.99602525134439
120.99602525134439
120.99602525134439
120.99602525134439
120.99602525134439
120.99602525134439
120.99602525134439
120.99602525134439
120.99602525134439
120.99602525134439
120.99602525134439
120.99602525134439
120.99602525134439
120.99602525134439
120.99602525134439
120.99602525134439
120.99602525134439
120.99602525134439
120.99602525134439
120.99602525134439
117.02127659574468
116.78746785129763
116.78746785129763
116.78746785129763
116.78746785129763
116.78746785129763
116.78746785129763
116.78746785129763
116.78746785129763
116.78746785129763
116.78746785129763
116.78746785129763
116.78746785129763
116.78746785129763
116.78746785129763
116.78746785129763
116.78746785129763
116.78746785129763
116.78746785129763
116.78746785129763
116.78746785129763
116.78746785129763
116.78746785129763
116.78746785129763
116.78746785129763
116.78746785129763
116.78746785129763
116.78746785129763
116.78746785129763
116.78746785129763
116.78746785129763
116.78746785129763
116.78746785129763
116.78746785129763
119.59317278466214
120.99602525134439
120.99602525134439
120.99602525134439
120.99602525134439
120.99602525134439
120.99602525134439
120.99602525134439
120.99602525134439
120.99602525134439
120.99602525134439
120.99602525134439
120.99602525134439
120.99602525134439
120.99602525134439
120.99602525134439
120.99602525134439
120.99602525134439
120.99602525134439
120.99602525134439
120.99602525134439
120.99602525134439
120.99602525134439
120.99602525134439
120.99602525134439
120.99602525134439
120.99602525134439
120.99602525134439
120.99602525134439
120.99602525134439
120.99602525134439
120.99602525134439
120.99602525134439
119.82698152910919
118.89174655132102
118.89174655132102
118.89174655132102
118.89174655132102
118.89174655132102
118.89174655132102
118.89174655132102
118.89174655132102
118.89174655132102
118.89174655132102
118.89174655132102
118.89174655132102
118.89174655132102
118.89174655132102
118.89174655132102
118.89174655132102
118.89174655132102
118.89174655132102
118.89174655132102
118.89174655132102
118.89174655132102
118.89174655132102
118.89174655132102
118.89174655132102
118.89174655132102
118.89174655132102
118.89174655132102
118.89174655132102
118.89174655132102
118.89174655132102
118.89174655132102
118.89174655132102
118.89174655132102
119.24245966799158
119.9438859013327
