5.260696750058452
5.260696750058452
5.260696750058452
5.260696750058452
5.260696750058452
5.260696750058452
5.260696750058452
5.260696750058452
5.260696750058452
5.260696750058452
5.260696750058452
5.260696750058452
5.260696750058452
5.260696750058452
5.260696750058452
5.260696750058452
5.260696750058452
5.260696750058452
5.260696750058452
5.260696750058452
5.260696750058452
5.260696750058452
5.260696750058452
5.260696750058452
5.260696750058452
5.260696750058452
5.260696750058452
5.260696750058452
5.260696750058452
5.260696750058452
5.260696750058452
5.260696750058452
5.260696750058452
5.260696750058452
5.260696750058452
5.260696750058452
5.260696750058452
5.260696750058452
5.260696750058452
5.260696750058452
5.260696750058452
5.260696750058452
5.260696750058452
5.260696750058452
5.260696750058452
5.260696750058452
5.260696750058452
5.260696750058452
5.260696750058452
5.260696750058452
5.260696750058452
5.260696750058452
5.260696750058452
5.260696750058452
5.260696750058452
5.260696750058452
5.260696750058452
5.260696750058452
5.260696750058452
5.260696750058452
5.260696750058452
5.260696750058452
5.260696750058452
5.260696750058452
5.260696750058452
5.260696750058452
5.260696750058452
5.260696750058452
5.260696750058452
5.260696750058452
5.260696750058452
5.260696750058452
5.260696750058452
5.260696750058452
5.260696750058452
5.260696750058452
5.260696750058452
5.728314238952537
6.312836100070142
6.312836100070142
6.312836100070142
6.312836100070142
6.312836100070142
6.312836100070142
6.312836100070142
6.312836100070142
6.312836100070142
6.312836100070142
6.312836100070142
6.312836100070142
6.312836100070142
6.312836100070142
6.312836100070142
6.312836100070142
6.312836100070142
6.312836100070142
6.312836100070142
6.312836100070142
6.312836100070142
6.312836100070142
6.312836100070142
6.838905775075988
7.3649754500818325
7.3649754500818325
7.3649754500818325
7.3649754500818325
7.3649754500818325
7.3649754500818325
7.3649754500818325
7.3649754500818325
7.3649754500818325
7.3649754500818325
7.3649754500818325
7.3649754500818325
7.3649754500818325
7.3649754500818325
7.3649754500818325
7.3649754500818325
7.3649754500818325
7.3649754500818325
7.3649754500818325
7.3649754500818325
7.3649754500818325
7.3649754500818325
7.3649754500818325
7.3649754500818325
7.3649754500818325
7.3649754500818325
7.3649754500818325
7.3649754500818325
7.3649754500818325
7.3649754500818325
7.3649754500818325
7.3649754500818325
7.3649754500818325
7.3649754500818325
6.371288286181903
6.312836100070142
6.312836100070142
6.312836100070142
6.312836100070142
6.312836100070142
6.312836100070142
6.312836100070142
6.312836100070142
6.312836100070142
6.312836100070142
6.312836100070142
6.312836100070142
6.312836100070142
6.312836100070142
6.312836100070142
6.312836100070142
6.312836100070142
6.312836100070142
6.312836100070142
6.312836100070142
6.312836100070142
6.312836100070142
6.312836100070142
6.312836100070142
6.312836100070142
6.312836100070142
6.312836100070142
6.312836100070142
5.962122983399579
5.260696750058452
5.260696750058452
5.260696750058452
5.260696750058452
5.260696750058452
5.260696750058452
5.260696750058452
5.260696750058452
5.260696750058452
5.260696750058452
5.260696750058452
5.260696750058452
5.260696750058452
5.260696750058452
5.260696750058452
5.260696750058452
5.260696750058452
5.260696750058452
5.260696750058452
5.260696750058452
5.260696750058452
5.260696750058452
5.260696750058452
5.260696750058452
5.260696750058452
5.260696750058452
5.260696750058452
5.260696750058452
5.260696750058452
5.260696750058452
5.260696750058452
5.260696750058452
5.260696750058452
5.260696750058452
5.260696750058452
5.260696750058452
5.260696750058452
5.260696750058452
5.260696750058452
5.260696750058452
5.260696750058452
5.260696750058452
5.260696750058452
5.260696750058452
5.260696750058452
5.260696750058452
5.260696750058452
5.260696750058452
5.260696750058452
5.260696750058452
5.260696750058452
5.260696750058452
5.260696750058452
5.260696750058452
5.260696750058452
5.260696750058452
5.260696750058452
5.260696750058452
5.260696750058452
6.254383913958382
6.312836100070142
6.312836100070142
6.312836100070142
6.312836100070142
6.312836100070142
6.312836100070142
6.312836100070142
6.312836100070142
6.312836100070142
6.312836100070142
6.312836100070142
6.312836100070142
6.312836100070142
6.312836100070142
6.312836100070142
6.312836100070142
6.312836100070142
6.312836100070142
6.312836100070142
6.312836100070142
6.312836100070142
6.312836100070142
6.312836100070142
6.312836100070142
6.488192658405424
7.3649754500818325
7.3649754500818325
7.3649754500818325
7.3649754500818325
7.3649754500818325
7.3649754500818325
7.3649754500818325
7.3649754500818325
7.3649754500818325
7.3649754500818325
7.3649754500818325
7.3649754500818325
7.3649754500818325
7.3649754500818325
7.3649754500818325
7.3649754500818325
7.3649754500818325
7.3649754500818325
7.3649754500818325
7.3649754500818325
7.3649754500818325
7.3649754500818325
7.3649754500818325
7.3649754500818325
7.3649754500818325
7.3649754500818325
7.3649754500818325
7.3649754500818325
7.3649754500818325
7.3649754500818325
7.3649754500818325
8.241758241758241
8.417114800093524
8.417114800093524
8.417114800093524
8.417114800093524
8.417114800093524
8.417114800093524
8.417114800093524
8.417114800093524
8.417114800093524
8.417114800093524
8.417114800093524
8.417114800093524
8.417114800093524
8.417114800093524
8.417114800093524
8.417114800093524
8.417114800093524
8.417114800093524
8.417114800093524
8.417114800093524
8.417114800093524
8.417114800093524
8.417114800093524
8.417114800093524
8.417114800093524
8.417114800093524
8.417114800093524
8.417114800093524
8.417114800093524
8.417114800093524
8.417114800093524
8.417114800093524
8.417114800093524
8.417114800093524
8.417114800093524
8.417114800093524
8.417114800093524
8.417114800093524
8.417114800093524
8.417114800093524
8.417114800093524
8.417114800093524
8.417114800093524
8.417114800093524
8.417114800093524
8.417114800093524
8.417114800093524
8.417114800093524
8.417114800093524
8.417114800093524
8.417114800093524
8.417114800093524
8.417114800093524
8.417114800093524
8.417114800093524
8.417114800093524
8.417114800093524
8.417114800093524
8.417114800093524
7.891045125087678
7.3649754500818325
7.3649754500818325
7.3649754500818325
7.3649754500818325
7.3649754500818325
7.3649754500818325
7.3649754500818325
7.3649754500818325
7.3649754500818325
7.3649754500818325
7.3649754500818325
7.3649754500818325
7.3649754500818325
7.3649754500818325
7.3649754500818325
7.3649754500818325
7.3649754500818325
7.3649754500818325
7.3649754500818325
7.3649754500818325
7.306523263970072
6.312836100070142
6.312836100070142
6.312836100070142
6.312836100070142
6.312836100070142
6.312836100070142
6.312836100070142
6.312836100070142
6.312836100070142
6.312836100070142
6.312836100070142
6.312836100070142
6.312836100070142
6.312836100070142
6.312836100070142
6.312836100070142
6.312836100070142
6.312836100070142
6.312836100070142
6.312836100070142
6.312836100070142
6.312836100070142
6.312836100070142
6.312836100070142
6.312836100070142
6.312836100070142
6.312836100070142
6.312836100070142
6.312836100070142
6.312836100070142
6.312836100070142
6.312836100070142
6.312836100070142
6.312836100070142
7.131166705634791
7.3649754500818325
7.3649754500818325
7.3649754500818325
7.3649754500818325
7.3649754500818325
7.3649754500818325
7.3649754500818325
7.3649754500818325
7.3649754500818325
7.3649754500818325
7.3649754500818325
7.3649754500818325
7.3649754500818325
7.3649754500818325
7.3649754500818325
7.3649754500818325
7.3649754500818325
7.3649754500818325
7.3649754500818325
7.3649754500818325
7.3649754500818325
7.3649754500818325
7.3649754500818325
7.3649754500818325
7.3649754500818325
7.3649754500818325
7.657236380640636
8.417114800093524
8.417114800093524
8.417114800093524
8.417114800093524
8.417114800093524
8.417114800093524
8.417114800093524
8.417114800093524
8.417114800093524
8.417114800093524
8.417114800093524
8.417114800093524
8.417114800093524
8.417114800093524
8.417114800093524
8.417114800093524
8.417114800093524
8.417114800093524
8.417114800093524
8.417114800093524
8.417114800093524
8.417114800093524
7.657236380640636
7.3649754500818325
7.3649754500818325
7.3649754500818325
7.3649754500818325
7.3649754500818325
7.3649754500818325
7.3649754500818325
7.3649754500818325
7.3649754500818325
7.3649754500818325
7.3649754500818325
7.3649754500818325
7.3649754500818325
7.3649754500818325
7.3649754500818325
7.306523263970072
6.312836100070142
6.312836100070142
6.312836100070142
6.312836100070142
6.312836100070142
6.312836100070142
6.312836100070142
6.312836100070142
6.312836100070142
6.312836100070142
6.312836100070142
6.312836100070142
6.312836100070142
6.312836100070142
6.312836100070142
5.845218611176058
5.260696750058452
5.260696750058452
5.260696750058452
5.260696750058452
5.260696750058452
5.260696750058452
5.260696750058452
5.260696750058452
5.260696750058452
5.260696750058452
5.260696750058452
5.260696750058452
5.260696750058452
5.260696750058452
5.260696750058452
5.260696750058452
4.909983633387888
4.208557400046762
4.208557400046762
4.208557400046762
4.208557400046762
4.208557400046762
4.208557400046762
4.208557400046762
4.208557400046762
4.208557400046762
4.208557400046762
4.208557400046762
4.208557400046762
4.208557400046762
4.208557400046762
3.6240355389291556
3.156418050035071
3.156418050035071
3.156418050035071
3.156418050035071
3.156418050035071
3.156418050035071
3.156418050035071
3.156418050035071
3.03951367781155
2.104278700023381
2.104278700023381
2.104278700023381
2.104278700023381
2.104278700023381
2.104278700023381
2.104278700023381
2.104278700023381
1.4613046527940146
1.0521393500116905
1.0521393500116905
1.0521393500116905
1.0521393500116905
1.0521393500116905
1.0521393500116905
0.29226093055880287
0.0
0.0
0.0
0.0
0.0
0.0
0.0
0.0
0.0
0.0
0.0
0.0
0.0
0.0
0.0
0.0
0.0
0.0
0.0
0.0
0.9352349777881692
1.0521393500116905
1.0521393500116905
1.0521393500116905
1.928922141688099
2.104278700023381
2.104278700023381
2.2796352583586628
3.156418050035071
3.156418050035071
3.156418050035071
3.6824877250409163
4.208557400046762
4.208557400046762
4.208557400046762
4.267009586158522
5.260696750058452
5.260696750058452
5.260696750058452
5.260696750058452
5.260696750058452
5.260696750058452
6.0790273556231
6.312836100070142
6.312836100070142
6.312836100070142
6.312836100070142
6.312836100070142
6.312836100070142
6.312836100070142
6.312836100070142
6.312836100070142
6.312836100070142
6.312836100070142
6.312836100070142
6.312836100070142
6.312836100070142
6.312836100070142
7.3649754500818325
7.3649754500818325
7.3649754500818325
7.3649754500818325
7.3649754500818325
7.3649754500818325
7.3649754500818325
7.3649754500818325
7.3649754500818325
7.3649754500818325
7.3649754500818325
7.3649754500818325
6.663549216740706
6.312836100070142
6.312836100070142
6.312836100070142
6.312836100070142
6.312836100070142
6.312836100070142
6.312836100070142
6.312836100070142
6.312836100070142
6.312836100070142
6.312836100070142
6.312836100070142
6.312836100070142
6.312836100070142
6.312836100070142
6.254383913958382
5.260696750058452
5.260696750058452
5.260696750058452
5.260696750058452
5.260696750058452
5.260696750058452
5.260696750058452
5.260696750058452
5.260696750058452
5.260696750058452
5.260696750058452
5.260696750058452
5.260696750058452
5.260696750058452
5.260696750058452
5.260696750058452
5.260696750058452
5.260696750058452
5.260696750058452
5.260696750058452
5.260696750058452
5.260696750058452
5.260696750058452
5.962122983399579
6.312836100070142
6.312836100070142
6.312836100070142
6.312836100070142
6.312836100070142
6.312836100070142
6.312836100070142
6.312836100070142
6.312836100070142
6.312836100070142
6.312836100070142
6.312836100070142
6.4297404722936635
7.3649754500818325
7.3649754500818325
7.3649754500818325
7.3649754500818325
7.3649754500818325
7.3649754500818325
7.3649754500818325
7.3649754500818325
7.3649754500818325
7.3649754500818325
7.3649754500818325
7.3649754500818325
7.3649754500818325
7.3649754500818325
7.3649754500818325
7.3649754500818325
7.3649754500818325
7.3649754500818325
7.3649754500818325
7.3649754500818325
7.3649754500818325
7.3649754500818325
7.3649754500818325
7.3649754500818325
7.3649754500818325
7.3649754500818325
7.3649754500818325
7.3649754500818325
7.3649754500818325
7.3649754500818325
7.3649754500818325
7.3649754500818325
7.3649754500818325
7.3649754500818325
7.3649754500818325
7.3649754500818325
7.3649754500818325
7.3649754500818325
7.3649754500818325
7.3649754500818325
7.3649754500818325
7.3649754500818325
7.3649754500818325
6.312836100070142
6.312836100070142
6.312836100070142
6.312836100070142
6.312836100070142
6.312836100070142
6.312836100070142
6.312836100070142
6.312836100070142
6.312836100070142
6.312836100070142
6.312836100070142
6.312836100070142
6.312836100070142
6.312836100070142
6.312836100070142
6.312836100070142
6.312836100070142
6.312836100070142
5.319148936170213
5.260696750058452
5.260696750058452
5.260696750058452
5.260696750058452
5.260696750058452
5.260696750058452
5.260696750058452
5.260696750058452
5.260696750058452
5.08534019172317
4.208557400046762
4.208557400046762
4.208557400046762
4.208557400046762
4.208557400046762
4.208557400046762
4.208557400046762
4.208557400046762
4.208557400046762
4.208557400046762
4.208557400046762
4.208557400046762
4.208557400046762
4.208557400046762
4.208557400046762
4.208557400046762
4.208557400046762
4.208557400046762
4.208557400046762
4.208557400046762
4.208557400046762
4.208557400046762
4.208557400046762
4.208557400046762
4.208557400046762
4.208557400046762
4.208557400046762
4.208557400046762
4.208557400046762
4.208557400046762
4.208557400046762
4.208557400046762
4.208557400046762
4.968435819499649
5.260696750058452
5.260696750058452
5.260696750058452
5.260696750058452
5.260696750058452
5.260696750058452
5.260696750058452
5.962122983399579
6.312836100070142
6.312836100070142
6.312836100070142
6.312836100070142
6.312836100070142
6.312836100070142
6.312836100070142
6.312836100070142
6.312836100070142
6.312836100070142
7.306523263970072
7.3649754500818325
7.3649754500818325
7.3649754500818325
7.3649754500818325
7.3649754500818325
7.3649754500818325
7.3649754500818325
7.3649754500818325
7.3649754500818325
7.3649754500818325
7.3649754500818325
7.3649754500818325
7.3649754500818325
7.3649754500818325
7.3649754500818325
7.3649754500818325
7.3649754500818325
7.3649754500818325
7.3649754500818325
7.3649754500818325
7.3649754500818325
7.3649754500818325
7.3649754500818325
7.3649754500818325
7.3649754500818325
7.3649754500818325
7.3649754500818325
7.3649754500818325
7.3649754500818325
7.3649754500818325
7.3649754500818325
7.3649754500818325
7.3649754500818325
7.3649754500818325
7.3649754500818325
7.3649754500818325
7.3649754500818325
7.3649754500818325
7.3649754500818325
7.3649754500818325
7.3649754500818325
7.3649754500818325
6.4297404722936635
6.312836100070142
6.312836100070142
6.312836100070142
6.312836100070142
6.312836100070142
6.312836100070142
6.312836100070142
6.312836100070142
6.312836100070142
6.312836100070142
6.312836100070142
6.312836100070142
6.312836100070142
6.312836100070142
6.312836100070142
6.312836100070142
6.312836100070142
6.312836100070142
6.195931727846621
5.260696750058452
5.260696750058452
5.260696750058452
5.260696750058452
5.260696750058452
5.260696750058452
5.260696750058452
5.260696750058452
5.260696750058452
5.260696750058452
5.260696750058452
5.260696750058452
5.260696750058452
5.260696750058452
5.260696750058452
4.442366144493804
4.208557400046762
4.208557400046762
4.208557400046762
4.208557400046762
4.208557400046762
4.208557400046762
4.208557400046762
4.208557400046762
4.208557400046762
4.208557400046762
4.208557400046762
4.208557400046762
4.208557400046762
4.208557400046762
4.208557400046762
4.208557400046762
4.208557400046762
4.208557400046762
4.208557400046762
4.208557400046762
4.208557400046762
4.208557400046762
4.208557400046762
4.208557400046762
4.208557400046762
4.208557400046762
4.208557400046762
4.208557400046762
4.208557400046762
4.617722702829085
5.260696750058452
5.260696750058452
5.260696750058452
5.260696750058452
