6.044041508343889
5.992193113051723
5.036701256953241
5.036701256953241
5.036701256953241
5.036701256953241
5.036701256953241
4.688576317134414
4.029361005562593
4.992259775274242
5.036701256953241
5.036701256953241
5.184839529216571
6.044041508343889
6.044041508343889
6.044041508343889
6.044041508343889
6.044041508343889
6.044041508343889
6.044041508343889
5.969972372212223
5.036701256953241
5.036701256953241
5.036701256953241
5.036701256953241
5.036701256953241
4.518217304031584
4.029361005562593
4.029361005562593
4.029361005562593
4.029361005562593
4.029361005562593
4.029361005562593
4.029361005562593
4.029361005562593
4.029361005562593
4.999666688887408
5.036701256953241
5.036701256953241
6.021820767504389
6.044041508343889
6.044041508343889
6.044041508343889
6.044041508343889
6.044041508343889
6.044041508343889
6.044041508343889
6.044041508343889
6.044041508343889
6.044041508343889
6.044041508343889
6.044041508343889
6.044041508343889
6.044041508343889
6.044041508343889
6.044041508343889
5.1181773066980725
5.036701256953241
4.999666688887408
4.029361005562593
3.236821248953774
3.0220207541719444
3.0220207541719444
3.0220207541719444
3.2960765578591062
4.029361005562593
4.821900762171412
5.036701256953241
5.777392618269894
6.044041508343889
6.044041508343889
5.851461754401559
5.036701256953241
5.036701256953241
5.036701256953241
5.036701256953241
5.036701256953241
5.036701256953241
4.221940759504922
4.029361005562593
4.029361005562593
4.029361005562593
4.029361005562593
4.029361005562593
3.377552607603938
3.0220207541719444
3.4590286573487696
4.029361005562593
4.029361005562593
4.029361005562593
4.681169403521247
5.036701256953241
5.170025701990238
6.044041508343889
6.044041508343889
6.044041508343889
6.044041508343889
6.044041508343889
6.044041508343889
5.362605455932568
5.036701256953241
5.036701256953241
5.036701256953241
5.036701256953241
4.821900762171412
4.029361005562593
4.029361005562593
4.629321008229081
5.036701256953241
5.540371382648565
6.044041508343889
6.044041508343889
6.044041508343889
6.044041508343889
6.044041508343889
5.488522987356399
5.036701256953241
5.036701256953241
5.036701256953241
5.036701256953241
5.036701256953241
4.54784495848425
4.029361005562593
4.029361005562593
4.029361005562593
4.029361005562593
4.029361005562593
3.770119029101764
3.0220207541719444
3.0220207541719444
3.0220207541719444
2.096156552526128
2.0146805027812964
2.133191120591961
3.0220207541719444
3.9256642149782612
4.8515284166240775
5.473709160130066
6.044041508343889
6.044041508343889
6.044041508343889
6.044041508343889
6.044041508343889
6.044041508343889
6.044041508343889
6.044041508343889
6.044041508343889
6.044041508343889
6.044041508343889
6.044041508343889
6.044041508343889
6.044041508343889
6.044041508343889
6.044041508343889
6.044041508343889
6.044041508343889
6.044041508343889
6.044041508343889
6.044041508343889
5.392233110385234
5.036701256953241
5.036701256953241
4.303416809249754
4.029361005562593
4.029361005562593
4.029361005562593
4.029361005562593
4.029361005562593
4.029361005562593
4.488589649578917
5.036701256953241
5.036701256953241
5.036701256953241
5.392233110385234
6.044041508343889
6.044041508343889
6.044041508343889
6.044041508343889
5.036701256953241
5.036701256953241
5.036701256953241
5.036701256953241
5.036701256953241
4.52562421764475
4.029361005562593
4.029361005562593
4.029361005562593
4.881156071076743
5.036701256953241
5.051515084179574
6.044041508343889
6.044041508343889
6.044041508343889
5.207060270056071
5.036701256953241
5.036701256953241
5.036701256953241
5.036701256953241
5.036701256953241
4.036767919175759
4.029361005562593
4.029361005562593
4.029361005562593
4.029361005562593
4.325637550089254
5.036701256953241
5.036701256953241
5.888496322467391
6.044041508343889
5.8736824952410585
5.036701256953241
5.036701256953241
4.214533845891756
4.029361005562593
4.029361005562593
4.029361005562593
4.029361005562593
4.67376248990808
5.036701256953241
5.088549652245407
6.044041508343889
6.044041508343889
6.044041508343889
6.044041508343889
6.044041508343889
6.044041508343889
6.044041508343889
6.044041508343889
5.488522987356399
5.036701256953241
5.036701256953241
5.036701256953241
5.036701256953241
5.036701256953241
5.036701256953241
5.036701256953241
5.036701256953241
5.036701256953241
5.036701256953241
5.036701256953241
5.036701256953241
5.036701256953241
5.325570887866736
6.044041508343889
6.044041508343889
6.044041508343889
6.044041508343889
6.044041508343889
6.044041508343889
6.044041508343889
6.044041508343889
5.466302246516899
5.036701256953241
5.036701256953241
5.036701256953241
5.036701256953241
5.036701256953241
5.036701256953241
5.036701256953241
5.036701256953241
5.036701256953241
5.036701256953241
5.036701256953241
5.3996400239984
6.044041508343889
6.044041508343889
6.044041508343889
6.044041508343889
6.044041508343889
6.044041508343889
6.044041508343889
6.044041508343889
5.814427186335727
5.036701256953241
5.036701256953241
5.036701256953241
5.036701256953241
4.029361005562593
4.029361005562593
4.029361005562593
4.029361005562593
4.029361005562593
4.029361005562593
4.088616314467925
5.036701256953241
5.036701256953241
5.1033634794717395
6.044041508343889
6.044041508343889
6.044041508343889
6.044041508343889
6.044041508343889
5.503336814582732
5.036701256953241
5.036701256953241
5.036701256953241
5.036701256953241
4.725610885200246
4.029361005562593
4.029361005562593
4.029361005562593
4.029361005562593
4.029361005562593
4.029361005562593
4.029361005562593
4.029361005562593
4.16268545059959
5.036701256953241
5.036701256953241
5.25150175173507
6.044041508343889
6.044041508343889
6.044041508343889
6.044041508343889
6.044041508343889
6.044041508343889
5.8440548407883925
5.036701256953241
5.036701256953241
5.036701256953241
5.036701256953241
4.592286440163249
4.029361005562593
4.029361005562593
4.029361005562593
4.029361005562593
3.6293876704516
3.8590019924597625
4.029361005562593
4.251568413957589
5.036701256953241
5.036701256953241
5.725544222977728
6.044041508343889
6.044041508343889
6.044041508343889
6.044041508343889
6.044041508343889
6.044041508343889
6.044041508343889
6.044041508343889
6.044041508343889
6.044041508343889
6.036634594730722
5.044108170566407
5.036701256953241
5.036701256953241
4.762645453266079
4.029361005562593
4.029361005562593
4.029361005562593
4.029361005562593
4.029361005562593
4.029361005562593
4.029361005562593
4.051581746402092
5.036701256953241
5.036701256953241
5.192246442829738
6.044041508343889
6.044041508343889
6.044041508343889
6.044041508343889
6.044041508343889
6.044041508343889
6.044041508343889
6.044041508343889
5.258908665348237
5.036701256953241
5.036701256953241
4.155278536986423
4.029361005562593
3.0220207541719444
3.125717544756276
4.029361005562593
4.451555081513085
5.036701256953241
5.1107703930849055
6.044041508343889
6.044041508343889
5.258908665348237
5.036701256953241
5.036701256953241
5.036701256953241
4.340451377315587
4.029361005562593
4.029361005562593
4.029361005562593
4.029361005562593
4.029361005562593
4.029361005562593
4.029361005562593
4.029361005562593
4.029361005562593
4.029361005562593
4.488589649578917
5.036701256953241
5.1107703930849055
6.044041508343889
6.044041508343889
6.044041508343889
6.044041508343889
5.651475086846062
5.036701256953241
5.036701256953241
5.036701256953241
4.1108370553074245
4.029361005562593
4.029361005562593
4.029361005562593
4.029361005562593
3.6293876704516
3.0220207541719444
3.0220207541719444
3.0220207541719444
3.910850387751928
4.029361005562593
4.044174832788926
5.036701256953241
5.036701256953241
5.155211874763905
6.044041508343889
6.044041508343889
5.466302246516899
5.036701256953241
5.036701256953241
5.036701256953241
4.770052366879246
4.029361005562593
4.029361005562593
4.029361005562593
4.029361005562593
4.029361005562593
4.029361005562593
3.103496803916776
3.0220207541719444
3.9997333511099264
4.029361005562593
5.029294343340074
5.036701256953241
5.932937804146391
6.044041508343889
6.044041508343889
6.044041508343889
6.044041508343889
6.044041508343889
6.044041508343889
6.044041508343889
5.4218607648379
5.036701256953241
5.036701256953241
5.036701256953241
4.895969898303076
4.029361005562593
4.029361005562593
4.029361005562593
4.029361005562593
4.029361005562593
3.562725447933101
4.029361005562593
4.029361005562593
4.510810390418417
5.036701256953241
5.073735825019074
6.044041508343889
6.044041508343889
6.044041508343889
6.044041508343889
6.044041508343889
5.518150641809065
5.036701256953241
5.036701256953241
5.036701256953241
5.036701256953241
5.036701256953241
5.036701256953241
5.036701256953241
5.458895332903733
6.044041508343889
6.044041508343889
6.044041508343889
5.318163974253569
5.036701256953241
5.036701256953241
5.036701256953241
4.629321008229081
4.029361005562593
4.029361005562593
3.2886696442459393
3.0220207541719444
3.0220207541719444
3.014613840558778
2.0146805027812964
2.0146805027812964
2.0146805027812964
2.0146805027812964
2.0146805027812964
2.3776192698264564
3.0220207541719444
4.01454717833626
4.733017798813413
5.036701256953241
5.036701256953241
5.036701256953241
5.036701256953241
5.036701256953241
5.036701256953241
5.036701256953241
5.036701256953241
5.036701256953241
5.036701256953241
5.036701256953241
5.036701256953241
5.036701256953241
4.495996563192084
4.029361005562593
3.26644890340644
3.0220207541719444
3.0220207541719444
3.0220207541719444
3.659015324904266
4.1182439689205905
5.036701256953241
5.27372249257457
6.044041508343889
6.044041508343889
6.044041508343889
5.8440548407883925
5.036701256953241
5.036701256953241
5.036701256953241
5.036701256953241
4.770052366879246
4.029361005562593
4.029361005562593
4.029361005562593
4.029361005562593
3.26644890340644
3.0220207541719444
3.0220207541719444
3.0220207541719444
3.0220207541719444
3.0220207541719444
3.955291869430927
4.1256508825337574
5.036701256953241
5.036701256953241
5.688509654911895
6.044041508343889
5.170025701990238
5.036701256953241
5.036701256953241
4.777459280492412
4.029361005562593
4.029361005562593
3.7108637201964316
3.0220207541719444
3.0220207541719444
3.0220207541719444
3.0220207541719444
3.0220207541719444
3.0220207541719444
3.0220207541719444
3.562725447933101
4.029361005562593
4.69598323074758
5.036701256953241
5.036701256953241
5.525557555422232
6.044041508343889
6.044041508343889
6.044041508343889
5.814427186335727
5.036701256953241
5.036701256953241
5.036701256953241
4.177499277825923
4.029361005562593
4.029361005562593
3.2960765578591062
3.0220207541719444
3.0220207541719444
3.0220207541719444
3.0220207541719444
3.0220207541719444
3.0220207541719444
3.0220207541719444
3.0220207541719444
3.6664222385174328
4.029361005562593
4.288602982023421
5.036701256953241
5.036701256953241
5.036701256953241
6.044041508343889
6.044041508343889
6.044041508343889
6.044041508343889
5.4440815056774
5.036701256953241
5.036701256953241
5.036701256953241
4.333044463702421
4.029361005562593
4.029361005562593
4.029361005562593
4.029361005562593
4.029361005562593
4.029361005562593
4.029361005562593
4.029361005562593
4.029361005562593
4.029361005562593
3.26644890340644
3.0220207541719444
3.0220207541719444
3.2071935945011076
4.029361005562593
4.029361005562593
4.947818293595242
5.036701256953241
5.710730395751395
6.044041508343889
6.044041508343889
6.044041508343889
6.044041508343889
6.044041508343889
6.044041508343889
6.044041508343889
5.740358050204061
5.036701256953241
5.036701256953241
5.036701256953241
4.518217304031584
4.029361005562593
3.5108770526409354
3.0220207541719444
3.0220207541719444
3.0220207541719444
3.0220207541719444
3.0220207541719444
3.0220207541719444
3.0220207541719444
3.1109037175299425
4.029361005562593
4.399706686220919
5.036701256953241
5.036701256953241
5.303350147027236
6.044041508343889
5.584812864327564
5.036701256953241
5.036701256953241
4.703390144360747
4.029361005562593
4.029361005562593
4.029361005562593
3.103496803916776
3.0220207541719444
3.0220207541719444
3.0220207541719444
3.0220207541719444
3.0220207541719444
3.0220207541719444
3.0220207541719444
3.0220207541719444
3.0220207541719444
3.7256775474227646
4.029361005562593
4.8663422438504105
5.036701256953241
5.036701256953241
5.036701256953241
5.95515854498589
6.044041508343889
6.044041508343889
5.140398047537572
5.036701256953241
5.036701256953241
4.407113599834085
4.029361005562593
3.488656311801436
3.0220207541719444
3.0220207541719444
3.0220207541719444
3.0220207541719444
3.0220207541719444
3.0220207541719444
3.0220207541719444
3.0220207541719444
3.6071669296121005
4.029361005562593
4.933004466368909
5.036701256953241
5.295943233414069
6.044041508343889
6.044041508343889
6.044041508343889
5.414453851224733
5.036701256953241
5.036701256953241
4.310823722862921
4.029361005562593
3.844188165233429
3.0220207541719444
3.0220207541719444
3.0220207541719444
3.0220207541719444
3.0220207541719444
3.0220207541719444
3.0220207541719444
3.1331244583694424
4.029361005562593
4.3478582909287535
5.036701256953241
5.036701256953241
5.347791628706235
6.044041508343889
6.044041508343889
6.044041508343889
5.436674592064233
5.036701256953241
4.799680021331912
4.029361005562593
4.029361005562593
3.1331244583694424
3.0220207541719444
3.0220207541719444
3.0220207541719444
3.0220207541719444
3.0220207541719444
3.0220207541719444
3.0220207541719444
3.488656311801436
4.029361005562593
4.755238539652913
5.036701256953241
5.073735825019074
6.044041508343889
6.044041508343889
6.044041508343889
6.044041508343889
5.473709160130066
5.036701256953241
5.014480516113741
4.029361005562593
4.029361005562593
4.029361005562593
3.407180262056604
3.0220207541719444
3.0220207541719444
3.0220207541719444
3.0220207541719444
3.0220207541719444
3.0220207541719444
3.0220207541719444
3.0220207541719444
3.7256775474227646
4.029361005562593
4.925597552755742
5.036701256953241
5.088549652245407
6.044041508343889
6.044041508343889
6.044041508343889
5.310757060640403
5.036701256953241
4.821900762171412
4.029361005562593
4.029361005562593
3.5405047070936013
3.0220207541719444
3.0220207541719444
3.0220207541719444
3.0220207541719444
3.0664622358509437
4.029361005562593
4.392299772607752
5.036701256953241
5.132991133924405
6.044041508343889
6.044041508343889
6.044041508343889
6.044041508343889
5.488522987356399
5.036701256953241
5.036701256953241
4.266382241183922
4.029361005562593
3.5479116207067682
3.0220207541719444
3.0220207541719444
3.0220207541719444
3.0220207541719444
3.0220207541719444
3.0220207541719444
3.377552607603938
4.029361005562593
4.829307675784578
5.036701256953241
5.658882000459229
6.044041508343889
6.044041508343889
6.044041508343889
5.407046937611567
5.036701256953241
5.036701256953241
5.036701256953241
5.036701256953241
5.036701256953241
4.14046470976009
4.029361005562593
3.251635076180107
3.0220207541719444
3.0220207541719444
3.0220207541719444
3.0220207541719444
3.0220207541719444
3.4442148301224367
4.029361005562593
4.029361005562593
4.029361005562593
4.029361005562593
4.029361005562593
4.029361005562593
4.029361005562593
4.029361005562593
4.029361005562593
3.466435570961936
3.0220207541719444
3.0220207541719444
3.0220207541719444
3.0220207541719444
3.0220207541719444
3.029427667785111
4.029361005562593
4.688576317134414
5.036701256953241
5.725544222977728
6.044041508343889
6.044041508343889
5.629254346006563
5.036701256953241
4.799680021331912
4.029361005562593
4.029361005562593
3.199786680887941
3.0220207541719444
3.0220207541719444
3.0220207541719444
3.0220207541719444
3.4590286573487696
4.029361005562593
4.8589353302372436
5.036701256953241
5.332977801479902
6.044041508343889
6.044041508343889
5.525557555422232
5.036701256953241
5.036701256953241
5.036701256953241
5.036701256953241
5.036701256953241
5.036701256953241
4.481182735965751
4.029361005562593
3.718270633809598
3.0220207541719444
3.0220207541719444
3.770119029101764
4.384892858994586
5.036701256953241
5.695916568525062
6.044041508343889
6.044041508343889
6.044041508343889
6.044041508343889
6.044041508343889
5.547778296261732
5.036701256953241
4.777459280492412
4.029361005562593
3.466435570961936
3.0220207541719444
3.0220207541719444
2.0887496389129616
2.5183506284766204
3.0220207541719444
3.2960765578591062
4.029361005562593
4.762645453266079
5.036701256953241
5.925530890533224
6.044041508343889
6.044041508343889
6.044041508343889
5.495929900969566
5.036701256953241
5.036701256953241
5.036701256953241
4.036767919175759
4.029361005562593
4.029361005562593
3.451621743735603
3.0220207541719444
3.0220207541719444
3.0220207541719444
3.0220207541719444
3.0220207541719444
3.0220207541719444
3.0220207541719444
3.0220207541719444
3.0220207541719444
3.236821248953774
4.029361005562593
4.621914094615915
5.036701256953241
5.377419283158901
6.044041508343889
6.044041508343889
6.044041508343889
6.044041508343889
6.044041508343889
6.044041508343889
5.969972372212223
5.036701256953241
5.036701256953241
5.036701256953241
5.036701256953241
5.036701256953241
5.036701256953241
5.036701256953241
4.577472612936916
4.029361005562593
3.8071535971675967
3.0220207541719444
3.0220207541719444
3.0220207541719444
3.0220207541719444
3.0220207541719444
3.0220207541719444
3.0220207541719444
3.0220207541719444
3.9330711285914277
4.229347673118089
5.036701256953241
5.036701256953241
5.584812864327564
6.044041508343889
6.044041508343889
5.088549652245407
5.036701256953241
4.762645453266079
4.029361005562593
4.029361005562593
3.236821248953774
3.0220207541719444
3.0220207541719444
3.0220207541719444
3.0220207541719444
3.0220207541719444
3.0220207541719444
3.0220207541719444
3.0220207541719444
3.6812360657437657
4.029361005562593
5.021887429726908
5.036701256953241
4.844121503010911
4.029361005562593
3.140531371982609
3.0220207541719444
2.0146805027812964
2.0146805027812964
2.0146805027812964
2.1257842069787944
3.0220207541719444
3.407180262056604
4.066395573628426
5.036701256953241
5.036701256953241
6.036634594730722
6.044041508343889
6.044041508343889
